10
0
0
1
20
29.2679 29.0579 -37.269 29.306 29.3115 -37.269 29.3527 29.6662 -37.269 29.8037 30.0192 -37.269 29.8459 30.0997 -37.269 29.89 30.1513 -37.269 30.0511 30.6106 -37.269 30.2505 30.7871 -37.269 30.3805 30.8344 -37.269 30.5327 30.8928 -37.269 31.1949 31.0077 -37.269 31.8916 30.8582 -37.269 32.0203 30.8819 -37.269 32.25 30.4634 -37.269 32.3864 30 -37.269 32 29.6338 -37.269 31.4057 29.6793 -37.269 31 29.7287 -37.269 30.497 29.6677 -37.269 30 29.5365 -37.269 
1
24
29.3138 27.2448 -36.369 29.631 27.3751 -36.369 29.7749 27.525 -36.369 30 27.6115 -36.369 30.5161 27.7099 -36.369 31 27.8418 -36.369 31.2815 27.8555 -36.369 32 27.7806 -36.369 32.4276 27.9411 -36.369 32.6715 28 -36.369 32.7172 28.2828 -36.369 33 28.2518 -36.369 33.0908 28.4639 -36.369 33.0837 28.4509 -36.369 32.4589 28.4274 -36.369 32.1393 28.4548 -36.369 31.2023 28.7156 -36.369 31.1949 28.7171 -36.369 31.1835 28.7104 -36.369 30.2505 28.1987 -36.369 30.163 28.125 -36.369 29.9395 27.7774 -36.369 29.8488 27.7015 -36.369 29.8015 27.6546 -36.369 
1
14
30.2505 27.2489 -35.469 30.7015 27.3148 -35.469 30.8598 27.3904 -35.469 31.1949 27.5428 -35.469 31.4683 27.6375 -35.469 32.1393 27.6086 -35.469 32.4691 27.6813 -35.469 32.5769 27.6789 -35.469 32.469 27.5926 -35.469 32 27.4165 -35.469 31.531 27.3936 -35.469 31 27.193 -35.469 30.3218 27.1409 -35.469 30.0598 27.091 -35.469 
0
0
2
15
21.1242 24.124 -32.769 20.9533 24.1508 -32.769 21 24.1617 -32.769 21.769 24.4926 -32.769 22 24.522 -32.769 22.769 24.4644 -32.769 23 24.4348 -32.769 23.769 24.4359 -32.769 23.8754 24.4378 -32.769 23.769 24.4143 -32.769 23 24.2934 -32.769 22.231 24.1102 -32.769 22 24.0254 -32.769 21.8918 24.0103 -32.769 21.7508 24.0708 -32.769 
24
24.4418 24.5118 -32.769 24.769 24.565 -32.769 25 24.6165 -32.769 25.769 24.8323 -32.769 26 24.9202 -32.769 26.2425 24.9913 -32.769 26.292 24.9645 -32.769 26.3326 24.9442 -32.769 26.4728 24.881 -32.769 27.4172 24.6651 -32.769 28.0438 24.6373 -32.769 28.3616 24.6011 -32.769 28.9882 24.6214 -32.769 29.1575 24.6021 -32.769 29 24.6 -32.769 28.769 24.6143 -32.769 28 24.3748 -32.769 27.769 24.3883 -32.769 27 24.4102 -32.769 26.769 24.4317 -32.769 26 24.4894 -32.769 25.769 24.514 -32.769 25 24.5751 -32.769 24.769 24.5463 -32.769 
1
41
22.5629 24.0393 -31.869 22.5974 24.0245 -31.869 23.131 24.2099 -31.869 24 24.401 -31.869 24.869 24.5091 -31.869 25 24.5335 -31.869 25.869 24.4413 -31.869 26 24.4327 -31.869 26.869 24.352 -31.869 27 24.3372 -31.869 28.869 24.2246 -31.869 29 24.2221 -31.869 29.869 24.1345 -31.869 30 24.1339 -31.869 30.869 24.2832 -31.869 31 24.2976 -31.869 31.2957 24.4898 -31.869 31.1949 24.4399 -31.869 30.9214 24.3865 -31.869 30.2505 24.1969 -31.869 29.9771 24.1875 -31.869 29.306 24.2319 -31.869 29.0326 24.2554 -31.869 27.4172 24.4385 -31.869 26.4728 24.6526 -31.869 26.1994 24.7665 -31.869 26.1758 24.7782 -31.869 25.8075 24.9442 -31.869 25.7146 24.9944 -31.869 25.6712 24.9766 -31.869 25 24.7325 -31.869 24.869 24.6965 -31.869 24 24.5026 -31.869 23.869 24.5079 -31.869 23 24.4924 -31.869 22.869 24.5191 -31.869 22 24.6302 -31.869 21.869 24.651 -31.869 21 24.5406 -31.869 20.961 24.5289 -31.869 21.7508 24.4054 -31.869 
1
29
21.7765 24.8394 -30.969 22.0095 24.7724 -30.969 22.6952 24.4606 -30.969 23.0351 24.2585 -30.969 23.1309 24.2288 -30.969 23.3712 24.0404 -30.969 24 24.2575 -30.969 25 24.4437 -30.969 25.969 24.3799 -30.969 26 24.3844 -30.969 26.969 24.2753 -30.969 27 24.2834 -30.969 27.969 24.2236 -30.969 28 24.2206 -30.969 28.5462 24.2102 -30.969 28.1326 24.246 -30.969 27.4172 24.3253 -30.969 27.1882 24.3207 -30.969 26.4728 24.4788 -30.969 26.2438 24.4782 -30.969 25.5284 24.7761 -30.969 25.2994 24.7593 -30.969 25.2358 24.9303 -30.969 25 24.8337 -30.969 24.0682 24.5775 -30.969 24 24.5615 -30.969 23.0329 24.6001 -30.969 23 24.6002 -30.969 22 24.8039 -30.969 
