44
0 1 0 1 1 2 1 2 2 3 2 3 3 4 3 4 4 5 4 5 5 6 5 6 6 7 6 7 7 8 7 8 8 9 8 9 9 10 9 10 10 11 10 11 
13
0 
1 0 
1 1 
1 2 
1 3 
1 4 
1 5 
1 6 
1 7 
1 8 
1 9 
1 10 
1 11 
12
1 0 0 -29.6872
1 1 
2
42
38.7553 23.4406 -29.6872 39.6995 22.8586 -29.6872 39.7174 22.8405 -29.6872 39.8506 22.7859 -29.6872 40.6794 22.6598 -29.6872 41.6415 23.0723 -29.6872 41.7131 23.1184 -29.6872 41.7347 23.1335 -29.6872 41.8463 23.2267 -29.6872 42.6035 23.7096 -29.6872 42.9215 24.0555 -29.6872 42.9546 24.0955 -29.6872 43.021 24.9244 -29.6872 43.0647 25.0576 -29.6872 43.0611 26.0197 -29.6872 42.821 26.8485 -29.6872 42.7663 26.9817 -29.6872 42.6245 27.1208 -29.6872 42.6035 27.1471 -29.6872 41.7747 27.6923 -29.6872 41.6527 27.7992 -29.6872 41.6415 27.8076 -29.6872 41.3415 27.9438 -29.6872 40.8126 28.1457 -29.6872 40.6794 28.182 -29.6872 39.8506 28.0924 -29.6872 39.7174 28.0455 -29.6872 39.5535 27.9438 -29.6872 39.5484 27.9403 -29.6872 38.1277 27.0273 -29.6872 38.0432 26.9817 -29.6872 37.9945 26.9063 -29.6872 37.7932 26.3002 -29.6872 37.7493 26.0774 -29.6872 37.7301 26.0197 -29.6872 37.7266 25.8865 -29.6872 37.7229 25.0576 -29.6872 37.7706 24.405 -29.6872 37.7932 24.3215 -29.6872 37.8174 24.2718 -29.6872 37.8372 24.0955 -29.6872 38.6463 23.503 -29.6872 
30
38.734 23.9217 -29.6872 38.5132 24 -29.6872 38.3294 24.3294 -29.6872 38.3017 25 -29.6872 38.3017 26 -29.6872 38.6523 26.6523 -29.6872 38.7978 27 -29.6872 39 27.1062 -29.6872 39.0793 27.1519 -29.6872 39.3088 27.3088 -29.6872 40 27.6192 -29.6872 40.5116 27.5116 -29.6872 41 27.4803 -29.6872 41.928 27.072 -29.6872 42.0438 27 -29.6872 42.0461 26.9867 -29.6872 42.0565 26.9435 -29.6872 42.4427 26 -29.6872 42.4427 25 -29.6872 42.236 24.236 -29.6872 42.2316 24 -29.6872 42.2088 23.9854 -29.6872 42 23.8514 -29.6872 41.9118 23.8006 -29.6872 41.5517 23.5517 -29.6872 41 23.3041 -29.6872 40.1476 23.1476 -29.6872 40 23.1364 -29.6872 39.7489 23.2511 -29.6872 39 23.7702 -29.6872 
2 1 0 -28.7872
2 0 2 
1
45
39.7174 23.0036 -28.7872 39.7885 22.9731 -28.7872 40.6794 22.6078 -28.7872 41.5704 22.9927 -28.7872 41.6415 23.0466 -28.7872 41.7653 23.1335 -28.7872 41.7858 23.1487 -28.7872 42.5324 23.7719 -28.7872 42.6035 23.8149 -28.7872 42.8251 24.0826 -28.7872 42.8385 24.0955 -28.7872 43.1311 24.9865 -28.7872 43.1615 25.0576 -28.7872 43.1525 26.0197 -28.7872 42.7867 26.9106 -28.7872 42.7512 26.9817 -28.7872 42.6109 27.1574 -28.7872 42.6035 27.1676 -28.7872 42.5396 27.2285 -28.7872 41.7238 27.9438 -28.7872 41.6487 27.9937 -28.7872 41.6415 27.9982 -28.7872 40.7505 28.2406 -28.7872 40.6794 28.2535 -28.7872 39.8425 27.9611 -28.7872 39.7775 27.9438 -28.7872 39.7714 27.9418 -28.7872 39.7174 27.9184 -28.7872 38.7553 27.3094 -28.7872 38.1894 27.0046 -28.7872 38.153 26.9817 -28.7872 38.1184 26.9351 -28.7872 37.7932 26.4305 -28.7872 37.665 26.0442 -28.7872 37.6544 26.0197 -28.7872 37.647 25.9486 -28.7872 37.6239 25.0576 -28.7872 37.7752 24.4995 -28.7872 37.7932 24.4576 -28.7872 37.8148 24.4284 -28.7872 37.9766 24.0955 -28.7872 38.7058 23.6782 -28.7872 38.7553 23.6473 -28.7872 38.8174 23.6071 -28.7872 39.5885 23.1335 -28.7872 
3 2 0 -27.8872
2 1 3 
1
39
39.7174 23.0127 -27.8872 39.7265 23.0086 -27.8872 40.6794 22.5993 -27.8872 41.4163 23.1335 -27.8872 41.4183 23.1355 -27.8872 41.6415 23.3393 -27.8872 42.5944 23.9153 -27.8872 42.6035 23.9238 -27.8872 42.7817 24.0955 -27.8872 42.7831 24.0976 -27.8872 42.788 24.1046 -27.8872 43.1958 25.0576 -27.8872 43.1833 26.0106 -27.8872 43.1837 26.0197 -27.8872 42.7027 26.9817 -27.8872 42.6041 27.119 -27.8872 42.6035 27.1199 -27.8872 42.5945 27.1281 -27.8872 41.7382 27.9438 -27.8872 41.6415 28.0036 -27.8872 40.6885 28.1759 -27.8872 40.6794 28.1777 -27.8872 39.8078 27.9457 -27.8872 39.8004 27.9438 -27.8872 39.7987 27.9433 -27.8872 39.7174 27.9167 -27.8872 38.2667 26.9845 -27.8872 38.2625 26.9817 -27.8872 38.2576 26.9747 -27.8872 37.7932 26.3503 -27.8872 37.6502 26.0197 -27.8872 37.649 26.0106 -27.8872 37.5498 25.0576 -27.8872 37.7932 24.4904 -27.8872 37.7966 24.4861 -27.8872 38.0863 24.0955 -27.8872 38.7553 23.6777 -27.8872 38.7633 23.6722 -27.8872 39.5956 23.1335 -27.8872 
4 3 0 -26.9872
2 2 4 
1
39
39.7174 23.0201 -26.9872 40.6264 22.6122 -26.9872 40.6794 22.5894 -26.9872 41.4224 23.1335 -26.9872 41.6291 23.3296 -26.9872 41.6415 23.3409 -26.9872 41.6945 23.3729 -26.9872 42.4504 24.0955 -26.9872 42.6035 24.2941 -26.9872 42.6135 24.3091 -26.9872 43.1058 25.0046 -26.9872 43.1285 25.0576 -26.9872 43.1278 25.1106 -26.9872 43.1637 26.0197 -26.9872 42.6733 26.9817 -26.9872 42.6678 26.9893 -26.9872 42.6035 27.0759 -26.9872 41.7056 27.8984 -26.9872 41.6579 27.9438 -26.9872 41.6415 27.9539 -26.9872 41.5885 27.9635 -26.9872 40.6794 28.1437 -26.9872 40.6309 28.1308 -26.9872 39.8845 27.9438 -26.9872 39.7219 27.894 -26.9872 39.7174 27.8925 -26.9872 38.7281 27.2583 -26.9872 38.3157 26.9817 -26.9872 37.819 26.2782 -26.9872 37.7932 26.2435 -26.9872 37.6938 26.0197 -26.9872 37.5726 25.1106 -26.9872 37.5671 25.0576 -26.9872 37.7932 24.5485 -26.9872 38.1376 24.1172 -26.9872 38.1537 24.0955 -26.9872 38.7553 23.716 -26.9872 39.5571 23.1635 -26.9872 39.6034 23.1335 -26.9872 
5 4 0 -26.0872
2 3 5 
1
40
40.6794 22.5586 -26.0872 40.7683 22.6238 -26.0872 41.4384 23.1335 -26.0872 42.4343 24.0955 -26.0872 42.5826 24.2773 -26.0872 42.6035 24.3043 -26.0872 42.6658 24.3924 -26.0872 43.1926 25.0576 -26.0872 43.1972 25.1727 -26.0872 43.1731 26.0197 -26.0872 43.1143 26.1348 -26.0872 42.7271 26.9817 -26.0872 42.719 26.9927 -26.0872 42.6035 27.1259 -26.0872 41.7566 27.7741 -26.0872 41.6415 27.8792 -26.0872 41.4363 27.9438 -26.0872 40.7945 28.1172 -26.0872 40.6794 28.14 -26.0872 39.8965 27.9438 -26.0872 39.7174 27.888 -26.0872 39.6023 27.8142 -26.0872 38.7553 27.1175 -26.0872 38.7031 27.0825 -26.0872 37.8561 26.2314 -26.0872 37.7932 26.1423 -26.0872 37.7816 26.1163 -26.0872 37.7013 26.0197 -26.0872 37.6358 25.1727 -26.0872 37.6205 25.0576 -26.0872 37.6474 24.9971 -26.0872 37.7932 24.8108 -26.0872 38.4239 24.1501 -26.0872 38.4675 24.0955 -26.0872 38.539 24.0504 -26.0872 38.7553 23.8225 -26.0872 39.4767 23.2035 -26.0872 39.5783 23.1335 -26.0872 39.5919 23.12 -26.0872 39.7174 22.9857 -26.0872 
6 5 0 -25.1872
2 4 6 
1
40
39.5717 23.1335 -25.1872 39.598 23.1054 -25.1872 39.7174 22.9712 -25.1872 40.5023 22.6733 -25.1872 40.6794 22.5948 -25.1872 40.8195 22.7014 -25.1872 41.4111 23.1335 -25.1872 41.6045 23.3152 -25.1872 42.4144 24.0955 -25.1872 42.6035 24.3306 -25.1872 42.7137 24.4698 -25.1872 43.1421 25.0576 -25.1872 43.1102 26.0197 -25.1872 43.0292 26.1968 -25.1872 42.7601 26.9817 -25.1872 42.7359 27.0096 -25.1872 42.6035 27.1385 -25.1872 42.4264 27.2741 -25.1872 41.6415 27.7539 -25.1872 41.2052 27.9301 -25.1872 41.1616 27.9438 -25.1872 41.028 27.9799 -25.1872 40.6794 28.0986 -25.1872 40.5354 28.0625 -25.1872 39.9987 27.9438 -25.1872 39.7505 27.8741 -25.1872 39.7174 27.8638 -25.1872 39.5403 27.7181 -25.1872 38.7553 27.0508 -25.1872 38.734 27.0298 -25.1872 37.7932 26.0662 -25.1872 37.7764 26.0461 -25.1872 37.7554 26.0197 -25.1872 37.6841 25.0576 -25.1872 37.7146 25.0186 -25.1872 37.7932 24.9118 -25.1872 38.4071 24.2337 -25.1872 38.5842 24.0479 -25.1872 38.7553 23.8589 -25.1872 39.4208 23.263 -25.1872 
7 6 0 -24.2872
2 5 7 
1
36
38.7553 23.8621 -24.2872 39.5727 23.1335 -24.2872 39.6091 23.0926 -24.2872 39.7174 22.996 -24.2872 40.4402 22.7933 -24.2872 40.6794 22.7025 -24.2872 40.8597 22.8342 -24.2872 41.367 23.1335 -24.2872 41.5826 23.2953 -24.2872 42.4215 24.0955 -24.2872 42.6035 24.3206 -24.2872 42.7341 24.4998 -24.2872 43.1221 25.0576 -24.2872 43.114 25.2968 -24.2872 43.0423 26.0197 -24.2872 42.9603 26.2589 -24.2872 42.6035 26.7716 -24.2872 42.4287 26.9817 -24.2872 42.3819 27.021 -24.2872 41.8807 27.4673 -24.2872 41.1909 27.8901 -24.2872 41.0579 27.9438 -24.2872 40.9517 27.98 -24.2872 40.6794 28.1115 -24.2872 39.9567 27.9438 -24.2872 39.793 27.8947 -24.2872 39.7174 27.8734 -24.2872 38.7553 27.0515 -24.2872 38.6873 26.9817 -24.2872 38.0313 26.2589 -24.2872 37.7984 26.0197 -24.2872 37.766 25.2968 -24.2872 37.7484 25.0576 -24.2872 37.7724 25.025 -24.2872 37.7932 24.9927 -24.2872 38.3563 24.3021 -24.2872 
8 7 0 -23.3872
2 6 8 
1
37
40.6794 22.7326 -23.3872 41.374 23.1335 -23.3872 41.6415 23.3327 -23.3872 42.4391 24.0955 -23.3872 42.5477 24.2339 -23.3872 42.6035 24.3027 -23.3872 42.7653 24.5352 -23.3872 43.1162 25.0576 -23.3872 43.0863 25.3589 -23.3872 43.0619 26.0197 -23.3872 42.93 26.21 -23.3872 42.6035 26.6482 -23.3872 42.3256 26.9817 -23.3872 41.6415 27.5936 -23.3872 41.0681 27.9438 -23.3872 40.6794 28.1346 -23.3872 40.4464 28.0798 -23.3872 39.9036 27.9438 -23.3872 39.7174 27.8868 -23.3872 39.4161 27.6289 -23.3872 38.7553 27.0906 -23.3872 38.651 26.9817 -23.3872 38.3776 26.6804 -23.3872 37.7987 26.0211 -23.3872 37.7973 26.0197 -23.3872 37.7932 25.9482 -23.3872 37.7835 25.7184 -23.3872 37.733 25.0576 -23.3872 37.7417 25.0441 -23.3872 37.7932 24.9667 -23.3872 38.2902 24.3833 -23.3872 38.5249 24.0955 -23.3872 38.7553 23.8442 -23.3872 39.3393 23.3615 -23.3872 39.6406 23.0932 -23.3872 39.7174 23.0317 -23.3872 40.3781 22.8171 -23.3872 
9 8 0 -22.4872
2 7 9 
1
29
39.7174 23.0682 -22.4872 40.3161 22.8561 -22.4872 40.6794 22.7381 -22.4872 41.3789 23.1335 -22.4872 41.6415 23.3269 -22.4872 42.4371 24.0955 -22.4872 42.6035 24.3098 -22.4872 43.0988 25.0576 -22.4872 43.0588 26.0197 -22.4872 42.6035 26.6416 -22.4872 42.3223 26.9817 -22.4872 41.6415 27.5977 -22.4872 41.0797 27.9438 -22.4872 40.6794 28.1422 -22.4872 39.8861 27.9438 -22.4872 39.7174 27.892 -22.4872 38.7553 27.1175 -22.4872 38.7102 27.0703 -22.4872 38.6283 26.9817 -22.4872 38.1391 26.383 -22.4872 37.82 26.0197 -22.4872 37.7932 25.7415 -22.4872 37.7422 25.0576 -22.4872 37.7932 24.9798 -22.4872 38.2581 24.4163 -22.4872 38.5314 24.0955 -22.4872 38.7553 23.8522 -22.4872 39.6344 23.1335 -22.4872 39.6766 23.0997 -22.4872 
10 9 0 -21.5872
2 8 10 
1
30
39.7174 23.072 -21.5872 40.254 22.8982 -21.5872 40.6794 22.7475 -21.5872 41.3697 23.1335 -21.5872 41.6415 23.3325 -21.5872 42.4278 24.0955 -21.5872 42.6035 24.3201 -21.5872 43.0942 25.0576 -21.5872 43.0753 25.483 -21.5872 43.0633 26.0197 -21.5872 42.6035 26.6479 -21.5872 42.3282 26.9817 -21.5872 41.6415 27.6092 -21.5872 41.3639 27.7897 -21.5872 41.1154 27.9438 -21.5872 40.9385 28.0316 -21.5872 40.6794 28.1654 -21.5872 40.3278 28.0776 -21.5872 39.8402 27.9438 -21.5872 39.7912 27.9271 -21.5872 39.7174 27.9046 -21.5872 38.7553 27.1305 -21.5872 38.6165 26.9817 -21.5872 37.821 26.0197 -21.5872 37.7932 25.7378 -21.5872 37.7411 25.0576 -21.5872 37.7932 24.9781 -21.5872 38.5317 24.0955 -21.5872 38.7553 23.8528 -21.5872 39.638 23.1335 -21.5872 
11 10 0 -20.6872
2 9 11 
1
35
41.6415 27.6189 -20.6872 41.1475 27.9438 -20.6872 40.6794 28.1867 -20.6872 39.8002 27.9438 -20.6872 39.7174 27.9153 -20.6872 38.7553 27.1282 -20.6872 38.6178 26.9817 -20.6872 37.8125 26.0197 -20.6872 37.8007 25.8009 -20.6872 37.7932 25.7293 -20.6872 37.7605 25.3134 -20.6872 37.7502 25.0576 -20.6872 37.7829 25.0081 -20.6872 37.7932 24.9918 -20.6872 38.1607 24.5335 -20.6872 38.5315 24.0955 -20.6872 38.7553 23.8512 -20.6872 39.1691 23.4943 -20.6872 39.6108 23.1335 -20.6872 39.6565 23.0979 -20.6872 39.7174 23.0471 -20.6872 40.192 22.9224 -20.6872 40.6794 22.7646 -20.6872 41.3451 23.1335 -20.6872 41.6415 23.3472 -20.6872 42.4146 24.0955 -20.6872 42.5128 24.2254 -20.6872 42.6035 24.3403 -20.6872 42.8541 24.7129 -20.6872 43.0723 25.0576 -20.6872 43.0485 26.0197 -20.6872 42.8088 26.3444 -20.6872 42.6035 26.6455 -20.6872 42.4665 26.819 -20.6872 42.332 26.9817 -20.6872 
12 11 0 -19.7872
1 10 
1
29
40.6794 22.7916 -19.7872 41.3016 23.1335 -19.7872 41.6415 23.3734 -19.7872 42.3908 24.0955 -19.7872 42.6035 24.3804 -19.7872 42.8562 24.7795 -19.7872 43.0229 25.0576 -19.7872 42.9928 26.0197 -19.7872 42.6035 26.5911 -19.7872 42.2918 26.9817 -19.7872 41.6415 27.5848 -19.7872 41.3569 27.7574 -19.7872 41.0768 27.9438 -19.7872 40.8074 28.0843 -19.7872 40.6794 28.1463 -19.7872 40.1742 28.0058 -19.7872 39.8907 27.9438 -19.7872 39.7617 27.9083 -19.7872 39.7174 27.8929 -19.7872 38.7553 27.093 -19.7872 38.6504 26.9817 -19.7872 37.8408 26.0197 -19.7872 37.8304 25.6071 -19.7872 37.8018 25.0576 -19.7872 38.2423 24.5081 -19.7872 38.5521 24.0955 -19.7872 38.7553 23.8712 -19.7872 39.6112 23.1335 -19.7872 39.7174 23.045 -19.7872 
