42
1
4
0 50.8 0 0 10.0483 0 50.8 10.035 0 50.8 50.8 0 
1
4
0 10.0503 0.9 50.8 10.0359 0.9 50.8 50.8 0.9 0 50.8 0.9 
1
4
50.8 10.0368 1.8 50.8 50.8 1.8 0 50.8 1.8 0 10.0525 1.8 
1
4
50.8 10.0378 2.7 50.8 50.8 2.7 0 50.8 2.7 0 10.0549 2.7 
1
4
0 10.0573 3.6 50.8 10.0388 3.6 50.8 50.8 3.6 0 50.8 3.6 
1
4
0 10.0601 4.5 50.8 10.0398 4.5 50.8 50.8 4.5 0 50.8 4.5 
1
4
0 10.0631 5.4 0 50.8 5.4 50.8 50.8 5.4 50.8 10.0408 5.4 
1
4
0 10.0663 6.3 50.8 10.0419 6.3 50.8 50.8 6.3 0 50.8 6.3 
1
4
0 10.0698 7.2 50.8 10.0429 7.2 50.8 50.8 7.2 0 50.8 7.2 
1
4
0 10.0737 8.1 50.8 10.0441 8.1 50.8 50.8 8.1 0 50.8 8.1 
1
4
0 10.0778 9 50.8 10.0453 9 50.8 50.8 9 0 50.8 9 
1
4
0 10.0825 9.9 50.8 10.0465 9.9 50.8 50.8 9.9 0 50.8 9.9 
1
4
0 10.0877 10.8 0 50.8 10.8 50.8 50.8 10.8 50.8 10.0477 10.8 
1
4
50.8 10.049 11.7 50.8 50.8 11.7 0 50.8 11.7 0 10.0935 11.7 
1
4
0 10.0995 12.6 50.8 10.0502 12.6 50.8 50.8 12.6 0 50.8 12.6 
1
4
0 10.106 13.5 0 50.8 13.5 50.8 50.8 13.5 50.8 10.0515 13.5 
1
4
0 10.1126 14.4 0 50.8 14.4 50.8 50.8 14.4 50.8 10.0527 14.4 
1
5
0 50.8 15.3 50.8 50.8 15.3 50.8 10.0539 15.3 13 10.2109 15.3 0 10.1192 15.3 
1
8
0 50.8 16.2 50.8 50.8 16.2 50.8 10.0549 16.2 15 10.2075 16.2 13.2 10.2438 16.2 13 10.2507 16.2 12 10.2606 16.2 0 10.1254 16.2 
1
17
0 50.8 17.1 50.8 50.8 17.1 50.8 10.056 17.1 15 10.2386 17.1 14.1 10.2635 17.1 14 10.2645 17.1 13.1 10.2955 17.1 13 10.3005 17.1 12.1 10.3158 17.1 12 10.319 17.1 11.1 10.3154 17.1 11 10.3164 17.1 9.1 10.3069 17.1 8.1 10.285 17.1 8 10.2805 17.1 7 10.2569 17.1 0 10.1305 17.1 
2
10
0 10.1342 18 0 50.8 18 50.8 50.8 18 50.8 10.0569 18 14 10.3107 18 13 10.3607 18 12 10.3928 18 11 10.4032 18 10 10.3959 18 9 10.37 18 
61
14 21.2857 18 13.7331 22 18 13.4321 24 18 13.236 25 18 13.2799 26 18 13.5311 27 18 13.8393 28 18 14 28.4885 18 14.2507 29 18 14.985 30 18 15 30.0123 18 16 30.8726 18 16.1387 31 18 17.3809 32 18 18 32.4762 18 18.9888 33 18 19 33.0045 18 20 33.125 18 21 33.1505 18 22 33.09 18 23 33.2774 18 24 33.2527 18 25 33.0242 18 25.0557 33 18 26 32.4569 18 26.9035 32 18 27 31.9291 18 28 31.0925 18 28.0624 31 18 28.9888 30 18 29 29.9883 18 29.8385 28 18 30 27.6361 18 30.2365 27 18 30.3134 24 18 30.231 23 18 30 22.2971 18 29.8547 22 18 29.3957 21 18 29 20.0387 18 28.9762 20 18 28.2635 19 18 28 18.7372 18 27.0141 18 18 27 17.9919 18 26 17.4563 18 25 17.0621 18 24.8615 17 18 24 16.6988 18 23 16.3842 18 22 16.3431 18 21 16.4154 18 20 16.5557 18 19 16.7802 18 18.3021 17 18 18 17.1311 18 17 17.7682 18 15.7081 19 18 15 19.8242 18 14.8147 20 18 14.1685 21 18 
2
22
0 10.1363 18.9 5 10.2614 18.9 5.9 10.2951 18.9 6 10.2973 18.9 6.9 10.3356 18.9 7 10.3382 18.9 7.9 10.3869 18.9 8 10.3903 18.9 8.9 10.454 18.9 9 10.4585 18.9 9.9 10.5451 18.9 10 10.5477 18.9 11 10.5449 18.9 11.9 10.4963 18.9 12 10.4952 18.9 14 10.411 18.9 14.9 10.4158 18.9 22 10.3912 18.9 27 10.3287 18.9 50.8 10.0577 18.9 50.8 50.8 18.9 0 50.8 18.9 
169
5.8881 14.207 18.9 5.98343 14 18.9 6 13.9845 18.9 7 13.5761 18.9 7.77871 13.2301 18.9 8 13.2164 18.9 8.01163 13.2075 18.9 8.29168 13 18.9 9 12.6703 18.9 9.71886 12.4503 18.9 10.7465 12.3742 18.9 11 12.3743 18.9 11.7463 12.4868 18.9 12 12.489 18.9 12.7432 12.8612 18.9 13 12.9455 18.9 13.073 13 18.9 13.2918 13.1753 18.9 14 13.7736 18.9 14.2899 14 18.9 15 14.6619 18.9 15.5151 15 18.9 16 15.3288 18.9 16.7594 15.7738 18.9 17 15.8471 18.9 17.451 16 18.9 17.5131 16.0185 18.9 18 16.1432 18.9 18.1 16.1105 18.9 19 16.1432 18.9 19.1 16.1207 18.9 19.3599 16.0556 18.9 19.5044 16 18.9 20 15.883 18.9 20.6968 15.8635 18.9 21 15.8483 18.9 22 15.8439 18.9 23 15.8538 18.9 23.7723 16.0714 18.9 23.9 16.1217 18.9 24 16.1531 18.9 24.9 16.4195 18.9 24.9862 16.4496 18.9 25 16.4533 18.9 25.894 16.7399 18.9 26 16.7765 18.9 26.3783 17 18.9 26.9 17.3687 18.9 27 17.4223 18.9 27.0014 17.4231 18.9 27.6518 18 18.9 27.9014 18.2391 18.9 28 18.3129 18.9 28.0264 18.3391 18.9 28.6564 19 18.9 28.7277 19.1 18.9 28.9976 19.403 18.9 29 19.4044 18.9 29.4921 20 18.9 29.4932 20.0039 18.9 29.9 20.6378 18.9 29.9396 20.734 18.9 30 20.8007 18.9 30.1033 21 18.9 30.3845 22 18.9 30.4151 22.1 18.9 30.6691 23 18.9 30.6774 23.1 18.9 30.8974 24 18.9 30.8947 24.1 18.9 30.9248 25 18.9 30.9228 25.1 18.9 30.9377 26 18.9 30.7952 26.9 18.9 30.7922 27 18.9 30.5383 27.9 18.9 30.5146 27.9636 18.9 30.5037 28 18.9 30.2113 28.8809 18.9 30.1663 29 18.9 30.0926 29.6932 18.9 30.0317 30 18.9 30.1271 30.2372 18.9 30.38 31 18.9 30.7279 31.7279 18.9 30.4196 32 18.9 30 32.6232 18.9 29.8591 32.8591 18.9 29.6193 33 18.9 29.4041 33.4041 18.9 29 33.9167 18.9 28.9808 33.9808 18.9 28.9357 34 18.9 28 34.2591 18.9 27.7562 34 18.9 27.5379 33.8346 18.9 27 33.4647 18.9 26.2761 33.3588 18.9 26 33.405 18.9 25.9 33.4485 18.9 25 33.5113 18.9 24.9 33.5341 18.9 24 33.7862 18.9 23.9 33.7887 18.9 23.4059 33.9277 18.9 23.2742 34 18.9 23 34.072 18.9 22.392 34.05 18.9 22 34.0058 18.9 21 33.9551 18.9 20.1 33.8241 18.9 20 33.8215 18.9 19.9 33.8095 18.9 19 33.5872 18.9 18.0989 33.2289 18.9 18 33.1866 18.9 17.636 33 18.9 17.266 32.7805 18.9 17.1 32.6784 18.9 17 32.6035 18.9 16.133 32 18.9 16 31.8939 18.9 15.1136 31 18.9 15.1111 30.9973 18.9 15.1 30.9846 18.9 15 30.8985 18.9 14.9985 30.8973 18.9 14.3861 30 18.9 14.0251 29.4973 18.9 14 29.4738 18.9 13.6537 29 18.9 13.6204 28.9 18.9 13.2911 28 18.9 13.2603 27.9 18.9 13 27.0064 18.9 12.9984 27 18.9 12.8097 26 18.9 12.6788 25.1756 18.9 12.6644 25 18.9 12.6231 24.1386 18.9 12.7259 23.1683 18.9 12.7504 23 18.9 12.3471 22.2426 18.9 12.3353 22 18.9 12.2289 21.929 18.9 12 21.7688 18.9 11.6312 21.8468 18.9 11.0052 21.9948 18.9 11 21.9952 18.9 10.9949 21.9949 18.9 10 21.6134 18.9 9.14941 21.0017 18.9 9.1466 21 18.9 9 20.8207 18.9 8.65381 20.6538 18.9 8 20.1999 18.9 7.77068 20 18.9 7.35125 19.486 18.9 7 19.083 18.9 6.93688 19 18.9 6.66812 18.6006 18.9 6.29823 18 18.9 6.15547 17.7251 18.9 6 17.4682 18.9 5.81448 17 18.9 5.5774 16.3059 18.9 5.48738 16 18.9 5.65523 15.1581 18.9 5.67529 15 18.9 
1
228
0 10.138 19.8 0 50.8 19.8 50.8 50.8 19.8 50.8 10.0584 19.8 30.8 10.2869 19.8 30 10.3191 19.8 29.8 10.3237 19.8 29 10.36 19.8 28.8 10.3648 19.8 28 10.4049 19.8 27.8 10.4096 19.8 27 10.4595 19.8 26.8 10.4622 19.8 26 10.5 19.8 25.8 10.5024 19.8 25 10.5265 19.8 24.8 10.529 19.8 24 10.5547 19.8 23.8 10.5573 19.8 23 10.5849 19.8 22.8 10.5877 19.8 22 10.6187 19.8 17.8 10.6298 19.8 17 10.6668 19.8 16.8 10.6682 19.8 16 10.6854 19.8 15.8 10.685 19.8 15 10.6615 19.8 14.8 10.6604 19.8 14 10.635 19.8 13.8 10.6429 19.8 13 10.6131 19.8 12.8 10.622 19.8 12 10.6457 19.8 11 10.7028 19.8 10.8 10.7036 19.8 10.5906 10.9129 19.8 10.4768 11 19.8 10.6458 11.2433 19.8 11 11.5176 19.8 11.7741 11.6458 19.8 12 11.6746 19.8 12.7111 11.8576 19.8 13 11.9897 19.8 13.0142 12 19.8 13.8 12.6258 19.8 14 12.7773 19.8 14.249 13 19.8 14.3766 13.1201 19.8 14.8 13.4861 19.8 14.9023 13.566 19.8 15 13.636 19.8 15.4753 14 19.8 15.5667 14.0913 19.8 15.8 14.2498 19.8 15.9657 14.3586 19.8 16 14.3739 19.8 16.7808 14.9396 19.8 16.8924 15 19.8 17.1133 15.1404 19.8 17.8 15.402 19.8 17.9758 15.4616 19.8 18 15.4665 19.8 18.7927 15.6958 19.8 19 15.7075 19.8 19.2 15.6594 19.8 20 15.6219 19.8 20.8 15.6382 19.8 21 15.6326 19.8 21.8 15.6488 19.8 23 15.6509 19.8 23.8 15.8465 19.8 23.9355 15.8844 19.8 24.3057 16 19.8 25 16.2007 19.8 25.8 16.4779 19.8 26 16.542 19.8 26.7916 17 19.8 26.8985 17.0714 19.8 27 17.1432 19.8 27.9697 18 19.8 28 18.029 19.8 28.9075 19 19.8 29 19.104 19.8 29.1096 19.2366 19.8 29.714 20 19.8 30 20.4429 19.8 30.0307 20.502 19.8 30.3049 21 19.8 30.6436 22.2 19.8 30.8915 23.2 19.8 31.0674 24 19.8 31.1195 24.7196 19.8 31.132 25 19.8 31.1366 26 19.8 31.1353 26.0099 19.8 31 26.8074 19.8 30.9995 26.8099 19.8 30.9703 27 19.8 30.6969 28 19.8 30.6305 28.2 19.8 30.4101 29 19.8 30.3889 29.2 19.8 30.8263 30 19.8 30.9067 30.2 19.8 30.9071 30.2009 19.8 31 30.3685 19.8 31.2923 31 19.8 31.3724 31.2 19.8 31.6597 32 19.8 31.8026 32.2811 19.8 31.7943 32.4848 19.8 32 32.6699 19.8 32.175 33 19.8 32.509 33.3964 19.8 32.8223 33.8223 19.8 32.9227 34 19.8 33.2798 35.3406 19.8 33.2316 36 19.8 33.1955 36.2819 19.8 32.2776 37 19.8 31.5003 37.5003 19.8 31 37.7557 19.8 30.7646 37.7646 19.8 30 37.3004 19.8 29.6849 37 19.8 29 36.5559 19.8 28.2725 36.1829 19.8 28 36.0535 19.8 27.9365 36 19.8 27.7871 35.8198 19.8 27.5744 35.5744 19.8 27.105 35 19.8 27 34.8899 19.8 26.0922 34 19.8 26 33.9649 19.8 25.2 33.8086 19.8 25 33.8226 19.8 24.8 33.8786 19.8 24 33.9588 19.8 23.9291 33.9691 19.8 23.8193 34 19.8 23.7291 34.0237 19.8 23 34.1279 19.8 22.8 34.1206 19.8 22 34.1331 19.8 21.8 34.1242 19.8 21 34.1452 19.8 20.2 34.0206 19.8 20.0328 34 19.8 20 33.9953 19.8 19 33.7571 19.8 18 33.3609 19.8 17.9008 33.3101 19.8 17.1008 32.8872 19.8 17 32.8274 19.8 16.8 32.6882 19.8 16 32.169 19.8 15.802 32 19.8 15.6037 31.8 19.8 15.0006 31.0979 19.8 15 31.0973 19.8 14.0639 29.7197 19.8 13.5479 29 19.8 13.4747 28.8 19.8 13.046 28.0086 19.8 13.0415 28 19.8 13 27.8569 19.8 12.9859 27.8 19.8 12.7319 26.2 19.8 12.6961 26 19.8 12.5423 25 19.8 12.495 24 19.8 12.28 23.2 19.8 12.3016 23 19.8 12.1951 22.8 19.8 12.0276 22.6017 19.8 12 22.5835 19.8 11.8 22.628 19.8 11 22.6502 19.8 10.2 22.2408 19.8 10.1429 22.2145 19.8 10 22.17 19.8 9.66774 22 19.8 9.2 21.7053 19.8 9 21.5615 19.8 8.99954 21.5611 19.8 8.4096 21 19.8 8.19954 20.8082 19.8 8 20.6699 19.8 7.9293 20.6082 19.8 7.37283 20 19.8 7.1293 19.6432 19.8 7 19.4847 19.8 6.96839 19.4432 19.8 6.67842 19 19.8 6.23909 18.2 19.8 6.1045 18 19.8 6.03381 17.8366 19.8 6 17.7715 19.8 5.94654 17.6366 19.8 5.34061 16.2 19.8 5.27229 16 19.8 5.16684 15.2 19.8 5.20671 15 19.8 5.57998 14.2 19.8 5.63366 14 19.8 5.66188 13.9736 19.8 6 13.6465 19.8 6.2 13.564 19.8 6.99992 13 19.8 7.0005 12.9997 19.8 8.65388 12.2019 19.8 8.9508 12.0492 19.8 8.95208 12.0486 19.8 9 12.0263 19.8 9.04864 12.0114 19.8 9.06343 12 19.8 9.10086 11.8991 19.8 9.64148 11 19.8 9.2 10.5571 19.8 9 10.5378 19.8 8.8 10.5237 19.8 8 10.4395 19.8 7.8 10.4287 19.8 7 10.3724 19.8 6 10.3191 19.8 5 10.2734 19.8 
1
223
0 10.1397 20.7 0 50.8 20.7 50.8 50.8 20.7 50.8 10.0591 20.7 32.7 10.2604 20.7 31.7 10.3028 20.7 31 10.3422 20.7 30.7 10.3543 20.7 30 10.3996 20.7 29.7 10.4132 20.7 29 10.4777 20.7 28.7 10.4928 20.7 28 10.5854 20.7 27.7 10.6041 20.7 27 10.72 20.7 26.7 10.7342 20.7 26.1439 10.8612 20.7 26 10.8827 20.7 25.7466 10.8904 20.7 25 10.9462 20.7 24.8757 10.9502 20.7 24.0856 11 20.7 24.1164 11.1164 20.7 24.2242 12 20.7 24.1271 13 20.7 24.1242 13.1242 20.7 24.0299 14 20.7 24.0232 14.0232 20.7 23.4476 14.4476 20.7 23 14.7411 20.7 22.7126 14.7126 20.7 22.3769 15 20.7 23 15.0142 20.7 23.0233 15.0199 20.7 24 15.0665 20.7 24.036 15.0777 20.7 24.6146 15.6146 20.7 25 15.7398 20.7 25.1214 16 20.7 26 16.1384 20.7 26.2398 16.2768 20.7 26.5992 16.3 20.7 26.9326 17 20.7 26.9599 17.0158 20.7 27 17.0425 20.7 27.7 17.2603 20.7 28 17.5251 20.7 28.0085 17.5336 20.7 28.3341 18 20.7 28.6134 18.3 20.7 28.9878 18.7239 20.7 29 18.7458 20.7 29.2185 19 20.7 29.4639 19.3 20.7 29.8624 20 20.7 29.9266 20.1024 20.7 30 20.2157 20.7 30.1028 20.4024 20.7 30.4552 21 20.7 30.7311 22 20.7 30.8058 22.3 20.7 31.0254 23.2709 20.7 31.0329 23.3 20.7 31.1857 24 20.7 31.2074 24.3 20.7 31.2854 25 20.7 31.2863 25.3 20.7 31.1995 26 20.7 31.0297 27 20.7 30.8844 27.7 20.7 30.7204 28.3 20.7 30.545 29 20.7 30.7091 29.3 20.7 30.9998 29.782 20.7 31.1478 30 20.7 31.2867 30.3 20.7 31.7546 31 20.7 31.8624 31.3 20.7 31.9464 31.4199 20.7 32 31.4895 20.7 32.3735 32 20.7 32.5276 32.3 20.7 32.8009 33 20.7 32.8032 33.0038 20.7 33.0572 33.3038 20.7 33.4846 34 20.7 33.5908 34.3 20.7 33.8635 34.6328 20.7 34 34.7447 20.7 34.1942 35 20.7 34.4867 35.4091 20.7 34.6323 35.6323 20.7 34.792 36 20.7 35 36.3394 20.7 35.8368 37 20.7 36 37.1975 20.7 36.198 37.198 20.7 36.8093 37 20.7 37 36.9688 20.7 37.047 36.9623 20.7 38 36.8152 20.7 38.2304 36.8887 20.7 38.6702 37 20.7 39 37.2507 20.7 39.2597 38 20.7 39.3057 38.1572 20.7 39.3723 38.3723 20.7 39.3721 39.3721 20.7 39.1615 40 20.7 39 40.0854 20.7 38.9084 40.1249 20.7 38.8481 40.1519 20.7 38 40.3452 20.7 37.424 40.424 20.7 37 40.7299 20.7 36.7762 40.7762 20.7 36.6143 41 20.7 35.6518 41.3482 20.7 35 41.5314 20.7 34.572 41.572 20.7 34 41.9278 20.7 33.8986 41.8986 20.7 33 41.394 20.7 31.7159 40 20.7 31.681 39.9664 20.7 31 39.4275 20.7 30.561 39 20.7 30.5221 38.9638 20.7 30.3 38.7345 20.7 30 38.5309 20.7 29.5427 38 20.7 29.4255 37.877 20.7 29.3 37.7341 20.7 29 37.4578 20.7 28.6398 37 20.7 28.3 36.6586 20.7 28 36.5048 20.7 27.9105 36.4294 20.7 27.5328 36 20.7 27.2105 35.5098 20.7 27 35.2559 20.7 26.8396 35 20.7 26.2711 34.3977 20.7 26 34.1197 20.7 25.4033 34 20.7 25.1873 33.9649 20.7 25 33.9309 20.7 24 34.0217 20.7 23.7 34.0646 20.7 23 34.1373 20.7 21.7 34.1608 20.7 21 34.197 20.7 20 34.0394 20.7 19 33.8064 20.7 18.7 33.6876 20.7 18 33.3968 20.7 17.0811 32.9224 20.7 17 32.8801 20.7 16.7 32.6854 20.7 16 32.2503 20.7 15.9262 32.1873 20.7 15.7131 32 20.7 15.2262 31.4602 20.7 15 31.197 20.7 14.9745 31.1602 20.7 14.8539 31 20.7 14.182 30 20.7 14.0714 29.8287 20.7 14 29.7236 20.7 13.8607 29.5287 20.7 13.4992 29 20.7 13 28.0879 20.7 12.9986 28.0846 20.7 12.9602 28 20.7 12.8202 27.3 20.7 12.6138 26 20.7 12.5326 25.3 20.7 12.4869 25 20.7 12.4314 24.3 20.7 12.4172 24 20.7 12.1576 23.3 20.7 12.077 23 20.7 12 22.9089 20.7 11.7 22.9172 20.7 11 22.8202 20.7 9.84284 22.2334 20.7 9.51444 22 20.7 9.14284 21.6836 20.7 9 21.594 20.7 8.77877 21.3836 20.7 8.07877 20.8263 20.7 8 20.7544 20.7 7.29684 20 20.7 7 19.5705 20.7 6.62359 19 20.7 6.07256 18 20.7 5.23041 16 20.7 5.19086 15.7 20.7 5 15.1926 20.7 4.93259 15 20.7 5 14.8566 20.7 5.23751 14.517 20.7 5.37743 14.3 20.7 5.5174 14 20.7 5.6442 13.8773 20.7 6.4541 13.1773 20.7 6.70638 13 20.7 6.7541 12.9699 20.7 7 12.7613 20.7 7.7 12.3462 20.7 8 12.1952 20.7 8.1643 12.119 20.7 9 11.7254 20.7 9.25288 11.274 20.7 9.38632 11 20.7 9 10.6137 20.7 8.7 10.5822 20.7 8 10.4898 20.7 7.7 10.4687 20.7 7 10.4077 20.7 6.7 10.391 20.7 6 10.3352 20.7 5 10.2777 20.7 
1
232
0 10.1413 21.6 5 10.2798 21.6 6 10.342 21.6 7 10.4263 21.6 7.6 10.5049 21.6 8 10.5397 21.6 8.4 10.5925 21.6 8.62617 10.8361 21.6 8.79006 11 21.6 8.04289 11.9571 21.6 8.00411 12 21.6 8 12.0019 21.6 7.93528 12.0436 21.6 7.4 12.2446 21.6 7 12.4818 21.6 6.56994 12.8808 21.6 6.16994 13.2223 21.6 6 13.5347 21.6 5.46555 14 21.6 5.26887 14.2812 21.6 5 14.8026 21.6 4.97261 14.8812 21.6 4.91679 15 21.6 4.94418 15.1152 21.6 5 15.2747 21.6 5.09008 15.5152 21.6 5.2122 16 21.6 6.05234 18 21.6 6.60536 19 21.6 7 19.5888 21.6 7.28936 20 21.6 8 20.7641 21.6 8.12695 20.8633 21.6 8.2967 21 21.6 8.72695 21.3192 21.6 9 21.5384 21.6 9.21234 21.7192 21.6 9.58913 22 21.6 9.81234 22.1765 21.6 10 22.3099 21.6 10.6 22.6405 21.6 11 22.8421 21.6 11.4 22.8976 21.6 11.4479 22.9145 21.6 11.7334 23 21.6 12 23.2239 21.6 12.0081 23.2433 21.6 12.1347 23.6 21.6 12.283 24 21.6 12.3147 24.4 21.6 12.4375 25 21.6 12.4839 25.4 21.6 12.5316 26 21.6 12.6904 27 21.6 12.7704 27.4 21.6 12.928 28 21.6 13 28.1622 21.6 13.4521 29 21.6 13.7934 29.5226 21.6 14 29.8247 21.6 14.0632 29.9226 21.6 14.1106 30 21.6 14.7755 31 21.6 14.9311 31.1923 21.6 15 31.2839 21.6 15.2782 31.5923 21.6 15.6651 32 21.6 16 32.2998 21.6 17 32.9151 21.6 17.0888 32.9594 21.6 17.6888 33.2484 21.6 18 33.4087 21.6 18.6 33.6697 21.6 19 33.8358 21.6 20 34.0672 21.6 21 34.2291 21.6 22 34.1735 21.6 22.6 34.1528 21.6 23 34.1465 21.6 23.6 34.1077 21.6 24 34.0661 21.6 25 33.9851 21.6 25.1234 34.0052 21.6 26 34.1821 21.6 26.3248 34.5262 21.6 26.7572 35 21.6 26.9248 35.2531 21.6 27 35.373 21.6 27.1842 35.6531 21.6 27.4258 36 21.6 27.7842 36.4258 21.6 28 36.6711 21.6 28.1527 36.8258 21.6 28.3039 37 21.6 28.7382 37.6 21.6 29 37.9354 21.6 29.0615 38 21.6 29.4 38.3908 21.6 29.4554 38.4746 21.6 30 39.2664 21.6 30.4 39.6513 21.6 30.455 39.7216 21.6 30.6936 40 21.6 31 40.3791 21.6 31.4 40.7988 21.6 31.4152 40.822 21.6 31.5514 41 21.6 32 41.7223 21.6 32.4 42.1589 21.6 33 43.1245 21.6 33.2412 43.2412 21.6 34 43.638 21.6 34.523 43.523 21.6 35 43.3959 21.6 35.912 43.088 21.6 35.9324 43.0777 21.6 36 43.045 21.6 36.1339 43 21.6 36.7093 42.7093 21.6 37 42.6152 21.6 37.6808 42.3192 21.6 38 42.1572 21.6 38.3951 42 21.6 40 41.2828 21.6 40.2425 41 21.6 40.5011 40.658 21.6 40.5434 40.6 21.6 40.6423 40.4591 21.6 40.9531 40 21.6 41 39.8586 21.6 41.4023 39.4023 21.6 41.7213 39 21.6 41.8181 38.8181 21.6 42 38.6418 21.6 42.1363 38.2587 21.6 42.1694 38 21.6 42.1197 37.1828 21.6 42.0821 37 21.6 42 36.7424 21.6 41.5057 36 21.6 41 35.5797 21.6 40.5025 35.5025 21.6 40 35.541 21.6 39.5234 35.4766 21.6 39.1029 35.5775 21.6 39 35.6063 21.6 38.5013 35.5013 21.6 38 35.3712 21.6 37.2787 35.2787 21.6 37 35.3062 21.6 36.5569 35.4431 21.6 36 35.6925 21.6 35.6978 35.5105 21.6 35.6 35.4467 21.6 35 35.4884 21.6 34.6495 35 21.6 34.26 34.4 21.6 34 34.0586 21.6 33.952 34 21.6 33.8442 33.8529 21.6 33.6 33.455 21.6 33.3027 33.0022 21.6 33.3015 33 21.6 33 32.5916 21.6 32.9987 32.59 21.6 32.8602 32.4 21.6 32.704 32 21.6 32.3273 31.4 21.6 32 30.9867 21.6 31.952 30.895 21.6 31.6487 30.4 21.6 31.3813 30 21.6 31.0846 29.4902 21.6 31 29.3657 21.6 30.8338 29.0902 21.6 30.7851 29 21.6 30.7833 28.4 21.6 30.8835 28 21.6 30.9494 27.6843 21.6 31 27.3867 21.6 31.2918 27.0843 21.6 31.3088 27 21.6 31.3768 26.6 21.6 31.6853 26 21.6 31.7501 25.3173 21.6 31.7895 25 21.6 31.8217 24.2687 21.6 31.7918 24 21.6 31.8493 23.1945 21.6 31.8068 23 21.6 31.6347 22.6347 21.6 31.8213 22 21.6 31.6856 21.6856 21.6 32 21.3911 21.6 34.2441 20.2441 21.6 34.664 20 21.6 34.767 19.767 21.6 34.9036 19 21.6 34.9207 18.9207 21.6 34.3509 18 21.6 34.0765 17.0765 21.6 34.0197 17 21.6 33.2075 16 21.6 33 15.784 21.6 32.2848 15.0034 21.6 32.2819 15 21.6 32 14.6341 21.6 31.4329 14 21.6 31 13.5913 21.6 30.5081 13 21.6 30.4406 12.9544 21.6 30 12.595 21.6 29.6406 12.4485 21.6 29.5297 12.3726 21.6 29.2035 12 21.6 29 11.8899 21.6 28.7162 11.7162 21.6 28 11.354 21.6 27.4967 11 21.6 27.6649 10.9392 21.6 28 10.8837 21.6 28.0755 10.8612 21.6 28.6 10.6899 21.6 29 10.6369 21.6 29.6 10.5314 21.6 30 10.4945 21.6 30.6 10.4297 21.6 31 10.4038 21.6 31.6 10.3524 21.6 50.8 10.0596 21.6 50.8 50.8 21.6 0 50.8 21.6 
1
248
0 10.1418 22.5 5 10.2816 22.5 6.5 10.3777 22.5 7 10.4214 22.5 8 10.552 22.5 8.44801 11 22.5 8.22882 11.4638 22.5 8 11.6926 22.5 7.68359 11.9638 22.5 7.62966 12 22.5 7.18359 12.1675 22.5 7 12.3511 22.5 6.5 12.4325 22.5 6 12.8578 22.5 5.85018 13 22.5 5.75233 13.2603 22.5 5.47639 13.5 22.5 5.32992 14 22.5 5.10587 14.4345 22.5 5 14.5403 22.5 4.7531 14.9345 22.5 4.73027 15 22.5 4.97718 15.4023 22.5 5.10177 15.9023 22.5 5.22612 16 22.5 5.43582 16.5 22.5 5.61214 17 22.5 6.03226 18 22.5 6.30917 18.5 22.5 6.46053 19 22.5 6.7986 19.4062 22.5 7 19.7043 22.5 7.14327 19.9062 22.5 7.23711 20 22.5 8 20.8216 22.5 8.14145 20.9356 22.5 8.26567 21 22.5 9.31398 21.7787 22.5 9.44506 22 22.5 9.81398 22.32 22.5 10 22.4671 22.5 10.5 22.5714 22.5 11 22.847 22.5 11.2585 22.9244 22.5 11.6219 23 22.5 11.7585 23.1567 22.5 12 23.3594 22.5 12.1054 23.6567 22.5 12.2815 24.5 22.5 12.333 25 22.5 12.3728 25.5 22.5 12.5317 26.5 22.5 12.621 27 22.5 12.7524 27.5 22.5 12.9024 28 22.5 13 28.2267 22.5 13.2156 28.6318 22.5 13.4 29 22.5 13.7156 29.4991 22.5 14 29.9346 22.5 14.04 30 22.5 14.6979 31 22.5 14.8703 31.1992 22.5 15 31.3595 22.5 15.3223 31.6992 22.5 15.6271 32 22.5 16 32.342 22.5 17 32.9538 22.5 17.0723 32.9877 22.5 17.5723 33.2163 22.5 18 33.4233 22.5 19 33.8646 22.5 20 34.0891 22.5 20.5 34.1791 22.5 21 34.2612 22.5 22.5 34.1738 22.5 23.5 34.1425 22.5 25 34.0389 22.5 25.5 34.1474 22.5 26 34.2483 22.5 26.3603 34.6431 22.5 26.6749 35 22.5 26.8603 35.2646 22.5 27 35.4756 22.5 27.2014 35.7646 22.5 27.375 36 22.5 27.7014 36.4078 22.5 28 36.7626 22.5 28.1261 36.9078 22.5 28.201 37 22.5 28.9214 38 22.5 29.6056 39 22.5 29.83 39.3108 22.5 30 39.5554 22.5 30.219 39.8108 22.5 30.3106 40 22.5 30.5917 40.3478 22.5 30.4534 40.862 22.5 30.5359 41 22.5 31 41.516 22.5 31.0938 41.5974 22.5 31.4026 42.0946 22.5 31.5 42.256 22.5 32 42.8457 22.5 32.2018 43.1706 22.5 32.5 43.7159 22.5 32.567 43.8209 22.5 32.8044 44 22.5 33 44.2829 22.5 33.1521 44.3267 22.5 33.5 44.4192 22.5 34 44.4905 22.5 34.5 44.4842 22.5 35 44.418 22.5 36.0312 44 22.5 36.4566 43.7895 22.5 36.5 43.7716 22.5 37 43.5867 22.5 37.5 43.3625 22.5 38 43.1816 22.5 38.4102 43 22.5 38.5616 42.9002 22.5 39 42.7021 22.5 39.0729 42.6603 22.5 39.5434 42.5 22.5 39.9706 42.3077 22.5 40 42.2998 22.5 40.4894 42 22.5 41 41.3824 22.5 41.0008 41.3803 22.5 41.3347 40.8826 22.5 41.5 40.7402 22.5 42 40.4104 22.5 42.5 40.1193 22.5 42.6702 40.0349 22.5 42.7547 40 22.5 42.9044 39.1285 22.5 42.9392 39 22.5 43 38.7964 22.5 43.0785 38.3656 22.5 43.2736 38 22.5 43.417 37.583 22.5 43.3269 37 22.5 43 36.6249 22.5 42.7825 36.3947 22.5 42.6427 36 22.5 42.5474 35.7514 22.5 42.5 35.6874 22.5 42.0514 35.4359 22.5 42 35.4209 22.5 41.9861 35.4359 22.5 41 34.5445 22.5 40.872 34.4789 22.5 40.2802 34.2683 22.5 40 34.2206 22.5 39.6775 34.3225 22.5 39 34.4878 22.5 38.8434 34.4378 22.5 38.3212 34.5233 22.5 38 34.4734 22.5 37.5 34.4095 22.5 37 34.2464 22.5 36.5961 34.4039 22.5 36 34.4429 22.5 35.3714 34.3714 22.5 35 34.4546 22.5 34.9468 34.29 22.5 34.7585 34 22.5 34.009 33.0536 22.5 34 33.0404 22.5 33.9735 33 22.5 33.8801 32.8801 22.5 33.7517 32 22.5 33.3786 31.3786 22.5 34 31.242 22.5 35.7545 30.7545 22.5 36 30.5195 22.5 36.1748 30.1748 22.5 37 28.4326 22.5 37.0937 28.0937 22.5 37.1549 28 22.5 37.378 27.378 22.5 37.662 27 22.5 37.7871 26.7871 22.5 38 26.2842 22.5 38.0195 26.0318 22.5 38.0236 26 22.5 38.0883 25.1188 22.5 38.0866 25 22.5 38.1225 24.1681 22.5 38.1019 24 22.5 38.0373 23.0616 22.5 38.0279 23 22.5 38 22.856 22.5 37.7183 22 22.5 37.6543 21.6543 22.5 37.4246 21.0253 22.5 37.2207 20.2243 22.5 37.1143 20 22.5 37 19.715 22.5 36.7719 19.4204 22.5 36.632 19 22.5 36.5624 18.9119 22.5 36.5 18.8075 22.5 36.2389 18.3956 22.5 36.0495 18 22.5 36 17.9428 22.5 35.743 17.7239 22.5 35.5 17.3755 22.5 35.3049 17.1516 22.5 35.2265 17 22.5 35 16.7399 22.5 34.8857 16.65 22.5 34.5 16.1805 22.5 34.3698 16.0306 22.5 34.3525 16 22.5 34 15.5921 22.5 33.9747 15.5722 22.5 33.5 15.0782 22.5 33.4378 15.006 22.5 33.4339 15 22.5 33 14.5439 22.5 32.9949 14.5398 22.5 32.9533 14.5 22.5 32.5364 14 22.5 32.0779 13.6 22.5 32 13.5225 22.5 31.5583 13.1 22.5 31.0583 12.7029 22.5 31 12.6511 22.5 30.5 12.2433 22.5 30.388 12.1575 22.5 30.1587 12 22.5 30 11.8987 22.5 29.9414 11.8694 22.5 29.5 11.6306 22.5 28.5629 11.0634 22.5 28.4463 11 22.5 28.8834 10.8573 22.5 29 10.8091 22.5 29.5 10.6673 22.5 30 10.5794 22.5 30.5 10.5028 22.5 31 10.4487 22.5 32 10.3596 22.5 50.8 10.0601 22.5 50.8 50.8 22.5 0 50.8 22.5 
1
231
0 10.1413 23.4 7 10.4052 23.4 8 10.5352 23.4 8.46486 11 23.4 8 11.4648 23.4 7.76468 11.6746 23.4 7.38499 12 23.4 7 12.385 23.4 6.4 12.4827 23.4 6 12.5338 23.4 5.7992 12.718 23.4 5.502 13 23.4 5.32624 13.6 23.4 5.11896 13.7611 23.4 5 13.8801 23.4 4.89013 14 23.4 4.81601 14.127 23.4 4.51972 14.6 23.4 4.50169 15 23.4 4.70371 15.2994 23.4 5 15.7822 23.4 5.14921 15.8994 23.4 5.24981 16 23.4 5.46139 16.6 23.4 5.50041 17 23.4 5.76043 17.4 23.4 6.01231 18 23.4 6.01268 18.0007 23.4 6.32042 19 23.4 7 19.8119 23.4 7.18811 20 23.4 8 20.8749 23.4 8.14906 20.9523 23.4 8.19679 21 23.4 8.54906 21.2997 23.4 9 21.6342 23.4 9.15729 21.8997 23.4 9.25761 22 23.4 10 22.6436 23.4 10.4 22.7143 23.4 11.436 22.9303 23.4 11.836 23.3334 23.4 12 23.5214 23.4 12.0885 23.9334 23.4 12.1687 24 23.4 12.2305 24.6 23.4 12.2592 25 23.4 12.3546 25.6 23.4 12.3833 26 23.4 12.4905 26.6 23.4 12.5769 27 23.4 12.8767 28 23.4 13 28.2951 23.4 13.2212 28.737 23.4 13.3447 29 23.4 14.0007 30.0487 23.4 14.2415 30.4 23.4 14.6338 31 23.4 14.793 31.1734 23.4 15 31.4125 23.4 15.5952 32 23.4 16 32.3801 23.4 17 32.9926 23.4 19 33.8927 23.4 19.3251 33.9646 23.4 19.3558 34 23.4 19.7251 34.2144 23.4 20 34.2738 23.4 20.4 34.1807 23.4 21 34.2887 23.4 23 34.1767 23.4 23.4 34.1597 23.4 24 34.1428 23.4 24.4 34.2954 23.4 25 34.2563 23.4 25.4 34.1885 23.4 26 34.3187 23.4 26.6005 35 23.4 26.7775 35.2427 23.4 27 35.5603 23.4 27.6083 36.3733 23.4 28.0899 36.9733 23.4 28.1103 37 23.4 28.5405 37.6 23.4 28.6737 38 23.4 28.9201 38.282 23.4 29.3307 38.882 23.4 29.4487 39 23.4 29.6002 39.4 23.4 29.8885 39.7516 23.4 30 39.906 23.4 30.0456 40 23.4 30 40.1827 23.4 29.4548 41 23.4 29.5973 41.5973 23.4 29.4055 42 23.4 29.661 42.661 23.4 29.8366 42.9463 23.4 29.865 43 23.4 30 43.1233 23.4 30.9601 43.3018 23.4 31.2448 43.4 23.4 31.4846 43.7518 23.4 32 43.741 23.4 32.3434 44 23.4 32.6263 44.4092 23.4 32.9448 44.792 23.4 33 44.8414 23.4 33.857 45.0176 23.4 34 45.0573 23.4 34.9588 45.0165 23.4 35 45.0123 23.4 35.0347 45 23.4 35.3368 44.8702 23.4 36 44.6017 23.4 36.4 44.4297 23.4 37 44.1827 23.4 37.4058 44 23.4 37.4472 43.9803 23.4 40.1378 42.7692 23.4 41 42.2412 23.4 41.203 42.0014 23.4 41.2043 42 23.4 41.6046 41.4 23.4 41.9476 41.1063 23.4 42 41.0439 23.4 42 41.0561 23.4 42.0877 41 23.4 42.33 40.8291 23.4 42.4 40.7668 23.4 43 40.4173 23.4 43.1953 40.0797 23.4 43.2552 40 23.4 43.3888 39.6 23.4 43.4578 39 23.4 43.7778 38.4 23.4 43.9743 38 23.4 44 37.9186 23.4 44.3603 37.5211 23.4 44.4805 37.4 23.4 44.5202 37.3587 23.4 44.8981 37 23.4 44.5934 36.5084 23.4 44.6557 36 23.4 44.5937 35.9277 23.4 44.4 35.7329 23.4 44.2168 35.4052 23.4 44 35.0705 23.4 43.8373 35 23.4 43 34.6898 23.4 42.4874 34.5714 23.4 42.0617 34.619 23.4 42 34.6015 23.4 41.9834 34.619 23.4 41.2867 34.0136 23.4 41.2518 34 23.4 41 33.8842 23.4 40.8464 33.8385 23.4 40.4 33.6839 23.4 40 33.4697 23.4 39.4 33.5603 23.4 39 33.6553 23.4 38.5651 33.7193 23.4 38.0263 33.0954 23.4 38 33.1024 23.4 37.9868 33.0954 23.4 37.9576 33 23.4 38 32.7534 23.4 38.084 32.1768 23.4 38.0541 32 23.4 38.1167 31.3817 23.4 38.1774 30.9392 23.4 38.3224 30 23.4 38.4109 29.6 23.4 38.5147 29 23.4 38.6044 28.4 23.4 38.7108 28 23.4 38.7756 27.4192 23.4 38.8387 27 23.4 38.8847 26.2996 23.4 38.923 26 23.4 38.9056 25 23.4 38.846 24.5681 23.4 38.7763 24 23.4 38.7638 23.913 23.4 38.7263 23.6 23.4 38.6345 23 23.4 38.5301 22.6 23.4 38.4167 22 23.4 38.2819 21.6 23.4 38.1153 21 23.4 38 20.7022 23.4 37.9904 20.6817 23.4 37.9551 20.6 23.4 37.6703 20 23.4 37.4563 19.6 23.4 37.2066 19 23.4 37.0559 18.8024 23.4 37 18.6967 23.4 36.6867 18.2024 23.4 36.2867 17.6783 23.4 35.7659 17.0783 23.4 35.4009 16.6 23.4 34.882 16 23.4 34.8437 15.9543 23.4 34.0867 15.0866 23.4 34.0076 15 23.4 34 14.9929 23.4 33.9253 14.9193 23.4 33.4 14.3671 23.4 33.0442 14.0478 23.4 32.9943 14 23.4 32 13.1281 23.4 31.8508 13.008 23.4 31.8428 13 23.4 31.4508 12.6684 23.4 31 12.3119 23.4 30.6454 12.0684 23.4 30.4854 12 23.4 30 11.6944 23.4 29.4 11.3273 23.4 29.2209 11 23.4 29.2629 10.9422 23.4 29.4 10.8051 23.4 30 10.635 23.4 31 10.4765 23.4 32 10.3808 23.4 33 10.3094 23.4 50.8 10.0604 23.4 50.8 50.8 23.4 0 50.8 23.4 
1
219
0 10.1406 24.3 6 10.3247 24.3 7 10.39 24.3 8 10.5163 24.3 8.48371 11 24.3 8 11.4837 24.3 7.4233 12 24.3 7 12.4233 24.3 6.3 12.5128 24.3 6 12.5468 24.3 5.84735 12.6777 24.3 5.49596 13 24.3 5 13.496 24.3 4.86885 13.6486 24.3 4.54687 14 24.3 4.51532 14.7 24.3 4.49382 15 24.3 4.64646 15.2362 24.3 5 15.7601 24.3 5.2399 16 24.3 5.30818 16.7 24.3 5.35954 17 24.3 5.81457 17.7 24.3 5.9926 18 24.3 6 18.0146 24.3 6.31338 19 24.3 7 19.811 24.3 7.18906 20 24.3 8 20.8798 24.3 8.12017 21 24.3 9 21.7527 24.3 9.24729 22 24.3 10 22.6523 24.3 10.3 22.6895 24.3 11 22.8132 24.3 12 23.8229 24.3 12.1404 23.9395 24.3 12.2165 24 24.3 12.3597 26 24.3 12.5109 26.7 24.3 12.5613 27 24.3 12.7711 27.7 24.3 12.7346 28 24.3 12.9017 28.2475 24.3 13 28.4873 24.3 13.216 28.9475 24.3 13.2903 29 24.3 14 30.1596 24.3 14.4214 30.7744 24.3 14.5841 31 24.3 14.7214 31.1405 24.3 15 31.4439 24.3 16 32.4202 24.3 16.9365 33 24.3 17 33.0313 24.3 19 33.9214 24.3 19.0685 34 24.3 20 34.5376 24.3 20.3 34.5554 24.3 21 34.3925 24.3 21.3 34.2999 24.3 23.3 34.1913 24.3 24 34.1614 24.3 25 34.5424 24.3 25.3 34.5085 24.3 26 34.3899 24.3 26.5387 35 24.3 27.2747 36 24.3 27.3364 36.3 24.3 27.8484 37 24.3 28 37.1682 24.3 28.0356 37.1858 24.3 28.1498 37.3 24.3 28.3829 38 24.3 28.4031 38.3 24.3 28.9961 39 24.3 29 39.0153 24.3 29.1528 39.4821 24.3 29.349 40 24.3 29 40.469 24.3 28.897 40.6339 24.3 28.8526 40.7 24.3 28.7136 41 24.3 28.541 41.7 24.3 28.6261 42 24.3 28.7543 42.3 24.3 29 42.8336 24.3 29.0881 43 24.3 29.5063 43.382 24.3 29.7 43.5806 24.3 30 43.857 24.3 30.7 44.0977 24.3 31 44.2555 24.3 31.3 44.2686 24.3 32 44.164 24.3 32.1726 44.247 24.3 32.813 45 24.3 32.9034 45.0748 24.3 33 45.1612 24.3 33.3 45.253 24.3 34 45.4473 24.3 34.3 45.4245 24.3 35 45.3531 24.3 35.9945 45 24.3 36.1052 44.9563 24.3 36.3 44.8871 24.3 37 44.5861 24.3 37.3 44.4796 24.3 38 44.1644 24.3 38.3 44.0579 24.3 38.3515 44.0371 24.3 39 43.7451 24.3 39.3 43.6274 24.3 40 43.3121 24.3 40.3 43.1607 24.3 40.4562 43.0852 24.3 40.6435 43 24.3 41 42.7823 24.3 42 41.5978 24.3 42 41.6762 24.3 42.0075 41.6693 24.3 42.5849 41.3 24.3 42.8774 41.041 24.3 42.9444 41 24.3 43 40.9505 24.3 43.0567 40.8909 24.3 43.3985 40.3 24.3 43.5997 40 24.3 43.8335 39.3 24.3 44.1159 39 24.3 44.1756 38.8717 24.3 44.3 38.729 24.3 45 38.1175 24.3 45.0726 38 24.3 45.106 37.9278 24.3 45.4187 37.3 24.3 45.4918 37 24.3 45.4464 36.7 24.3 45.1863 36 24.3 45.0526 35.7906 24.3 45 35.6641 24.3 44.6793 35.0906 24.3 44.6167 35 24.3 44.3793 34.7003 24.3 44 34.3581 24.3 43.3741 34.0003 24.3 43.3738 34 24.3 43.0741 33.78 24.3 43 33.744 24.3 42.7 33.7647 24.3 42 33.8239 24.3 41.9148 33.8007 24.3 41.3 33.5182 24.3 41 33.501 24.3 40.3 33.1261 24.3 40 33.0263 24.3 39.4774 33.029 24.3 39 33.1424 24.3 38.7493 33 24.3 38.6325 32.8767 24.3 38.5398 32.7 24.3 38.4213 32 24.3 38.7121 30 24.3 38.8669 29.3 24.3 38.9105 29 24.3 39.0854 28.3 24.3 39.1426 28 24.3 39.1465 27.7 24.3 39.1942 27 24.3 39.1793 24.7 24.3 39.1121 24 24.3 39.0215 23.7 24.3 38.9375 23 24.3 38.9343 22.991 24.3 38.6783 22 24.3 38.5424 21.7 24.3 38.3065 21 24.3 38.2157 20.7433 24.3 38 20.1864 24.3 37.9382 20.0434 24.3 37.9244 20 24.3 37.8243 19.7 24.3 37.45 19 24.3 37.2638 18.7925 24.3 36.7296 18.0925 24.3 36.6371 18 24.3 36.4296 17.7627 24.3 35.8954 17.0627 24.3 35.8327 17 24.3 35.7596 16.7 24.3 35.2254 16 24.3 35.0612 15.8216 24.3 35 15.7416 24.3 34.4517 15.1216 24.3 34.1569 15 24.3 34 14.8539 24.3 33.3773 14.295 24.3 33.2518 14 24.3 33.0774 13.8346 24.3 32.3 13.1487 24.3 32 13.0678 24.3 31.9322 13 24.3 31 12.2093 24.3 30.7199 12.0896 24.3 30.6304 12 24.3 30.4199 11.8267 24.3 30 11.5661 24.3 29.76 11.1267 24.3 29.6334 11 24.3 30 10.6334 24.3 30.3 10.5936 24.3 31 10.4772 24.3 31.3 10.4516 24.3 32 10.3815 24.3 33 10.3105 24.3 34 10.2586 24.3 50.8 10.0605 24.3 50.8 50.8 24.3 0 50.8 24.3 
1
215
0 10.1398 25.2 6 10.3137 25.2 7 10.376 25.2 8 10.4926 25.2 8.50739 11 25.2 8 11.5074 25.2 7.45714 12 25.2 7 12.4572 25.2 6 12.5679 25.2 5.49394 13 25.2 5 13.494 25.2 4.56588 14 25.2 4.49522 15 25.2 4.59296 15.1802 25.2 5 15.81 25.2 5.19004 16 25.2 5.327 16.8 25.2 5.37185 17 25.2 5.84659 17.8 25.2 5.87729 18 25.2 5.98195 18.1391 25.2 6 18.1747 25.2 6.24718 18.9391 25.2 6.30807 19 25.2 7 19.81 25.2 7.19001 20 25.2 8 20.8772 25.2 8.12276 21 25.2 9 21.7634 25.2 9.23661 22 25.2 10 22.6613 25.2 10.2 22.6768 25.2 11 22.7761 25.2 12 23.7918 25.2 12.203 23.9532 25.2 12.2643 24 25.2 12.4074 26 25.2 12.5417 26.8 25.2 12.5718 27 25.2 12.4746 27.8 25.2 12.4449 28 25.2 12.5545 28.1709 25.2 13 28.831 25.2 13.1982 28.9709 25.2 13.2378 29 25.2 13.7179 29.8 25.2 13.7593 30 25.2 13.8782 30.1474 25.2 14 30.3459 25.2 14.4338 30.9474 25.2 14.5359 31 25.2 14.6338 31.0957 25.2 15 31.4704 25.2 15.4309 31.8957 25.2 15.4851 32 25.2 16 32.5061 25.2 16.6998 32.9441 25.2 16.7558 33 25.2 16.8998 33.1089 25.2 17 33.1581 25.2 17.2 33.1557 25.2 18 33.5137 25.2 19 33.9459 25.2 19.0478 34 25.2 20 34.5426 25.2 21 34.6024 25.2 21.2 34.5461 25.2 22 34.299 25.2 24 34.1785 25.2 25 34.5554 25.2 25.2 34.5868 25.2 26 34.4965 25.2 26.396 34.9429 25.2 26.4531 35 25.2 26.596 35.1629 25.2 27.1889 35.9629 25.2 27.226 36 25.2 27.3903 36.8 25.2 27.4446 37 25.2 28 37.6152 25.2 28.3848 38 25.2 28.4386 38.8 25.2 28.4358 39 25.2 28.603 39.8 25.2 28.591 40 25.2 28.2203 40.8 25.2 28.1824 41 25.2 28.4095 41.8 25.2 28.4456 42 25.2 28.7875 42.8 25.2 28.915 43 25.2 29 43.1559 25.2 29.6671 43.8159 25.2 29.8236 44 25.2 29.8671 44.0295 25.2 30 44.1051 25.2 31 44.6344 25.2 31.2 44.6313 25.2 32 44.6663 25.2 32.559 44.9351 25.2 32.624 45 25.2 33 45.3129 25.2 33.2 45.3437 25.2 34 45.5885 25.2 34.2 45.5963 25.2 35 45.5356 25.2 35.2 45.4446 25.2 36.9718 44.8155 25.2 37 44.8066 25.2 37.2 44.7582 25.2 38 44.4742 25.2 38.2 44.3634 25.2 39 44.0794 25.2 39.0785 44.0475 25.2 39.2124 44 25.2 39.8785 43.7401 25.2 40 43.7029 25.2 40.2 43.5821 25.2 41 43.1783 25.2 41.1864 43 25.2 41.8436 42.223 25.2 42 42.1499 25.2 42.1283 42.023 25.2 42.1482 42 25.2 42.9283 41.3094 25.2 43 41.1419 25.2 43.029 41.1094 25.2 43.1803 41 25.2 43.3194 40.8 25.2 43.8557 40 25.2 43.8876 39.9289 25.2 44.982 39.0157 25.2 44.9969 39 25.2 45 38.9933 25.2 45.1119 38.658 25.2 45.3947 38.2 25.2 45.3375 38 25.2 45.4062 37.8 25.2 45.6009 37 25.2 45.6054 36.8 25.2 45.4843 36 25.2 45 35.2472 25.2 44.833 35.0057 25.2 44.8274 35 25.2 44.6906 34.8 25.2 44.0569 34 25.2 44 33.939 25.2 43.9992 33.9383 25.2 43.2 33.3517 25.2 43 33.2511 25.2 42 33.3188 25.2 41 33.262 25.2 40.285 33.0389 25.2 40.1171 33 25.2 40.085 32.9904 25.2 40 32.9491 25.2 39.2 32.6616 25.2 39 32.4929 25.2 38.7528 32.0217 25.2 38.7311 32 25.2 38.8504 31.2 25.2 38.874 31 25.2 39.0186 30 25.2 39.1374 29.2 25.2 39.1515 29 25.2 39.2256 28.8 25.2 39.3782 28 25.2 39.3909 27 25.2 39.358 24 25.2 39.3477 23.8 25.2 39.1059 23 25.2 39.0085 22.8581 25.2 39 22.8341 25.2 38.8047 22.0581 25.2 38.7466 22 25.2 38.7211 21.8 25.2 38.3586 21 25.2 38.2422 20.8379 25.2 38 20.1535 25.2 37.9633 20.0379 25.2 37.9254 20 25.2 37.8728 19.8 25.2 37.6059 19 25.2 37.4963 18.872 25.2 37 18.3187 25.2 36.6813 18 25.2 36.5533 17.8461 25.2 36 17.2134 25.2 35.7866 17 25.2 35.5442 16 25.2 35.4378 15.8935 25.2 35 15.4178 25.2 34.2139 15.0935 25.2 34.0139 14.8935 25.2 34 14.8803 25.2 33.6651 14.0935 25.2 33.5717 14 25.2 33.4651 13.9021 25.2 33 13.461 25.2 32.2 13.2455 25.2 32 13.2073 25.2 31.7927 13 25.2 31 12.3197 25.2 30.6803 12 25.2 30 11.4368 25.2 29.5632 11 25.2 30 10.5632 25.2 30.2 10.5435 25.2 31 10.4375 25.2 32 10.3539 25.2 33 10.2942 25.2 34 10.2501 25.2 50.8 10.0604 25.2 50.8 50.8 25.2 0 50.8 25.2 
1
221
0 10.1389 26.1 6 10.3034 26.1 7 10.3628 26.1 7.1 10.3707 26.1 8 10.4682 26.1 8.53179 11 26.1 8 11.5318 26.1 7.9515 11.5747 26.1 7.48734 12 26.1 7 12.4874 26.1 6 12.5874 26.1 5.50844 13 26.1 5 13.5084 26.1 4.95847 13.5545 26.1 4.57868 14 26.1 4.51863 14.9 26.1 4.51495 15 26.1 5 15.8941 26.1 5.10591 16 26.1 5.30777 16.9 26.1 5.32514 17 26.1 5.46329 17.9 26.1 5.47581 18 26.1 6 18.6955 26.1 6.3045 19 26.1 7 19.8091 26.1 7.19096 20 26.1 8 20.8746 26.1 8.12535 21 26.1 9 21.7748 26.1 9.22519 22 26.1 9.30401 22.0656 26.1 10 22.6671 26.1 10.1 22.6716 26.1 11 22.7411 26.1 11.2589 23 26.1 12 23.7629 26.1 12.2761 23.9736 26.1 12.3121 24 26.1 12.4548 26 26.1 12.5906 26.9 26.1 12.5785 27 26.1 12.4452 27.9 26.1 12.4533 28 26.1 13 28.8505 26.1 13.1785 28.9814 26.1 13.2048 29 26.1 13.3912 29.9 26.1 13.407 30 26.1 14 30.7337 26.1 14.4595 30.9703 26.1 15 31.5008 26.1 15.2441 31.9701 26.1 15.274 32 26.1 16.2843 33 26.1 16.3517 33.0538 26.1 17 33.544 26.1 17.1 33.541 26.1 18 33.5302 26.1 18.1 33.569 26.1 19 33.9463 26.1 19.0481 34 26.1 20 34.5451 26.1 21 34.6057 26.1 21.1 34.6067 26.1 22 34.353 26.1 22.1 34.3507 26.1 23 34.2895 26.1 23.1 34.2874 26.1 24 34.2261 26.1 24.1 34.2251 26.1 25 34.5553 26.1 25.1 34.5692 26.1 26 34.7106 26.1 26.2894 35 26.1 27 35.8101 26.1 27.1899 36 26.1 27.4343 36.9 26.1 27.459 37 26.1 28 37.5965 26.1 28.4036 38 26.1 28.3913 38.9 26.1 28.3969 39 26.1 28.3429 39.9 26.1 28.3156 40 26.1 28.1451 40.9 26.1 28.1497 41 26.1 28.3124 41.9 26.1 28.3203 42 26.1 28.8938 42.9 26.1 28.9081 43 26.1 28.9604 43.0644 26.1 29 43.1357 26.1 29.7042 43.9644 26.1 29.7398 44 26.1 29.8042 44.0569 26.1 30 44.1899 26.1 30.1 44.1886 26.1 31 44.6772 26.1 31.1 44.6891 26.1 32 44.6753 26.1 32.3247 45 26.1 32.3922 45.0595 26.1 33 45.5698 26.1 33.1 45.5879 26.1 34 45.7263 26.1 34.1 45.7225 26.1 35 45.7578 26.1 35.1 45.7429 26.1 36 45.3334 26.1 36.0872 45.2745 26.1 36.8605 45 26.1 36.9872 44.96 26.1 37 44.9472 26.1 37.1 44.9272 26.1 38 44.7092 26.1 38.1 44.6963 26.1 39 44.1976 26.1 39.0773 44.1434 26.1 39.4304 44 26.1 39.9773 43.8328 26.1 40 43.8101 26.1 40.1 43.79 26.1 41 43.2462 26.1 41.2565 43 26.1 41.9602 42.6711 26.1 42 42.6312 26.1 42.0577 42.571 26.1 42.6348 42 26.1 42.9576 41.2459 26.1 43 41.2035 26.1 43.0541 41.1459 26.1 43.1847 41 26.1 43.2058 40.9 26.1 43.8317 40 26.1 43.9752 39.68 26.1 44 39.6553 26.1 44.1 39.6287 26.1 45 39.5112 26.1 45.0452 39.4626 26.1 45.5489 39 26.1 45.5518 38.9 26.1 45.2944 38 26.1 45.2977 37.9 26.1 45.6067 37 26.1 45.6109 36.9 26.1 45.6309 36 26.1 45.5753 35.9039 26.1 45 35.0293 26.1 44.9707 35 26.1 44.8993 34.9 26.1 44.2839 34 26.1 44.2591 33.9818 26.1 44 33.7042 26.1 43.1 33.2517 26.1 43 33.1926 26.1 42.1 33.2484 26.1 42 33.1507 26.1 41.9 33.2522 26.1 41 33.2018 26.1 40.2441 33.0266 26.1 40.2175 33 26.1 40.1441 32.9514 26.1 40 32.9081 26.1 39.1 32.1493 26.1 39 32.1157 26.1 38.8843 32 26.1 38.9821 31.159 26.1 39 31.1411 26.1 39.0475 31.059 26.1 39.0552 31 26.1 39.056 30.9 26.1 39.1674 30 26.1 39.1678 29.9 26.1 39.2315 29 26.1 39.2319 28.9 26.1 39.5653 28 26.1 39.5787 26.9 26.1 39.5672 26 26.1 39.5677 25.9 26.1 39.5567 25 26.1 39.5295 23.9 26.1 39.483 23 26.1 39.4384 22.9395 26.1 39 22.3009 26.1 38.6991 22 26.1 38.6893 21.9 26.1 38.5744 21 26.1 38.5237 20.9385 26.1 38 20.2091 26.1 37.7909 20 26.1 37.7766 19.9 26.1 37.5402 19 26.1 37.4929 18.9483 26.1 37 18.3724 26.1 36.6276 18 26.1 36.5759 17.9445 26.1 36 17.2521 26.1 35.7478 17 26.1 35.7351 16.9 26.1 35.5215 16 26.1 33.4794 13.9599 26.1 33 13.5193 26.1 32.1 13.3477 26.1 32 13.3375 26.1 31.6625 13 26.1 31.6122 12.9539 26.1 31 12.4174 26.1 30.5826 12 26.1 30.5365 11.9591 26.1 30 11.5046 26.1 29.4954 11 26.1 30 10.4954 26.1 30.1 10.49 26.1 31 10.4016 26.1 31.1 10.3961 26.1 32 10.327 26.1 33 10.2755 26.1 50.8 10.0602 26.1 50.8 50.8 26.1 0 50.8 26.1 
1
126
0 10.1377 27 6 10.2934 27 7 10.3497 27 8 10.4287 27 8.57134 11 27 8 11.5713 27 7.51501 12 27 7 12.515 27 6 12.6074 27 5.53942 13 27 5 13.5394 27 4.5847 14 27 4.54785 15 27 5 15.831 27 5.16904 16 27 5.34283 17 27 5.46798 18 27 6 18.6948 27 6.30519 19 27 7 19.8081 27 7.1919 20 27 8 20.8721 27 8.12791 21 27 9 21.7883 27 9.21173 22 27 10 22.6562 27 11 22.701 27 11.299 23 27 12 23.7361 27 12.3599 24 27 12.502 26 27 12.3814 27 27 12.4625 28 27 13 28.8139 27 13.2629 29 27 13.4215 30 27 14 30.7027 27 15.2991 32 27 16 32.6746 27 16.3254 33 27 17 33.5382 27 18 33.5081 27 19 33.8961 27 19.0919 34 27 20 34.5304 27 21 34.583 27 22 34.5927 27 25 34.5382 27 26 34.6774 27 26.3226 35 27 27 35.7713 27 27.2287 36 27 27.4766 37 27 28 37.5752 27 28.4248 38 27 28.4809 39 27 28.2076 40 27 28.2544 41 27 28.3341 42 27 28.4771 43 27 29 43.6438 27 29.3562 44 27 30 44.5693 27 31 44.5568 27 32 44.6752 27 32.3248 45 27 33 45.5946 27 34 45.7757 27 35 45.7378 27 36 45.5889 27 36.8719 45 27 37 44.8719 27 38 44.6712 27 39 44.5424 27 39.7734 44 27 40 43.7734 27 41 43.5719 27 41.6017 43 27 42 42.6017 27 42.5765 42 27 43 41.5765 27 43.5411 41 27 43.752 40 27 44 39.752 27 45 39.4862 27 45.4522 39 27 45.5564 36 27 45 35.0387 27 44.9613 35 27 44.2481 34 27 44 33.8185 27 43 33.2278 27 42.7722 33 27 42 32.5859 27 41.2659 33 27 41 33.2659 27 40.7341 33 27 40 32.5142 27 39 32.1786 27 38.8214 32 27 39 31.8214 27 39.4751 31 27 39.5179 25 27 39.4463 23 27 39 22.3954 27 38.6046 22 27 38.507 21 27 38 20.3849 27 37.6151 20 27 37.4723 19 27 37 18.4828 27 36.5172 18 27 36 17.4452 27 35.5548 17 27 35.4275 16 27 33 13.5985 27 32 13.497 27 31.503 13 27 31 12.5394 27 30.4606 12 27 30 11.5911 27 29.4089 11 27 30 10.4089 27 50.8 10.0597 27 50.8 50.8 27 0 50.8 27 
1
199
0 10.1365 27.9 6.9 10.3071 27.9 7 10.3127 27.9 7.9 10.3492 27.9 8 10.3572 27.9 8.64281 11 27.9 8 11.6428 27.9 7.58814 12 27.9 7 12.5882 27.9 6.9 12.5974 27.9 6 12.6358 27.9 5.56742 13 27.9 5 13.5674 27.9 4.63738 13.9539 27.9 4.59585 14 27.9 4.59217 14.1 27.9 4.57808 15 27.9 4.95478 15.6598 27.9 5 15.7429 27.9 5.25712 16 27.9 5.2745 16.1 27.9 5.40933 17.1 27.9 5.49995 18 27.9 5.9468 18.4741 27.9 6 18.5436 27.9 6.45643 19 27.9 6.93052 19.533 27.9 7 19.6138 27.9 7.38621 20 27.9 8 20.6635 27.9 8.33654 21 27.9 8.91279 21.551 27.9 9 21.6298 27.9 9.37017 22 27.9 9.92117 22.4812 27.9 10 22.5469 27.9 11 22.5794 27.9 11.4206 23 27.9 11.556 23.9 27.9 11.641 24 27.9 12 24.5828 27.9 12.036 24.607 27.9 12.329 24.9 27.9 12.3432 25.1 27.9 12.3704 26 27.9 12.3584 26.1 27.9 12.393 27 27.9 12.4713 28 27.9 12.9462 28.6881 27.9 13 28.7695 27.9 13.0263 28.7881 27.9 13.2381 29 27.9 13.254 29.1 27.9 13.4352 30 27.9 14 30.6738 27.9 15.3222 32 27.9 16 32.6372 27.9 16.3627 33 27.9 16.9325 33.4785 27.9 17 33.5323 27.9 17.9 33.6656 27.9 18 33.6626 27.9 18.9 33.8286 27.9 19 33.8674 27.9 19.0092 33.8778 27.9 19.1314 34 27.9 20 34.5166 27.9 20.9 34.5508 27.9 21 34.5561 27.9 21.9 34.5855 27.9 22 34.5865 27.9 24.9 34.5199 27.9 25 34.5188 27.9 26 34.646 27.9 26.354 35 27.9 27 35.7364 27.9 27.2636 36 27.9 27.2884 36.1 27.9 27.4929 37 27.9 28 37.5556 27.9 28.4444 38 27.9 28.45 38.1 27.9 28.5655 39 27.9 28.5382 39.1 27.9 28.5023 39.1262 27.9 28 39.6285 27.9 27.6581 40 27.9 28 40.5157 27.9 28.0208 40.5312 27.9 28.3896 40.9 27.9 28.3943 41 27.9 28.4022 41.1 27.9 28.381 42 27.9 28.3953 42.1 27.9 28.5016 43 27.9 28.9477 43.5103 27.9 29 43.5747 27.9 29.4253 44 27.9 30 44.5038 27.9 30.9 44.5134 27.9 31 44.5122 27.9 31.9 44.5584 27.9 32 44.5703 27.9 32.4297 45 27.9 32.9325 45.4728 27.9 33 45.5322 27.9 33.9 45.617 27.9 34 45.6351 27.9 34.9 45.6251 27.9 35 45.6213 27.9 35.9 45.5268 27.9 36 45.512 27.9 36.626 45.0589 27.9 36.7132 45 27.9 37 44.7132 27.9 37.9 44.5894 27.9 38 44.5693 27.9 38.9 44.486 27.9 39 44.4731 27.9 39.5261 44.0542 27.9 39.6035 44 27.9 40 43.6035 27.9 40.9 43.5065 27.9 41 43.4864 27.9 41.5009 43 27.9 42.4508 42.0602 27.9 42.5085 42 27.9 43 41.5085 27.9 43.4372 41.0577 27.9 43.4913 41 27.9 43.6599 40.1 27.9 43.681 40 27.9 44 39.681 27.9 45 39.417 27.9 45.3806 39 27.9 45.4017 38 27.9 45.482 36 27.9 45 35.1571 27.9 44.8429 35 27.9 44.5771 34.1 27.9 44.5058 34 27.9 44.0248 33.5806 27.9 44 33.5625 27.9 43.9 33.5034 27.9 43 33.4469 27.9 42.5531 33 27.9 42.0772 32.6799 27.9 42 32.6385 27.9 41.355 33 27.9 41 33.355 27.9 40.645 33 27.9 40.0734 32.5941 27.9 40 32.5455 27.9 39.9 32.512 27.9 39 32.3948 27.9 38.6052 32 27.9 39 31.6052 27.9 39.3575 31.0821 27.9 39.405 31 27.9 39.4364 26.1 27.9 39.4377 26 27.9 39.4283 25.1 27.9 39.4287 25 27.9 39.3734 23 27.9 39.0446 22.6128 27.9 39 22.5524 27.9 38.4476 22 27.9 38.4026 21.1 27.9 38.3929 21 27.9 38.0507 20.6059 27.9 38 20.5444 27.9 37.4556 20 27.9 37.4022 19.1 27.9 37.388 19 27.9 37 18.5823 27.9 36.0517 17.6276 27.9 36 17.5721 27.9 35.4279 17 27.9 35.3602 16.1 27.9 35.3475 16 27.9 35.0428 15.7138 27.9 33.0411 13.7161 27.9 33 13.6759 27.9 32.9 13.6657 27.9 32 13.6176 27.9 31.3824 13 27.9 31 12.6511 27.9 30.3489 12 27.9 30 11.6827 27.9 29.3173 11 27.9 30 10.3173 27.9 30.9 10.2984 27.9 31 10.2929 27.9 31.9 10.2675 27.9 32 10.262 27.9 33 10.2315 27.9 50.8 10.0591 27.9 50.8 50.8 27.9 0 50.8 27.9 
1
183
0 10.1346 28.8 6 10.2513 28.8 6.8 10.2621 28.8 7.8 10.2866 28.8 8 10.2947 28.8 8.70525 11 28.8 8 11.7053 28.8 7.75122 11.9302 28.8 7.67048 12 28.8 7 12.6705 28.8 6.8 12.679 28.8 6 12.6885 28.8 5.63076 13 28.8 5 13.6307 28.8 4.6462 14 28.8 4.6353 15 28.8 4.91629 15.3686 28.8 5 15.5153 28.8 5.48476 16 28.8 5.51194 16.2 28.8 5.53103 17 28.8 5.55117 17.2 28.8 5.59524 18 28.8 5.9007 18.3342 28.8 6 18.4396 28.8 6.5604 19 28.8 6.89465 19.3577 28.8 7 19.4761 28.8 7.52392 20 28.8 8 20.5067 28.8 8.49331 21 28.8 8.87194 21.3463 28.8 9 21.4688 28.8 9.53122 22 28.8 10 22.4067 28.8 11 22.4375 28.8 11.5625 23 28.8 11.5926 23.2 28.8 11.5917 24 28.8 12 24.656 28.8 12.344 25 28.8 12.4042 27 28.8 12.4798 28 28.8 12.8945 28.5766 28.8 13 28.7296 28.8 13.2704 29 28.8 13.3107 29.2 28.8 13.4483 30 28.8 14 30.6472 28.8 15.344 32 28.8 16 32.6037 28.8 16.3963 33 28.8 16.8734 33.4204 28.8 17 33.5267 28.8 18.8 33.7954 28.8 19 33.8323 28.8 19.1677 34 28.8 20 34.4968 28.8 22 34.5625 28.8 22.8 34.5652 28.8 24 34.5404 28.8 24.8 34.4928 28.8 25 34.4873 28.8 26 34.6173 28.8 26.3827 35 28.8 27 35.7 28.8 27.3 36 28.8 27.3454 36.2 28.8 27.5083 37 28.8 28 37.5372 28.8 28.4628 38 28.8 28.5939 39 28.8 28 39.5939 28.8 27.7539 39.915 28.8 27.6757 40 28.8 27.9217 40.3186 28.8 28 40.4367 28.8 28.5633 41 28.8 28.5318 42 28.8 28.5554 42.2 28.8 28.5893 43 28.8 28.9009 43.3282 28.8 29 43.4416 28.8 29.5584 44 28.8 29.8866 44.3072 28.8 30 44.4065 28.8 30.8 44.4367 28.8 31 44.4388 28.8 32 44.4932 28.8 32.5068 45 28.8 33 45.4647 28.8 33.8 45.4803 28.8 34 45.4992 28.8 34.8 45.5183 28.8 35 45.5161 28.8 35.8 45.4603 28.8 36 45.4393 28.8 36.4158 45.1007 28.8 36.5549 45 28.8 37 44.5549 28.8 37.8 44.4898 28.8 38 44.4622 28.8 38.8 44.4148 28.8 39 44.3963 28.8 39.3636 44.0931 28.8 39.4805 44 28.8 40 43.4805 28.8 40.8 43.4296 28.8 41 43.4081 28.8 42 42.4241 28.8 42.3096 42.0979 28.8 43 41.4098 28.8 43.338 41.1002 28.8 43.4352 41 28.8 43.5463 40.2 28.8 43.5837 40 28.8 44 39.5837 28.8 44.8 39.4382 28.8 45 39.3855 28.8 45.2555 39.0819 28.8 45.3301 39 28.8 45.3609 38.2 28.8 45.39 37.2 28.8 45.3991 37 28.8 45.4081 36.2 28.8 45.4151 36 28.8 45.0947 35.5944 28.8 45 35.4284 28.8 44.5716 35 28.8 44.496 34.2 28.8 44.437 34 28.8 44 33.611 28.8 43.8 33.5984 28.8 43 33.5859 28.8 42.4141 33 28.8 42.1058 32.7362 28.8 42 32.6651 28.8 41.6008 32.9289 28.8 41.4738 33 28.8 41 33.4738 28.8 40.5262 33 28.8 40.127 32.7064 28.8 40 32.6162 28.8 39.8 32.5902 28.8 39 32.5296 28.8 38.4704 32 28.8 39 31.4704 28.8 39.2645 31.1162 28.8 39.3439 31 28.8 39.3597 28 28.8 39.3564 27 28.8 39.2998 23 28.8 39.0731 22.7437 28.8 39 22.6576 28.8 38.3424 22 28.8 38.3282 21.2 28.8 38.3182 21 28.8 38.076 20.7296 28.8 38 20.642 28.8 37.358 20 28.8 37.3297 19.2 28.8 37.3179 19 28.8 37.0757 18.7476 28.8 37 18.6663 28.8 35.3337 17 28.8 35.3044 16.2 28.8 35.2893 16 28.8 35 15.7223 28.8 34.2777 15 28.8 34.0636 14.797 28.8 33 13.7329 28.8 32.8 13.7222 28.8 32 13.7035 28.8 31.2965 13 28.8 31 12.7256 28.8 30.2744 12 28.8 30 11.7445 28.8 29.2555 11 28.8 30 10.2555 28.8 31.8 10.2326 28.8 50.8 10.0585 28.8 50.8 50.8 28.8 0 50.8 28.8 
1
170
0 10.1309 29.7 8 10.2456 29.7 8.75437 11 29.7 8 11.7544 29.7 7.73046 12 29.7 7 12.7304 29.7 6 12.739 29.7 5.80644 12.9103 29.7 5.70019 13 29.7 4.70787 14 29.7 4.70138 15 29.7 4.89463 15.2331 29.7 5 15.3713 29.7 5.62865 16 29.7 5.63581 16.3 29.7 5.63463 17 29.7 5.65116 17.3 29.7 5.67111 18 29.7 6 18.3566 29.7 6.64337 19 29.7 6.87466 19.2401 29.7 7 19.3742 29.7 7.86588 20.2409 29.7 8 20.3829 29.7 8.61705 21 29.7 9 21.3545 29.7 9.64549 22 29.7 9.87012 22.2016 29.7 10 22.314 29.7 10.7 22.3806 29.7 11 22.3898 29.7 11.6102 23 29.7 11.5995 24 29.7 12 24.6364 29.7 12.3637 25 29.7 12.4166 27 29.7 12.4911 28 29.7 13 28.6936 29.7 13.3064 29 29.7 13.358 29.3 29.7 13.4609 30 29.7 14 30.6225 29.7 15.3644 32 29.7 16 32.5735 29.7 16.4265 33 29.7 17 33.5136 29.7 18 33.6627 29.7 18.7 33.7525 29.7 19 33.7989 29.7 19.2011 34 29.7 20 34.4772 29.7 22.7 34.5556 29.7 23 34.5566 29.7 24 34.5356 29.7 25 34.4707 29.7 25.7 34.5518 29.7 26 34.591 29.7 26.409 35 29.7 27 35.6664 29.7 27.3336 36 29.7 27.3947 36.3 29.7 27.5246 37 29.7 28 37.52 29.7 28.48 38 29.7 28.607 39 29.7 28 39.607 29.7 27.8237 39.8796 29.7 27.7314 40 29.7 27.9077 40.2099 29.7 28 40.3294 29.7 28.6706 41 29.7 28.6605 41.3 29.7 28.6474 42 29.7 28.6601 42.3 29.7 28.6687 43 29.7 29 43.3473 29.7 29.6528 44 29.7 30 44.3244 29.7 30.7 44.3356 29.7 31 44.3469 29.7 31.7 44.4155 29.7 32 44.432 29.7 32.568 45 29.7 32.857 45.2643 29.7 33 45.3992 29.7 33.7 45.399 29.7 34 45.4049 29.7 34.7 45.406 29.7 35 45.4131 29.7 35.7 45.3868 29.7 36 45.3659 29.7 36.2817 45.127 29.7 36.4376 45 29.7 37 44.4376 29.7 37.7 44.4078 29.7 38 44.3834 29.7 38.7 44.3553 29.7 39 44.3375 29.7 39.2602 44.1137 29.7 39.3965 44 29.7 40 43.3965 29.7 40.7 43.3661 29.7 41 43.347 29.7 41.3655 43 29.7 42 42.3655 29.7 42.2195 42.1223 29.7 42.3356 42 29.7 43 41.3356 29.7 43.3616 41 29.7 43.4019 40.3 29.7 43.4436 40 29.7 44 39.4436 29.7 44.7 39.3896 29.7 45 39.335 29.7 45.2871 39 29.7 45.3233 38 29.7 45.3341 37.3 29.7 45.3435 37 29.7 45.3362 36.3 29.7 45.3395 36 29.7 45.1202 35.7473 29.7 45 35.5952 29.7 44.4048 35 29.7 44.3765 34.7 29.7 44.3541 34 29.7 44 33.6796 29.7 43 33.6721 29.7 42.3279 33 29.7 42.1156 32.8022 29.7 42 32.7033 29.7 41.7423 32.9011 29.7 41.5926 33 29.7 41 33.5926 29.7 40.4074 33 29.7 40.1497 32.7932 29.7 40 32.683 29.7 39.7 32.6603 29.7 39 32.6393 29.7 38.3607 32 29.7 39 31.3607 29.7 39.191 31.1328 29.7 39.2902 31 29.7 39.2464 23 29.7 39 22.7257 29.7 38.2743 22 29.7 38.262 21 29.7 38.0908 20.8148 29.7 38 20.7134 29.7 37.2865 20 29.7 37.2726 19.3 29.7 37.262 19 29.7 37.0908 18.8268 29.7 37 18.7322 29.7 35.2652 17 29.7 35.2524 16.3 29.7 35.2414 16 29.7 35 15.7647 29.7 34.2353 15 29.7 34 14.7748 29.7 33 13.7759 29.7 32 13.761 29.7 31.239 13 29.7 31 12.7751 29.7 30.2249 12 29.7 30 11.7867 29.7 29.2133 11 29.7 30 10.2133 29.7 50.8 10.0579 29.7 50.8 50.8 29.7 0 50.8 29.7 
1
152
0 10.1257 30.6 8 10.2089 30.6 8.79116 11 30.6 8 11.7911 30.6 7.77381 12 30.6 7 12.7738 30.6 6 12.7792 30.6 5.86716 12.9022 30.6 5.75656 13 30.6 4.76018 14 30.6 4.75494 15 30.6 4.88957 15.1539 30.6 5 15.2871 30.6 5.71292 16 30.6 5.7105 17 30.6 5.7219 17.4 30.6 5.72942 18 30.6 5.87752 18.1549 30.6 6 18.2871 30.6 7 19.2954 30.6 8.70555 21 30.6 9 21.2783 30.6 9.72171 22 30.6 9.87164 22.1636 30.6 10 22.2788 30.6 11 22.3745 30.6 11.6255 23 30.6 11.607 24 30.6 12 24.6178 30.6 12.3822 25 30.6 12.431 27 30.6 12.5067 28 30.6 13 28.6609 30.6 13.3391 29 30.6 13.4776 30 30.6 14 30.5997 30.6 14.4003 31 30.6 15.3836 32 30.6 16 32.5461 30.6 16.4539 33 30.6 17 33.4931 30.6 17.6 33.5935 30.6 18 33.6539 30.6 18.6 33.7048 30.6 19 33.7561 30.6 19.2439 34 30.6 20 34.459 30.6 23 34.5409 30.6 24 34.5272 30.6 25 34.4608 30.6 25.6 34.5206 30.6 26 34.5669 30.6 26.4331 35 30.6 27 35.6291 30.6 27.3709 36 30.6 27.4451 36.4 30.6 27.5446 37 30.6 27.812 37.2781 30.6 28 37.4839 30.6 28.5161 38 30.6 28.5661 38.4 30.6 28.6233 39 30.6 28 39.6233 30.6 27.8526 39.8442 30.6 27.7518 40 30.6 27.8992 40.1531 30.6 28 40.2731 30.6 28.7269 41 30.6 28.7194 41.4 30.6 28.7281 43 30.6 29 43.2845 30.6 29.7155 44 30.6 30 44.2654 30.6 30.6 44.286 30.6 31 44.2924 30.6 31.6 44.3224 30.6 32 44.3616 30.6 32.6384 45 30.6 33 45.3352 30.6 35 45.3362 30.6 36 45.306 30.6 36.1938 45.1365 30.6 36.3548 45 30.6 37 44.3548 30.6 37.6 44.3381 30.6 38 44.3211 30.6 38.6 44.3071 30.6 39 44.291 30.6 39.3343 44 30.6 40 43.3343 30.6 40.6 43.3182 30.6 41 43.3008 30.6 41.3192 43 30.6 42 42.3192 30.6 42.1567 42.139 30.6 42.2822 42 30.6 43 41.2822 30.6 43.1618 41.1254 30.6 43.296 41 30.6 43.3144 40.4 30.6 43.3375 40 30.6 44 39.3375 30.6 44.6 39.3127 30.6 45 39.2819 30.6 45.247 39 30.6 45.275 38 30.6 45.2857 37 30.6 45.2758 36 30.6 45.1254 35.834 30.6 45 35.6896 30.6 44.3104 35 30.6 44.2977 34.6 30.6 44.2894 34 30.6 44.1316 33.8517 30.6 44 33.732 30.6 43 33.73 30.6 42.27 33 30.6 42 32.7464 30.6 41.8283 32.887 30.6 41.681 33 30.6 41 33.681 30.6 40.319 33 30.6 40.1472 32.8516 30.6 40 32.7334 30.6 39.6 32.7214 30.6 39 32.7184 30.6 38.2816 32 30.6 39 31.2816 30.6 39.1341 31.1302 30.6 39.2433 31 30.6 39.2089 23 30.6 39 22.7718 30.6 38.2282 22 30.6 38.2201 21 30.6 38.0978 20.872 30.6 38 20.7662 30.6 37.2339 20 30.6 37.2187 19 30.6 35.2173 17 30.6 35.2035 16 30.6 34 14.806 30.6 33 13.8089 30.6 32 13.8003 30.6 31.1997 13 30.6 31 12.8092 30.6 30.1908 12 30.6 30 11.8171 30.6 29.1829 11 30.6 30 10.1829 30.6 50.8 10.0571 30.6 50.8 50.8 30.6 0 50.8 30.6 
1
134
0 10.1195 31.5 8 10.1805 31.5 8.81948 11 31.5 8 11.8195 31.5 7.80719 12 31.5 7 12.8072 31.5 6 12.8105 31.5 5.79772 13 31.5 4.7992 14 31.5 4.79415 15 31.5 4.88781 15.1035 31.5 5 15.2317 31.5 5.76826 16 31.5 5.76592 17 31.5 5.77528 18 31.5 6 18.2334 31.5 8.76491 21 31.5 9 21.2262 31.5 9.77386 22 31.5 9.87506 22.1322 31.5 10 22.2685 31.5 11 22.3606 31.5 11.6394 23 31.5 11.6154 24 31.5 12 24.5928 31.5 12.4072 25 31.5 12.4489 27 31.5 12.5243 28 31.5 13 28.6287 31.5 13.3714 29 31.5 13.4377 29.5 31.5 13.4963 30 31.5 14 30.5784 31.5 15 31.5951 31.5 15.405 32 31.5 16 32.5212 31.5 16.4788 33 31.5 17 33.4712 31.5 17.5 33.5419 31.5 18 33.6255 31.5 19 33.7099 31.5 19.2901 34 31.5 20 34.4421 31.5 23 34.5177 31.5 24 34.5028 31.5 24.5 34.4819 31.5 25 34.449 31.5 25.5 34.4539 31.5 26 34.5037 31.5 26.7218 35.2279 31.5 27 35.5336 31.5 27.4664 36 31.5 27.5492 36.5 31.5 27.5959 37 31.5 28 37.417 31.5 28.583 38 31.5 28.6307 38.5 31.5 28.6609 39 31.5 28 39.6609 31.5 27.8867 39.8159 31.5 27.7638 40 31.5 28 40.2447 31.5 28.7554 41 31.5 28.7567 41.5 31.5 28.7686 42 31.5 28.7714 43 31.5 29 43.2386 31.5 29.7614 44 31.5 29.8696 44.104 31.5 30 44.2255 31.5 31.5 44.2716 31.5 32 44.2966 31.5 32.7034 45 31.5 33 45.2787 31.5 36 45.2616 31.5 36.133 45.1412 31.5 36.2946 45 31.5 37 44.2946 31.5 39 44.2524 31.5 39.1281 44.1359 31.5 39.2827 44 31.5 40 43.2827 31.5 41 43.2614 31.5 41.2755 43 31.5 42 42.2755 31.5 42.1142 42.1502 31.5 42.2448 42 31.5 43.1114 41.1306 31.5 43.2462 41 31.5 43.2717 40 31.5 44 39.2717 31.5 44.5 39.2586 31.5 45 39.2379 31.5 45.0995 39.1296 31.5 45.2143 39 31.5 45.2304 38 31.5 45.229 36 31.5 45.1254 35.8899 31.5 45 35.7515 31.5 44.2485 35 31.5 44.2383 34 31.5 44 33.7738 31.5 43 33.7699 31.5 42.2301 33 31.5 42 32.7836 31.5 41.8829 32.8829 31.5 41.7398 33 31.5 41 33.7398 31.5 40.2602 33 31.5 40.1431 32.8945 31.5 40 32.7708 31.5 39 32.7663 31.5 38.2337 32 31.5 39 31.2337 31.5 39.2051 31 31.5 39.1812 23 31.5 39 22.8058 31.5 38.1941 22 31.5 38.1883 21 31.5 38 20.8044 31.5 37.1956 20 31.5 37.1858 19 31.5 35.1836 17 31.5 35.1744 16 31.5 33 13.8344 31.5 32 13.8286 31.5 31 12.8343 31.5 30.1658 12 31.5 30 11.84 31.5 29.16 11 31.5 30 10.16 31.5 50.8 10.0563 31.5 50.8 50.8 31.5 0 50.8 31.5 
1
131
0 10.1129 32.4 8 10.158 32.4 8.84204 11 32.4 8 11.842 32.4 7.83337 12 32.4 7 12.8334 32.4 6 12.8356 32.4 5.82778 13 32.4 4.82808 14 32.4 4.8236 15 32.4 5 15.1934 32.4 5.80661 16 32.4 5.81022 18 32.4 6 18.1948 32.4 8.8052 21 32.4 8.87465 21.0767 32.4 9 21.1982 32.4 9.80186 22 32.4 10 22.2573 32.4 10.4 22.284 32.4 11 22.3368 32.4 11.6632 23 32.4 11.6404 24 32.4 11.7724 24.1822 32.4 12 24.5277 32.4 12.4723 25 32.4 12.5113 27 32.4 12.5556 27.6 32.4 12.5653 28 32.4 12.7204 28.189 32.4 13 28.5552 32.4 13.4448 29 32.4 13.515 29.6 32.4 13.5417 30 32.4 13.704 30.1756 32.4 14 30.5158 32.4 14.4842 31 32.4 14.6598 31.1888 32.4 15.462 32 32.4 15.6508 32.1826 32.4 16 32.4874 32.4 16.5126 33 32.4 17 33.44 32.4 17.4 33.469 32.4 18 33.5537 32.4 19 33.6403 32.4 19.3597 34 32.4 19.5889 34.1604 32.4 20 34.4202 32.4 21 34.4483 32.4 21.4 34.451 32.4 22 34.4654 32.4 22.4 34.4519 32.4 23 34.4645 32.4 24.4 34.4334 32.4 25 34.4084 32.4 26 34.4212 32.4 26.5788 35 32.4 26.7294 35.1404 32.4 27.5861 36 32.4 27.6421 36.6 32.4 27.6619 37 32.4 28.6552 38 32.4 28.6915 38.6 32.4 28.7083 39 32.4 28 39.7083 32.4 27.9192 39.8141 32.4 27.7832 40 32.4 28 40.2235 32.4 28.7765 41 32.4 28.7985 42 32.4 28.8041 43 32.4 29 43.2028 32.4 29.87 44.073 32.4 30 44.1978 32.4 32 44.2489 32.4 32.7511 45 32.4 33 45.2346 32.4 34 45.2456 32.4 36 45.2265 32.4 36.0877 45.1444 32.4 36.2474 45 32.4 37 44.2474 32.4 39 44.2194 32.4 39.0849 44.1397 32.4 39.2386 44 32.4 40 43.2386 32.4 41 43.2252 32.4 41.234 43 32.4 42 42.234 32.4 42.0788 42.1504 32.4 42.2157 42 32.4 43 41.2157 32.4 43.2094 41 32.4 43.2274 40 32.4 44 39.2274 32.4 45 39.2043 32.4 45.0704 39.1301 32.4 45.1899 39 32.4 45.1942 36 32.4 45 35.7943 32.4 44.2057 35 32.4 44.1995 34 32.4 44 33.8073 32.4 43 33.7989 32.4 42.2011 33 32.4 42 32.8121 32.4 41.7802 33 32.4 41 33.7802 32.4 40.2198 33 32.4 40 32.8006 32.4 39 32.7963 32.4 38.2037 32 32.4 39 31.2037 32.4 39.1771 31 32.4 39.1597 23 32.4 39 22.8323 32.4 38.1677 22 32.4 38.1634 21 32.4 37.1673 20 32.4 37.1608 19 32.4 35.1589 17 32.4 35.152 16 32.4 33 13.8543 32.4 32 13.85 32.4 30 11.8582 32.4 29.1418 11 32.4 30 10.1418 32.4 50.8 10.0554 32.4 50.8 50.8 32.4 0 50.8 32.4 
1
120
0 10.1061 33.3 8 10.1399 33.3 8.86005 11 33.3 8 11.8601 33.3 7.85379 12 33.3 7 12.8538 33.3 6 12.8554 33.3 5.85031 13 33.3 4.85 14 33.3 4.84621 15 33.3 5 15.1655 33.3 5.83451 16 33.3 5.83663 18 33.3 8.8338 21 33.3 8.87847 21.0536 33.3 9 21.1878 33.3 9.81217 22 33.3 9.86575 22.0666 33.3 10 22.2392 33.3 11 22.3017 33.3 11.6983 23 33.3 11.6832 24 33.3 11.7691 24.1073 33.3 12 24.4261 33.3 12.5739 25 33.3 12.6108 26.7 33.3 12.6311 27.7 33.3 12.6322 28 33.3 12.7286 28.1113 33.3 13 28.4421 33.3 13.5579 29 33.3 13.6045 29.7 33.3 13.6195 30 33.3 13.7159 30.0995 33.3 14 30.4069 33.3 14.5932 31 33.3 15 31.435 33.3 16 32.4236 33.3 16.5764 33 33.3 16.6804 33.0998 33.3 17 33.3872 33.3 17.3 33.3976 33.3 18 33.4483 33.3 18.3 33.4577 33.3 19 33.5207 33.3 19.4792 34 33.3 19.5988 34.1002 33.3 20 34.381 33.3 20.3 34.3853 33.3 21 34.407 33.3 22 34.4115 33.3 24 34.3526 33.3 25 34.3397 33.3 25.3 34.3399 33.3 26 34.352 33.3 26.648 35 33.3 27 35.3281 33.3 27.6719 36 33.3 27.7065 36.7 33.3 27.7148 37 33.3 28.7107 38 33.3 28.7401 38.7 33.3 28.7475 39 33.3 28 39.7475 33.3 27.9456 39.8149 33.3 27.8041 40 33.3 28.7996 41 33.3 28.8284 43 33.3 30 44.1761 33.3 32 44.2141 33.3 32.7859 45 33.3 33 45.2023 33.3 36 45.1965 33.3 36.2093 45 33.3 37 44.2093 33.3 39 44.1909 33.3 39.2029 44 33.3 40 43.2029 33.3 41 43.194 33.3 41.2001 43 33.3 42 42.2001 33.3 42.1894 42 33.3 43 41.1894 33.3 43.1821 41 33.3 43.1954 40 33.3 44 39.1954 33.3 45 39.1784 33.3 45.1702 39 33.3 45.169 36 33.3 45 35.8223 33.3 44.1777 35 33.3 44.1711 34 33.3 44 33.8324 33.3 43 33.8223 33.3 42.1777 33 33.3 42 32.8341 33.3 41.8099 33 33.3 41 33.8099 33.3 40.1901 33 33.3 40 32.8249 33.3 39 32.8206 33.3 38.1794 32 33.3 39 31.1794 33.3 39.1575 31 33.3 39.1421 23 33.3 39 22.853 33.3 38.147 22 33.3 38.1437 21 33.3 37.1459 20 33.3 37.1415 19 33.3 35.1401 17 33.3 35.1347 16 33.3 33 13.8699 33.3 32 13.8644 33.3 30.1325 12 33.3 29.1285 11 33.3 30 10.1285 33.3 50.8 10.0544 33.3 50.8 50.8 33.3 0 50.8 33.3 
1
109
0 10.0997 34.2 8 10.1254 34.2 8.8746 11 34.2 8 11.8746 34.2 7.8698 12 34.2 7 12.8698 34.2 6 12.8711 34.2 4.86711 14 34.2 4.86392 15 34.2 5 15.1444 34.2 5.85563 16 34.2 5.85695 18 34.2 7.85404 20 34.2 7.88015 20.028 34.2 8.85288 21 34.2 9 21.1759 34.2 9.82405 22 34.2 10 22.2179 34.2 10.2 22.2253 34.2 11 22.2673 34.2 11.7327 23 34.2 11.7217 24 34.2 11.771 24.0567 34.2 12 24.3428 34.2 12.6572 25 34.2 12.6892 28 34.2 12.7428 28.059 34.2 13 28.3559 34.2 13.6441 29 34.2 13.6841 29.8 34.2 13.6902 30 34.2 14 30.3196 34.2 14.7347 31.0552 34.2 15 31.3343 34.2 16.6677 33 34.2 17 33.3184 34.2 17.2 33.3221 34.2 18 33.35 34.2 18.2 33.3522 34.2 19 33.3772 34.2 19.6228 34 34.2 19.6811 34.0529 34.2 20 34.3201 34.2 22.2 34.3318 34.2 26 34.2824 34.2 26.7176 35 34.2 26.7644 35.0451 34.2 27 35.2646 34.2 27.7353 36 34.2 27.7613 37 34.2 28.7593 38 34.2 28.7821 39 34.2 28 39.7821 34.2 27.9675 39.8203 34.2 27.8223 40 34.2 28.8209 41 34.2 28.8452 43 34.2 30 44.1581 34.2 32 44.1872 34.2 32.8128 45 34.2 33 45.1776 34.2 36 45.1715 34.2 36.1808 45 34.2 37 44.1808 34.2 39 44.1673 34.2 39.1762 44 34.2 40 43.1762 34.2 41 43.1695 34.2 41.1745 43 34.2 42.1679 42 34.2 43 41.1679 34.2 43.161 41 34.2 43.1709 40 34.2 44 39.1709 34.2 45 39.1582 34.2 45.1532 39 34.2 45.1526 36 34.2 45 35.8401 34.2 44.1599 35 34.2 44.1511 34 34.2 44 33.8493 34.2 43 33.8414 34.2 42.1586 33 34.2 42 32.8515 34.2 41.8329 33 34.2 41 33.8329 34.2 40.1671 33 34.2 40 32.8441 34.2 39 32.8404 34.2 38.1596 32 34.2 39 31.1596 34.2 39.1423 31 34.2 39.1274 23 34.2 38.1306 22 34.2 38.128 21 34.2 37.1292 20 34.2 37.1262 19 34.2 35.1256 17 34.2 35.121 16 34.2 35.0988 15.9772 34.2 33 13.8813 34.2 32 13.871 34.2 30.1263 12 34.2 30 11.8789 34.2 29.1211 11 34.2 30 10.1211 34.2 50.8 10.0533 34.2 50.8 50.8 34.2 0 50.8 34.2 
1
99
0 10.0934 35.1 8 10.1134 35.1 8.8866 11 35.1 8 11.8866 35.1 7.88265 12 35.1 7 12.8827 35.1 6 12.8838 35.1 4.88078 14 35.1 4.8781 15 35.1 5 15.1279 35.1 5.87208 16 35.1 5.87295 18 35.1 7.87093 20 35.1 7.8825 20.0131 35.1 8 20.1391 35.1 8.86088 21 35.1 9 21.164 35.1 9.83597 22 35.1 9.85121 22.018 35.1 10 22.1991 35.1 11 22.2348 35.1 11.7652 23 35.1 11.7574 24 35.1 11.7782 24.0231 35.1 12 24.2783 35.1 12.7217 25 35.1 12.7368 28 35.1 12.759 28.0237 35.1 13 28.2894 35.1 13.7106 29 35.1 13.7381 29.9 35.1 13.7396 30 35.1 16.7301 33 35.1 17 33.2571 35.1 19 33.2853 35.1 19.7147 34 35.1 19.7376 34.0215 35.1 20 34.2596 35.1 26 34.2302 35.1 27 35.2217 35.1 27.7783 36 35.1 27.7967 37 35.1 28.7967 38 35.1 28.8116 39 35.1 28 39.8116 35.1 27.9855 39.828 35.1 27.8393 40 35.1 28.8401 41 35.1 28.8596 43 35.1 30 44.1432 35.1 32 44.1649 35.1 32.8351 45 35.1 33 45.1578 35.1 36 45.1516 35.1 36.1589 45 35.1 37 44.1589 35.1 39 44.1488 35.1 39.1557 44 35.1 40 43.1557 35.1 41 43.1504 35.1 43 41.1506 35.1 43.144 41 35.1 43.1512 40 35.1 44 39.1512 35.1 45 39.1419 35.1 45.1384 39 35.1 45.1379 36 35.1 45 35.8562 35.1 44.1438 35 35.1 44.1375 34 35.1 44 33.8629 35.1 43 33.8572 35.1 42.1428 33 35.1 42 32.8656 35.1 41.8518 33 35.1 41 33.8518 35.1 40.1482 33 35.1 40 32.8593 35.1 39 32.8563 35.1 38.1437 32 35.1 39 31.1437 35.1 39.1293 31 35.1 39.1153 23 35.1 38.1173 22 35.1 38.1152 21 35.1 37.1159 20 35.1 37.1138 19 35.1 37.1034 18.9893 35.1 36.1141 18 35.1 35.1158 17 35.1 35.1103 16 35.1 33 13.8859 35.1 32 13.8769 35.1 30 11.8836 35.1 29.1164 11 35.1 30 10.1164 35.1 50.8 10.0521 35.1 50.8 50.8 35.1 0 50.8 35.1 
1
91
0 10.0877 36 8 10.1035 36 8.8965 11 36 8 11.8965 36 7.89322 12 36 7 12.8932 36 6 12.8942 36 4.89195 14 36 4.88967 15 36 5 15.1148 36 5.88522 16 36 5.88582 18 36 7.88434 20 36 8 20.1314 36 8.86863 21 36 9 21.1524 36 9.84761 22 36 10 22.1796 36 11 22.2033 36 11.7967 23 36 11.7919 24 36 12 24.2313 36 12.7687 25 36 12.7782 28 36 13 28.2372 36 13.7628 29 36 13.7773 30 36 16.7753 33 36 17 33.2144 36 19 33.2294 36 19.7706 34 36 20 34.2145 36 26 34.1944 36 27.8107 36 36 27.8235 37 36 28.8253 38 36 28.8357 39 36 28 39.8357 36 27.8548 40 36 28.8566 41 36 28.8718 43 36 30 44.1302 36 32 44.1462 36 32.8538 45 36 33 45.1413 36 36 45.1359 36 36.1416 45 36 37 44.1416 36 39 44.1339 36 39.1395 44 36 40 43.1395 36 41 43.1353 36 43 41.1363 36 43.1298 41 36 43.1351 40 36 44 39.1351 36 45 39.128 36 45.1254 39 36 45.125 36 36 45 35.8702 36 44.1298 35 36 44.1253 34 36 44 33.8751 36 43 33.8709 36 42.1291 33 36 42 32.8774 36 41.8668 33 36 41 33.8668 36 40.1332 33 36 40 32.8716 36 39 32.8694 36 38.1306 32 36 39 31.1306 36 39.1188 31 36 39.1051 23 36 38.1064 22 36 38.1047 21 36 37.1051 20 36 37.1035 19 36 37 18.8934 36 36.1066 18 36 36 17.889 36 35.111 17 36 35.1061 16 36 33 13.891 36 32 13.8836 36 29.1114 11 36 30 10.1114 36 50.8 10.0509 36 50.8 50.8 36 0 50.8 36 
1
197
0 10.9877 36.9 3.95238 11 36.9 3.37736 11.3774 36.9 3 11.6667 36.9 2.83051 11.8305 36.9 2.6875 12 36.9 2.41509 12.4151 36.9 2.08824 13 36.9 2.05769 13.0577 36.9 2 13.2308 36.9 1.81481 13.8148 36.9 1.77273 14 36.9 1.59649 14.5965 36.9 1.53061 15 36.9 1.43333 15.4333 36.9 1.35849 16 36.9 1.32075 17 36.9 1.40476 17.4048 36.9 1.5098 18 36.9 1.83871 18.8387 36.9 1.89796 19 36.9 2.39583 20 36.9 3 20.9667 36.9 3.02381 21 36.9 3.7907 22 36.9 4 22.2647 36.9 4.53191 23 36.9 4.48077 23.4808 36.9 4.68605 24 36.9 4.92771 28 36.9 5 28.375 36.9 5.11111 29 36.9 5.17241 29.1724 36.9 5.42169 30 36.9 5.74468 30.7447 36.9 5.84615 31 36.9 6 31.3529 36.9 6.2619 32 36.9 6.46809 32.4681 36.9 6.6875 33 36.9 7.18987 34 36.9 7.65217 34.6522 36.9 7.88235 35 36.9 8.65217 36 36.9 9 36.4286 36.9 9.5 37 36.9 10 37.4706 36.9 12 39.0435 36.9 12.1304 39.1304 36.9 13 39.7531 36.9 14 40.284 36.9 14.4894 40.4894 36.9 15 40.7241 36.9 15.6857 41 36.9 16 41.1341 36.9 16.1864 41.1864 36.9 17 41.4607 36.9 17.5694 41.5694 36.9 18 41.6667 36.9 18.8052 41.8052 36.9 19 41.8438 36.9 19.8824 42 36.9 20 42.0235 36.9 20.0263 42.0263 36.9 21 42.1494 36.9 22 42.1494 36.9 22.1529 42.1529 36.9 23 42.0649 36.9 23.2941 42.2941 36.9 24 42.7736 36.9 24.1791 43 36.9 24.5455 43.5455 36.9 24.8246 44 36.9 25.2182 45 36.9 25.6667 45.6667 36.9 25.88 46 36.9 26 46.1395 36.9 26.9487 47 36.9 28 47.8039 36.9 29 48.8269 36.9 29.2045 49 36.9 30 49.6034 36.9 30.7931 50 36.9 30.9782 50.0873 36.9 31 50.098 36.9 31.1371 50.1371 36.9 31.9 50.4 36.9 32 50.4296 36.9 32.5395 50.5395 36.9 33 50.6644 36.9 33.7396 50.7396 36.9 34 50.7738 36.9 34.8133 50.7467 36.9 35 50.7344 36.9 35.631 50.631 36.9 36 50.5517 36.9 36.4267 50.4267 36.9 36.9429 50.2286 36.9 36.9741 50.2154 36.9 37 50.2074 36.9 37.1493 50.1493 36.9 37.5 50 36.9 37.86 49.86 36.9 38 49.8 36.9 38.5833 49.5833 36.9 39 49.403 36.9 39.2903 49.2903 36.9 39.9643 49 36.9 39.99 48.99 36.9 40 48.9857 36.9 40.7188 48.7188 36.9 41 48.597 36.9 41.4301 48.4301 36.9 42 48.1846 36.9 42.1333 48.1333 36.9 42.4444 48 36.9 42.8454 47.8454 36.9 43.5306 47.5306 36.9 44.1443 47.1443 36.9 44.3182 47 36.9 44.7087 46.7087 36.9 45 46.4118 36.9 45.2121 46.2121 36.9 45.375 46 36.9 45.6569 45.6569 36.9 46 45.1026 36.9 46.0426 45.0426 36.9 46.3763 44.3763 36.9 46.7204 43.7204 36.9 47 43.35 36.9 47.1687 43.1687 36.9 47.2917 43 36.9 47.6136 42.6136 36.9 48 42.0286 36.9 48.0122 42.0122 36.9 48.0182 42 36.9 48.3933 41.3933 36.9 48.5556 41 36.9 48.7053 40.7053 36.9 48.9437 40 36.9 48.9592 39.9592 36.9 49 39.8095 36.9 49.2152 39.2152 36.9 49.2982 39 36.9 49.4286 38.4286 36.9 49.5357 38 36.9 49.5667 37.5667 36.9 49.5965 37 36.9 49.5306 36.5306 36.9 49.4643 36 36.9 49.2 35 36.9 48.9273 34 36.9 48.8889 33.8889 36.9 48.6038 33 36.9 48.16 32.16 36.9 48.0816 32 36.9 48 31.8919 36.9 47.175 31 36.9 47 30.8511 36.9 46.6316 30.6316 36.9 46 30.2353 36.9 45.3684 30 36.9 45 29.875 36.9 44.8333 29.8333 36.9 44 29.5833 36.9 43.3421 29.3421 36.9 43 29.2063 36.9 42.3158 29 36.9 42.1333 28.1333 36.9 42.0465 28 36.9 41.9574 26 36.9 41.8723 25 36.9 41.8235 24.8235 36.9 41.6087 24 36.9 41.2667 23 36.9 41 22.25 36.9 40.0541 20 36.9 40 19.8824 36.9 39.4643 19 36.9 39 18.48 36.9 38.52 18 36.9 38 17.5 36.9 37.6061 17 36.9 37 16.4737 36.9 36.7722 16 36.9 36.3571 15.3571 36.9 36.1818 15 36.9 36 14.8148 36.9 35.3231 14 36.9 35 13.6613 36.9 34 12.6452 36.9 33.3443 12 36.9 33 11.6769 36.9 32.1538 11 36.9 50.8 10.9509 36.9 50.8 50.8 36.9 0 50.8 36.9 
