27
0
0
0
0
0
0
0
0
0
0
0
0
0
0
0
0
0
0
0
0
0
1
19
-50.8 10.1332 18.9 -50.8 10.2301 18.9 -50.0029 10.2439 18.9 -50 10.2439 18.9 -46 10.3878 18.9 -45 10.4629 18.9 -44 10.5906 18.9 -43.8996 10.6176 18.9 -44 10.5172 18.9 -44.9 10.3999 18.9 -45 10.3786 18.9 -45.9 10.3097 18.9 -46 10.2985 18.9 -46.9 10.2504 18.9 -47 10.2427 18.9 -48.9969 10.1705 18.9 -49 10.1704 18.9 -50 10.1473 18.9 -50.003 10.1473 18.9 
0
0
0
0
2
14
-31 35.8515 23.4 -31.1485 36 23.4 -30 37.1408 23.4 -29.7396 37.0733 23.4 -29 37.1196 23.4 -28.7881 37 23.4 -28.6099 36.5752 23.4 -29 36.0763 23.4 -29.1239 36 23.4 -29.2241 35.7759 23.4 -29.4032 35 23.4 -30 34.9155 23.4 -30.0845 35 23.4 -30.1744 35.0787 23.4 
9
-28 34.9628 23.4 -28.3815 34.8692 23.4 -28.812 35 23.4 -28.91 35.91 23.4 -28 35.255 23.4 -27.9648 35.3815 23.4 -27.1818 35.8182 23.4 -27.6185 35.2498 23.4 -27.9628 35 23.4 
