27
0
1
4
-50.8 10.0753 0.9 -50.8 50.8 0.9 5.51091e-017 50.8 0.9 5.51091e-017 10.038 0.9 
1
4
-50.8 50.8 1.8 1.10218e-016 50.8 1.8 1.10218e-016 10.0389 1.8 -50.8 10.0785 1.8 
1
5
-50.8 10.0818 2.7 -50.8 50.8 2.7 1.65327e-016 50.8 2.7 1.65327e-016 10.0399 2.7 -36 10.2419 2.7 
1
7
-50.8 50.8 3.6 2.20437e-016 50.8 3.6 2.20437e-016 10.0408 3.6 -35 10.3166 3.6 -36 10.3047 3.6 -36.6 10.2815 3.6 -50.8 10.0855 3.6 
1
23
-50.8 50.8 4.5 2.75546e-016 50.8 4.5 2.75546e-016 10.0419 4.5 -28 10.2131 4.5 -29 10.2454 4.5 -29.5 10.2668 4.5 -30.5 10.2965 4.5 -31 10.3053 4.5 -31.5 10.322 4.5 -32 10.3311 4.5 -32.5 10.3512 4.5 -33 10.3613 4.5 -33.5 10.3856 4.5 -34 10.3968 4.5 -34.5 10.4262 4.5 -35 10.4378 4.5 -35.5 10.4141 4.5 -36 10.4061 4.5 -36.5 10.3698 4.5 -37 10.3504 4.5 -37.5 10.3235 4.5 -38.5 10.2874 4.5 -50.8 10.0894 4.5 
2
32
-50.8 10.0937 5.4 -50.8 50.8 5.4 3.30655e-016 50.8 5.4 3.30654e-016 10.0431 5.4 -27 10.2109 5.4 -28 10.2461 5.4 -28.4 10.2681 5.4 -29 10.2906 5.4 -29.4 10.3151 5.4 -30 10.3408 5.4 -30.4 10.3639 5.4 -31 10.3839 5.4 -31.4 10.4079 5.4 -32 10.4279 5.4 -32.4 10.4594 5.4 -33.6 10.5127 5.4 -33.766 10.6787 5.4 -34 10.8645 5.4 -35 10.9234 5.4 -35.4 10.6025 5.4 -36 10.574 5.4 -36.4 10.5242 5.4 -37 10.4805 5.4 -37.4 10.4395 5.4 -38 10.4071 5.4 -38.4 10.3767 5.4 -39 10.3519 5.4 -39.4 10.3292 5.4 -40.4 10.2922 5.4 -41.4 10.2613 5.4 -42 10.2482 5.4 -42.4 10.2312 5.4 
31
-40.1457 24 5.4 -40.0939 23.9061 5.4 -40 23.7127 5.4 -39.5547 23.4453 5.4 -39.6399 23 5.4 -39.4087 22.5913 5.4 -39.116 22 5.4 -38.7155 21.2845 5.4 -38.569 21 5.4 -38.0142 19.9858 5.4 -38 19.981 5.4 -37.1165 19.8835 5.4 -37 19.903 5.4 -36.8753 20 5.4 -36.8996 20.1004 5.4 -36.5232 21 5.4 -37 22.1819 5.4 -37.4385 22.5615 5.4 -37.6642 23 5.4 -37.8297 23.1703 5.4 -38 23.4972 5.4 -38.4145 23.5855 5.4 -38.5026 24 5.4 -38.6706 24.3294 5.4 -39 24.4976 5.4 -39.7573 24.2427 5.4 -39.5023 25 5.4 -39.6252 25.3748 5.4 -40 25.5026 5.4 -40.5619 25 5.4 -40.3451 24.6549 5.4 
2
47
-50.8 10.0982 6.3 -42.3 10.2781 6.3 -42 10.3003 6.3 -41.3 10.3265 6.3 -41 10.3517 6.3 -40.3 10.3822 6.3 -40 10.4051 6.3 -39.3 10.4449 6.3 -39 10.4729 6.3 -38.3 10.5262 6.3 -37.3 10.6329 6.3 -37 10.6846 6.3 -36.3 10.7718 6.3 -36.0294 10.9968 6.3 -36.0261 11 6.3 -36.06 11.06 6.3 -36.2098 12 6.3 -36 12.2755 6.3 -35.4173 12.5827 6.3 -35 12.8212 6.3 -34.401 13 6.3 -34 13.1458 6.3 -33.8578 13.1422 6.3 -33.3064 12.6936 6.3 -33 12.3124 6.3 -32.8443 12.1557 6.3 -32.835 12 6.3 -33 11.7356 6.3 -33.3583 11.3583 6.3 -33.2773 11.2544 6.3 -33.1151 11 6.3 -33 10.8849 6.3 -32 10.8062 6.3 -31.8091 10.6543 6.3 -31.7 10.5452 6.3 -30.3 10.4628 6.3 -30 10.427 6.3 -29.3 10.384 6.3 -29 10.3559 6.3 -28.3 10.3175 6.3 -28 10.291 6.3 -27.3 10.2612 6.3 -27 10.2423 6.3 -26 10.207 6.3 3.85764e-016 10.0442 6.3 3.85764e-016 50.8 6.3 -50.8 50.8 6.3 
79
-42 21.774 6.3 -42.1181 22 6.3 -42.3749 22.6251 6.3 -43 23.6873 6.3 -43.1064 24 6.3 -43.2979 24.7021 6.3 -43.3136 25 6.3 -43.2877 25.1206 6.3 -43.4111 25.8257 6.3 -43.3887 26 6.3 -43.2219 27 6.3 -43 27.9702 6.3 -42.9995 27.9716 6.3 -42.8687 28.4978 6.3 -42.7068 29 6.3 -42.4432 29.5568 6.3 -42.2807 30 6.3 -42 30.5614 6.3 -41.5291 31 6.3 -41 31.7078 6.3 -37.6 34 6.3 -37 34.3851 6.3 -36.6838 34.3162 6.3 -36.0441 34.5349 6.3 -36 34.5528 6.3 -35.587 34.4356 6.3 -35 34.4488 6.3 -33 34.0209 6.3 -32.9287 34 6.3 -32 33.3975 6.3 -31.7915 33.2085 6.3 -31.5808 33 6.3 -31 32.4465 6.3 -30.74 32 6.3 -30.213 31.1264 6.3 -30.1341 31 6.3 -30.8762 30.334 6.3 -31 30.2167 6.3 -31.7291 30 6.3 -31.926 29.9534 6.3 -32 29.9284 6.3 -32.0949 29.9051 6.3 -33 29.7858 6.3 -33.2317 29.7683 6.3 -34 29.6733 6.3 -34.1831 29.7496 6.3 -34.9193 29.6772 6.3 -35 29.6989 6.3 -35.3 29.691 6.3 -36 29.5874 6.3 -36.4255 29.0138 6.3 -36.4345 29 6.3 -36.4583 28.3 6.3 -36.453 28 6.3 -36.5199 27.3 6.3 -36.5143 27 6.3 -36.7331 25 6.3 -36.7368 24.3 6.3 -36.6092 24 6.3 -36.1047 23.1085 6.3 -36.0517 23 6.3 -35.2489 21 6.3 -35.1349 20 6.3 -35.0853 19.1524 6.3 -35.1043 19 6.3 -35.7287 18.2713 6.3 -35.7641 18 6.3 -36 17.9527 6.3 -37 17.7856 6.3 -37.2357 17.7643 6.3 -38 17.6457 6.3 -38.2775 17.7225 6.3 -39 17.6442 6.3 -39.8011 18 6.3 -40 18.2206 6.3 -40.4838 19 6.3 -41 19.8607 6.3 -41.0728 20 6.3 -41.3387 20.6613 6.3 
1
159
-50.8 10.1031 7.2 -42.2 10.3408 7.2 -41.2 10.4273 7.2 -41 10.4605 7.2 -40.2 10.5216 7.2 -40 10.5487 7.2 -39.2 10.6234 7.2 -39 10.6575 7.2 -38.2 10.7508 7.2 -38 10.788 7.2 -37.5002 10.8586 7.2 -37 10.9449 7.2 -36.9449 11 7.2 -37 11.1362 7.2 -37.5754 11.5754 7.2 -38 11.8026 7.2 -38.3516 12 7.2 -38 13.4283 7.2 -37.7213 14 7.2 -37 14.683 7.2 -36.2301 15 7.2 -36.4587 15.5413 7.2 -37 15.6928 7.2 -37.0529 15.9471 7.2 -37.121 16 7.2 -37.4665 16.2032 7.2 -38 16.2207 7.2 -38.1566 16.3309 7.2 -38.2 16.3547 7.2 -39 16.6271 7.2 -39.6555 17 7.2 -40 17.2144 7.2 -40.8133 17.879 7.2 -40.9565 18 7.2 -41 18.0457 7.2 -41.9521 19 7.2 -42 19.0751 7.2 -42.6044 19.7573 7.2 -42.8082 20 7.2 -43 20.3671 7.2 -43.2583 20.9464 7.2 -43.2849 21 7.2 -43.5104 21.4921 7.2 -43.7257 22 7.2 -44 22.9381 7.2 -44.0088 22.9833 7.2 -44.0132 23 7.2 -44.184 23.8 7.2 -44.1848 24 7.2 -44.1592 24.2 7.2 -44.1765 25 7.2 -43.9683 26.5746 7.2 -43.9007 27 7.2 -43.8432 27.3286 7.2 -43.6542 28.2245 7.2 -43.476 29 7.2 -43.4349 29.2 7.2 -43.1922 30.2 7.2 -43 30.6586 7.2 -42 32.6582 7.2 -41.8058 33 7.2 -41.6551 33.2483 7.2 -41.2665 34 7.2 -41.2483 34.0368 7.2 -41.2 34.0955 7.2 -41 34.4808 7.2 -40.323 35 7.2 -40 35.2805 7.2 -39.0051 36 7.2 -39 36.0031 7.2 -38.2833 36.2833 7.2 -38.0748 36.1971 7.2 -38 36.1676 7.2 -37.0206 36 7.2 -37.0202 35.9998 7.2 -37 35.9956 7.2 -36.5818 35.8729 7.2 -36 35.7484 7.2 -35.7732 35.6657 7.2 -35 35.4899 7.2 -34.9516 35.4722 7.2 -34.8 35.4312 7.2 -34 35.2519 7.2 -33.8 35.1978 7.2 -33 35.0625 7.2 -32.777 35 7.2 -32.6535 34.9514 7.2 -32 34.758 7.2 -31.9004 34.7038 7.2 -31.8 34.6606 7.2 -31 34.3402 7.2 -30.8 34.2538 7.2 -30.6325 34.145 7.2 -30.4454 34 7.2 -30 33.2316 7.2 -29.838 33 7.2 -29.284 32 7.2 -29 31.522 7.2 -28.6788 31 7.2 -28.7254 30.2746 7.2 -28.4708 30 7.2 -28.8342 29.9034 7.2 -29.0745 29.8342 7.2 -29.2009 29.8 7.2 -29.361 29.742 7.2 -31.5314 29 7.2 -31.8268 28.9227 7.2 -32 28.8818 7.2 -32.1037 28.8635 7.2 -32.8 28.6884 7.2 -33 28.7045 7.2 -33.2 28.69 7.2 -34 28.708 7.2 -35 28.9743 7.2 -35.8246 28.1022 7.2 -35.9257 28 7.2 -35.9112 27.2 7.2 -35.9114 27 7.2 -35.9084 26.8 7.2 -36.0329 25.3556 7.2 -36.0725 25 7.2 -36 24.8034 7.2 -35.8694 24.5577 7.2 -35.8 24.4693 7.2 -35.6228 24.1116 7.2 -35.5412 24 7.2 -34.8699 23 7.2 -34.7078 22.7078 7.2 -34.5705 22.4285 7.2 -34.3761 22 7.2 -33.9747 21 7.2 -33.86 20 7.2 -33.6845 17 7.2 -33.9934 16.0066 7.2 -33.9774 16 7.2 -33.4108 15.7 7.2 -33 15.7193 7.2 -32.843 15.4534 7.2 -32.473 15.2 7.2 -31.8 14.3842 7.2 -31 13.2799 7.2 -30.8036 13 7.2 -30.735 12.735 7.2 -30.6098 12 7.2 -30.5036 11.5859 7.2 -30.5859 10.7869 7.2 -30 10.7171 7.2 -29.8803 10.6137 7.2 -29.8 10.5334 7.2 -28.2 10.3878 7.2 -28 10.355 7.2 -27.2 10.3045 7.2 -27 10.2842 7.2 -26.2 10.2494 7.2 -26 10.2368 7.2 -25 10.203 7.2 4.40873e-016 10.0455 7.2 4.40873e-016 50.8 7.2 -50.8 50.8 7.2 
1
160
-50.8 10.1081 8.1 -43 10.3191 8.1 -42.1 10.4065 8.1 -42 10.4184 8.1 -41.1 10.5678 8.1 -41 10.5915 8.1 -40.1 10.7137 8.1 -40 10.7518 8.1 -39 10.9239 8.1 -38.6237 11 8.1 -39 11.1421 8.1 -39.133 11.1871 8.1 -40 11.6988 8.1 -40.1402 11.8332 8.1 -40.2902 12 8.1 -40.1402 12.4357 8.1 -40.1 12.5152 8.1 -40 12.8431 8.1 -39.9371 13 8.1 -39.8337 13.1583 8.1 -39.4943 14 8.1 -39.1583 14.6062 8.1 -39.1 14.7055 8.1 -39 14.8291 8.1 -38.7612 15 8.1 -38.8169 15.5319 8.1 -38.8985 16 8.1 -39.0937 16.1074 8.1 -40 16.6224 8.1 -40.5853 17 8.1 -41 17.2985 8.1 -41.3313 17.5789 8.1 -41.8089 18 8.1 -43 19.1938 8.1 -43.1383 19.3871 8.1 -43.6817 20 8.1 -44 20.5688 8.1 -44.1847 21 8.1 -44.5663 22 8.1 -44.8055 22.9 8.1 -44.8297 23 8.1 -44.8266 23.1669 8.1 -44.8301 24 8.1 -44.8245 24.1393 8.1 -44.7144 25 8.1 -44.7104 25.1271 8.1 -44.5988 26 8.1 -44.5885 26.1046 8.1 -44.4612 27.1 8.1 -44.3183 28.1 8.1 -44.1289 29.1 8.1 -43.9043 30.2211 8.1 -43.7243 31 8.1 -43.6902 31.1247 8.1 -43.3534 32 8.1 -43.1247 32.4572 8.1 -43.1 32.499 8.1 -43 32.7229 8.1 -42.8614 33 8.1 -42.7851 33.0985 8.1 -42.784 33.1 8.1 -42.2759 34 8.1 -41.5774 35 8.1 -41.158 35.542 8.1 -41.1 35.621 8.1 -41 35.7513 8.1 -40.7681 36 8.1 -40.302 36.5344 8.1 -40.1 36.7571 8.1 -40 36.8726 8.1 -39.8088 37 8.1 -39.1 37.4459 8.1 -39 37.5632 8.1 -38.1443 37 8.1 -38 36.9432 8.1 -37.8478 36.8732 8.1 -37 36.6521 8.1 -36.9 36.6105 8.1 -34 35.8446 8.1 -33.934 35.8154 8.1 -33.9 35.7955 8.1 -33 35.5521 8.1 -32.1 35.2729 8.1 -32 35.2254 8.1 -31.9 35.2085 8.1 -29.1259 34 8.1 -28.9323 33.747 8.1 -28.9 33.7273 8.1 -28.5306 33.0803 8.1 -28.4336 33 8.1 -27.8796 32 8.1 -27.2247 31 8.1 -27 30.6789 8.1 -26.8828 30.3955 8.1 -26.6609 30 8.1 -26.6738 29.9888 8.1 -26.9 29.8025 8.1 -27 29.7382 8.1 -27.9 29.3999 8.1 -28 29.3571 8.1 -30 28.7815 8.1 -30.1 28.7701 8.1 -31 28.5112 8.1 -31.1 28.5224 8.1 -32 28.3098 8.1 -32.1 28.3113 8.1 -33 28.3839 8.1 -33.1 28.3818 8.1 -34 28.3167 8.1 -34.1 28.306 8.1 -35 28.5372 8.1 -35.5189 28.0127 8.1 -35.5322 28 8.1 -35.5331 27.1 8.1 -35.5638 27 8.1 -35.5501 26.1 8.1 -35.5796 26 8.1 -35.3857 25.1 8.1 -35.2944 25 8.1 -35 24.625 8.1 -34.9736 24.6022 8.1 -34.9 24.5527 8.1 -34.5366 24.0505 8.1 -34.4896 24 8.1 -34 23.2745 8.1 -33.9548 23.2048 8.1 -33.9 23.1303 8.1 -33.8284 23.0254 8.1 -33.8089 23 8.1 -33.4822 22.5239 8.1 -33.1348 22 8.1 -33 21.6731 8.1 -32.9082 21.4383 8.1 -32.9 21.425 8.1 -32.7579 21.0867 8.1 -32.7005 21 8.1 -32.5849 20 8.1 -32.4084 17 8.1 -32.2948 16.5349 8.1 -32.115 16 8.1 -31.7843 15.6455 8.1 -31 14.7106 8.1 -29.8004 13 8.1 -29.7855 12.8617 8.1 -29.6022 12 8.1 -29.3013 11 8.1 -29 10.6987 8.1 -28.9384 10.6388 8.1 -28.9 10.6004 8.1 -28 10.4528 8.1 -27.1 10.3615 8.1 -27 10.3429 8.1 -26.1 10.2862 8.1 -26 10.2762 8.1 -25.1 10.2375 8.1 -25 10.2313 8.1 -24 10.2001 8.1 4.95982e-016 10.0468 8.1 4.95982e-016 50.8 8.1 -50.8 50.8 8.1 
1
93
-50.8 50.8 9 5.51091e-016 50.8 9 5.51091e-016 10.0482 9 -25 10.2686 9 -26 10.3306 9 -27 10.4303 9 -28 10.616 9 -28.384 11 9 -28.7324 12 9 -28.7998 13 9 -30.1854 15 9 -31 15.9608 9 -31.0192 16 9 -31.1053 17 9 -31.3093 20 9 -31.4262 21 9 -32 21.8673 9 -32.0817 22 9 -33.5476 24 9 -34 24.5051 9 -34.736 25 9 -35 25.1265 9 -35.7339 26 9 -35.1321 28 9 -35 28.1273 9 -34 28.2345 9 -33 28.2547 9 -32 28.2395 9 -31 28.1279 9 -30 28.242 9 -28 28.8176 9 -27 29.2453 9 -26 29.8879 9 -25.872 30 9 -25.7994 31 9 -26 31.3278 9 -26.4613 32 9 -27.0291 33 9 -28 33.8032 9 -28.3226 34 9 -31 35.1576 9 -32 35.3265 9 -33 35.8012 9 -33.3396 36 9 -34 36.2817 9 -36 36.7981 9 -36.4873 37 9 -36.4885 38 9 -36.3554 39 9 -36.5563 40 9 -37 40.2278 9 -39 39.0091 9 -39.0071 39 9 -39.8118 38 9 -40 37.7811 9 -40.6971 37 9 -41 36.6796 9 -41.5775 36 9 -42 35.4165 9 -43 33.9849 9 -43.629 33 9 -44 32.2885 9 -44.1244 32 9 -44.3876 31 9 -44.5848 30 9 -44.7654 29 9 -45.0246 27 9 -45.1054 26 9 -45.1207 23 9 -45 22.3493 9 -44.928 22 9 -44.5365 21 9 -44 19.7471 9 -43.5834 19 9 -43 18.3395 9 -42.6612 18 9 -42 17.3903 9 -41.4814 17 9 -40 16.0362 9 -39.9366 16 9 -39.6328 15 9 -40 14.5735 9 -40.35 14 9 -41 12.5912 9 -41.2447 12 9 -41 11.6854 9 -40.2487 11 9 -41 10.7141 9 -42 10.4766 9 -43 10.3577 9 -44 10.2847 9 -45 10.2346 9 -50.8 10.1127 9 
1
200
-50.8 10.1163 9.9 -50.8 50.8 9.9 6.06201e-016 50.8 9.9 6.062e-016 10.0496 9.9 -23 10.2376 9.9 -24 10.2777 9.9 -24.9 10.329 9.9 -25 10.3327 9.9 -25.9 10.4103 9.9 -26 10.4165 9.9 -26.9 10.5795 9.9 -27 10.5895 9.9 -27.1 10.6081 9.9 -28 10.9913 9.9 -28.0087 11 9.9 -28.0166 11.0227 9.9 -27.8626 12 9.9 -27.8247 12.587 9.9 -27.8077 13 9.9 -28 13.2902 9.9 -29.1831 15 9.9 -29.9299 16 9.9 -29.9833 16.3843 9.9 -30 16.5556 9.9 -30.0536 16.9464 9.9 -30.0602 17.0602 9.9 -30.2389 18.8863 9.9 -30.2453 19 9.9 -30.3304 19.8788 9.9 -30.3375 20 9.9 -30.4768 20.8694 9.9 -30.4925 21 9.9 -31 21.782 9.9 -31.0426 21.8346 9.9 -31.1 21.9213 9.9 -31.148 21.9867 9.9 -31.1559 22 9.9 -32.6241 24 9.9 -33 24.3193 9.9 -33.1 24.4164 9.9 -34 24.8908 9.9 -34.1439 24.9505 9.9 -34.2175 25 9.9 -34.2439 25.0126 9.9 -35 25.3262 9.9 -35.329 25.9126 9.9 -35.4024 26 9.9 -35.4254 26.9 9.9 -35.3652 27.1 9.9 -35.0132 27.452 9.9 -35 27.4589 9.9 -34.3401 28 9.9 -34.1113 28.2287 9.9 -34.1 28.2444 9.9 -34 28.2551 9.9 -33.9 28.2571 9.9 -32.9 28.2295 9.9 -32 28.166 9.9 -31.9 28.1548 9.9 -31 28.0785 9.9 -30.9 28.0899 9.9 -30.2475 28.0242 9.9 -30.0657 28 9.9 -30 27.9927 9.9 -29.7612 27.9849 9.9 -29 27.9911 9.9 -28.9675 28 9.9 -28.1 28.2657 9.9 -28 28.2945 9.9 -27.1 28.7695 9.9 -27 28.8123 9.9 -26.1 29.2925 9.9 -26 29.3568 9.9 -25.9872 29.368 9.9 -25.1743 30 9.9 -25.1671 30.1 9.9 -25.0799 30.2398 9.9 -25 30.3567 9.9 -24.5774 31 9.9 -24.9016 31.7616 9.9 -25 31.9694 9.9 -25.0163 32 9.9 -25.6247 33 9.9 -26 33.2351 9.9 -26.7063 33.5673 9.9 -27 33.7211 9.9 -27.0029 33.7229 9.9 -27.1 33.8032 9.9 -27.5006 33.9803 9.9 -27.5329 34 9.9 -29 34.636 9.9 -29.9 34.7676 9.9 -30 34.8108 9.9 -30.1623 34.973 9.9 -30.2623 35.0158 9.9 -31 35.4541 9.9 -31.9 35.4502 9.9 -32 35.4671 9.9 -32.9 35.6929 9.9 -33 35.7404 9.9 -33.4559 35.9801 9.9 -33.4899 36 9.9 -33.5559 36.0282 9.9 -34 36.5299 9.9 -34.1 36.5557 9.9 -34.8404 36.954 9.9 -34.9573 37 9.9 -34.9682 38 9.9 -35 38.4907 9.9 -35.0379 38.9621 9.9 -35.034 39 9.9 -35.0672 39.9328 9.9 -35.0652 40 9.9 -34.848 41 9.9 -34.7479 41.5254 9.9 -34.6828 42 9.9 -35 42.3524 9.9 -35.6609 42.2597 9.9 -36 42.2182 9.9 -36.5552 41.9234 9.9 -37 41.6986 9.9 -38 41.0891 9.9 -38.0692 41 9.9 -38.3533 40.6531 9.9 -38.4027 40.5973 9.9 -38.8916 40 9.9 -39 39.9181 9.9 -39.0006 39.9174 9.9 -39.0129 39.9 9.9 -39.7151 39 9.9 -39.7956 38.9 9.9 -39.9812 38.6779 9.9 -40 38.6572 9.9 -40.8726 37.7344 9.9 -41.5511 37 9.9 -41.8539 36.617 9.9 -41.9 36.5643 9.9 -42 36.438 9.9 -42.3626 35.9 9.9 -42.9061 35 9.9 -42.9759 34.9 9.9 -42.9989 34.859 9.9 -43 34.8573 9.9 -43.4254 34 9.9 -43.4891 33.9 9.9 -43.9357 33 9.9 -43.9629 32.9361 9.9 -44 32.8649 9.9 -44.0124 32.8361 9.9 -44.3517 32 9.9 -44.3781 31.9 9.9 -44.722 31 9.9 -44.7417 30.9 9.9 -44.9585 30.7409 9.9 -45 30.7138 9.9 -45.4432 30 9.9 -45.04 29.1329 9.9 -45.0221 29 9.9 -45.0246 28.5205 9.9 -45.0375 28 9.9 -45.0485 27.9 9.9 -45.053 27 9.9 -45.0611 26.9 9.9 -45.0855 22.1 9.9 -45.067 22 9.9 -45 21.7555 9.9 -44.87 21.1794 9.9 -44.8502 21.1 9.9 -44.8111 21 9.9 -44.7683 20.9 9.9 -44.4088 20 9.9 -44.0721 19.1 9.9 -44.0613 19.0747 9.9 -44 18.9255 9.9 -43.8443 18.7043 9.9 -43.453 18 9.9 -43 17.5038 9.9 -42.7913 17.3263 9.9 -42.3775 17 9.9 -40.8439 16 9.9 -40.8128 15.9 9.9 -40.8774 15.8252 9.9 -40.6166 14.8365 9.9 -40.9 14.4255 9.9 -40.935 14.3682 9.9 -41.1819 14 9.9 -41.6672 13 9.9 -41.7105 12.9 9.9 -41.7103 12 9.9 -41.6858 11.9685 9.9 -41 11.1448 9.9 -40.8999 11.0685 9.9 -40.8248 11 9.9 -40.9249 10.9578 9.9 -41.9 10.5813 9.9 -42 10.5575 9.9 -42.9 10.4118 9.9 -43 10.3999 9.9 -43.9 10.3198 9.9 -44 10.3125 9.9 
1
184
-50.8 50.8 10.8 6.6131e-016 50.8 10.8 6.6131e-016 10.0512 10.8 -21 10.2075 10.8 -22 10.2418 10.8 -22.8 10.2786 10.8 -23 10.2848 10.8 -23.8 10.3376 10.8 -24 10.3458 10.8 -24.8 10.4264 10.8 -25 10.4378 10.8 -25.8 10.5642 10.8 -26 10.5814 10.8 -26.2 10.6177 10.8 -27 10.936 10.8 -27.1505 11 10.8 -26.8381 13 10.8 -27 13.2764 10.8 -27.2 13.5791 10.8 -28.1824 15 10.8 -29 15.7994 10.8 -29.1532 16 10.8 -29.2471 16.8 10.8 -29.2749 17 10.8 -29.4502 18.7878 10.8 -29.4694 19 10.8 -29.5652 19.7603 10.8 -29.5894 20 10.8 -29.7159 21 10.8 -30 21.608 10.8 -30.0796 21.7626 10.8 -30.2 21.9481 10.8 -30.2218 21.9855 10.8 -31.7038 24 10.8 -32 24.2027 10.8 -32.2 24.3558 10.8 -33 24.6876 10.8 -33.2 24.7931 10.8 -34.2 25.2078 10.8 -35 25.6514 10.8 -35.2183 25.8697 10.8 -35.2914 26 10.8 -35.4486 26.8 10.8 -35.4537 27 10.8 -35 27.4537 10.8 -34.8515 27.5755 10.8 -34.2628 28 10.8 -34 28.2628 10.8 -33.8 28.257 10.8 -31.8 28.118 10.8 -31 28.0892 10.8 -30.9254 28.0146 10.8 -30.7254 27.9939 10.8 -30 27.5819 10.8 -29 27.5607 10.8 -28.2 27.9269 10.8 -28 27.9798 10.8 -27.9361 28 10.8 -27.2 28.2737 10.8 -25.8238 29 10.8 -25.5325 29.2 10.8 -25.4948 29.2285 10.8 -25 29.5339 10.8 -24.4766 30 10.8 -24.3463 30.2 10.8 -24.2173 30.3244 10.8 -24 30.5416 10.8 -23.6534 31 10.8 -23.7531 31.6756 10.8 -23.8278 32 10.8 -24 32.3511 10.8 -24.1742 32.5963 10.8 -24.2 32.642 10.8 -24.4202 32.8457 10.8 -24.5528 33 10.8 -25 33.2035 10.8 -25.2 33.3305 10.8 -26 33.6913 10.8 -26.2 33.7854 10.8 -26.6066 33.9606 10.8 -27 34.1216 10.8 -27.2 34.2092 10.8 -28 34.1256 10.8 -28.8 34.5035 10.8 -29 34.5893 10.8 -29.8 34.5738 10.8 -30 34.6031 10.8 -30.3969 35 10.8 -30.5609 35.0974 10.8 -31 35.3987 10.8 -31.8 35.4426 10.8 -32 35.4417 10.8 -32.8 35.5963 10.8 -33 35.6465 10.8 -33.3002 35.9467 10.8 -33.4016 36 10.8 -33.5002 36.1115 10.8 -34 36.7805 10.8 -34.19 36.9115 10.8 -34.3545 37 10.8 -34.3566 37.2 10.8 -34.1666 37.5475 10.8 -34 37.7739 10.8 -33.8564 38 10.8 -33.8624 38.3998 10.8 -33.9059 39 10.8 -33.8794 39.2735 10.8 -33.8335 40 10.8 -33.2203 42.7797 10.8 -32.9728 44 10.8 -33 44.0392 10.8 -33.0842 44.0355 10.8 -34 44.0722 10.8 -35.0801 43.9199 10.8 -36 43.7638 10.8 -37 43.1693 10.8 -37.1323 43 10.8 -37.3412 42.7468 10.8 -38 42.0646 10.8 -38.8392 40.921 10.8 -39 40.7247 10.8 -39.0027 40.721 10.8 -39.6304 40 10.8 -39.7864 39.8 10.8 -39.9588 39.6154 10.8 -40 39.566 10.8 -41 38.5084 10.8 -41.434 38 10.8 -41.7144 37.6202 10.8 -41.8 37.5138 10.8 -42 37.2864 10.8 -42.1632 37 10.8 -42.2876 36.8 10.8 -42.6924 36 10.8 -42.8131 35.8 10.8 -42.9949 35.4338 10.8 -43 35.4246 10.8 -44 33.4078 10.8 -44.1922 33 10.8 -44.2733 32.8 10.8 -44.6768 32 10.8 -44.7533 31.8 10.8 -44.8553 31 10.8 -44.9518 30.9035 10.8 -45 30.8682 10.8 -45.1022 30.7035 10.8 -45.488 30 10.8 -45.395 29.8 10.8 -45.427 22.8 10.8 -45.0462 22 10.8 -45.0204 21.2 10.8 -45 21.1259 10.8 -44.9716 21 10.8 -44.7777 20.2 10.8 -44.6978 20 10.8 -44.623 19.8 10.8 -44.2574 19 10.8 -44.2438 18.9668 10.8 -43.9635 18.1668 10.8 -43.8708 18 10.8 -43.4054 17.2 10.8 -43.2981 17.0825 10.8 -43.2157 17 10.8 -43 16.8215 10.8 -41.8 16.0388 10.8 -41.7728 16 10.8 -41.3725 15.2053 10.8 -41.2953 15 10.8 -41.9697 14 10.8 -41.99 13.9581 10.8 -42.5229 13 10.8 -42.1858 12.2667 10.8 -42.1564 12 10.8 -42 11.7608 10.8 -41.7732 11.4734 10.8 -41.434 11 10.8 -41.7732 10.8277 10.8 -41.8 10.8124 10.8 -42 10.7351 10.8 -42.8 10.5127 10.8 -43 10.4804 10.8 -43.8 10.3752 10.8 -44.8 10.296 10.8 -50.8 10.1192 10.8 
1
210
-50.8 50.8 11.7 7.16419e-016 50.8 11.7 7.16418e-016 10.0529 11.7 -20 10.2038 11.7 -21 10.2379 11.7 -21.7 10.2746 11.7 -22 10.2856 11.7 -22.7 10.3401 11.7 -23 10.3539 11.7 -23.7 10.4368 11.7 -24 10.4566 11.7 -24.7 10.6128 11.7 -25 10.643 11.7 -25.3 10.6904 11.7 -25.9581 10.8861 11.7 -26 10.8968 11.7 -26.2591 11 11.7 -26.2173 11.2717 11.7 -26.1231 12 11.7 -25.9655 13 11.7 -26.1926 13.4966 11.7 -26.3 13.68 11.7 -26.4095 13.8833 11.7 -27.3 15.1754 11.7 -28 15.7332 11.7 -28.2782 16 11.7 -28.2945 16.0322 11.7 -28.3 16.0574 11.7 -28.4767 16.7252 11.7 -28.5845 17.658 11.7 -28.6159 18 11.7 -29 21.0778 11.7 -29.1792 22 11.7 -30 22.9414 11.7 -30.3 23.3501 11.7 -30.9698 24 11.7 -31 24.0148 11.7 -31.3 24.22 11.7 -32 24.5104 11.7 -32.7 24.7892 11.7 -33 24.9137 11.7 -33.0419 24.9274 11.7 -33.3419 25.0518 11.7 -34 25.292 11.7 -34.7 25.5771 11.7 -35 25.7435 11.7 -35.2565 26 11.7 -35.4121 26.7 11.7 -35.4711 27 11.7 -35 27.4711 11.7 -34.7792 27.6303 11.7 -34.3822 28 11.7 -34 28.3822 11.7 -33.7 28.363 11.7 -33 28.3455 11.7 -32.7 28.3242 11.7 -32 28.3148 11.7 -31.7 28.304 11.7 -31 28.2942 11.7 -30.7058 28 11.7 -30.4338 27.8455 11.7 -30 27.5553 11.7 -29 27.5396 11.7 -28.7 27.677 11.7 -28 27.6555 11.7 -27.9284 27.6782 11.7 -27.3994 28 11.7 -27.2284 28.171 11.7 -27 28.2559 11.7 -26.7 28.4142 11.7 -26 28.5963 11.7 -25.3 28.846 11.7 -25.0032 29 11.7 -25 29.002 11.7 -24.9966 29.005 11.7 -24.6179 29.3 11.7 -24.363 29.5127 11.7 -24 29.7791 11.7 -23.6071 30.3 11.7 -23.2377 31 11.7 -23.155 31.7 11.7 -23.1993 32 11.7 -23.4246 32.7 11.7 -23.5342 32.9236 11.7 -23.582 33 11.7 -24 33.3263 11.7 -24.3 33.4626 11.7 -25 33.7601 11.7 -25.3866 33.9343 11.7 -26 34.2055 11.7 -26.3 34.3336 11.7 -27 34.462 11.7 -27.7 34.3651 11.7 -28 34.3338 11.7 -28.7 34.3252 11.7 -29 34.4669 11.7 -30 34.4535 11.7 -30.5465 35 11.7 -30.7112 35.113 11.7 -31 35.3354 11.7 -31.7 35.3917 11.7 -32 35.4081 11.7 -33 35.5975 11.7 -33.4025 36 11.7 -33.4262 36.7 11.7 -33.6136 36.9509 11.7 -33.646 37 11.7 -33.5058 37.3 11.7 -33.4242 38 11.7 -33.4287 38.3 11.7 -33.1968 38.7138 11.7 -33 38.9848 11.7 -32.9865 39 11.7 -32.9731 39.0372 11.7 -32.6438 40 11.7 -32.5373 40.4938 11.7 -32.436 41 11.7 -32.2661 41.7339 11.7 -32.2111 42 11.7 -32 42.8974 11.7 -31.7796 44 11.7 -31.6544 44.3946 11.7 -31.5186 45 11.7 -31.7884 45.5495 11.7 -32 45.7595 11.7 -32.205 45.795 11.7 -33 45.7858 11.7 -35 45.5054 11.7 -35.6494 45.3506 11.7 -36 45.2495 11.7 -36.1964 45 11.7 -36.3373 44.8306 11.7 -36.7 44.38 11.7 -37 44.2053 11.7 -37.7 43.2476 11.7 -37.833 43.0828 11.7 -37.8978 43 11.7 -38 42.8761 11.7 -38.1298 42.7 11.7 -38.667 42 11.7 -38.8881 41.7 11.7 -38.9782 41.59 11.7 -39 41.5623 11.7 -39.6672 40.8567 11.7 -40 40.4804 11.7 -40.3878 40 11.7 -40.6118 39.546 11.7 -40.7 39.4113 11.7 -41 39.039 11.7 -41.0151 39 11.7 -41.252 38.7 11.7 -41.3185 38 11.7 -41.8823 37.3438 11.7 -42 37.1843 11.7 -42.0801 37.0438 11.7 -42.1258 37 11.7 -42.2775 36.7 11.7 -42.9121 36 11.7 -43.0807 35.6598 11.7 -43.4732 35 11.7 -44 33.938 11.7 -44.1141 33.7 11.7 -44.4241 33 11.7 -44.5755 32.7 11.7 -44.768 32 11.7 -44.8063 31.7 11.7 -44.8218 31 11.7 -45 30.8218 11.7 -45.1447 30.558 11.7 -45.4641 30 11.7 -45.5056 23 11.7 -45.3628 22.7 11.7 -45.3637 22 11.7 -45.354 21.7 11.7 -45.3549 21 11.7 -45.3534 20.9954 11.7 -45 20.3704 11.7 -44.925 20.2954 11.7 -44.8535 20 11.7 -44.7164 19.7 11.7 -44.5783 19 11.7 -44.2085 18.3 11.7 -44.1034 18 11.7 -44 17.815 11.7 -43.6951 17.3818 11.7 -43.6411 17.3 11.7 -43.4665 17 11.7 -43.3548 16.9075 11.7 -43 16.5622 11.7 -42.7 16.3666 11.7 -42.2757 16 11.7 -42.1494 15.3323 11.7 -42.0229 15 11.7 -42.1995 14.7 11.7 -42.7153 14 11.7 -42.8863 13.7 11.7 -43 13.5244 11.7 -43.2992 13 11.7 -43 12.5076 11.7 -42.9563 12.4407 11.7 -42.8592 12.3 11.7 -42.7213 12 11.7 -42.0676 11 11.7 -42.2522 10.9133 11.7 -42.7 10.6924 11.7 -43 10.6091 11.7 -43.7 10.459 11.7 -44.7 10.3372 11.7 -45.7 10.2664 11.7 -50.8 10.1222 11.7 
1
217
-50.8 10.1252 12.6 -46 10.2669 12.6 -45 10.3423 12.6 -44.6 10.3893 12.6 -44 10.4769 12.6 -43.6 10.5627 12.6 -43 10.7732 12.6 -42.514 11 12.6 -42.7754 11.4 12.6 -42.8318 11.478 12.6 -43 11.6755 12.6 -43.2092 12.0478 12.6 -43.4232 12.4 12.6 -43.6393 13 12.6 -43.2273 13.6 12.6 -43 13.9988 12.6 -42.9993 14 12.6 -42.9842 14.0179 12.6 -42.2579 15 12.6 -42.5496 15.6 12.6 -42.6253 16 12.6 -42.8601 16.2027 12.6 -43.4483 16.8027 12.6 -43.651 17 12.6 -43.8483 17.2803 12.6 -44 17.6082 12.6 -44.1998 17.8803 12.6 -44.2667 18 12.6 -44.549 18.6 12.6 -44.7603 19 12.6 -44.8552 19.6 12.6 -44.9341 20 12.6 -45 20.0659 12.6 -45.2964 20.6428 12.6 -45.4983 21 12.6 -45.4425 30 12.6 -45.1826 30.4374 12.6 -45 30.7562 12.6 -44.7562 31 12.6 -44.7255 32.6 12.6 -44.6155 33 12.6 -44.4072 33.6 12.6 -44.23 34 12.6 -44.0228 34.3074 12.6 -43.8243 34.7074 12.6 -43.6923 35 12.6 -43.2243 35.5296 12.6 -43 35.9066 12.6 -42.9887 35.9296 12.6 -42.9183 36 12.6 -42.7328 36.6 12.6 -42.3702 37 12.6 -42.0261 37.2952 12.6 -42 37.3202 12.6 -41.6778 37.6952 12.6 -41.373 38 12.6 -41.3435 38.6 12.6 -41.3055 39 12.6 -41.0399 39.3993 12.6 -41 39.5025 12.6 -40.8535 39.7993 12.6 -40.4906 40 12.6 -40.3328 40.6 12.6 -40.0263 41 12.6 -40 41.0638 12.6 -39.6 41.5297 12.6 -39.5267 41.6423 12.6 -39.3448 42 12.6 -39 42.4523 12.6 -38.9485 42.5152 12.6 -38.8712 42.6 12.6 -38.5643 43 12.6 -38.0531 43.6 12.6 -38.0398 43.6168 12.6 -37 45.0275 12.6 -36.6 45.5243 12.6 -36.4664 45.7112 12.6 -36 46.3439 12.6 -35.6 46.4544 12.6 -35 46.947 12.6 -34.0972 46.9057 12.6 -34 46.9174 12.6 -33.1591 46.8648 12.6 -33 46.8776 12.6 -32.2131 46.836 12.6 -32 46.8314 12.6 -31.6102 46.6836 12.6 -31.4 46.5617 12.6 -31.246 46.478 12.6 -31 46.2738 12.6 -30.8136 46 12.6 -30.4755 45.4755 12.6 -30.2712 45 12.6 -30.4718 44.5282 12.6 -30.6464 44 12.6 -31 43.1517 12.6 -31.0263 43.0596 12.6 -31.6553 40 12.6 -31.8794 39 12.6 -32 38.8983 12.6 -32.2551 38.7337 12.6 -32.4 38.5701 12.6 -33 38.4264 12.6 -33.1326 38.1899 12.6 -33.2529 38 12.6 -33.2996 37.6 12.6 -33.4569 37 12.6 -33.4434 36.6 12.6 -33.4323 36 12.6 -33 35.5677 12.6 -32.6 35.4927 12.6 -32 35.3904 12.6 -31 35.3088 12.6 -30.8016 35.1271 12.6 -30.6365 35 12.6 -30 34.3635 12.6 -28.6 34.3768 12.6 -28 34.4074 12.6 -27.6 34.4627 12.6 -27 34.5266 12.6 -26.6 34.4532 12.6 -26 34.3871 12.6 -25.4 34.4961 12.6 -25 34.3176 12.6 -24.1638 33.9909 12.6 -24 33.9213 12.6 -23.5968 33.8078 12.6 -23.4 33.6894 12.6 -23.1338 33.4816 12.6 -23 33.2586 12.6 -22.8861 33 12.6 -22.7916 32.5895 12.6 -22.7301 32 12.6 -22.8456 31.3373 12.6 -22.9328 31 12.6 -23.2338 30.4 12.6 -23.4449 30 12.6 -23.8634 29.4714 12.6 -24 29.29 12.6 -24.298 29.0714 12.6 -24.6155 29 12.6 -24.898 28.9549 12.6 -25 28.8994 12.6 -25.6 28.5951 12.6 -26 28.4524 12.6 -26.4 28.3484 12.6 -26.5293 28.1967 12.6 -26.726 28 12.6 -27 27.8121 12.6 -27.0977 27.7605 12.6 -27.4 27.5767 12.6 -30 27.6264 12.6 -30.2825 27.8342 12.6 -30.5304 28 12.6 -31 28.4696 12.6 -32 28.4866 12.6 -32.6 28.5073 12.6 -33 28.5127 12.6 -33.6 28.5102 12.6 -34 28.5202 12.6 -34.5202 28 12.6 -34.7731 27.7304 12.6 -35 27.5191 12.6 -35.5191 27 12.6 -35.4302 26.6 12.6 -35.2451 26 12.6 -35 25.7548 12.6 -34.6 25.5919 12.6 -34 25.5355 12.6 -33.4 25.195 12.6 -32.8657 25 12.6 -32.8417 24.9922 12.6 -32.4 24.8737 12.6 -32 24.7144 12.6 -31.6 24.5485 12.6 -31 24.2868 12.6 -30.4131 24.0669 12.6 -30.2767 24 12.6 -30.0131 23.7443 12.6 -30 23.7387 12.6 -29.4 23.3372 12.6 -29.1625 23.0586 12.6 -29.1194 23 12.6 -29 22.866 12.6 -28.7586 22.6702 12.6 -28.7084 22.6 12.6 -28.3906 22 12.6 -27.7603 17 12.6 -27.6613 16.6184 12.6 -27.4 16.0377 12.6 -27.3886 16.0193 12.6 -27.3679 16 12.6 -27 15.7067 12.6 -26.4 15.3309 12.6 -26.1782 15 12.6 -25.4893 14 12.6 -25.4268 13.8838 12.6 -25.4 13.8147 12.6 -25.2702 13.5309 12.6 -25.0957 13 12.6 -25.2533 12 12.6 -25.2757 11.3309 12.6 -25.3111 11 12.6 -24.4 10.7243 12.6 -24 10.635 12.6 -23.6 10.5876 12.6 -23 10.4544 12.6 -22.6 10.4232 12.6 -22 10.3458 12.6 -21.6 10.3249 12.6 -21 10.2783 12.6 -20.6 10.2636 12.6 -20 10.2328 12.6 -19 10.2001 12.6 7.71527e-016 10.0547 12.6 7.71528e-016 50.8 12.6 -50.8 50.8 12.6 
1
222
-50.8 50.8 13.5 8.26637e-016 50.8 13.5 8.26636e-016 10.0566 13.5 -18 10.1964 13.5 -19 10.2277 13.5 -20 10.2709 13.5 -20.5 10.3084 13.5 -21 10.3341 13.5 -21.5 10.3947 13.5 -22 10.4335 13.5 -22.5 10.5436 13.5 -23 10.6081 13.5 -23.5 10.7191 13.5 -24 10.9028 13.5 -24.3181 11 13.5 -24.2925 11.3559 13.5 -24.0891 12 13.5 -24.0769 12.1084 13.5 -24.226 13 13.5 -24.337 13.337 13.5 -24.4887 14 13.5 -25.5 15.4871 13.5 -26 15.7214 13.5 -26.0888 15.7006 13.5 -26.5 15.6649 13.5 -27 15.9695 13.5 -27.0305 16 13.5 -27.0357 16.0161 13.5 -27.2534 16.5 13.5 -27.193 17 13.5 -27.2491 17.4433 13.5 -27.181 18 13.5 -27.2218 18.3221 13.5 -27.2853 19 13.5 -27.6647 22 13.5 -27.7558 22.454 13.5 -27.9373 23 13.5 -28 23.0667 13.5 -28.5 23.4466 13.5 -29 23.6144 13.5 -29.5 23.949 13.5 -29.7168 24 13.5 -30 24.0828 13.5 -30.5 24.2721 13.5 -31 24.5515 13.5 -31.5 24.6227 13.5 -32 24.8407 13.5 -32.2062 24.9013 13.5 -32.5743 25 13.5 -33 25.1585 13.5 -33.5 25.3829 13.5 -34 25.6667 13.5 -35 25.7614 13.5 -35.2385 26 13.5 -35.4007 26.5 13.5 -35.555 27 13.5 -35 27.555 13.5 -34.7892 27.7796 13.5 -34.6214 28 13.5 -34 28.6215 13.5 -33.5 28.6236 13.5 -33 28.6338 13.5 -31 28.5819 13.5 -30.4181 28 13.5 -30.1827 27.8269 13.5 -30 27.6419 13.5 -29.5 27.632 13.5 -29 27.6444 13.5 -28.5 27.6334 13.5 -28 27.6381 13.5 -27 27.6236 13.5 -26.4541 28 13.5 -26 28.4541 13.5 -25.5 28.7076 13.5 -24.5 28.7414 13.5 -24.2646 28.7789 13.5 -24 28.7964 13.5 -23.748 29 13.5 -23.3775 29.5 13.5 -23.1688 29.627 13.5 -22.7947 30 13.5 -22.6252 30.5 13.5 -22.6355 31 13.5 -22.4366 31.5 13.5 -22.3074 32 13.5 -22.3442 32.5 13.5 -22.3963 33 13.5 -22.4862 33.5 13.5 -22.663 33.9013 13.5 -22.7169 34 13.5 -23 34.2426 13.5 -24 34.5242 13.5 -24.5 34.4979 13.5 -25 34.6865 13.5 -25.5 34.577 13.5 -26 34.4861 13.5 -26.5 34.4143 13.5 -27 34.4695 13.5 -27.5 34.4258 13.5 -28 34.3727 13.5 -29 34.3178 13.5 -30 34.313 13.5 -30.687 35 13.5 -30.8524 35.1515 13.5 -31 35.3304 13.5 -31.5 35.3533 13.5 -32 35.3945 13.5 -32.5 35.4122 13.5 -33 35.4973 13.5 -33.5027 36 13.5 -33.3853 36.5 13.5 -33.3946 37 13.5 -33.2635 37.5 13.5 -33.1003 37.8075 13.5 -33 37.9668 13.5 -32.9137 37.9915 13.5 -32 38.229 13.5 -31.7832 38.4118 13.5 -31.6161 38.5 13.5 -31.0705 38.9071 13.5 -31 38.943 13.5 -30.9481 39 13.5 -30.7425 40 13.5 -30.6514 40.3486 13.5 -30.5096 41 13.5 -30.2443 41.7557 13.5 -30.1888 42 13.5 -30.1163 42.2279 13.5 -30 42.4478 13.5 -29.101 44 13.5 -29.0801 44.1031 13.5 -29.3314 45 13.5 -30.9711 47.4079 13.5 -31 47.4472 13.5 -31.6033 47.6033 13.5 -32 47.7651 13.5 -32.3118 47.7809 13.5 -33 47.7758 13.5 -33.3189 47.7899 13.5 -34 47.7422 13.5 -34.5 47.6686 13.5 -35 47.6671 13.5 -35.5 47.2972 13.5 -35.8335 47.1282 13.5 -36 47.0377 13.5 -36.0494 47 13.5 -36.5 46.5005 13.5 -37.6132 45 13.5 -37.6403 44.9661 13.5 -38 44.4781 13.5 -38.0096 44.4661 13.5 -38.3461 44 13.5 -38.7721 43.5 13.5 -38.9356 43.1608 13.5 -39 43.0549 13.5 -39.0226 43 13.5 -39.3935 42.5 13.5 -39.599 42 13.5 -39.8273 41.8552 13.5 -40 41.5157 13.5 -40.0661 41.3552 13.5 -40.3051 41 13.5 -40.4366 40.5 13.5 -40.4454 40 13.5 -40.6976 39.7478 13.5 -41 39.5806 13.5 -41.2214 39.2478 13.5 -41.4016 39 13.5 -41.4263 38.5 13.5 -41.4664 38 13.5 -42 37.4664 13.5 -42.2867 37.2203 13.5 -42.5521 37 13.5 -42.7067 36.5 13.5 -42.8455 36 13.5 -43 35.8455 13.5 -43.7509 35 13.5 -43.89 34.8608 13.5 -44 34.617 13.5 -44.1727 34.3608 13.5 -44.4782 34 13.5 -44.6519 33.5 13.5 -44.644 33 13.5 -44.6528 32.5 13.5 -44.6447 32 13.5 -44.6671 31 13.5 -45 30.6671 13.5 -45.2166 30.3026 13.5 -45.421 30 13.5 -45.485 21 13.5 -45 20.0616 13.5 -44.9384 20 13.5 -44.8593 19.5 13.5 -44.8655 19 13.5 -44.6302 18.5 13.5 -44.5084 18 13.5 -44.3419 17.7733 13.5 -44 17.3948 13.5 -43.8784 17.2733 13.5 -43.752 17 13.5 -43.3784 16.6166 13.5 -43 16.211 13.5 -42.789 16 13.5 -42.5459 15.5 13.5 -42.4691 15 13.5 -42.6404 14.5534 13.5 -43.0506 14 13.5 -43.394 13.5 13.5 -43.7724 13 13.5 -43.5923 12.5 13.5 -43.5089 12 13.5 -43.2152 11.5 13.5 -43 11.1182 13.5 -42.8993 11 13.5 -43 10.9535 13.5 -43.5 10.714 13.5 -44 10.5385 13.5 -44.5 10.4457 13.5 -45 10.3727 13.5 -45.5 10.3251 13.5 -46 10.285 13.5 -50.8 10.1282 13.5 
1
229
-50.8 50.8 14.4 8.81746e-016 50.8 14.4 8.81746e-016 10.0587 14.4 -17 10.1926 14.4 -18 10.2226 14.4 -19 10.2636 14.4 -19.4 10.2925 14.4 -20 10.3225 14.4 -20.4 10.3679 14.4 -21 10.4129 14.4 -21.4 10.4947 14.4 -22 10.5675 14.4 -22.6 10.6996 14.4 -22.897 10.8269 14.4 -23 10.8729 14.4 -23.3476 11 14.4 -23.1957 11.4405 14.4 -23 11.9761 14.4 -22.9924 12 14.4 -22.9947 12.0127 14.4 -23 12.0294 14.4 -23.2863 13 14.4 -23.4881 14 14.4 -24.1645 15 14.4 -24.3674 15.2808 14.4 -24.6 15.6247 14.4 -24.9313 15.7439 14.4 -25 15.7703 14.4 -25.4909 16 14.4 -26 16.0961 14.4 -26.6461 16.0755 14.4 -26.8934 16.3539 14.4 -26.8556 17 14.4 -26.6857 18.4 14.4 -26.7137 19 14.4 -26.6682 19.4 14.4 -26.7369 19.9597 14.4 -26.7411 20 14.4 -26.7356 20.3936 14.4 -27 22.4831 14.4 -27.0779 23 14.4 -27.2772 23.3244 14.4 -27.6 23.6675 14.4 -27.655 23.7431 14.4 -28 24.0524 14.4 -28.08 24.08 14.4 -30 24.6794 14.4 -30.3899 24.8973 14.4 -31 24.9644 14.4 -31.1353 24.9836 14.4 -31.2351 25 14.4 -32 25.1989 14.4 -32.6 25.4464 14.4 -33 25.4561 14.4 -33.4 25.375 14.4 -34 25.6443 14.4 -34.4 25.6669 14.4 -35 25.7243 14.4 -35.2758 26 14.4 -35.3736 26.4 14.4 -35.5683 27 14.4 -35 27.5683 14.4 -34.7987 27.8327 14.4 -34.6797 28 14.4 -34 28.6797 14.4 -33.4 28.6919 14.4 -33 28.6733 14.4 -31.4 28.6313 14.4 -31 28.6349 14.4 -30.1459 27.7781 14.4 -30 27.5845 14.4 -28.4 27.6138 14.4 -28 27.6301 14.4 -27.4 27.6194 14.4 -27 27.6331 14.4 -26.6942 27.8453 14.4 -26.5139 28 14.4 -26 28.5139 14.4 -24 28.5754 14.4 -23.6716 28.8407 14.4 -23.4848 29 14.4 -22.6698 29.8132 14.4 -22.4534 30 14.4 -22.3119 30.4 14.4 -22.3244 31 14.4 -22.0857 31.6 14.4 -22.0435 31.7117 14.4 -21.9033 32 14.4 -21.9116 32.2733 14.4 -21.9677 33.129 14.4 -22 33.4701 14.4 -22.0653 34 14.4 -22.1956 34.3562 14.4 -22.6 34.7027 14.4 -22.6487 34.7465 14.4 -23.3659 34.9484 14.4 -23.535 35 14.4 -24 35.1549 14.4 -24.2506 35.083 14.4 -24.7674 35 14.4 -25 34.9745 14.4 -25.4 34.7509 14.4 -26 34.6195 14.4 -26.4 34.5477 14.4 -27 34.4616 14.4 -27.4 34.4203 14.4 -28 34.368 14.4 -29 34.3049 14.4 -29.4 34.2956 14.4 -30 34.2938 14.4 -30.7062 35 14.4 -30.8833 35.2148 14.4 -31 35.3899 14.4 -31.4 35.418 14.4 -32 35.4454 14.4 -32.4 35.4747 14.4 -33 35.4958 14.4 -33.5042 36 14.4 -33.3634 36.6 14.4 -33.1958 36.9648 14.4 -33 37.3336 14.4 -32.6 37.468 14.4 -32 37.6402 14.4 -31.1151 38 14.4 -31 38.0586 14.4 -30.9152 38.1516 14.4 -30.3244 38.6 14.4 -30.0352 39 14.4 -30.0188 39.0798 14.4 -30 39.1618 14.4 -29.7257 40 14.4 -29.4483 40.5517 14.4 -29.2568 41 14.4 -29 41.4434 14.4 -28.7414 42 14.4 -28.3522 42.6478 14.4 -28.0544 43.1995 14.4 -28 43.4064 14.4 -27.9117 44 14.4 -28 44.1578 14.4 -28.0256 44.1953 14.4 -28.216 44.4 14.4 -28.5841 45 14.4 -28.9256 45.5003 14.4 -29 45.6211 14.4 -29.2581 46 14.4 -29.3403 46.1089 14.4 -29.7988 46.7814 14.4 -29.9334 47 14.4 -30 47.0975 14.4 -30.2271 47.4 14.4 -30.6357 48 14.4 -30.6782 48.0489 14.4 -31 48.2789 14.4 -31.4 48.3358 14.4 -32 48.4413 14.4 -32.4 48.4936 14.4 -33.4 48.4555 14.4 -34 48.4005 14.4 -34.4 48.2389 14.4 -35 48.1624 14.4 -36 47.4227 14.4 -36.2014 47.2688 14.4 -36.5648 47 14.4 -36.6014 46.9685 14.4 -37 46.5267 14.4 -37.1166 46.3685 14.4 -37.8484 45.4 14.4 -37.9674 45.1032 14.4 -38 45.0367 14.4 -38.014 45 14.4 -38.4434 44.4 14.4 -38.5963 44 14.4 -38.8039 43.8745 14.4 -39 43.4674 14.4 -39.0794 43.2745 14.4 -39.2794 43 14.4 -39.526 42.4 14.4 -39.5502 42 14.4 -39.726 41.8242 14.4 -40 41.6504 14.4 -40.4402 41 14.4 -40.4553 40 14.4 -41 39.4553 14.4 -41.2163 39.158 14.4 -41.3379 39 14.4 -41.3861 38.4 14.4 -41.4241 38 14.4 -42 37.4241 14.4 -42.5079 37 14.4 -42.7832 36 14.4 -43 35.7832 14.4 -43.7014 35 14.4 -44 34.7014 14.4 -44.5877 34 14.4 -44.5567 32 14.4 -44.5723 31.4 14.4 -44.5668 31 14.4 -45 30.5668 14.4 -45.3803 30 14.4 -45.4559 21 14.4 -45.1704 20.4509 14.4 -45 20.1987 14.4 -44.8013 20 14.4 -44.8087 19.4 14.4 -44.8505 19 14.4 -44.7043 18.4 14.4 -44.6818 18 14.4 -44 17.2391 14.4 -43.7609 17 14.4 -43.3067 16.5133 14.4 -43 16.1695 14.4 -42.8305 16 14.4 -42.6727 15 14.4 -43 14.1427 14.4 -43.0475 14.0786 14.4 -43.1019 14 14.4 -43.8508 13 14.4 -43.7507 12.4 14.4 -43.7983 12 14.4 -43.4459 11.4 14.4 -43.1081 11 14.4 -43.4491 10.872 14.4 -44 10.6179 14.4 -44.4 10.5204 14.4 -45 10.409 14.4 -45.4 10.3629 14.4 -46 10.3057 14.4 -50.8 10.1313 14.4 
1
251
-50.8 50.8 15.3 9.36855e-016 50.8 15.3 9.36855e-016 10.0609 15.3 -17 10.2176 15.3 -18 10.2564 15.3 -18.3 10.2772 15.3 -19 10.3113 15.3 -19.3 10.3433 15.3 -20 10.3938 15.3 -20.3 10.451 15.3 -21 10.5305 15.3 -21.7 10.6736 15.3 -21.952 10.7773 15.3 -22.4718 11 15.3 -22.2523 11.6354 15.3 -22.0993 12 15.3 -22.1455 12.25 15.3 -22.2574 13 15.3 -22.4887 14 15.3 -22.575 14.124 15.3 -22.8203 14.4862 15.3 -23.1619 15 15.3 -23.3448 15.2103 15.3 -23.7 15.7017 15.3 -23.9284 15.7914 15.3 -24 15.8252 15.3 -24.4857 16 15.3 -24.7 16.0348 15.3 -25 16.0788 15.3 -25.3 16.1552 15.3 -26 16.2849 15.3 -26.0875 16.4492 15.3 -26.5767 17 15.3 -26.558 17.3 15.3 -26.4731 18 15.3 -26.4508 18.3 15.3 -26.3658 19 15.3 -26.3413 19.3 15.3 -26.2616 20 15.3 -26.2519 20.7 15.3 -26.2299 20.8815 15.3 -26.2121 21 15.3 -26.2938 21.6457 15.3 -26.2555 22 15.3 -26.3265 22.5615 15.3 -26.3395 23 15.3 -26.5839 23.4735 15.3 -26.686 23.686 15.3 -26.7501 24 15.3 -27 24.3017 15.3 -27.8069 25 15.3 -28 25.1266 15.3 -29.5993 25.6646 15.3 -30 25.7577 15.3 -30.433 25.8408 15.3 -31 25.918 15.3 -31.223 25.952 15.3 -31.6253 26 15.3 -32 26.0387 15.3 -32.067 26 15.3 -32.0687 25.9992 15.3 -32.3 25.846 15.3 -33 25.863 15.3 -33.3 25.7735 15.3 -34 25.6315 15.3 -34.3 25.5991 15.3 -35 25.6386 15.3 -35.3614 26 15.3 -35.4223 26.3 15.3 -35.5935 27 15.3 -35 27.5935 15.3 -34.7918 27.8863 15.3 -34.6962 28 15.3 -34 28.6962 15.3 -33 28.6461 15.3 -32.3 28.6255 15.3 -32 28.6026 15.3 -31.3 28.6088 15.3 -31 28.603 15.3 -30.397 28 15.3 -30.1417 27.6612 15.3 -30 27.4548 15.3 -29.3 27.4703 15.3 -29 27.4674 15.3 -28.3 27.496 15.3 -28 27.5227 15.3 -27.3 27.5467 15.3 -27 27.5674 15.3 -26.6844 27.8381 15.3 -26.5686 28 15.3 -26 28.5686 15.3 -25.3 28.5871 15.3 -25 28.5876 15.3 -24 28.6135 15.3 -23.6732 28.8923 15.3 -23.551 29 15.3 -23 29.551 15.3 -22.4826 30 15.3 -22.2351 30.7 15.3 -22.0738 30.8613 15.3 -22 30.8994 15.3 -21.8842 31 15.3 -21.5926 31.7 15.3 -21.5684 32 15.3 -21.5142 32.3 15.3 -21.5355 33 15.3 -21.6091 34 15.3 -21.64 34.3 15.3 -21.815 34.9234 15.3 -21.8383 35 15.3 -22 35.1755 15.3 -22.7 35.3823 15.3 -23.6816 35.7397 15.3 -24 35.8639 15.3 -24.3 35.7286 15.3 -25 35.5279 15.3 -25.1841 35.296 15.3 -25.4077 35 15.3 -25.4841 34.9532 15.3 -26 34.7203 15.3 -26.3 34.6298 15.3 -27 34.5043 15.3 -27.3 34.4618 15.3 -28.3 34.362 15.3 -29 34.313 15.3 -29.3 34.3122 15.3 -30 34.296 15.3 -30.704 35 15.3 -30.9083 35.3064 15.3 -31 35.4623 15.3 -31.7 35.5114 15.3 -32 35.8079 15.3 -33 35.8811 15.3 -33.1189 36 15.3 -33 36.2588 15.3 -32.9245 36.2838 15.3 -32.1523 37 15.3 -32 37.0514 15.3 -31.7 37.2182 15.3 -31 37.5029 15.3 -30.7 37.7141 15.3 -30 37.9994 15.3 -29.9991 38 15.3 -29.4485 38.7 15.3 -29.1247 39 15.3 -29 39.2581 15.3 -28.9393 39.4143 15.3 -28.836 39.7 15.3 -28.6789 40 15.3 -28.3766 40.7 15.3 -28.2952 40.9148 15.3 -28 41.5031 15.3 -27.4332 43 15.3 -27.491 43.3 15.3 -27.482 44 15.3 -27.5706 44.3 15.3 -27.887 44.8657 15.3 -28 45.0781 15.3 -29.7 47.5681 15.3 -30 47.8862 15.3 -30.0844 48 15.3 -30.7 48.44 15.3 -31 48.581 15.3 -31.3 48.5963 15.3 -32 48.6958 15.3 -32.3 48.7213 15.3 -33 48.813 15.3 -33.3 48.8654 15.3 -34 48.8428 15.3 -34.3 48.5817 15.3 -35 48.2989 15.3 -35.3897 48.0106 15.3 -35.4027 48 15.3 -35.6897 47.8969 15.3 -36.636 47.1969 15.3 -36.8525 47 15.3 -36.936 46.9165 15.3 -37 46.8613 15.3 -37.4917 46.2164 15.3 -37.6893 46 15.3 -37.7918 45.8975 15.3 -38 45.3781 15.3 -38.0692 45.1976 15.3 -38.2146 45 15.3 -38.4821 44.3 15.3 -38.5105 44 15.3 -38.6367 43.8738 15.3 -39 43.6542 15.3 -39.3499 43.1738 15.3 -39.482 43 15.3 -39.5245 42.3 15.3 -39.5243 42 15.3 -40 41.5243 15.3 -40.2685 41.132 15.3 -40.3615 41 15.3 -40.3734 40 15.3 -41 39.3734 15.3 -41.2129 39.0969 15.3 -41.2966 39 15.3 -41.3887 38 15.3 -42 37.3887 15.3 -42.4592 37 15.3 -42.6497 36.3 15.3 -42.7208 36 15.3 -43 35.7208 15.3 -43.4698 35.1989 15.3 -43.658 35 15.3 -44 34.658 15.3 -44.5378 34 15.3 -44.4966 31 15.3 -45 30.4966 15.3 -45.3316 30 15.3 -45.3375 29.3 15.3 -45.3303 29 15.3 -45.3364 28.3 15.3 -45.3322 28 15.3 -45.3969 21 15.3 -45.0987 20.5587 15.3 -45 20.4029 15.3 -44.5971 20 15.3 -44.6703 19.3 15.3 -44.6888 19 15.3 -44.6335 18 15.3 -44.1584 17.4632 15.3 -44 17.2302 15.3 -43.7698 17 15.3 -43 16.1366 15.3 -42.8634 16 15.3 -42.7487 15.3 15.3 -42.714 15 15.3 -42.7869 14.927 15.3 -43 14.3647 15.3 -43.0953 14.227 15.3 -43.2788 14 15.3 -43.7945 13.3 15.3 -43.885 13 15.3 -43.9683 12.3 15.3 -43.9943 12.2188 15.3 -44 12.2022 15.3 -44.0755 12 15.3 -44 11.889 15.3 -43.9232 11.7227 15.3 -43.9112 11.7 15.3 -43.32 11 15.3 -43.4031 10.9169 15.3 -44 10.6928 15.3 -45 10.453 15.3 -45.3 10.4103 15.3 -46 10.3296 15.3 -47 10.2564 15.3 -50.8 10.1343 15.3 
1
233
-50.8 50.8 16.2 9.91965e-016 50.8 16.2 9.91963e-016 10.0633 16.2 -16 10.2136 16.2 -17 10.2497 16.2 -17.2 10.2626 16.2 -18 10.3006 16.2 -18.2 10.3207 16.2 -19 10.3761 16.2 -19.2 10.4118 16.2 -20 10.4969 16.2 -20.8 10.6495 16.2 -21.6595 11 16.2 -21.3177 11.7851 16.2 -21.2061 12 16.2 -21.3429 13 16.2 -21.4661 13.6334 16.2 -21.5265 14 16.2 -21.8 14.4305 16.2 -22.1875 15 16.2 -22.3208 15.1357 16.2 -22.8 15.6965 16.2 -22.9301 15.7608 16.2 -23 15.8006 16.2 -23.5078 16 16.2 -23.8 16.0628 16.2 -24 16.0895 16.2 -24.2 16.1653 16.2 -25 16.2826 16.2 -25.8 16.4864 16.2 -25.8754 16.5618 16.2 -26 16.8277 16.2 -26.0918 17 16.2 -26.0199 18.1285 16.2 -26.1134 19 16.2 -26.0537 19.7317 16.2 -25.7538 22.2 16.2 -25.7263 23 16.2 -25.6923 23.2 16.2 -25.7764 24 16.2 -25.7937 24.2 16.2 -25.8726 24.3366 16.2 -26 24.4858 16.2 -27 25.7108 16.2 -27.4801 25.9796 16.2 -28 26.1949 16.2 -28.2501 26.2501 16.2 -29 26.5009 16.2 -29.7111 26.5726 16.2 -30 26.5647 16.2 -31 26.678 16.2 -31.6591 26.7125 16.2 -32 26.892 16.2 -32.2415 26.7524 16.2 -32.3089 26.6911 16.2 -33 26.3674 16.2 -33.5725 26 16.2 -34 25.8901 16.2 -35 25.782 16.2 -35.218 26 16.2 -35.4211 27 16.2 -35 27.4211 16.2 -34.7841 27.678 16.2 -34.4816 28 16.2 -34 28.4816 16.2 -33 28.4234 16.2 -32 28.347 16.2 -31 28.3276 16.2 -30.6724 28 16.2 -30.3791 27.5727 16.2 -30 27.2259 16.2 -29 27.2149 16.2 -28 27.3023 16.2 -27.8 27.3347 16.2 -27 27.3899 16.2 -26.6911 27.8216 16.2 -26.591 28 16.2 -26 28.591 16.2 -25.2 28.5923 16.2 -25 28.6135 16.2 -24.2 28.6338 16.2 -24 28.6467 16.2 -23.6743 28.934 16.2 -23.6021 29 16.2 -23 29.6021 16.2 -22.5494 30 16.2 -22 30.5494 16.2 -21.4826 31 16.2 -21.4315 31.2 16.2 -21.3671 32 16.2 -21.2226 32.8 16.2 -21.1653 32.953 16.2 -21.1374 33 16.2 -21.1864 33.6651 16.2 -21.3198 35 16.2 -21.3639 35.2 16.2 -21.8572 35.7355 16.2 -22 35.8274 16.2 -24 36.6013 16.2 -24.2 36.4798 16.2 -25 36.119 16.2 -25.0899 36 16.2 -25.1833 35.866 16.2 -25.8339 35 16.2 -26 34.8981 16.2 -26.2 34.7853 16.2 -27 34.5438 16.2 -27.2 34.5059 16.2 -28 34.3926 16.2 -29 34.3031 16.2 -30 34.3023 16.2 -30.6978 35 16.2 -30.9424 35.4158 16.2 -31 35.5079 16.2 -31.4921 36 16.2 -31.3208 36.8 16.2 -31.213 36.9079 16.2 -31 36.9501 16.2 -30.9443 37 16.2 -30.8917 37.0526 16.2 -30.8 37.2168 16.2 -29.8341 37.8971 16.2 -29.7176 38 16.2 -29.6341 38.0836 16.2 -29 38.6656 16.2 -28.8359 38.8836 16.2 -28.7261 39 16.2 -28.6761 39.2 16.2 -28.2572 40 16.2 -28.217 40.0882 16.2 -27.914 40.8882 16.2 -27.8317 41 16.2 -27.7279 41.2 16.2 -27.122 42.8 16.2 -27.1081 42.8668 16.2 -27.073 43 16.2 -27.1301 43.2 16.2 -27.2844 44 16.2 -27.3482 44.2 16.2 -27.6435 45.2 16.2 -28 45.8716 16.2 -28.0873 46 16.2 -28.2107 46.2 16.2 -28.8528 47.1401 16.2 -29 47.2676 16.2 -29.0463 47.3401 16.2 -29.6686 48 16.2 -29.8463 48.1001 16.2 -30 48.1954 16.2 -30.2 48.2078 16.2 -31 48.5838 16.2 -31.2 48.6016 16.2 -32 48.6422 16.2 -32.2 48.6672 16.2 -33 48.7352 16.2 -33.2 48.7367 16.2 -34 48.8765 16.2 -34.2 48.826 16.2 -35 48.1297 16.2 -35.0346 48.1013 16.2 -35.2346 47.9019 16.2 -36 47.627 16.2 -36.6868 47 16.2 -37 46.6868 16.2 -37.5268 46.1096 16.2 -38 45.6387 16.2 -38.3878 45.1119 16.2 -38.4736 45 16.2 -38.5493 44.2 16.2 -38.5638 44 16.2 -39 43.5638 16.2 -39.4289 43 16.2 -39.4285 42.2 16.2 -39.4243 42 16.2 -40 41.4243 16.2 -40.3006 41 16.2 -40.3108 40 16.2 -41 39.3108 16.2 -41.2233 39.0524 16.2 -41.2756 39 16.2 -41.3588 38 16.2 -42 37.3588 16.2 -42.418 37 16.2 -42.6078 36.2 16.2 -42.645 36 16.2 -43 35.645 16.2 -43.5018 35.1146 16.2 -44 34.6196 16.2 -44.4949 34 16.2 -44.4603 31 16.2 -45 30.4603 16.2 -45.3142 30 16.2 -45.2794 28.2 16.2 -45.2732 28 16.2 -45.2781 27.2 16.2 -45.2751 27 16.2 -45.3221 21 16.2 -45.0589 20.5846 16.2 -45 20.4985 16.2 -44.5015 20 16.2 -44.5508 19.2 16.2 -44.5573 19 16.2 -44.515 18.2 16.2 -44.5078 18 16.2 -44.0854 17.3786 16.2 -44 17.2592 16.2 -43.7408 17 16.2 -43.1194 16.302 16.2 -43 16.1249 16.2 -42.8751 16 16.2 -42.7826 15.2 16.2 -42.7714 15 16.2 -43 14.7714 16.2 -43.4894 14.166 16.2 -43.6151 14 16.2 -43.8564 13.2 16.2 -43.9306 12.9751 16.2 -44 12.7585 16.2 -44.2177 12.1751 16.2 -44.2862 12 16.2 -44.0686 11.6798 16.2 -44 11.5878 16.2 -43.9463 11.4798 16.2 -43.7247 11 16.2 -44 10.7247 16.2 -44.2 10.686 16.2 -45 10.5016 16.2 -45.2 10.4693 16.2 -46 10.3555 16.2 -46.2 10.3361 16.2 -47 10.2698 16.2 -48 10.2155 16.2 -50.8 10.1371 16.2 
1
216
-50.8 50.8 17.1 1.04707e-015 50.8 17.1 1.04707e-015 10.0658 17.1 -15 10.2106 17.1 -16 10.2454 17.1 -16.1 10.2521 17.1 -17 10.2929 17.1 -17.1 10.3021 17.1 -18 10.3603 17.1 -18.1 10.3762 17.1 -19 10.4665 17.1 -19.9 10.627 17.1 -19.9394 10.6664 17.1 -20 10.7293 17.1 -20.6846 11 17.1 -20.3011 11.7302 17.1 -20.313 12 17.1 -20.6134 14 17.1 -20.6397 14.0532 17.1 -20.9266 14.5493 17.1 -21.2266 15 17.1 -21.3001 15.0661 17.1 -21.9 15.6767 17.1 -21.9775 15.7106 17.1 -22.5627 16 17.1 -22.9 16.107 17.1 -23 16.1324 17.1 -23.1 16.1646 17.1 -24 16.2848 17.1 -24.1 16.2896 17.1 -25 16.6307 17.1 -25.3391 16.9698 17.1 -25.3479 17 17.1 -25.4168 17.1 17.1 -25.5263 18 17.1 -25.5104 18.1 17.1 -25.9019 19 17.1 -25.8832 19.1 17.1 -25.774 20 17.1 -25.7438 20.1 17.1 -25.5253 21.9 17.1 -25.5125 21.9837 17.1 -25.5094 22 17.1 -25.3991 22.8946 17.1 -25.3796 23 17.1 -25.2351 23.8509 17.1 -25.2051 24 17.1 -25.2695 24.7422 17.1 -25.2288 25 17.1 -26 25.8981 17.1 -26.0834 26 17.1 -27 26.9124 17.1 -27.2275 27 17.1 -27 27.0427 17.1 -26.8023 27.395 17.1 -26.3996 28 17.1 -26 28.3996 17.1 -25.9 28.4954 17.1 -25 28.5906 17.1 -24.1 28.6488 17.1 -24 28.6593 17.1 -23.6752 28.9564 17.1 -23.6429 29 17.1 -23 29.6429 17.1 -22.6011 30 17.1 -22 30.6011 17.1 -21.5483 31 17.1 -21.3183 31.9 17.1 -21.258 31.9602 17.1 -21.1867 32 17.1 -21 32.4982 17.1 -20.917 32.6512 17.1 -20.8417 32.9 17.1 -20.8301 33 17.1 -20.87 33.1 17.1 -21.0627 35.1 17.1 -21.2608 36 17.1 -21.3146 36.1 17.1 -21.9571 36.5289 17.1 -22 36.552 17.1 -22.8557 36.8858 17.1 -23 36.9485 17.1 -24 37.3387 17.1 -24.1 37.2647 17.1 -24.1889 37.2083 17.1 -24.5881 37 17.1 -25 36.7155 17.1 -25.4649 36.1 17.1 -25.521 36 17.1 -25.5414 35.9845 17.1 -26 35.3267 17.1 -26.1289 35.0844 17.1 -26.1806 35 17.1 -26.2289 34.9517 17.1 -27 34.5474 17.1 -27.1 34.5304 17.1 -28 34.3598 17.1 -29 34.2785 17.1 -30 34.2856 17.1 -30.7144 35 17.1 -30.9734 35.4146 17.1 -31 35.455 17.1 -31.545 36 17.1 -31 36.545 17.1 -30.4923 37 17.1 -30 37.4923 17.1 -29.4262 38 17.1 -29 38.4262 17.1 -28.506 38.9502 17.1 -28.4569 39 17.1 -28.4377 39.1 17.1 -28.2127 40 17.1 -28.1809 40.0317 17.1 -28 40.4288 17.1 -27.9 40.4456 17.1 -27.5296 40.9485 17.1 -27.4004 41 17.1 -27.0474 41.6805 17.1 -27 41.8755 17.1 -26.7712 42.9 17.1 -26.7818 43 17.1 -26.9273 43.4927 17.1 -27 43.5787 17.1 -27.0139 43.5927 17.1 -27.1129 44 17.1 -27.1257 44.1 17.1 -27.4128 45 17.1 -27.4596 45.1 17.1 -27.7254 46 17.1 -27.6973 46.1 17.1 -27.9455 46.6152 17.1 -28 46.8398 17.1 -28.0989 47 17.1 -28.3746 47.2389 17.1 -28.9 47.6338 17.1 -29 47.6453 17.1 -29.0287 47.674 17.1 -29.2373 48 17.1 -29.9287 48.4289 17.1 -30 48.477 17.1 -31 48.5395 17.1 -32 48.6292 17.1 -33 48.7545 17.1 -33.1 48.7378 17.1 -34 48.7442 17.1 -34.1 48.7268 17.1 -35 48.4995 17.1 -36 47.502 17.1 -36.4932 47.0433 17.1 -37.5034 46.0442 17.1 -37.5501 46 17.1 -38 45.5501 17.1 -38.386 45.0467 17.1 -38.4245 45 17.1 -38.4896 44.1 17.1 -38.4953 44 17.1 -39 43.4953 17.1 -39.377 43 17.1 -39.3562 42 17.1 -40 41.3562 17.1 -40.2355 41.0307 17.1 -40.2587 41 17.1 -40.2576 40 17.1 -41.2356 39.022 17.1 -41.2599 39 17.1 -41.3327 38 17.1 -42 37.3327 17.1 -42.3836 37 17.1 -42.5512 36.1 17.1 -42.5662 36 17.1 -43.53 35.0505 17.1 -43.5855 35 17.1 -44 34.5855 17.1 -44.458 34 17.1 -44.4294 31 17.1 -45 30.4295 17.1 -45.2989 30 17.1 -45.2326 27.1 17.1 -45.2295 27 17.1 -45.2331 26.1 17.1 -45.2319 26 17.1 -45.2902 21 17.1 -45.0254 20.6128 17.1 -45 20.5788 17.1 -44.4212 20 17.1 -44.4507 19.1 17.1 -44.4524 19 17.1 -44.4202 18.1 17.1 -44.4197 18 17.1 -44.0352 17.4629 17.1 -44 17.4164 17.1 -43.5836 17 17.1 -43 16.1347 17.1 -42.8653 16 17.1 -42.815 15.1 17.1 -42.8358 15 17.1 -43 14.8358 17.1 -43.6328 14 17.1 -43.9618 13.0013 17.1 -43.9624 13 17.1 -44 12.8899 17.1 -44.3092 12.1 17.1 -44.3649 12 17.1 -44.0563 11.5863 17.1 -44 11.5195 17.1 -43.9668 11.4863 17.1 -43.725 11 17.1 -44 10.725 17.1 -44.1 10.7036 17.1 -45 10.5295 17.1 -45.1 10.5183 17.1 -46 10.3729 17.1 -46.1 10.3652 17.1 -47 10.2778 17.1 -48 10.2197 17.1 -50.8 10.1382 17.1 
1
131
1.10218e-015 10.0686 18 -16 10.2876 18 -17 10.3542 18 -18 10.4465 18 -19 10.606 18 -19.3941 11 18 -19.4199 12 18 -19.7371 14 18 -20 14.5319 18 -20.2658 15 18 -21 15.6611 18 -21.7747 16 18 -22 16.074 18 -23 16.3277 18 -24 16.6501 18 -25 16.6979 18 -25.0874 17 18 -25.7769 18 18 -25.6185 19 18 -25.431 20 18 -25.1287 21 18 -25 21.8365 18 -24.4803 24 18 -24.277 25 18 -24.814 26 18 -25 26.1845 18 -25.7376 27 18 -25.4577 28 18 -25 28.4577 18 -24 28.5635 18 -23.6772 29 18 -23 29.6772 18 -22.6436 30 18 -22 30.6436 18 -21.6022 31 18 -21 31.6022 18 -20.5641 32 18 -20.4474 33 18 -20.8467 34 18 -21.0325 36 18 -21.5706 37 18 -22 37.2291 18 -23 37.686 18 -24 38.0762 18 -24.1404 38 18 -25 37.3355 18 -25.2354 37 18 -25.7964 36 18 -26 35.8445 18 -26.5169 35 18 -27 34.5169 18 -28 34.3464 18 -29 34.26 18 -30 34.2656 18 -30.7344 35 18 -31 35.404 18 -31.596 36 18 -31 36.596 18 -30.5524 37 18 -30 37.5524 18 -29.5019 38 18 -28.5087 39 18 -28.3175 40 18 -28 40.3175 18 -27 40.4849 18 -26.3368 41 18 -26.1669 42 18 -26.2731 43 18 -27 43.8606 18 -27.1394 44 18 -27.2675 45 18 -27.7352 46 18 -27.4546 47 18 -28 47.5979 18 -29 47.7125 18 -29.2875 48 18 -30 48.4801 18 -31 48.5498 18 -32 48.6431 18 -33 48.7747 18 -35 48.4346 18 -37 46.4417 18 -37.4675 46 18 -38 45.4675 18 -38.3845 45 18 -38.4417 44 18 -39 43.4417 18 -39.3288 43 18 -39.307 42 18 -40 41.307 18 -40.2318 41 18 -40.2197 40 18 -41 39.2197 18 -41.2433 39 18 -41.3069 38 18 -42 37.3069 18 -42.3544 37 18 -42.5046 36 18 -43 35.5046 18 -43.5549 35 18 -44 34.5549 18 -44.4262 34 18 -44.4025 31 18 -45 30.4025 18 -45.2848 30 18 -45.2071 27 18 -45.1953 26 18 -45.2537 21 18 -45 20.6596 18 -44.3404 20 18 -44.3572 19 18 -44.3521 18 18 -44 17.5356 18 -43.4644 17 18 -43 16.3183 18 -42.6817 16 18 -42.8901 15 18 -43 14.8901 18 -43.668 14 18 -44 13.0125 18 -44.5634 12 18 -44 11.3319 18 -43.6681 11 18 -44 10.6681 18 -45 10.4544 18 -46 10.3424 18 -47 10.2658 18 -48 10.2141 18 -50.8 10.1368 18 -50.8 50.8 18 1.10218e-015 50.8 18 
1
193
-31 36.662 18.9 -30.9552 36.7024 18.9 -30.6066 37 18.9 -30 37.6066 18.9 -29.9502 37.6513 18.9 -29.5401 38 18.9 -28.9509 38.5899 18.9 -28.3635 39 18.9 -28.3444 39.1 18.9 -28.0317 39.4127 18.9 -28 39.443 18.9 -27.2223 40 18.9 -27.1465 40.168 18.9 -27.1 40.2089 18.9 -27 40.2256 18.9 -26.1 40.3373 18.9 -26.0337 40.3888 18.9 -26 40.4914 18.9 -25.5675 41 18.9 -25.2833 41.7489 18.9 -25.173 42 18.9 -25.7404 42.864 18.9 -25.7966 43 18.9 -26 43.188 18.9 -26.0273 43.2499 18.9 -26.1 43.336 18.9 -26.7863 43.9861 18.9 -26.8145 44 18.9 -27 44.1564 18.9 -27.2754 44.7812 18.9 -27.3313 44.9 18.9 -27.3441 45 18.9 -27.4547 45.6231 18.9 -27.1517 45.5425 18.9 -27 45.5607 18.9 -26 45.449 18.9 -25 45.3894 18.9 -24.6012 45 18.9 -24.5223 44 18.9 -24.3979 43 18.9 -24 42.6021 18.9 -23.648 42.2008 18.9 -23.4595 42 18.9 -23 41.5406 18.9 -22.7522 41.1787 18.9 -22.5983 41 18.9 -22 40.4017 18.9 -21.7112 40.1432 18.9 -21.5629 40 18.9 -21.4491 39 18.9 -21 38.5509 18.9 -20.6049 38.1821 18.9 -20.4169 38 18.9 -20 37.5831 18.9 -19.7256 37.1935 18.9 -19.5598 37 18.9 -19.5569 36 18.9 -19 35.4431 18.9 -18.7773 35.1522 18.9 -18.6373 35 18.9 -18.632 34 18.9 -18.6635 32 18.9 -18 31.3365 18.9 -17.8434 31.131 18.9 -17.7198 31 18.9 -17.7355 30 18.9 -17 29.2645 18.9 -16.8722 29.1197 18.9 -16 28.2452 18.9 -15.8804 28.117 18.9 -15 27.2355 18.9 -14.889 27.1157 18.9 -14 26.2255 18.9 -13.8988 26.1144 18.9 -13 25.2143 18.9 -12.908 25.1129 18.9 -12 24.2036 18.9 -11.9166 24.1116 18.9 -11 23.1939 18.9 -10.9199 23.1104 18.9 -10.81 23 18.9 -10.8035 22 18.9 -8.80246 20 18.9 -8.79764 19 18.9 -8 18.2024 18.9 -7 17.1993 18.9 -6.9155 17.111 18.9 -6.80494 17 18.9 -6.80357 16 18.9 -6 15.1964 18.9 -5.91891 15.1107 18.9 -5.80882 15 18.9 -5.8056 11 18.9 -5 10.1944 18.9 -3.00162 10.1833 18.9 -3 10.1832 18.9 1.15729e-015 10.1706 18.9 1.15729e-015 10.0717 18.9 -3 10.0843 18.9 -3.00163 10.0844 18.9 -14 10.2384 18.9 -15 10.2842 18.9 -15.9 10.3452 18.9 -16 10.3498 18.9 -16.9 10.4462 18.9 -17 10.4528 18.9 -17.9 10.5797 18.9 -18 10.589 18.9 -18.1 10.6049 18.9 -18.495 11 18.9 -18.5368 11.835 18.9 -18.5422 12 18.9 -18.8608 14 18.9 -19.0737 14.5205 18.9 -19.1 14.5737 18.9 -19.2785 14.9532 18.9 -19.3051 15 18.9 -20.0266 15.5826 18.9 -20.1 15.6487 18.9 -20.9091 15.9661 18.9 -20.9866 16 18.9 -22.9 16.6245 18.9 -23 16.6499 18.9 -23.9 16.698 18.9 -24 16.7302 18.9 -24.1 16.735 18.9 -24.3348 16.9698 18.9 -24.3668 17 18.9 -25 17.8134 18.9 -25.0621 17.8567 18.9 -25.1429 18 18.9 -25.1271 18.1 18.9 -25.0618 18.3714 18.9 -25 18.655 18.9 -23.7162 24 18.9 -23.4927 25 18.9 -23.6244 25.856 18.9 -23.6603 26 18.9 -24 26.6036 18.9 -24.0814 26.7018 18.9 -24.1 26.7203 18.9 -24.2716 26.9184 18.9 -24.3575 27 18.9 -24.4883 27.7939 18.9 -24.4743 28 18.9 -24.1844 28.2899 18.9 -24.1 28.3656 18.9 -24 28.3762 18.9 -23.9677 28.4199 18.9 -23.6021 29 18.9 -23 29.6021 18.9 -22.9644 29.6344 18.9 -22.6773 30 18.9 -22 30.6773 18.9 -21.6438 31 18.9 -21 31.6438 18.9 -20.6096 32 18.9 -20.5037 33 18.9 -20.4161 33.9 18.9 -20.8234 34.9 18.9 -20.9289 36 18.9 -20.9409 36.8621 18.9 -20.9612 37 18.9 -21 37.0746 18.9 -21.1 37.1416 18.9 -22 37.8641 18.9 -22.1 37.9098 18.9 -23 38.3903 18.9 -23.1 38.429 18.9 -24 38.8136 18.9 -24.014 38.806 18.9 -24.8947 38 18.9 -24.914 37.9722 18.9 -25 37.9057 18.9 -25.0235 37.8722 18.9 -25.4466 37 18.9 -25.5027 36.9 18.9 -25.7704 36 18.9 -25.9796 35.7907 18.9 -26 35.7752 18.9 -26.0517 35.6908 18.9 -26.49 35 18.9 -27 34.49 18.9 -27.9 34.3506 18.9 -28 34.3335 18.9 -28.9 34.295 18.9 -29 34.2864 18.9 -29.9 34.2497 18.9 -30 34.2503 18.9 -30.7497 35 18.9 -30.7763 35.0404 18.9 -31 35.338 18.9 -31.662 36 18.9 
2
31
-31.7151 36 19.8 -31 35.2849 19.8 -30.7653 35.0661 19.8 -30.7156 35 19.8 -30 34.2844 19.8 -29.8 34.2926 19.8 -29 34.3402 19.8 -28.8 34.3487 19.8 -28 34.4056 19.8 -27.8 34.4366 19.8 -27 34.4651 19.8 -26.4651 35 19.8 -26 35.7161 19.8 -25.7161 36 19.8 -25.6585 36.8 19.8 -25.599 37 19.8 -25.3231 37.8 19.8 -25.2227 38 19.8 -25.9204 38.8885 19.8 -26 38.9582 19.8 -27.5493 38.7799 19.8 -28 38.7735 19.8 -28.0695 38.598 19.8 -28.2 38.5069 19.8 -29 38.4509 19.8 -29.4509 38 19.8 -29.9089 37.7346 19.8 -30 37.6571 19.8 -30.6571 37 19.8 -30.9225 36.7813 19.8 -31 36.7151 19.8 
82
-19 19.8537 19.8 -19.1026 19.8974 19.8 -19.2804 20 19.8 -19.3156 20.6844 19.8 -19.1864 21 19.8 -19 21.5966 19.8 -18.8416 22 19.8 -18.7703 22.2297 19.8 -18.4954 23 19.8 -18.2775 23.7225 19.8 -18.1892 24 19.8 -18 25 19.8 -17.8453 26 19.8 -17.8541 26.1459 19.8 -17.9877 27 19.8 -17.99 27.01 19.8 -18 27.0395 19.8 -18.1858 27.8142 19.8 -18.25 28 19.8 -18.3967 28.6033 19.8 -18.5333 29 19.8 -18.4085 29.5915 19.8 -18.3412 30 19.8 -18 30.3686 19.8 -17.8289 30.5933 19.8 -17.8268 30 19.8 -17 29.1732 19.8 -16.8709 29.0329 19.8 -16.8418 29 19.8 -16 28.1581 19.8 -15.8534 28 19.8 -15 27.1467 19.8 -14.8652 27 19.8 -14 26.1348 19.8 -13.8784 26 19.8 -13 25.1216 19.8 -12.8908 25 19.8 -12 24.1092 19.8 -11.9007 24 19.8 -11 23.0993 19.8 -10.9253 23.0187 19.8 -10.9073 23 19.8 -10.9 22 19.8 -8.89785 20 19.8 -8.89223 19 19.8 -8 18.1078 19.8 -7 17.1047 19.8 -6.89976 17 19.8 -6.89814 16 19.8 -6 15.1018 19.8 -5.90397 15 19.8 -5.90025 11 19.8 -5.80209 10.9018 19.8 -12.7115 11 19.8 -12.7148 12 19.8 -12.7475 12.2525 19.8 -12.8775 13 19.8 -12.8916 13.1084 19.8 -13 13.7381 19.8 -13.0289 13.9711 19.8 -13.0342 14 19.8 -13.1433 14.8567 19.8 -13.1699 15 19.8 -13.2905 15.7095 19.8 -13.3796 16 19.8 -13.555 16.445 19.8 -13.977 17 19.8 -13.9857 17.0143 19.8 -14 17.0279 19.8 -14.3824 17.6176 19.8 -14.8744 18 19.8 -14.9356 18.0644 19.8 -15 18.1 19.8 -15.4717 18.5283 19.8 -16 18.7568 19.8 -16.1397 18.8603 19.8 -16.5664 19 19.8 -16.8488 19.1512 19.8 -17 19.1931 19.8 -17.568 19.432 19.8 -18 19.5442 19.8 -18.3204 19.6796 19.8 
1
32
-31.7399 36 20.7 -31 35.2601 20.7 -30.7496 35.082 20.7 -30.6616 35 20.7 -30 34.3384 20.7 -29.7 34.3563 20.7 -29 34.42 20.7 -28.7 34.4413 20.7 -28 34.5328 20.7 -27 34.5715 20.7 -26.5715 35 20.7 -26.2938 35.7 20.7 -26.0364 35.9208 20.7 -26 35.9765 20.7 -25.9765 36 20.7 -26 36.4353 20.7 -26.046 36.7934 20.7 -26.1902 37 20.7 -26.9558 37.4431 20.7 -27 37.4728 20.7 -27.6343 38 20.7 -27.763 38.1213 20.7 -28 38.1179 20.7 -28.4438 38 20.7 -28.524 37.983 20.7 -29 37.7929 20.7 -29.1283 37.6954 20.7 -29.3 37.5959 20.7 -30 37.6518 20.7 -30.6518 37 20.7 -30.9005 36.8219 20.7 -31 36.7399 20.7 
1
26
-31.702 36 21.6 -31 35.298 21.6 -30.7343 35.1018 21.6 -30.5912 35 21.6 -30 34.4088 21.6 -29 34.5072 21.6 -28.6 34.5595 21.6 -28 34.6553 21.6 -27.6 34.6713 21.6 -27 34.8052 21.6 -26.8052 35 21.6 -26.6465 35.4 21.6 -26.8116 36 21.6 -27 36.2595 21.6 -27.1077 36.422 21.6 -27.4427 37 21.6 -27.4596 37.0213 21.6 -27.6 37.2788 21.6 -28 37.6432 21.6 -28.6 37.6789 21.6 -29 37.5191 21.6 -29.6 37.5966 21.6 -30 37.6286 21.6 -30.6286 37 21.6 -30.8579 36.8038 21.6 -31 36.702 21.6 
1
30
-31.6108 36 22.5 -31 35.3893 22.5 -30.7423 35.1635 22.5 -30.5208 35 22.5 -30 34.4791 22.5 -29.5 34.5308 22.5 -29 34.6017 22.5 -28.5 34.6815 22.5 -28 34.8042 22.5 -27.5 34.9158 22.5 -27.4168 35 22.5 -27 35.3024 22.5 -26.8406 35.4618 22.5 -26.7919 35.5 22.5 -26.8274 35.6926 22.5 -26.8674 36 22.5 -27 36.1213 22.5 -27.0931 36.1579 22.5 -27.383 36.6579 22.5 -27.7156 36.8054 22.5 -28 36.6729 22.5 -28.0232 36.7156 22.5 -28.1425 37 22.5 -28.2506 37.2146 22.5 -28.5 37.3554 22.5 -29 37.3851 22.5 -29.5 37.5147 22.5 -30 37.5793 22.5 -30.8089 36.7743 22.5 -31 36.6107 22.5 
0
