148
0 1 0 1 1 2 1 2 2 3 2 3 3 4 3 4 4 5 4 5 5 6 5 6 6 7 6 7 7 8 7 8 8 9 8 9 9 10 9 10 10 11 10 11 11 12 11 12 12 13 12 13 13 14 13 14 14 15 14 15 15 16 15 16 16 17 16 17 17 18 17 18 18 19 18 19 19 20 19 20 20 21 20 21 21 22 21 22 22 23 22 23 23 24 23 24 24 25 24 25 25 26 25 26 26 27 26 27 27 28 27 28 28 29 28 29 29 30 29 30 30 31 30 31 31 32 31 32 32 33 32 33 33 34 33 34 34 35 34 35 35 36 35 36 36 37 36 37 
38
1 0 
1 1 
1 2 
1 3 
1 4 
1 5 
1 6 
1 7 
1 8 
1 9 
1 10 
1 11 
1 12 
1 13 
1 14 
1 15 
1 16 
1 17 
1 18 
1 19 
1 20 
1 21 
1 22 
1 23 
1 24 
1 25 
1 26 
1 27 
1 28 
1 29 
1 30 
1 31 
1 32 
1 33 
1 34 
1 35 
1 36 
1 37 
38
0 0 0 0
1 1 
1
7
0 11.3093 0 0.044337 11.2701 0 0.844624 11.2426 0 1.00639 11.2403 0 50.8 11.2392 0 50.8 50.8 0 0 50.8 0 
1 1 0 0.9
2 0 2 
1
7
0 11.1915 0.9 0.044337 11.152 0.9 0.80461 11.1055 0.9 1.00639 11.0985 0.9 50.8 11.0975 0.9 50.8 50.8 0.9 0 50.8 0.9 
2 2 0 1.8
2 1 3 
1
6
0.044337 11.1511 1.8 1.00639 11.0921 1.8 50.8 11.091 1.8 50.8 50.8 1.8 0 50.8 1.8 0 11.1905 1.8 
3 3 0 2.7
2 2 4 
1
6
0 11.1918 2.7 0.044337 11.1525 2.7 1.00639 11.0934 2.7 50.8 11.0922 2.7 50.8 50.8 2.7 0 50.8 2.7 
4 4 0 3.6
2 3 5 
1
6
0.044337 11.1539 3.6 1.00639 11.0947 3.6 50.8 11.0934 3.6 50.8 50.8 3.6 0 50.8 3.6 0 11.1932 3.6 
5 5 0 4.5
2 4 6 
1
6
0 11.1946 4.5 0.044337 11.1553 4.5 1.00639 11.0961 4.5 50.8 11.0946 4.5 50.8 50.8 4.5 0 50.8 4.5 
6 6 0 5.4
2 5 7 
1
6
0 11.1961 5.4 0.044337 11.1567 5.4 1.00639 11.0975 5.4 50.8 11.0959 5.4 50.8 50.8 5.4 0 50.8 5.4 
7 7 0 6.3
2 6 8 
1
6
0 11.1975 6.3 0.044337 11.1582 6.3 1.00639 11.0989 6.3 50.8 11.0972 6.3 50.8 50.8 6.3 0 50.8 6.3 
8 8 0 7.2
2 7 9 
1
6
0 11.199 7.2 0.044337 11.1597 7.2 1.00639 11.1003 7.2 50.8 11.0985 7.2 50.8 50.8 7.2 0 50.8 7.2 
9 9 0 8.1
2 8 10 
1
6
0 11.2005 8.1 0.044337 11.1612 8.1 1.00639 11.1019 8.1 50.8 11.0999 8.1 50.8 50.8 8.1 0 50.8 8.1 
10 10 0 9
2 9 11 
1
6
0.044337 11.1628 9 1.00639 11.1034 9 50.8 11.1012 9 50.8 50.8 9 0 50.8 9 0 11.202 9 
11 11 0 9.9
2 10 12 
1
6
0.044337 11.1643 9.9 1.00639 11.1049 9.9 50.8 11.1025 9.9 50.8 50.8 9.9 0 50.8 9.9 0 11.2035 9.9 
12 12 0 10.8
2 11 13 
1
6
0 11.205 10.8 0.044337 11.1658 10.8 1.00639 11.1064 10.8 50.8 11.1038 10.8 50.8 50.8 10.8 0 50.8 10.8 
13 13 0 11.7
2 12 14 
1
6
0.044337 11.1672 11.7 1.00639 11.1079 11.7 50.8 11.1051 11.7 50.8 50.8 11.7 0 50.8 11.7 0 11.2064 11.7 
14 14 0 12.6
2 13 15 
1
6
0.044337 11.1686 12.6 1.00639 11.1093 12.6 50.8 11.1063 12.6 50.8 50.8 12.6 0 50.8 12.6 0 11.2077 12.6 
15 15 0 13.5
2 14 16 
1
6
0 11.209 13.5 0.044337 11.1699 13.5 1.00639 11.1106 13.5 50.8 11.1074 13.5 50.8 50.8 13.5 0 50.8 13.5 
16 16 0 14.4
2 15 17 
1
6
0 11.2102 14.4 0.044337 11.1711 14.4 1.00639 11.1119 14.4 50.8 11.1085 14.4 50.8 50.8 14.4 0 50.8 14.4 
17 17 0 15.3
2 16 18 
1
6
0 11.2112 15.3 0.044337 11.1721 15.3 1.00639 11.1129 15.3 50.8 11.1094 15.3 50.8 50.8 15.3 0 50.8 15.3 
18 18 0 16.2
2 17 19 
1
9
0 11.212 16.2 0.044337 11.1729 16.2 1.00639 11.1139 16.2 14.1805 11.2897 16.2 35.6402 11.3027 16.2 36.6023 11.2805 16.2 50.8 11.1101 16.2 50.8 50.8 16.2 0 50.8 16.2 
19 19 0 17.1
2 18 20 
1
18
0 11.2127 17.1 0.044337 11.1736 17.1 1.00639 11.1146 17.1 11.5889 11.2372 17.1 12.551 11.2702 17.1 13.1564 11.3001 17.1 13.513 11.3106 17.1 14.1185 11.3449 17.1 15.0805 11.3812 17.1 34.6782 11.3945 17.1 35.2836 11.375 17.1 35.6402 11.3706 17.1 36.2457 11.34 17.1 36.6023 11.3305 17.1 37.2077 11.2992 17.1 50.8 11.1107 17.1 50.8 50.8 17.1 0 50.8 17.1 
20 20 0 18
2 19 21 
1
22
0 11.2132 18 0.044337 11.1741 18 1.00639 11.1151 18 11.5889 11.2522 18 12.551 11.297 18 13.0943 11.3422 18 13.513 11.3629 18 14.0564 11.4338 18 14.4751 11.4575 18 15.0184 11.4978 18 15.4371 11.515 18 15.9805 11.529 18 34.6782 11.5329 18 35.2215 11.4979 18 35.6402 11.4844 18 36.1836 11.4178 18 36.6023 11.3967 18 37.1456 11.3489 18 38.1077 11.2938 18 50.8 11.1111 18 50.8 50.8 18 0 50.8 18 
21 21 0 18.9
2 20 22 
1
23
0 11.2135 18.9 0.044337 11.1744 18.9 1.00639 11.1154 18.9 11.5889 11.2619 18.9 12.551 11.3155 18.9 13.0323 11.3647 18.9 13.513 11.4047 18.9 13.9944 11.5106 18.9 14.4751 11.5733 18.9 14.9564 11.6438 18.9 15.4371 11.6795 18.9 15.9178 11.6919 18.9 16.3992 11.7739 18.9 34.6782 11.7739 18.9 35.1595 11.6628 18.9 35.6402 11.6319 18.9 36.1216 11.5369 18.9 36.6023 11.478 18.9 37.0836 11.4066 18.9 38.0457 11.3241 18.9 50.8 11.1114 18.9 50.8 50.8 18.9 0 50.8 18.9 
22 22 0 19.8
2 21 23 
1
154
0 11.2137 19.8 0.044337 11.1745 19.8 1.00639 11.1155 19.8 11.5889 11.2656 19.8 12.551 11.3229 19.8 13.513 11.4229 19.8 13.9323 11.5247 19.8 14.4751 11.6441 19.8 15.0178 11.7236 19.8 15.2624 11.8189 19.8 15.4371 12.5949 19.8 15.4708 12.6617 19.8 15.499 12.7809 19.8 15.4981 13.6256 19.8 15.4822 13.743 19.8 15.5351 14.4499 19.8 15.6263 15.2835 19.8 15.6841 15.6671 19.8 15.872 16.8272 19.8 15.8959 17.0484 19.8 15.9757 17.5912 19.8 16.0267 18.0105 19.8 16.0807 18.5532 19.8 16.1319 19.1898 19.8 16.1454 19.5153 19.8 16.3992 21.3379 19.8 16.4126 21.4042 19.8 16.4189 21.4394 19.8 16.5536 22.126 19.8 16.7076 22.9465 19.8 16.8382 23.8025 19.8 16.9314 24.3255 19.8 17.0057 24.9321 19.8 17.0642 25.2876 19.8 17.1619 26.0313 19.8 17.3612 27.333 19.8 17.7057 29.1358 19.8 17.7713 29.5458 19.8 17.8726 30.0978 19.8 17.9485 30.6851 19.8 17.9964 30.9613 19.8 18.0121 31.0599 19.8 18.0989 31.7863 19.8 18.1364 32.0219 19.8 18.2508 32.8926 19.8 18.3233 33.3396 19.8 18.6241 34.9081 19.8 18.6842 35.269 19.8 18.795 35.8701 19.8 18.8676 36.4145 19.8 18.9378 36.8146 19.8 18.9406 36.8322 19.8 19.0252 37.532 19.8 19.0671 37.7942 19.8 19.1681 38.6154 19.8 19.2853 39.3432 19.8 19.3339 39.5988 19.8 19.3541 39.7183 19.8 19.5333 40.6804 19.8 19.6098 41.0048 19.8 19.773 41.6424 19.8 19.9852 42.3423 19.8 20.0276 42.467 19.8 20.0717 42.6045 19.8 20.2474 42.9883 19.8 20.3921 43.2144 19.8 20.5678 43.5665 19.8 20.5995 43.6064 19.8 20.7901 43.854 19.8 21.2094 44.3667 19.8 21.3728 44.5286 19.8 21.392 44.5436 19.8 21.7522 44.8371 19.8 22.1715 45.168 19.8 22.7101 45.4906 19.8 22.8843 45.5866 19.8 23.1335 45.7089 19.8 23.6763 45.8794 19.8 24.0956 46.0355 19.8 24.6936 46.1032 19.8 25.0576 46.1226 19.8 26.0197 46.1106 19.8 26.4 46.0723 19.8 26.9817 45.9714 19.8 27.87 45.6115 19.8 27.9438 45.5823 19.8 28.1059 45.4906 19.8 28.9058 44.9524 19.8 29.3958 44.5286 19.8 29.8679 43.9823 19.8 30.1762 43.5665 19.8 30.6873 42.6735 19.8 30.7286 42.6045 19.8 30.83 42.2963 19.8 30.9417 41.856 19.8 31.0087 41.6424 19.8 31.2244 40.6804 19.8 31.3661 39.9004 19.8 31.5276 39.0451 19.8 31.5869 38.7563 19.8 31.7622 37.7942 19.8 31.8609 36.9589 19.8 31.8811 36.8322 19.8 31.9705 36.1238 19.8 32.0524 35.6097 19.8 32.1512 34.9081 19.8 32.2315 34.4686 19.8 32.3024 34.031 19.8 32.5039 32.984 19.8 32.6821 32.0219 19.8 32.7541 31.5669 19.8 32.8103 31.1713 19.8 32.8281 31.0599 19.8 32.9173 30.3437 19.8 32.9563 30.0978 19.8 33.0266 29.4672 19.8 33.0795 29.1358 19.8 33.1503 28.7395 19.8 33.2309 28.1737 19.8 33.3424 27.5854 19.8 33.353 27.5204 19.8 33.7161 25.579 19.8 33.9054 24.3255 19.8 33.9541 23.6667 19.8 34.0634 23.0161 19.8 34.1447 22.4014 19.8 34.246 21.8715 19.8 34.2851 21.6114 19.8 34.315 21.4394 19.8 34.6782 19.5879 19.8 34.6859 19.5347 19.8 34.688 19.5153 19.8 34.7894 18.773 19.8 34.8098 18.5532 19.8 34.8511 17.5912 19.8 35.0223 15.6671 19.8 35.023 15.6603 19.8 35.1162 15.1243 19.8 35.1424 14.705 19.8 35.1605 14.2857 19.8 35.2503 13.743 19.8 35.2552 13.3237 19.8 35.2294 12.7809 19.8 35.3584 12.2382 19.8 35.607 11.8189 19.8 35.6402 11.8113 19.8 36.0595 11.6506 19.8 37.0216 11.4662 19.8 37.5643 11.3857 19.8 38.5264 11.3032 19.8 39.4884 11.2533 19.8 50.8 11.1115 19.8 50.8 50.8 19.8 0 50.8 19.8 
23 23 0 20.7
2 22 24 
1
169
0 11.2136 20.7 0.044337 11.1745 20.7 1.00639 11.1155 20.7 11.5889 11.2661 20.7 12.551 11.324 20.7 13.513 11.4259 20.7 14.4751 11.6596 20.7 14.729 11.7598 20.7 14.8168 11.8189 20.7 15.017 12.4237 20.7 15.1814 12.7809 20.7 15.1958 13.743 20.7 15.2128 14.3478 20.7 15.2128 14.705 20.7 15.2478 15.3099 20.7 15.2478 15.6671 20.7 15.3055 16.2719 20.7 15.3055 16.6291 20.7 15.3178 16.9863 20.7 15.3772 17.5912 20.7 15.4396 18.5085 20.7 15.4451 18.5532 20.7 15.4576 19.4007 20.7 15.4624 19.5153 20.7 15.51 20.1465 20.7 15.5557 20.4773 20.7 15.5894 21.0148 20.7 15.6832 21.8815 20.7 15.804 22.7618 20.7 15.9005 23.3783 20.7 15.9458 23.7207 20.7 16.0428 24.3255 20.7 16.0776 24.6827 20.7 16.3992 26.9815 20.7 16.4374 27.2117 20.7 16.5468 27.8113 20.7 16.6053 28.1737 20.7 16.6933 28.6187 20.7 16.7766 29.1358 20.7 16.8407 29.456 20.7 16.8471 29.493 20.7 17.0935 31.0599 20.7 17.1961 31.82 20.7 17.2272 32.0219 20.7 17.3612 33.0065 20.7 17.4739 33.6398 20.7 17.5238 33.946 20.7 17.6165 34.4273 20.7 17.6938 34.9081 20.7 17.7722 35.276 20.7 17.9553 36.4341 20.7 17.9661 36.4919 20.7 17.9709 36.5267 20.7 18.0211 36.8322 20.7 18.1199 37.557 20.7 18.157 37.7942 20.7 18.3233 39.004 20.7 18.4447 39.7183 20.7 18.5419 40.2349 20.7 18.6137 40.6804 20.7 18.7142 41.0427 20.7 18.8513 41.6424 20.7 18.923 41.8668 20.7 18.9281 41.8805 20.7 19.0832 42.409 20.7 19.1481 42.6045 20.7 19.2853 42.9862 20.7 19.3638 43.1755 20.7 19.5399 43.5665 20.7 19.8902 44.0996 20.7 20.1643 44.5286 20.7 20.2474 44.6233 20.7 20.8522 45.2044 20.7 21.0847 45.469 20.7 21.1055 45.4906 20.7 21.2094 45.5859 20.7 22.1715 46.2431 20.7 22.6005 46.4527 20.7 22.8573 46.5484 20.7 23.1335 46.6611 20.7 23.7384 46.8498 20.7 24.0956 46.9701 20.7 24.5364 47.0035 20.7 25.0576 47.0549 20.7 26.0197 47.0467 20.7 26.3924 47.0002 20.7 26.9817 46.9104 20.7 27.0115 46.8971 20.7 27.2472 46.8099 20.7 27.5746 46.6832 20.7 27.9438 46.5652 20.7 28.1979 46.4527 20.7 28.9058 46.0612 20.7 29.1836 45.8478 20.7 29.6839 45.4906 20.7 29.8679 45.3291 20.7 30.0562 45.1006 20.7 30.434 44.7093 20.7 30.6383 44.5286 20.7 30.83 44.2748 20.7 30.9854 44.0043 20.7 31.0358 43.9237 20.7 31.2376 43.5869 20.7 31.2509 43.5665 20.7 31.6708 42.6045 20.7 31.792 42.2288 20.7 31.8883 41.8816 20.7 31.9643 41.6424 20.7 32.0494 41.2004 20.7 32.1653 40.6804 20.7 32.2628 40.0755 20.7 32.3349 39.7183 20.7 32.4389 39.1609 20.7 32.7541 37.2619 20.7 32.797 36.932 20.7 32.9043 36.1317 20.7 32.945 35.8701 20.7 33.0147 35.3417 20.7 33.1807 34.3032 20.7 33.3527 33.4276 20.7 33.4249 32.984 20.7 33.5509 32.2735 20.7 33.7161 31.2413 20.7 33.8387 30.3265 20.7 33.8746 30.0978 20.7 33.956 29.4821 20.7 34.0106 29.1358 20.7 34.0199 29.068 20.7 34.1598 28.2219 20.7 34.2683 27.69 20.7 34.3454 27.2117 20.7 34.4634 26.5583 20.7 34.6782 25.2636 20.7 34.8809 23.6861 20.7 34.9024 23.3635 20.7 34.9264 23.1582 20.7 34.9897 22.7586 20.7 35.0229 22.4014 20.7 35.0488 22.0442 20.7 35.1408 21.4394 20.7 35.1587 21.0822 20.7 35.2417 20.4773 20.7 35.2523 20.1201 20.7 35.3201 19.5153 20.7 35.3204 19.1581 20.7 35.3765 18.5532 20.7 35.3765 18.196 20.7 35.4017 17.5912 20.7 35.4017 17.234 20.7 35.4598 16.6291 20.7 35.4598 16.2719 20.7 35.5116 15.6671 20.7 35.5116 15.3099 20.7 35.5494 14.705 20.7 35.5494 14.3478 20.7 35.5755 13.743 20.7 35.5825 12.7809 20.7 35.6191 12.5817 20.7 35.6402 12.4782 20.7 35.7706 12.2245 20.7 35.9661 11.8189 20.7 36.3755 11.6607 20.7 36.6023 11.5672 20.7 37.5643 11.3898 20.7 38.5264 11.3046 20.7 39.4884 11.2539 20.7 50.8 11.1115 20.7 50.8 50.8 20.7 0 50.8 20.7 
24 24 0 21.6
2 23 25 
1
145
0 11.2136 21.6 0.044337 11.1745 21.6 1.00639 11.1155 21.6 11.5889 11.2661 21.6 12.551 11.324 21.6 13.513 11.4259 21.6 14.1799 11.5879 21.6 14.4751 11.7471 21.6 14.5817 11.8189 21.6 14.639 11.886 21.6 14.7941 12.1141 21.6 15.1011 12.7809 21.6 15.1052 13.4478 21.6 15.1605 13.743 21.6 15.1605 16.6291 21.6 15.1834 17.296 21.6 15.194 19.5153 21.6 15.209 20.1821 21.6 15.209 20.4773 21.6 15.2342 21.1442 21.6 15.2342 21.4394 21.6 15.2824 22.1062 21.6 15.2824 22.4014 21.6 15.3489 23.0683 21.6 15.3615 23.6587 21.6 15.4384 24.3255 21.6 15.4835 24.9213 21.6 15.5191 25.2876 21.6 15.5747 25.6355 21.6 15.6625 26.2496 21.6 15.6819 26.3535 21.6 15.9633 28.1737 21.6 16.2867 30.0978 21.6 16.3992 30.8674 21.6 16.4024 30.885 21.6 16.431 31.0599 21.6 16.5032 31.4504 21.6 16.5913 32.0219 21.6 16.6233 32.1945 21.6 16.6428 32.3171 21.6 17.0444 34.9081 21.6 17.1663 35.5749 21.6 17.2602 36.1653 21.6 17.3612 36.8883 21.6 17.4335 37.2869 21.6 17.5127 37.7942 21.6 17.5604 38.041 21.6 17.5684 38.0894 21.6 17.7637 39.4231 21.6 17.9682 40.6804 21.6 18.1241 41.3472 21.6 18.1791 41.6424 21.6 18.3182 42.1301 21.6 18.4757 42.6045 21.6 18.5376 42.7443 21.6 18.5967 42.8997 21.6 18.8332 43.5665 21.6 19.2853 44.3837 21.6 19.3802 44.5286 21.6 19.9522 45.172 21.6 20.1967 45.4557 21.6 20.2278 45.4906 21.6 20.2474 45.5106 21.6 20.9142 46.1165 21.6 21.2094 46.396 21.6 21.2974 46.4527 21.6 21.454 46.5295 21.6 21.8763 46.7605 21.6 22.1715 46.9128 21.6 22.8383 47.1848 21.6 23.1335 47.3138 21.6 23.4448 47.4147 21.6 23.6389 47.4678 21.6 24.0956 47.6048 21.6 24.3908 47.6113 21.6 25.0576 47.648 21.6 26.0197 47.649 21.6 26.3149 47.6307 21.6 26.9817 47.566 21.6 27.2769 47.4477 21.6 27.318 47.4338 21.6 27.3702 47.4147 21.6 27.9438 47.1928 21.6 27.9735 47.1783 21.6 28.239 47.0629 21.6 28.9058 46.7588 21.6 29.244 46.5708 21.6 29.4487 46.4527 21.6 29.8679 46.1525 21.6 29.8876 46.1318 21.6 30.5145 45.5182 21.6 30.5448 45.4906 21.6 30.83 45.1927 21.6 31.3986 44.5286 21.6 31.7754 43.8998 21.6 31.792 43.8742 21.6 31.943 43.6046 21.6 31.9632 43.5665 21.6 32.0676 43.2713 21.6 32.3159 42.6045 21.6 32.5279 41.9376 21.6 32.6303 41.6424 21.6 32.7541 41.0921 21.6 32.8308 40.6804 21.6 32.8609 40.4766 21.6 33.3859 37.1274 21.6 33.4331 36.8322 21.6 33.5216 36.3269 21.6 33.7161 35.1357 21.6 33.7334 35.0142 21.6 33.8118 34.509 21.6 33.861 34.2412 21.6 34.2681 31.7267 21.6 34.3586 31.0599 21.6 34.4632 30.393 21.6 34.6782 29.1492 21.6 34.6791 29.143 21.6 34.6803 29.1358 21.6 34.7629 28.5588 21.6 34.8731 27.8785 21.6 34.9952 27.2117 21.6 35.1479 26.2496 21.6 35.2806 25.2876 21.6 35.2917 24.9924 21.6 35.3748 24.3255 21.6 35.3748 24.0303 21.6 35.4193 23.3635 21.6 35.4193 23.0683 21.6 35.4813 22.4014 21.6 35.4813 22.1062 21.6 35.5296 21.4394 21.6 35.5296 21.1442 21.6 35.5631 20.4773 21.6 35.5631 20.1821 21.6 35.5828 19.5153 21.6 35.5833 12.7809 21.6 35.6402 12.5022 21.6 35.9914 11.8189 21.6 36.6023 11.5672 21.6 37.5643 11.3898 21.6 38.5264 11.3046 21.6 39.4884 11.2539 21.6 50.8 11.1115 21.6 50.8 50.8 21.6 0 50.8 21.6 
25 25 0 22.5
2 24 26 
1
77
0 11.2136 22.5 0.044337 11.1745 22.5 1.00639 11.1155 22.5 11.5889 11.2661 22.5 12.551 11.324 22.5 13.513 11.4259 22.5 14.2501 11.8189 22.5 14.4751 12.0376 22.5 14.9804 12.7809 22.5 15.1605 13.743 22.5 15.1605 22.4014 22.5 15.176 23.1304 22.5 15.176 23.3635 22.5 15.1961 24.3255 22.5 15.2349 25.0545 22.5 15.2529 25.2876 22.5 15.3832 26.2496 22.5 17.0414 36.5991 22.5 17.0739 36.8322 22.5 17.188 37.5611 22.5 17.6977 40.6804 22.5 17.8758 41.6424 22.5 18.0836 42.3714 22.5 18.1421 42.6045 22.5 18.4692 43.4671 22.5 18.5092 43.5665 22.5 19.0438 44.5286 22.5 19.1061 44.6108 22.5 19.2853 44.8387 22.5 19.8661 45.4906 22.5 19.9658 45.5896 22.5 20.2474 45.8775 22.5 20.7222 46.3186 22.5 20.8721 46.4527 22.5 21.2094 46.7034 22.5 22.1715 47.2015 22.5 22.5659 47.3647 22.5 22.6787 47.4147 22.5 22.799 47.464 22.5 23.1335 47.5952 22.5 23.3666 47.6484 22.5 24.0956 47.8651 22.5 24.3287 47.8739 22.5 25.2907 47.8983 22.5 26.0197 47.903 22.5 26.2528 47.885 22.5 26.9817 47.8398 22.5 27.9438 47.4546 22.5 28.9058 47.0364 22.5 29.8679 46.5043 22.5 29.9345 46.4527 22.5 30.6148 45.7918 22.5 30.83 45.589 22.5 30.9257 45.4906 22.5 31.745 44.5286 22.5 31.792 44.456 22.5 32.2913 43.5665 22.5 32.3803 43.3334 22.5 32.6381 42.6045 22.5 32.7364 42.2941 22.5 32.798 42.061 22.5 32.9254 41.6424 22.5 33.1069 40.6804 22.5 33.1397 40.4473 22.5 35.4168 26.2496 22.5 35.5471 25.2876 22.5 35.5833 24.3255 22.5 35.5833 12.7809 22.5 35.6402 12.5022 22.5 35.9914 11.8189 22.5 36.6023 11.5672 22.5 37.5643 11.3898 22.5 38.5264 11.3046 22.5 39.4884 11.2539 22.5 50.8 11.1115 22.5 50.8 50.8 22.5 0 50.8 22.5 
26 26 0 23.4
2 25 27 
1
82
0 11.2136 23.4 0.044337 11.1745 23.4 1.00639 11.1155 23.4 11.5889 11.2661 23.4 12.551 11.324 23.4 13.513 11.4259 23.4 14.2501 11.8189 23.4 14.4751 12.0376 23.4 14.9804 12.7809 23.4 15.1605 13.743 23.4 15.1605 23.3635 23.4 15.1787 24.3255 23.4 15.2529 25.2876 23.4 15.3833 26.2496 23.4 16.9268 35.8701 23.4 17.0609 36.8322 23.4 17.6979 40.6804 23.4 17.8728 41.6424 23.4 18.0712 42.4334 23.4 18.1066 42.6045 23.4 18.1513 42.7071 23.4 18.3233 43.1608 23.4 18.4589 43.498 23.4 18.49 43.5665 23.4 19.0281 44.5286 23.4 19.0738 44.5918 23.4 19.2853 44.8708 23.4 19.7381 45.3828 23.4 19.8288 45.4906 23.4 20.2474 45.9063 23.4 20.7557 46.3614 23.4 20.8632 46.4527 23.4 20.9268 46.4972 23.4 21.2094 46.7042 23.4 22.1715 47.2074 23.4 22.5543 47.3772 23.4 22.6344 47.4147 23.4 22.7254 47.4539 23.4 23.1335 47.6212 23.4 23.3046 47.6577 23.4 24.0956 47.8381 23.4 24.2667 47.8473 23.4 26.0197 47.9116 23.4 26.1908 47.8952 23.4 26.9817 47.8342 23.4 27.1528 47.771 23.4 27.9438 47.4553 23.4 28.7611 47.0978 23.4 28.9058 47.0318 23.4 29.8679 46.5111 23.4 29.8846 46.4989 23.4 29.9454 46.4527 23.4 30.6756 45.7648 23.4 30.83 45.6255 23.4 30.9623 45.4906 23.4 31.0972 45.3195 23.4 31.7662 44.5286 23.4 31.7867 44.4963 23.4 31.792 44.4875 23.4 32.3116 43.5665 23.4 32.6811 42.6045 23.4 32.7411 42.3722 23.4 32.7541 42.3441 23.4 32.8287 42.2011 23.4 32.9776 41.6424 23.4 33.0262 41.4713 23.4 33.1791 40.6804 23.4 33.1452 40.5093 23.4 33.2566 39.7183 23.4 35.4167 26.2496 23.4 35.5471 25.2876 23.4 35.5833 24.3255 23.4 35.5833 12.7809 23.4 35.6402 12.5022 23.4 35.9914 11.8189 23.4 36.6023 11.5672 23.4 37.5643 11.3898 23.4 38.5264 11.3046 23.4 39.4884 11.2539 23.4 50.8 11.1115 23.4 50.8 50.8 23.4 0 50.8 23.4 
27 27 0 24.3
2 26 28 
1
113
0 11.2137 24.3 0.00248742 11.2114 24.3 0.044337 11.1745 24.3 1.00639 11.1155 24.3 11.5889 11.2661 24.3 12.551 11.324 24.3 13.513 11.4259 24.3 14.2501 11.8189 24.3 14.4751 12.0376 24.3 14.9804 12.7809 24.3 15.1605 13.743 24.3 15.1605 23.3635 24.3 15.1787 24.3255 24.3 15.2529 25.2876 24.3 15.3836 26.2496 24.3 15.8294 29.0268 24.3 15.8408 29.1358 24.3 15.9769 29.9888 24.3 16 30.0978 24.3 16.2928 31.9129 24.3 16.7517 34.7991 24.3 16.9032 35.7611 24.3 17.0376 36.7232 24.3 17.059 36.8322 24.3 17.2082 37.6852 24.3 17.2294 37.7942 24.3 17.6775 40.5714 24.3 17.8528 41.5334 24.3 17.8298 41.6424 24.3 18.0064 42.4955 24.3 18.0467 42.6045 24.3 18.1003 42.6792 24.3 18.3233 43.1906 24.3 18.4786 43.5322 24.3 18.5004 43.5665 24.3 18.9707 44.4196 24.3 19.025 44.5286 24.3 19.2853 44.8888 24.3 19.7907 45.4906 24.3 20.2474 45.9454 24.3 20.8449 46.4527 24.3 21.2094 46.7082 24.3 22.1715 47.21 24.3 22.571 47.3971 24.3 22.6105 47.4147 24.3 22.68 47.443 24.3 23.1335 47.6383 24.3 23.2425 47.6594 24.3 24.0956 47.8414 24.3 24.2046 47.8541 24.3 25.0576 47.8997 24.3 25.1666 47.9012 24.3 26.0197 47.9332 24.3 26.1287 47.9149 24.3 26.9817 47.8334 24.3 27.0907 47.8062 24.3 27.9936 47.4728 24.3 28.8466 47.0857 24.3 28.9058 47.0607 24.3 29.0148 46.9936 24.3 29.8679 46.5305 24.3 29.889 46.5137 24.3 29.9721 46.4527 24.3 30.83 45.678 24.3 31.0122 45.4906 24.3 31.6848 44.6376 24.3 31.7671 44.5286 24.3 31.792 44.4873 24.3 31.7937 44.4848 24.3 32.2446 43.6755 24.3 32.2987 43.5665 24.3 32.6793 42.6045 24.3 32.7541 42.4433 24.3 33.1728 41.6424 24.3 33.2115 41.5334 24.3 33.4537 40.6804 24.3 33.4299 40.5714 24.3 33.2614 39.7183 24.3 33.2771 39.6093 24.3 33.7007 36.95 24.3 33.7164 36.841 24.3 33.8719 35.8701 24.3 33.8911 35.7611 24.3 34.0282 34.9081 24.3 34.051 34.7991 24.3 34.1888 33.946 24.3 34.2045 33.837 24.3 34.3425 32.984 24.3 34.4958 32.0219 24.3 34.6765 30.8768 24.3 34.6919 30.7678 24.3 34.9529 29.1358 24.3 34.9786 29.0268 24.3 35.1162 28.1737 24.3 35.1316 28.0647 24.3 35.2686 27.2117 24.3 35.2801 27.1027 24.3 35.4164 26.2496 24.3 35.5471 25.2876 24.3 35.5833 24.3255 24.3 35.5833 23.3635 24.3 35.5859 23.2545 24.3 35.5859 12.7809 24.3 35.6402 12.5142 24.3 35.6822 12.4248 24.3 35.9936 11.8189 24.3 36.6023 11.5672 24.3 37.5643 11.3898 24.3 38.5264 11.3046 24.3 39.4884 11.2539 24.3 50.8 11.1115 24.3 50.8 50.8 24.3 0 50.8 24.3 
28 28 0 25.2
2 27 29 
1
139
0 11.2136 25.2 0.044337 11.1745 25.2 1.00639 11.1155 25.2 11.5889 11.2661 25.2 12.551 11.324 25.2 13.513 11.4259 25.2 14.2501 11.8189 25.2 14.4751 12.0376 25.2 14.9804 12.7809 25.2 15.1605 13.743 25.2 15.1605 23.3635 25.2 15.1787 24.3255 25.2 15.2529 25.2876 25.2 15.3839 26.2496 25.2 15.6843 28.1267 25.2 15.6877 28.1737 25.2 15.7836 29.0888 25.2 15.7786 29.1358 25.2 15.9724 30.0508 25.2 15.9966 30.0978 25.2 16.154 31.0599 25.2 16.2873 31.9749 25.2 16.2942 32.0689 25.2 16.4297 32.984 25.2 16.4348 33.045 25.2 16.5686 33.946 25.2 16.5712 33.9931 25.2 16.7039 34.9081 25.2 16.7062 34.9551 25.2 16.8346 35.8701 25.2 17.0141 36.7852 25.2 17.0391 36.8322 25.2 17.2164 37.7472 25.2 17.2268 37.7942 25.2 17.2308 37.8412 25.2 17.3704 38.7563 25.2 17.3824 38.8033 25.2 17.5172 39.7183 25.2 17.6876 40.6334 25.2 17.684 40.6804 25.2 17.491 41.5954 25.2 17.4911 41.6424 25.2 17.8294 42.5575 25.2 17.8729 42.6515 25.2 17.8744 42.6538 25.2 18.3233 43.279 25.2 18.5062 43.5665 25.2 18.5067 43.5677 25.2 18.5277 43.6135 25.2 18.9831 44.5286 25.2 19.0091 44.5581 25.2 19.2853 44.9351 25.2 19.7294 45.4731 25.2 19.746 45.4906 25.2 20.2474 45.9992 25.2 20.7666 46.4361 25.2 20.8136 46.4781 25.2 21.2094 46.7602 25.2 22.1245 47.2452 25.2 22.1715 47.2787 25.2 22.4764 47.4147 25.2 23.0865 47.6627 25.2 23.1335 47.6691 25.2 23.1805 47.6741 25.2 24.0956 47.8515 25.2 25.0576 47.9639 25.2 25.1046 47.9623 25.2 26.0197 47.9751 25.2 26.0667 47.9696 25.2 26.9817 47.8162 25.2 27.0287 47.8113 25.2 27.9438 47.5827 25.2 27.9908 47.5757 25.2 28.4346 47.4147 25.2 28.9058 47.2153 25.2 28.9204 47.2044 25.2 28.9528 47.1773 25.2 29.8679 46.6139 25.2 29.8892 46.594 25.2 30.0661 46.4527 25.2 30.8043 45.7805 25.2 30.83 45.7563 25.2 31.0896 45.4906 25.2 31.7674 44.5949 25.2 31.792 44.5693 25.2 31.8111 44.5479 25.2 31.8251 44.5286 25.2 31.844 44.4816 25.2 32.2976 43.5665 25.2 32.3014 43.5195 25.2 32.666 42.6045 25.2 32.7489 42.4283 25.2 32.7541 42.4179 25.2 32.7744 42.3813 25.2 33.1681 41.6424 25.2 33.1875 41.5954 25.2 33.5125 40.6804 25.2 33.5146 40.6334 25.2 33.3154 39.7183 25.2 33.3181 39.6713 25.2 33.584 37.8412 25.2 33.5871 37.7942 25.2 33.7188 36.8792 25.2 33.7259 36.7852 25.2 33.8725 35.8701 25.2 33.8826 35.8231 25.2 34.0441 34.9081 25.2 34.0686 34.8611 25.2 34.2598 33.946 25.2 34.2625 33.899 25.2 34.5294 32.0689 25.2 34.5323 32.0219 25.2 34.7974 30.1448 25.2 34.7998 30.0978 25.2 34.9535 29.1358 25.2 34.9784 29.0888 25.2 35.1941 28.1737 25.2 35.3288 27.2117 25.2 35.3245 27.1647 25.2 35.4207 26.2496 25.2 35.4227 26.2026 25.2 35.5477 25.2876 25.2 35.5842 24.3255 25.2 35.5842 23.3635 25.2 35.6063 22.4484 25.2 35.6098 22.4014 25.2 35.6128 22.2249 25.2 35.6128 12.7809 25.2 35.6447 12.6166 25.2 35.9971 11.8659 25.2 36.0143 11.8189 25.2 36.577 11.5795 25.2 36.6023 11.5672 25.2 37.5643 11.3898 25.2 38.5264 11.3046 25.2 39.4884 11.2539 25.2 50.8 11.1115 25.2 50.8 50.8 25.2 0 50.8 25.2 
29 29 0 26.1
2 28 30 
1
141
0 11.2136 26.1 0.044337 11.1745 26.1 1.00639 11.1155 26.1 11.5889 11.2661 26.1 12.551 11.324 26.1 13.513 11.4259 26.1 14.2501 11.8189 26.1 14.4751 12.0376 26.1 14.9804 12.7809 26.1 15.1605 13.743 26.1 15.1605 23.3635 26.1 15.1787 24.3255 26.1 15.2468 25.2876 26.1 15.3714 26.2496 26.1 15.5179 27.2268 26.1 15.5867 28.1737 26.1 15.5883 28.1888 26.1 15.4871 29.1358 26.1 15.4903 29.1509 26.1 15.9774 30.0978 26.1 16.1446 31.0599 26.1 16.1468 31.075 26.1 16.2859 32.9689 26.1 16.2882 32.984 26.1 16.2935 33.0497 26.1 16.4015 34.896 26.1 16.4032 34.9081 26.1 16.4489 35.855 26.1 16.451 35.8701 26.1 16.454 35.8852 26.1 16.9561 36.8322 26.1 16.959 36.8473 26.1 17.1686 37.7942 26.1 17.2504 38.7412 26.1 17.2527 38.7563 26.1 17.4944 39.7032 26.1 17.4966 39.7183 26.1 17.4995 39.7334 26.1 17.4278 40.6804 26.1 17.4246 40.6955 26.1 17.4254 41.6424 26.1 17.431 41.6575 26.1 18.3074 43.5514 26.1 18.3176 43.5665 26.1 18.3233 43.5822 26.1 18.3263 43.5898 26.1 18.7494 44.5135 26.1 18.7569 44.5286 26.1 19.2807 45.1223 26.1 19.2853 45.1286 26.1 19.2926 45.1374 26.1 19.6281 45.4906 26.1 20.2474 46.11 26.1 20.256 46.1172 26.1 21.2029 46.9643 26.1 21.2094 46.969 26.1 21.2245 46.977 26.1 21.2341 46.9839 26.1 21.7948 47.4147 26.1 22.1715 47.6294 26.1 22.1866 47.6356 26.1 23.1335 47.7657 26.1 24.0805 47.8661 26.1 24.0956 47.869 26.1 25.0576 47.9869 26.1 26.0046 47.9556 26.1 26.0197 47.9558 26.1 26.9666 47.8446 26.1 26.9817 47.8421 26.1 27.9287 47.744 26.1 27.9438 47.7403 26.1 28.8907 47.5977 26.1 28.9058 47.5924 26.1 29.1955 47.4147 26.1 29.2001 47.4112 26.1 29.8528 46.8643 26.1 29.8679 46.855 26.1 30.2966 46.455 26.1 30.2995 46.4527 26.1 30.3117 46.4416 26.1 30.83 45.9539 26.1 31.286 45.4906 26.1 31.2972 45.4758 26.1 31.792 44.9605 26.1 32.1773 44.5289 26.1 32.1775 44.5286 26.1 32.5588 43.5816 26.1 32.5663 43.5665 26.1 32.642 42.6196 26.1 32.648 42.6045 26.1 32.6494 42.6016 26.1 32.7541 42.3912 26.1 33.1632 41.6546 26.1 33.1697 41.6424 26.1 33.5607 40.6955 26.1 33.5661 40.6804 26.1 33.6082 39.7334 26.1 33.6049 39.7183 26.1 33.6581 38.7714 26.1 33.6625 38.7412 26.1 33.7251 37.7942 26.1 33.7273 37.7791 26.1 33.8704 35.8852 26.1 33.8728 35.8701 26.1 34.0752 34.9232 26.1 34.0778 34.9081 26.1 34.5722 33.9611 26.1 34.5753 33.946 26.1 34.6305 32.9991 26.1 34.6349 32.9689 26.1 34.6924 32.0219 26.1 34.6947 32.0043 26.1 34.7637 31.0599 26.1 34.7658 31.0448 26.1 34.8156 30.0978 26.1 34.9751 29.1358 26.1 35.476 28.1888 26.1 35.4795 28.1737 26.1 35.607 27.2117 26.1 35.5202 26.2647 26.1 35.5218 26.2496 26.1 35.5621 25.3027 26.1 35.5641 25.2876 26.1 35.6007 24.3255 26.1 35.6007 23.3635 26.1 35.6011 23.3484 26.1 35.6718 22.4014 26.1 35.6721 22.3808 26.1 35.7298 21.4394 26.1 35.7298 12.7809 26.1 35.7304 12.7782 26.1 35.7362 12.7658 26.1 36.0827 11.8189 26.1 36.0919 11.8149 26.1 36.6023 11.5672 26.1 37.5643 11.3898 26.1 38.5264 11.3046 26.1 39.4884 11.2539 26.1 50.8 11.1115 26.1 50.8 50.8 26.1 0 50.8 26.1 
30 30 0 27
2 29 31 
1
99
0 11.2136 27 0.044337 11.1745 27 1.00639 11.1155 27 11.5889 11.2661 27 12.551 11.324 27 13.513 11.4259 27 14.2501 11.8189 27 14.4751 12.0376 27 14.9804 12.7809 27 15.1605 13.743 27 15.1605 23.3635 27 15.162 23.4406 27 15.162 24.3255 27 15.1674 24.4026 27 15.1859 25.2876 27 15.1959 25.3647 27 15.3215 27.1346 27 15.3329 27.2117 27 15.3891 28.1737 27 15.4901 29.0587 27 15.4818 29.1358 27 15.9739 30.0978 27 15.9873 30.1749 27 16.1186 31.0599 27 16.1239 31.137 27 16.211 32.0219 27 16.4436 35.8701 27 16.9552 36.8322 27 17.168 37.7942 27 17.251 38.7563 27 17.3128 39.6412 27 17.332 39.7183 27 17.3835 40.6033 27 17.3777 40.6804 27 17.3778 40.7575 27 17.4243 41.6424 27 18.3024 43.5665 27 18.3226 43.6183 27 18.3233 43.6202 27 18.3577 43.6954 27 18.7695 44.5286 27 19.2853 45.1137 27 19.6393 45.4906 27 20.2474 46.1052 27 21.2094 46.9792 27 21.7743 47.4147 27 22.1715 47.6415 27 24.0185 47.8856 27 24.0956 47.8938 27 25.0576 48.0203 27 26.0197 47.9803 27 26.9817 47.8791 27 27.8667 47.7447 27 27.9438 47.7367 27 28.8287 47.618 27 28.9058 47.6064 27 29.2171 47.4147 27 29.8679 46.8668 27 30.83 45.9533 27 31.792 44.9531 27 32.1709 44.5286 27 32.5918 43.6436 27 32.6229 43.5665 27 32.629 43.4894 27 32.757 42.6045 27 32.7652 42.5874 27 32.7985 42.5274 27 33.5671 40.6804 27 33.7276 37.7942 27 33.8053 36.8322 27 33.8949 35.9472 27 33.9005 35.8701 27 34.0629 34.9852 27 34.0794 34.9081 27 34.5805 33.946 27 34.7656 31.0599 27 34.8462 30.1749 27 34.8503 30.0978 27 34.9714 29.2129 27 34.9842 29.1358 27 35.4842 28.1737 27 35.6123 27.2117 27 35.6053 27.1346 27 35.7048 25.2876 27 35.7081 25.1778 27 35.7213 24.3255 27 35.7213 23.3635 27 35.7271 23.2864 27 35.7271 21.5165 27 35.7318 21.4394 27 35.7318 12.7809 27 36.0838 11.8189 27 36.6023 11.5672 27 37.5643 11.3898 27 38.5264 11.3046 27 39.4884 11.2539 27 50.8 11.1115 27 50.8 50.8 27 0 50.8 27 
31 31 0 27.9
2 30 32 
1
77
0 11.2136 27.9 0.044337 11.1745 27.9 1.00639 11.1155 27.9 11.5889 11.2661 27.9 12.551 11.324 27.9 13.513 11.4259 27.9 14.2501 11.8189 27.9 14.4751 12.0376 27.9 14.9804 12.7809 27.9 15.1605 13.743 27.9 15.1605 24.3255 27.9 15.1807 25.2876 27.9 15.373 28.1737 27.9 15.4371 28.7721 27.9 15.4817 29.1358 27.9 15.9737 30.0978 27.9 16.117 31.0599 27.9 16.2114 32.0219 27.9 16.2866 32.984 27.9 16.4436 35.8701 27.9 16.9556 36.8322 27.9 17.1683 37.7942 27.9 17.251 38.7563 27.9 17.4239 41.6424 27.9 17.4873 41.7816 27.9 17.8482 42.6045 27.9 18.2822 43.5665 27.9 18.3233 43.6684 27.9 18.3881 43.7994 27.9 18.7621 44.5286 27.9 19.2853 45.1204 27.9 19.6292 45.4906 27.9 20.2474 46.1173 27.9 21.2094 46.9749 27.9 21.7756 47.4147 27.9 22.1715 47.6418 27.9 22.9943 47.7349 27.9 23.1335 47.7529 27.9 24.0956 47.8927 27.9 24.9184 47.9801 27.9 25.0576 47.9986 27.9 26.0197 47.9633 27.9 26.8425 47.907 27.9 26.9817 47.8925 27.9 27.8046 47.7478 27.9 27.9438 47.7267 27.9 28.9058 47.609 27.9 29.218 47.4147 27.9 29.8679 46.8584 27.9 30.3812 46.3804 27.9 30.83 45.9644 27.9 31.792 44.9575 27.9 32.1759 44.5286 27.9 32.6435 43.5665 27.9 32.7812 42.6045 27.9 33.5672 40.6804 27.9 33.7279 37.7942 27.9 33.8059 36.8322 27.9 33.9033 35.8701 27.9 34.0796 34.9081 27.9 34.5805 33.946 27.9 34.7653 31.0599 27.9 34.8533 30.0978 27.9 34.9853 29.1358 27.9 35.4843 28.1737 27.9 35.6122 27.2117 27.9 35.7169 25.2876 27.9 35.7318 24.3255 27.9 35.7318 12.7809 27.9 36.0838 11.8189 27.9 36.6023 11.5672 27.9 37.5643 11.3898 27.9 38.5264 11.3046 27.9 39.4884 11.2539 27.9 50.8 11.1115 27.9 50.8 50.8 27.9 0 50.8 27.9 
32 32 0 28.8
2 31 33 
1
77
0 11.2136 28.8 0.044337 11.1745 28.8 1.00639 11.1155 28.8 11.5889 11.2661 28.8 12.551 11.324 28.8 13.513 11.4259 28.8 14.2501 11.8189 28.8 14.4751 12.0376 28.8 14.9804 12.7809 28.8 15.1605 13.743 28.8 15.1605 24.3255 28.8 15.1807 25.2876 28.8 15.3725 28.1737 28.8 15.4371 28.7756 28.8 15.4814 29.1358 28.8 15.974 30.0978 28.8 16.1175 31.0599 28.8 16.2117 32.0219 28.8 16.2862 32.984 28.8 16.4435 35.8701 28.8 16.9552 36.8322 28.8 17.1678 37.7942 28.8 17.2506 38.7563 28.8 17.4238 41.6424 28.8 17.512 41.8436 28.8 17.8323 42.6045 28.8 18.2696 43.5665 28.8 18.3233 43.6957 28.8 18.7596 44.5286 28.8 19.2853 45.1217 28.8 19.6313 45.4906 28.8 20.2474 46.1139 28.8 21.2094 46.9792 28.8 21.7821 47.4147 28.8 22.1715 47.6348 28.8 22.9323 47.7395 28.8 23.1335 47.7623 28.8 24.0956 47.9093 28.8 24.8564 47.9512 28.8 25.0576 47.9726 28.8 25.8185 47.9624 28.8 26.0197 47.9553 28.8 26.9817 47.8974 28.8 27.9438 47.7273 28.8 28.7046 47.6235 28.8 28.9058 47.5993 28.8 29.2081 47.4147 28.8 29.344 47.298 28.8 29.8679 46.8629 28.8 30.83 45.962 28.8 31.2892 45.4906 28.8 31.792 44.9592 28.8 32.178 44.5286 28.8 32.6536 43.5665 28.8 32.7947 42.6045 28.8 33.5672 40.6804 28.8 33.7281 37.7942 28.8 33.8058 36.8322 28.8 33.9033 35.8701 28.8 34.0802 34.9081 28.8 34.5807 33.946 28.8 34.7649 31.0599 28.8 34.853 30.0978 28.8 34.986 29.1358 28.8 35.4847 28.1737 28.8 35.6125 27.2117 28.8 35.7169 25.2876 28.8 35.7318 24.3255 28.8 35.7318 12.7809 28.8 36.0838 11.8189 28.8 36.6023 11.5672 28.8 37.5643 11.3898 28.8 38.5264 11.3046 28.8 39.4884 11.2539 28.8 50.8 11.1115 28.8 50.8 50.8 28.8 0 50.8 28.8 
33 33 0 29.7
2 32 34 
1
86
0 11.2136 29.7 0.044337 11.1745 29.7 1.00639 11.1155 29.7 11.5889 11.2661 29.7 12.551 11.324 29.7 13.513 11.4259 29.7 14.2501 11.8189 29.7 14.4751 12.0376 29.7 14.9804 12.7809 29.7 15.1605 13.743 29.7 15.1605 24.3255 29.7 15.1806 25.2876 29.7 15.372 28.1737 29.7 15.4371 28.7772 29.7 15.4814 29.1358 29.7 15.9744 30.0978 29.7 16.1178 31.0599 29.7 16.2114 32.0219 29.7 16.4434 35.8701 29.7 16.9546 36.8322 29.7 17.1672 37.7942 29.7 17.2501 38.7563 29.7 17.4237 41.6424 29.7 17.5346 41.9057 29.7 18.2936 43.5665 29.7 18.3079 43.6034 29.7 18.3233 43.6402 29.7 18.4426 43.8667 29.7 18.7656 44.5286 29.7 19.2853 45.1111 29.7 19.3803 45.2121 29.7 20.2474 46.0892 29.7 20.3496 46.1823 29.7 20.6245 46.4527 29.7 21.0484 46.8479 29.7 21.2094 46.9924 29.7 21.3666 47.1112 29.7 21.7955 47.4147 29.7 22.0654 47.5592 29.7 22.1715 47.6189 29.7 23.1335 47.76 29.7 23.8323 47.8801 29.7 24.0956 47.9207 29.7 24.7943 47.9216 29.7 25.0576 47.9361 29.7 26.7184 47.9162 29.7 26.9817 47.9009 29.7 27.6805 47.7607 29.7 27.9438 47.7141 29.7 28.9058 47.5837 29.7 29.1119 47.4645 29.7 29.194 47.4147 29.7 29.3752 47.2641 29.7 29.8679 46.8749 29.7 30.1857 46.5654 29.7 30.449 46.3181 29.7 31.4094 45.3452 29.7 31.792 44.9567 29.7 32.1752 44.5286 29.7 32.5036 43.8298 29.7 32.6342 43.5665 29.7 32.7763 42.6045 29.7 33.0687 41.9057 29.7 33.172 41.6424 29.7 33.5673 40.6804 29.7 33.7281 37.7942 29.7 33.8057 36.8322 29.7 33.9034 35.8701 29.7 34.0805 34.9081 29.7 34.5811 33.946 29.7 34.7646 31.0599 29.7 34.8527 30.0978 29.7 34.9859 29.1358 29.7 35.4851 28.1737 29.7 35.6131 27.2117 29.7 35.717 25.2876 29.7 35.7318 24.3255 29.7 35.7318 12.7809 29.7 36.0838 11.8189 29.7 36.6023 11.5672 29.7 37.5643 11.3898 29.7 38.5264 11.3046 29.7 39.4884 11.2539 29.7 50.8 11.1115 29.7 50.8 50.8 29.7 0 50.8 29.7 
34 34 0 30.6
2 33 35 
1
127
0 11.2136 30.6 0.044337 11.1744 30.6 1.00639 11.1154 30.6 11.5889 11.2636 30.6 12.551 11.3184 30.6 13.1877 11.3759 30.6 13.513 11.4103 30.6 14.2798 11.8189 30.6 14.399 11.9215 30.6 14.4751 11.9954 30.6 14.646 12.2468 30.6 15.0861 12.7809 30.6 15.147 13.1062 30.6 15.2923 13.743 30.6 15.2923 21.7647 30.6 15.2734 22.4014 30.6 15.2734 22.7267 30.6 15.2375 23.3635 30.6 15.236 24.3255 30.6 15.253 25.2876 30.6 15.276 25.6129 30.6 15.3084 26.2496 30.6 15.3312 26.5749 30.6 15.411 28.1737 30.6 15.4371 28.4202 30.6 15.52 29.1358 30.6 15.6867 29.4611 30.6 16.0937 30.0978 30.6 16.1422 30.4231 30.6 16.2662 31.0599 30.6 16.2977 31.3852 30.6 16.3247 32.0219 30.6 16.3499 32.3472 30.6 16.3722 32.984 30.6 16.3867 33.2132 30.6 16.487 35.8701 30.6 16.6598 36.1954 30.6 17.088 36.8322 30.6 17.2955 37.7836 30.6 17.2973 37.7942 30.6 17.3246 38.111 30.6 17.3405 38.7563 30.6 17.3531 38.9349 30.6 17.3725 39.7183 30.6 17.3915 40.0436 30.6 17.4121 40.6804 30.6 17.4548 41.6424 30.6 18.3166 43.4914 30.6 18.3446 43.5665 30.6 18.5016 43.8918 30.6 18.8556 44.5286 30.6 19.1104 44.7929 30.6 19.2853 44.9886 30.6 21.0121 46.7122 30.6 21.2094 46.8962 30.6 21.4091 47.0375 30.6 21.9084 47.4147 30.6 22.1715 47.5565 30.6 22.8082 47.6053 30.6 23.1335 47.6542 30.6 23.7703 47.7025 30.6 24.0956 47.7584 30.6 26.0197 47.7633 30.6 26.9817 47.7429 30.6 27.6185 47.6933 30.6 27.9438 47.628 30.6 28.5805 47.5796 30.6 28.9058 47.5356 30.6 29.0146 47.4702 30.6 29.1106 47.4147 30.6 29.3399 47.2335 30.6 29.8679 46.79 30.6 31.792 44.8634 30.6 31.9758 44.673 30.6 32.105 44.5286 30.6 32.4412 43.8918 30.6 32.5941 43.5665 30.6 32.6631 42.9298 30.6 32.7111 42.6045 30.6 32.7541 42.4849 30.6 33.1153 41.6424 30.6 33.4033 41.0057 30.6 33.5374 40.6804 30.6 33.5561 40.0436 30.6 33.5712 39.7183 30.6 33.5826 39.0816 30.6 33.6004 38.7563 30.6 33.6147 38.1195 30.6 33.6361 37.7942 30.6 33.6585 37.1884 30.6 33.6862 36.8322 30.6 33.6996 36.5174 30.6 33.7467 35.8701 30.6 33.8449 35.2334 30.6 33.9048 34.9081 30.6 34.3563 34.2713 30.6 34.5256 33.946 30.6 34.5759 32.984 30.6 34.595 32.3472 30.6 34.6145 32.0219 30.6 34.6346 31.4364 30.6 34.6602 31.0599 30.6 34.7403 30.4231 30.6 34.7701 30.0978 30.6 34.8377 29.4611 30.6 34.8828 29.1358 30.6 35.2814 28.499 30.6 35.4503 28.1737 30.6 35.5765 27.2117 30.6 35.6209 26.2496 30.6 35.6636 25.2876 30.6 35.6765 24.3255 30.6 35.6763 23.0382 30.6 35.6524 22.4014 30.6 35.6524 22.2738 30.6 35.6397 21.4394 30.6 35.6493 12.7809 30.6 35.9958 11.8189 30.6 36.1711 11.7338 30.6 36.6023 11.5336 30.6 37.239 11.4392 30.6 37.5643 11.3792 30.6 38.5264 11.3005 30.6 39.4884 11.2519 30.6 50.8 11.1115 30.6 50.8 50.8 30.6 0 50.8 30.6 
35 35 0 31.5
2 34 36 
1
123
0 11.2133 31.5 0.044337 11.1742 31.5 1.00639 11.1152 31.5 13.1256 11.3408 31.5 13.513 11.3758 31.5 14.3425 11.8189 31.5 14.4751 11.9323 31.5 14.7429 12.2573 31.5 15.2233 12.7809 31.5 15.3117 13.1683 31.5 15.4059 13.4907 31.5 15.4574 13.743 31.5 15.4574 21.4394 31.5 15.4298 22.4014 31.5 15.3547 23.9381 31.5 15.3537 24.3255 31.5 15.3681 25.2876 31.5 15.3878 25.675 31.5 15.4038 26.2496 31.5 15.4207 26.576 31.5 15.4752 28.1737 31.5 15.5875 29.1358 31.5 15.8351 29.5232 31.5 16.3007 30.0863 31.5 16.3097 30.0978 31.5 16.3782 30.4498 31.5 16.433 31.0599 31.5 16.4869 32.4093 31.5 16.5098 33.3714 31.5 16.5399 34.9081 31.5 16.5726 35.8701 31.5 16.8331 36.2575 31.5 17.253 36.8322 31.5 17.2787 36.9203 31.5 17.3612 37.3012 31.5 17.3623 37.3077 31.5 17.4601 37.7942 31.5 17.4695 38.1816 31.5 17.4758 39.1437 31.5 17.465 39.7183 31.5 17.4776 40.1057 31.5 17.4788 40.6804 31.5 17.4945 41.0678 31.5 17.5074 41.6424 31.5 17.69 42.0298 31.5 18.1626 42.9554 31.5 18.3233 43.2971 31.5 18.3403 43.3428 31.5 18.4299 43.5665 31.5 18.6452 43.9539 31.5 18.9819 44.5286 31.5 19.1303 44.6769 31.5 19.2853 44.8377 31.5 21.2094 46.7547 31.5 22.0822 47.4147 31.5 22.1715 47.4631 31.5 22.7461 47.4866 31.5 23.1335 47.5163 31.5 23.7082 47.5341 31.5 24.0956 47.5635 31.5 26.0197 47.5751 31.5 27.5564 47.5361 31.5 28.3312 47.4765 31.5 28.9058 47.4528 31.5 28.9692 47.4147 31.5 29.8679 46.6596 31.5 31.8845 44.6444 31.5 31.9963 44.5286 31.5 32.3253 43.9539 31.5 32.5299 43.5665 31.5 32.5726 42.9919 31.5 32.6145 42.6045 31.5 32.7541 42.2178 31.5 32.8804 41.9489 31.5 33.0144 41.6424 31.5 33.3088 41.0678 31.5 33.4841 40.6804 31.5 33.486 40.1057 31.5 33.4974 39.7183 31.5 33.4892 39.1437 31.5 33.4962 38.7563 31.5 33.4978 38.1816 31.5 33.5174 37.2196 31.5 33.5317 36.8322 31.5 33.5438 36.2575 31.5 33.5604 35.8701 31.5 33.6494 35.2955 31.5 33.6696 35.1391 31.5 33.7042 34.9081 31.5 33.7161 34.8932 31.5 34.1521 34.3334 31.5 34.4268 33.946 31.5 34.4741 32.984 31.5 34.5297 31.0599 31.5 34.5726 30.4852 31.5 34.6216 30.0978 31.5 34.6999 29.1358 31.5 35.1436 28.5611 31.5 35.3862 28.1737 31.5 35.5156 27.2117 31.5 35.5479 26.2496 31.5 35.5624 25.675 31.5 35.5778 25.2876 31.5 35.5874 24.3255 31.5 35.5699 23.7838 31.5 35.5687 23.3635 31.5 35.5291 22.4014 31.5 35.5087 21.4394 31.5 35.5195 12.7809 31.5 35.533 12.7073 31.5 35.6402 12.2285 31.5 35.6892 12.1326 31.5 35.8143 11.8189 31.5 36.0766 11.6971 31.5 36.6023 11.4655 31.5 37.1769 11.411 31.5 37.5643 11.3535 31.5 38.139 11.3181 31.5 38.5264 11.2877 31.5 39.4884 11.2447 31.5 50.8 11.1113 31.5 50.8 50.8 31.5 0 50.8 31.5 
36 36 0 32.4
2 35 37 
1
119
0 11.2166 32.4 0.044337 11.1776 32.4 0.556965 11.1609 32.4 1.00639 11.1333 32.4 13.0636 11.3164 32.4 13.513 11.3465 32.4 13.9155 11.5619 32.4 14.4175 11.8189 32.4 14.4281 11.8421 32.4 14.4751 11.882 32.4 14.8508 12.2915 32.4 14.9819 12.7809 32.4 15.0105 13.2936 32.4 15.1325 13.743 32.4 15.1321 21.4394 32.4 15.1164 21.9362 32.4 15.1105 22.4014 32.4 15.0839 22.8602 32.4 15.071 23.3635 32.4 15.0501 23.8129 32.4 15.2046 24.3255 32.4 15.211 24.7749 32.4 15.4294 25.117 32.4 15.4994 25.2876 32.4 15.512 25.737 32.4 15.5173 26.2496 32.4 15.5312 26.699 32.4 15.5373 27.2117 32.4 15.5502 27.6611 32.4 15.5565 28.1737 32.4 15.6101 28.6231 32.4 15.6159 29.1358 32.4 15.7306 29.6484 32.4 16.1038 30.0978 32.4 16.3992 30.4247 32.4 16.5085 30.6105 32.4 16.5466 31.0599 32.4 16.5832 32.0219 32.4 16.6231 34.9081 32.4 16.6376 35.3575 32.4 16.6425 35.8701 32.4 16.9708 36.3195 32.4 17.0039 36.8322 32.4 17.0235 37.3448 32.4 17.1362 37.7942 32.4 17.3612 38.1093 32.4 17.4377 38.239 32.4 17.4859 38.3069 32.4 17.4866 38.7563 32.4 17.4782 39.2057 32.4 17.5585 39.7183 32.4 17.5597 40.6804 32.4 17.5755 41.6424 32.4 17.8024 42.0918 32.4 18.1805 42.7656 32.4 18.3233 43.04 32.4 18.5385 43.5665 32.4 18.8018 44.0159 32.4 19.0824 44.5286 32.4 21.2094 46.646 32.4 22.1671 47.374 32.4 22.1715 47.3767 32.4 23.1335 47.4103 32.4 25.0576 47.4478 32.4 26.0197 47.4461 32.4 27.9438 47.4045 32.4 28.9058 47.3667 32.4 29.8679 46.5567 32.4 31.9037 44.5286 32.4 32.186 44.0159 32.4 32.4433 43.5665 32.4 32.4608 43.0539 32.4 32.4942 42.6045 32.4 32.5806 42.3654 32.4 32.7541 41.9167 32.4 32.7895 41.8527 32.4 32.8883 41.6424 32.4 33.1873 41.1298 32.4 33.4175 40.6804 32.4 33.4191 39.7183 32.4 33.4352 35.8701 32.4 33.5867 34.9081 32.4 33.6231 34.8628 32.4 33.7161 34.7526 32.4 34.3382 33.946 32.4 34.3856 32.984 32.4 34.3983 32.0219 32.4 34.4477 30.5472 32.4 34.4813 30.0978 32.4 34.4919 29.5852 32.4 34.5253 29.1358 32.4 34.5519 29.0942 32.4 34.6782 28.9143 32.4 34.9815 28.5816 32.4 35.2977 28.1737 32.4 35.3763 27.6611 32.4 35.4381 27.2117 32.4 35.4444 26.699 32.4 35.4569 26.2496 32.4 35.4624 25.737 32.4 35.4737 25.2876 32.4 35.4797 24.3255 32.4 35.4737 23.8129 32.4 35.4244 22.4014 32.4 35.4063 21.4394 32.4 35.4113 12.7809 32.4 35.6128 11.8939 32.4 35.6337 11.8189 32.4 35.6402 11.8116 32.4 36.0896 11.6071 32.4 36.6023 11.3979 32.4 37.1149 11.3758 32.4 37.5643 11.3331 32.4 38.077 11.3136 32.4 38.5264 11.2858 32.4 39.4884 11.2515 32.4 50.8 11.1293 32.4 50.8 50.8 32.4 0 50.8 32.4 
37 37 0 33.3
1 36 
1
104
0 11.571 33.3 0.044337 11.532 33.3 0.563873 11.5253 33.3 1.00639 11.5109 33.3 13.513 11.6741 33.3 13.7958 11.8189 33.3 14.0592 12.365 33.3 14.2195 12.7809 33.3 14.2785 13.5464 33.3 14.2772 21.4394 33.3 14.2566 22.4014 33.3 14.2234 23.3635 33.3 14.4751 23.8401 33.3 14.5367 24.0995 33.3 14.6048 24.3255 33.3 14.8219 24.6723 33.3 15.0212 25.2876 33.3 15.0402 26.2496 33.3 15.1109 29.1358 33.3 15.3718 30.0325 33.3 15.3742 30.0978 33.3 15.4371 30.1661 33.3 16.0951 31.0599 33.3 16.1595 31.7822 33.3 16.1739 32.0219 33.3 16.2913 36.8322 33.3 16.3363 37.7313 33.3 16.3372 37.7942 33.3 16.3992 37.8694 33.3 16.8913 38.7563 33.3 17.1516 39.5087 33.3 17.1607 39.7183 33.3 17.1608 40.6804 33.3 17.1875 41.6424 33.3 17.3612 41.8643 33.3 17.455 42.2469 33.3 17.6543 42.6045 33.3 18.1625 43.4057 33.3 18.1939 43.5665 33.3 18.3233 43.7207 33.3 18.4278 44.1596 33.3 18.6297 44.5286 33.3 21.2094 47.0887 33.3 21.6612 47.4147 33.3 22.1715 47.8705 33.3 22.6373 47.8805 33.3 23.1335 47.9021 33.3 23.6292 47.9104 33.3 24.0956 47.9264 33.3 24.6154 47.9346 33.3 25.0576 47.9484 33.3 26.5407 47.9357 33.3 26.9817 47.92 33.3 27.4786 47.9116 33.3 28.4139 47.8849 33.3 28.9058 47.8577 33.3 29.3374 47.8463 33.3 29.3894 47.4147 33.3 29.4645 47.3782 33.3 29.8679 47.0382 33.3 32.3938 44.5286 33.3 32.6612 43.6671 33.3 32.7166 43.5665 33.3 32.7433 42.6045 33.3 32.7541 42.5767 33.3 33.342 41.6891 33.3 33.3678 41.6424 33.3 33.6721 40.7277 33.3 33.6997 40.6804 33.3 33.7043 35.8701 33.3 33.7161 35.7878 33.3 34.0324 35.2244 33.3 34.0415 34.9081 33.3 34.5037 34.1205 33.3 34.6001 34.0073 33.3 34.6477 33.946 33.3 34.6654 33.0168 33.3 34.667 32.984 33.3 34.6755 32.0219 33.3 34.6782 31.9264 33.3 34.7592 31.1409 33.3 34.7643 31.0599 33.3 34.8414 30.261 33.3 34.8963 29.3539 33.3 34.9046 29.1358 33.3 35.2219 28.5921 33.3 35.5023 28.2632 33.3 35.5839 28.1737 33.3 35.6402 27.7325 33.3 35.8291 27.4006 33.3 35.8963 24.3255 33.3 35.8667 23.3635 33.3 35.8023 22.5635 33.3 35.7581 21.5572 33.3 35.7555 21.4394 33.3 35.7614 12.7809 33.3 36.1163 12.2949 33.3 36.3083 11.8189 33.3 36.3478 11.8037 33.3 36.6023 11.6998 33.3 38.5264 11.6338 33.3 50.8 11.5075 33.3 50.8 50.8 33.3 0 50.8 33.3 
