57
1
7
11.157 1.03279 -50.8 11.1855 43.95 -50.8 12 43.1356 -50.8 50.8 43.1253 -50.8 50.8 2.55662e-006 -50.8 11.2679 4.39906e-015 -50.8 11.2067 0.0716279 -50.8 
1
7
11.1652 1.03279 -49.9 11.2044 43.9498 -49.9 12 43.1542 -49.9 50.8 43.1394 -49.9 50.8 4.32112e-015 -49.9 11.2748 4.32112e-015 -49.9 11.2137 0.071628 -49.9 
1
7
11.1739 1.03279 -49 11.2209 0.071628 -49 11.2818 4.24318e-015 -49 50.8 4.24319e-015 -49 50.8 43.1565 -49 12 43.1786 -49 11.2293 43.9492 -49 
1
9
11.1829 1.03279 -48.1 11.2281 0.071628 -48.1 11.2888 4.16525e-015 -48.1 50.8 4.16525e-015 -48.1 50.8 43.1768 -48.1 12 43.2135 -48.1 11.2637 43.9498 -48.1 11.2613 5.83861 -48.1 11.2504 4.87745 -48.1 
1
12
11.1916 1.03279 -47.2 11.2347 0.071628 -47.2 11.2952 4.08731e-015 -47.2 50.8 4.08731e-015 -47.2 50.8 43.2 -47.2 50 43.226 -47.2 49.8 43.2291 -47.2 49 43.2536 -47.2 12 43.2657 -47.2 11.3153 43.9505 -47.2 11.3103 5.83861 -47.2 11.2897 4.87745 -47.2 
1
18
11.1991 1.03279 -46.3 11.2552 3.04963 -46.3 11.2955 4.01079 -46.3 11.343 4.87745 -46.3 11.3451 4.97196 -46.3 11.3892 5.83861 -46.3 11.4022 43.9503 -46.3 12 43.3526 -46.3 48 43.3526 -46.3 48.7 43.3258 -46.3 49 43.3217 -46.3 49.7 43.2758 -46.3 50 43.2666 -46.3 50.7 43.2291 -46.3 50.8 43.2259 -46.3 50.8 4.00938e-015 -46.3 11.3005 4.00938e-015 -46.3 11.2399 0.071628 -46.3 
1
19
11.2043 1.03279 -45.4 11.2736 3.11081 -45.4 11.3291 4.07197 -45.4 11.4041 4.87745 -45.4 11.412 5.03314 -45.4 11.5281 5.83861 -45.4 11.5303 5.9943 -45.4 11.5769 6.79978 -45.4 11.5799 43.949 -45.4 12 43.5288 -45.4 48 43.5288 -45.4 48.6 43.4308 -45.4 49 43.4155 -45.4 49.6 43.3328 -45.4 50.6 43.2601 -45.4 50.8 43.2494 -45.4 50.8 3.93144e-015 -45.4 11.304 3.93144e-015 -45.4 11.2436 0.071628 -45.4 
2
27
11.2066 1.03279 -44.5 11.2451 0.071628 -44.5 11.3054 3.85351e-015 -44.5 50.8 3.8535e-015 -44.5 50.8 43.2637 -44.5 50 43.3285 -44.5 49.5 43.3974 -44.5 48.5 43.5625 -44.5 48 43.3125 -44.5 47.5 43.3125 -44.5 47.5 43.8125 -44.5 47 43.9375 -44.5 12.2313 43.9375 -44.5 12.3817 43.7411 -44.5 12.662 43.324 -44.5 12.662 8.58527 -44.5 12.6894 7.76094 -44.5 12.628 7.59016 -44.5 12.6173 6.79978 -44.5 11.8376 6.57755 -44.5 11.6648 6.0555 -44.5 11.6523 5.83861 -44.5 11.4704 5.09434 -44.5 11.4392 4.87745 -44.5 11.3545 4.13317 -44.5 11.3343 3.91628 -44.5 11.2735 2.95512 -44.5 
13
47.4007 16.3427 -44.5 47.1688 16.1795 -44.5 47.1688 16.4114 -44.5 46.9653 16.9372 -44.5 46.9653 22.1784 -44.5 47.4007 22.3393 -44.5 47.4047 22.3325 -44.5 47.5179 22.1784 -44.5 47.5179 21.3713 -44.5 47.544 21.2172 -44.5 47.544 17.3726 -44.5 47.4618 16.4771 -44.5 47.433 16.4114 -44.5 
2
109
50.8 3.77557e-015 -43.6 50.8 43.2666 -43.6 50.7998 43.2667 -43.6 50 43.3333 -43.6 49.0596 43.4901 -43.6 49.0609 41.6638 -43.6 48.4059 41.8849 -43.6 48.3619 41.9012 -43.6 48.091 41.703 -43.6 48.0732 41.6797 -43.6 48.0725 41.1237 -43.6 48.2333 40.4405 -43.6 48.3619 40.1688 -43.6 49.0609 40.1784 -43.6 49.0609 39.4794 -43.6 49.1275 39.2839 -43.6 49.1275 38.5182 -43.6 49.1376 38.3328 -43.6 49.1376 37.557 -43.6 49.0609 37.2949 -43.6 49.0609 35.6347 -43.6 48.3619 34.6852 -43.6 48.3573 34.6783 -43.6 48.3573 34.6735 -43.6 48.3311 33.744 -43.6 48.3311 33.7124 -43.6 48.3619 33.6492 -43.6 49.0941 33.4835 -43.6 49.0941 32.7512 -43.6 49.1694 32.5976 -43.6 49.173 31.79 -43.6 48.8596 31.3266 -43.6 48.8527 30.338 -43.6 48.444 30.5607 -43.6 48.3619 30.6201 -43.6 48.0905 30.2972 -43.6 48.0188 30.1457 -43.6 48.0193 29.5897 -43.6 48.3142 29.3609 -43.6 48.3619 29.2944 -43.6 49.0418 29.5865 -43.6 49.0418 28.9065 -43.6 49.064 28.6475 -43.6 49.064 27.9454 -43.6 49.1915 27.8139 -43.6 49.2007 26.9842 -43.6 49.0766 26.7378 -43.6 49.0609 26.0231 -43.6 49.0322 25.7323 -43.6 49.0322 24.3915 -43.6 48.4976 24.6189 -43.6 48.3619 24.6865 -43.6 48.091 24.4831 -43.6 48.0193 24.3787 -43.6 48.0193 23.8227 -43.6 48.3117 23.6175 -43.6 48.3619 23.5538 -43.6 49.0609 23.8386 -43.6 49.0609 23.1396 -43.6 49.1734 22.99 -43.6 49.1788 22.1784 -43.6 49.1971 22.0525 -43.6 49.2015 17.3726 -43.6 49.1309 17.1805 -43.6 49.1177 16.4114 -43.6 49.0609 16.1493 -43.6 49.0609 14.4891 -43.6 49.1262 14.2922 -43.6 49.1262 13.5279 -43.6 49.139 13.3439 -43.6 49.139 12.5668 -43.6 49.0609 12.3047 -43.6 49.0609 10.6444 -43.6 48.3995 9.7209 -43.6 48.3995 9.68327 -43.6 48.3619 9.57017 -43.6 48.3205 8.76448 -43.6 48.3205 8.72211 -43.6 48.3619 8.39086 -43.6 48.7151 8.11416 -43.6 48.7151 7.76094 -43.6 48.3619 7.52055 -43.6 48.0911 6.79978 -43.6 47.7826 6.2205 -43.6 48.3619 5.9965 -43.6 48.6005 6.07722 -43.6 48.5608 5.83861 -43.6 48.3619 5.66981 -43.6 48.1755 5.65218 -43.6 47.4007 5.40933 -43.6 46.9714 5.40933 -43.6 46.4395 5.39451 -43.6 45.0343 5.39451 -43.6 44.5172 5.35124 -43.6 44.0298 5.35124 -43.6 43.556 5.39451 -43.6 13.3159 5.39451 -43.6 12.7988 5.34714 -43.6 12.1484 4.87745 -43.6 11.8376 4.38383 -43.6 11.8029 4.00143 -43.6 11.7932 3.91628 -43.6 11.7538 3.11598 -43.6 11.7434 2.95512 -43.6 11.7115 1.99396 -43.6 11.6895 1.03279 -43.6 11.6856 0.303267 -43.6 11.6949 0.071628 -43.6 11.7552 3.77557e-015 -43.6 
249
26.2551 10.3552 -43.6 25.9771 10.3839 -43.6 25.438 10.4895 -43.6 25.2939 10.5604 -43.6 25.1431 10.6186 -43.6 25.1225 10.6444 -43.6 24.3328 10.8701 -43.6 24.0548 10.9148 -43.6 23.3716 11.1802 -43.6 23.0936 11.3161 -43.6 22.6575 11.4973 -43.6 22.5779 11.6056 -43.6 22.4104 11.6775 -43.6 22.1324 11.7834 -43.6 21.4493 12.159 -43.6 21.1194 12.3605 -43.6 20.855 12.5668 -43.6 20.8414 12.5752 -43.6 20.4881 12.802 -43.6 20.2101 12.8627 -43.6 19.5878 13.319 -43.6 19.5269 13.4931 -43.6 19.5005 13.5279 -43.6 19.4806 13.5427 -43.6 19.2489 13.6638 -43.6 18.5658 14.256 -43.6 18.5198 14.2997 -43.6 18.3284 14.4891 -43.6 17.6046 15.2597 -43.6 17.6023 15.2624 -43.6 17.3492 15.4503 -43.6 16.7985 16.1334 -43.6 16.7735 16.2051 -43.6 16.7498 16.4114 -43.6 16.6434 16.5614 -43.6 16.3673 16.9701 -43.6 16.2144 17.0946 -43.6 16.0656 17.3726 -43.6 16.0278 17.4317 -43.6 15.6823 18.0267 -43.6 15.6338 18.1148 -43.6 15.4372 18.3337 -43.6 15.3798 18.6117 -43.6 15.0494 19.2949 -43.6 14.7655 19.9781 -43.6 14.7415 20.0275 -43.6 14.7211 20.0889 -43.6 14.6003 20.2561 -43.6 14.3617 20.9392 -43.6 14.3193 21.2172 -43.6 14.2685 21.4952 -43.6 14.0963 22.1784 -43.6 13.9564 22.8616 -43.6 13.9368 22.9277 -43.6 13.8953 23.1396 -43.6 13.8204 23.6624 -43.6 13.778 24.1007 -43.6 13.76 24.4501 -43.6 13.6916 25.0619 -43.6 13.6924 25.1786 -43.6 13.7145 26.0231 -43.6 13.7182 26.1017 -43.6 13.76 26.3145 -43.6 13.8093 26.9842 -43.6 13.8657 27.3057 -43.6 13.9584 27.9454 -43.6 14.021 28.2234 -43.6 14.2164 29.1845 -43.6 14.3913 29.8677 -43.6 14.4362 30.1457 -43.6 14.579 30.5791 -43.6 14.7211 30.7385 -43.6 14.7524 30.8289 -43.6 14.8616 31.1069 -43.6 15.1718 31.79 -43.6 15.25 32.068 -43.6 15.5365 32.667 -43.6 15.6375 32.7512 -43.6 15.6823 32.7977 -43.6 15.7079 32.8366 -43.6 15.8091 33.0292 -43.6 16.2429 33.7124 -43.6 16.4489 34.0101 -43.6 16.6434 34.2514 -43.6 16.9522 34.6735 -43.6 17.1316 34.9515 -43.6 17.5322 35.4338 -43.6 17.6046 35.4588 -43.6 17.7623 35.6347 -43.6 17.7846 35.709 -43.6 17.9774 35.9127 -43.6 18.4805 36.4255 -43.6 18.5658 36.4532 -43.6 18.7184 36.5959 -43.6 19.1378 36.9568 -43.6 19.2489 37.1113 -43.6 19.5269 37.2933 -43.6 19.5427 37.3049 -43.6 19.8735 37.557 -43.6 20.2258 37.8119 -43.6 20.4881 38.0243 -43.6 20.5844 38.09 -43.6 21.2394 38.5182 -43.6 21.2676 38.5355 -43.6 21.4493 38.6973 -43.6 22.1324 39.0431 -43.6 22.4104 39.1436 -43.6 22.4454 39.1594 -43.6 23.1286 39.4805 -43.6 23.3716 39.6399 -43.6 24.0548 39.8675 -43.6 24.3328 39.9314 -43.6 25.0159 40.1441 -43.6 25.1472 40.1988 -43.6 25.8834 40.3619 -43.6 26.2551 40.4119 -43.6 26.4438 40.4405 -43.6 26.4697 40.4439 -43.6 26.9382 40.5982 -43.6 27.2162 40.613 -43.6 27.8994 40.6605 -43.6 29.1386 40.6801 -43.6 29.8217 40.6567 -43.6 30.0997 40.6539 -43.6 30.3777 40.6455 -43.6 30.9282 40.5985 -43.6 31.0609 40.5704 -43.6 31.2895 40.5539 -43.6 31.569 40.4405 -43.6 32.0221 40.3691 -43.6 32.4124 40.2727 -43.6 32.9832 40.1706 -43.6 33.2612 40.0844 -43.6 33.9444 39.8608 -43.6 34.2224 39.7912 -43.6 34.6817 39.6253 -43.6 34.8257 39.4794 -43.6 34.9056 39.4496 -43.6 35.1836 39.3765 -43.6 35.8667 39.0479 -43.6 36.1447 38.9453 -43.6 36.6366 38.6743 -43.6 36.7279 38.5182 -43.6 36.8279 38.462 -43.6 37.1059 38.3225 -43.6 37.7891 37.8674 -43.6 37.9494 37.7468 -43.6 38.1893 37.557 -43.6 38.2274 37.5291 -43.6 38.7502 37.1179 -43.6 39.0282 36.8895 -43.6 39.3351 36.6176 -43.6 39.3385 36.5959 -43.6 39.7114 36.2381 -43.6 40.0172 35.919 -43.6 40.0475 35.9127 -43.6 40.2881 35.6347 -43.6 40.298 35.6227 -43.6 40.6725 35.1909 -43.6 41.0914 34.6735 -43.6 41.1546 34.5782 -43.6 41.6337 33.9083 -43.6 41.6427 33.8951 -43.6 41.7931 33.7124 -43.6 42.2208 33.0292 -43.6 42.3484 32.8458 -43.6 42.3772 32.7512 -43.6 42.5949 32.317 -43.6 42.674 32.1479 -43.6 42.7863 32.068 -43.6 42.8695 31.79 -43.6 43.173 31.1069 -43.6 43.2659 30.9266 -43.6 43.2886 30.8289 -43.6 43.5058 30.1992 -43.6 43.5518 29.8677 -43.6 43.5652 29.8154 -43.6 43.8227 29.1845 -43.6 43.8917 28.9065 -43.6 44.0329 28.2234 -43.6 44.0949 27.9454 -43.6 44.2097 27.2622 -43.6 44.2107 27.255 -43.6 44.2299 26.9842 -43.6 44.2872 26.3439 -43.6 44.2988 26.0231 -43.6 44.308 25.0619 -43.6 44.2736 24.4588 -43.6 44.2631 24.1007 -43.6 44.1732 23.4715 -43.6 44.1507 23.1396 -43.6 44.0876 22.8616 -43.6 43.9473 22.1784 -43.6 43.7037 21.2286 -43.6 43.6961 21.2172 -43.6 43.6371 20.9535 -43.6 43.556 20.8853 -43.6 43.277 19.9781 -43.6 42.9952 19.2949 -43.6 42.8892 19.0169 -43.6 42.7046 18.6377 -43.6 42.5949 18.5664 -43.6 42.4828 18.3337 -43.6 42.362 18.0557 -43.6 41.9708 17.3726 -43.6 41.8253 17.16 -43.6 41.6337 16.8985 -43.6 41.6233 16.882 -43.6 41.2973 16.4114 -43.6 41.1379 16.1334 -43.6 40.7807 15.6806 -43.6 40.6725 15.6326 -43.6 40.5205 15.4503 -43.6 40.3325 15.1723 -43.6 40.0122 14.9075 -43.6 39.7114 14.5831 -43.6 39.6147 14.4891 -43.6 39.391 14.2111 -43.6 39.166 14.0688 -43.6 38.7502 13.6966 -43.6 38.541 13.5279 -43.6 38.2094 13.2755 -43.6 38.0671 13.0935 -43.6 37.7891 12.9546 -43.6 37.7511 12.9311 -43.6 37.2079 12.5668 -43.6 37.0679 12.4782 -43.6 36.8279 12.3073 -43.6 36.1447 11.9266 -43.6 35.985 11.8195 -43.6 35.8667 11.7791 -43.6 35.5009 11.6056 -43.6 35.3126 11.5209 -43.6 35.1836 11.3829 -43.6 34.9056 11.3259 -43.6 34.2224 11.0663 -43.6 33.9921 10.9635 -43.6 33.9444 10.953 -43.6 33.2838 10.7227 -43.6 32.9832 10.6633 -43.6 32.9003 10.6444 -43.6 32.8237 10.6281 -43.6 32.3001 10.4241 -43.6 31.7441 10.3749 -43.6 31.0609 10.2697 -43.6 30.0997 10.1672 -43.6 29.1386 10.1247 -43.6 28.1774 10.1485 -43.6 26.9382 10.2622 -43.6 
1
217
26.2551 10.5923 -42.7 25.9181 10.6586 -42.7 25.9159 10.6591 -42.7 25.2939 10.759 -42.7 24.9547 10.8622 -42.7 24.3328 11.1297 -42.7 23.3716 11.5009 -42.7 23.3235 11.5156 -42.7 22.9843 11.6583 -42.7 22.4104 11.8266 -42.7 22.0712 12.0131 -42.7 21.4493 12.3293 -42.7 21.2664 12.4667 -42.7 21.1026 12.5668 -42.7 20.9272 12.6794 -42.7 20.1502 13.3013 -42.7 19.8412 13.5279 -42.7 19.811 13.5514 -42.7 19.5269 13.7368 -42.7 19.1877 14.0308 -42.7 18.5658 14.4439 -42.7 18.5188 14.4891 -42.7 17.9552 15.1111 -42.7 17.6388 15.4489 -42.7 17.6377 15.4503 -42.7 17.6046 15.5138 -42.7 17.2698 16.0722 -42.7 16.9963 16.4114 -42.7 16.9318 16.5024 -42.7 16.6434 16.853 -42.7 16.4456 17.1244 -42.7 16.278 17.3726 -42.7 16.1064 17.668 -42.7 15.6823 18.2733 -42.7 15.6725 18.29 -42.7 15.6484 18.3337 -42.7 15.4843 18.6729 -42.7 15.2849 19.2949 -42.7 15.144 19.6341 -42.7 14.7782 20.2561 -42.7 14.7681 20.2871 -42.7 14.6299 20.909 -42.7 14.5335 21.2172 -42.7 14.448 21.5564 -42.7 14.3605 22.1784 -42.7 14.291 22.5176 -42.7 14.0255 23.1396 -42.7 13.9769 23.4788 -42.7 13.903 24.1007 -42.7 13.8564 25.0619 -42.7 13.8657 26.0231 -42.7 13.9404 26.9842 -42.7 13.9999 27.3234 -42.7 14.2572 27.9454 -42.7 14.3271 28.2846 -42.7 14.4219 28.9065 -42.7 14.5087 29.2457 -42.7 14.6134 29.8677 -42.7 14.6502 30.0139 -42.7 14.7211 30.2291 -42.7 14.764 30.3531 -42.7 14.8908 30.8289 -42.7 15.0448 31.1681 -42.7 15.376 31.79 -42.7 15.6823 32.4274 -42.7 15.7038 32.4692 -42.7 15.8224 32.7512 -42.7 16.4223 33.7124 -42.7 16.5411 33.8612 -42.7 16.6434 34.009 -42.7 16.7837 34.2003 -42.7 17.1885 34.6735 -42.7 17.4057 34.9178 -42.7 17.6046 35.1573 -42.7 17.694 35.257 -42.7 18.0537 35.6347 -42.7 18.5658 36.1569 -42.7 18.6563 36.2415 -42.7 19.0238 36.5959 -42.7 19.2782 36.8309 -42.7 19.5269 37.0449 -42.7 19.6912 37.17 -42.7 20.1438 37.557 -42.7 20.3132 37.6943 -42.7 20.4881 37.8208 -42.7 21.1101 38.1646 -42.7 21.4353 38.3773 -42.7 21.4493 38.385 -42.7 21.73 38.5182 -42.7 22.0369 38.7097 -42.7 22.0712 38.7295 -42.7 22.4104 38.9012 -42.7 23.3704 39.3632 -42.7 23.3716 39.3638 -42.7 23.8982 39.4794 -42.7 23.9936 39.5019 -42.7 24.3328 39.6149 -42.7 24.9547 39.7059 -42.7 25.2939 39.8114 -42.7 25.9159 39.853 -42.7 26.2551 39.9277 -42.7 26.877 39.9582 -42.7 27.2162 40.01 -42.7 27.8289 40.1202 -42.7 28.1774 40.1601 -42.7 28.7139 40.4139 -42.7 29.0155 40.4405 -42.7 29.1386 40.4496 -42.7 30.0997 40.4114 -42.7 30.4389 40.3725 -42.7 31.0609 40.0136 -42.7 31.6829 39.9579 -42.7 32.0221 39.9028 -42.7 32.644 39.8583 -42.7 32.9832 39.7746 -42.7 33.6052 39.6776 -42.7 33.9444 39.5666 -42.7 33.9669 39.5618 -42.7 34.3061 39.4379 -42.7 34.9056 39.2869 -42.7 35.5275 38.8889 -42.7 35.8667 38.7257 -42.7 36.0577 38.6527 -42.7 36.3969 38.4648 -42.7 36.8279 38.3074 -42.7 37.4499 37.8429 -42.7 37.7891 37.617 -42.7 37.8687 37.557 -42.7 38.1283 37.3529 -42.7 38.7502 36.8012 -42.7 38.8269 36.7309 -42.7 38.9793 36.5959 -42.7 39.7114 35.8825 -42.7 39.7982 35.7946 -42.7 39.9515 35.6347 -42.7 40.1374 35.4203 -42.7 40.6725 34.84 -42.7 40.7093 34.7983 -42.7 41.3138 34.0516 -42.7 41.5564 33.7124 -42.7 41.6337 33.6117 -42.7 41.9683 33.0904 -42.7 42.1807 32.7512 -42.7 42.4269 32.1292 -42.7 42.5949 31.7923 -42.7 42.596 31.79 -42.7 42.9575 31.1681 -42.7 43.1082 30.8289 -42.7 43.268 30.2069 -42.7 43.385 29.8677 -42.7 43.4907 29.2457 -42.7 43.5793 28.9065 -42.7 43.6557 28.2846 -42.7 43.7258 27.9454 -42.7 44.0049 27.3234 -42.7 44.0619 26.9842 -42.7 44.1039 26.3623 -42.7 44.1343 26.0231 -42.7 44.1436 25.0619 -42.7 44.097 24.1007 -42.7 44.0296 23.4788 -42.7 43.9812 23.1396 -42.7 43.7474 22.5176 -42.7 43.6777 22.1784 -42.7 43.6401 22.009 -42.7 43.5546 21.6698 -42.7 43.4664 21.2172 -42.7 43.3215 20.5953 -42.7 43.2154 20.2561 -42.7 42.8833 19.6341 -42.7 42.7434 19.2949 -42.7 42.6866 19.1479 -42.7 42.5222 18.8087 -42.7 42.3469 18.3337 -42.7 41.9379 17.7118 -42.7 41.7436 17.3726 -42.7 41.7059 17.3241 -42.7 41.4719 16.9849 -42.7 40.9894 16.4114 -42.7 40.8499 16.1821 -42.7 40.6725 15.9573 -42.7 40.5772 15.843 -42.7 40.3589 15.4503 -42.7 39.9552 14.9852 -42.7 39.7114 14.7222 -42.7 39.4739 14.4891 -42.7 38.7502 13.8329 -42.7 38.619 13.7271 -42.7 38.2243 13.5279 -42.7 37.9971 13.4053 -42.7 37.7891 13.247 -42.7 37.1671 12.7559 -42.7 36.8974 12.575 -42.7 36.8857 12.5668 -42.7 36.8279 12.5302 -42.7 36.2059 12.1128 -42.7 35.8667 11.9237 -42.7 35.6428 11.8175 -42.7 35.0325 11.6056 -42.7 35.0209 11.6018 -42.7 34.9056 11.5499 -42.7 34.5664 11.421 -42.7 33.9444 11.28 -42.7 33.6052 11.1618 -42.7 32.9832 10.8164 -42.7 32.3613 10.6983 -42.7 32.0221 10.6234 -42.7 31.4001 10.557 -42.7 31.0609 10.5047 -42.7 30.7217 10.4684 -42.7 30.0997 10.4299 -42.7 29.7605 10.4157 -42.7 29.1386 10.4018 -42.7 28.1774 10.4205 -42.7 27.8382 10.4509 -42.7 27.2162 10.4852 -42.7 26.877 10.5314 -42.7 
1
214
27.2162 10.606 -41.8 26.822 10.6446 -41.8 26.8158 10.6452 -41.8 26.2551 10.6795 -41.8 25.8547 10.7439 -41.8 25.2939 10.8127 -41.8 24.8935 10.9849 -41.8 24.3328 11.3032 -41.8 23.9324 11.4573 -41.8 23.4938 11.5961 -41.8 23.4606 11.6056 -41.8 23.3716 11.6293 -41.8 22.9712 11.7465 -41.8 22.4104 11.8681 -41.8 22.01 12.0717 -41.8 21.4493 12.3929 -41.8 21.3431 12.4783 -41.8 21.2254 12.5668 -41.8 20.9427 12.7953 -41.8 20.4881 13.1878 -41.8 20.2449 13.356 -41.8 20.0273 13.5279 -41.8 19.8445 13.6472 -41.8 19.5269 13.8218 -41.8 18.5658 14.4589 -41.8 18.5348 14.4891 -41.8 18.172 14.8895 -41.8 17.7613 15.4503 -41.8 17.6046 15.7563 -41.8 17.4127 16.0533 -41.8 17.1979 16.4114 -41.8 17.0123 16.6371 -41.8 16.6434 17.0424 -41.8 16.5092 17.1979 -41.8 16.3819 17.3726 -41.8 16.0202 17.9333 -41.8 15.7472 18.323 -41.8 15.7409 18.3337 -41.8 15.6823 18.5067 -41.8 15.5359 18.8945 -41.8 15.4076 19.2949 -41.8 15.1721 19.6953 -41.8 14.8302 20.2561 -41.8 14.7999 20.3876 -41.8 14.7211 20.8283 -41.8 14.7016 20.9483 -41.8 14.6429 21.2172 -41.8 14.5866 21.6176 -41.8 14.4869 22.1784 -41.8 14.3159 22.5788 -41.8 14.0371 23.1396 -41.8 13.9251 24.1007 -41.8 13.8852 25.0619 -41.8 13.8918 26.0231 -41.8 13.9704 26.9842 -41.8 14.1361 27.3846 -41.8 14.458 27.9454 -41.8 14.519 28.3458 -41.8 14.5711 28.9065 -41.8 14.6385 29.3069 -41.8 14.6987 29.8677 -41.8 14.7211 29.957 -41.8 14.804 30.2681 -41.8 14.9266 30.8289 -41.8 15.1398 31.2293 -41.8 15.4915 31.79 -41.8 15.5767 31.9515 -41.8 15.6823 32.1704 -41.8 15.7586 32.3519 -41.8 16.014 32.7512 -41.8 16.5669 33.6443 -41.8 16.6034 33.7124 -41.8 16.6434 33.7625 -41.8 16.7797 33.9218 -41.8 16.9367 34.1128 -41.8 17.3458 34.6735 -41.8 17.4648 34.8015 -41.8 17.6046 34.9588 -41.8 18.5658 35.9474 -41.8 19.3631 36.72 -41.8 19.5269 36.8713 -41.8 19.8183 37.1204 -41.8 20.2936 37.557 -41.8 20.3791 37.6323 -41.8 20.4881 37.7206 -41.8 21.0489 38.0578 -41.8 21.4493 38.2791 -41.8 22.01 38.3789 -41.8 22.306 38.5182 -41.8 22.4104 38.5833 -41.8 22.9712 38.9655 -41.8 23.3716 39.1606 -41.8 23.9324 39.3548 -41.8 24.3328 39.4425 -41.8 24.7479 39.4756 -41.8 25.2939 39.5462 -41.8 25.8547 39.5742 -41.8 26.2551 39.601 -41.8 26.8158 39.6175 -41.8 27.2162 39.6371 -41.8 27.777 39.7042 -41.8 28.1774 39.7763 -41.8 28.7382 40.148 -41.8 29.1386 40.3375 -41.8 29.6993 40.2793 -41.8 30.0997 40.2598 -41.8 30.6605 39.8799 -41.8 31.0609 39.6489 -41.8 31.6217 39.6258 -41.8 32.0221 39.59 -41.8 32.4225 39.5614 -41.8 32.9832 39.5291 -41.8 33.2872 39.4818 -41.8 33.9444 39.4095 -41.8 34.3448 39.3089 -41.8 34.9056 38.997 -41.8 35.306 38.7408 -41.8 35.6625 38.5652 -41.8 35.7735 38.5182 -41.8 36.2671 38.3445 -41.8 36.8279 38.0342 -41.8 37.2283 37.7352 -41.8 37.488 37.557 -41.8 37.4881 37.557 -41.8 37.7891 37.4076 -41.8 38.1895 37.0524 -41.8 38.7199 36.6411 -41.8 38.7502 36.6122 -41.8 38.7996 36.5669 -41.8 39.6888 35.6913 -41.8 39.7114 35.6674 -41.8 39.7437 35.6347 -41.8 39.7673 35.6119 -41.8 40.1118 35.2383 -41.8 40.629 34.7003 -41.8 40.6519 34.6735 -41.8 40.6725 34.6512 -41.8 41.0609 34.1128 -41.8 41.3849 33.7124 -41.8 41.4377 33.6437 -41.8 41.6337 33.2682 -41.8 41.7712 33.0829 -41.8 41.9837 32.7512 -41.8 42.268 32.1904 -41.8 42.4265 31.79 -41.8 42.4559 31.7442 -41.8 42.5949 31.3916 -41.8 42.9169 30.8289 -41.8 43.196 30.2681 -41.8 43.2988 29.8677 -41.8 43.3606 29.3069 -41.8 43.4286 28.9065 -41.8 43.4641 28.3458 -41.8 43.5102 27.9454 -41.8 43.556 27.7416 -41.8 43.6089 27.564 -41.8 43.6593 27.3846 -41.8 43.839 26.9842 -41.8 44.0762 26.4235 -41.8 44.1033 26.0231 -41.8 44.1148 25.0619 -41.8 44.0749 24.1007 -41.8 43.87 23.54 -41.8 43.8267 23.1396 -41.8 43.5802 22.486 -41.8 43.556 22.4177 -41.8 43.4853 22.1784 -41.8 43.4084 21.778 -41.8 43.3571 21.2172 -41.8 43.2599 20.6565 -41.8 43.1666 20.2561 -41.8 42.9528 19.8557 -41.8 42.6315 19.3255 -41.8 42.6099 19.2949 -41.8 42.5949 19.256 -41.8 42.2594 18.3337 -41.8 41.6579 17.4068 -41.8 41.6337 17.3757 -41.8 41.2949 16.9722 -41.8 40.7918 16.4114 -41.8 40.7624 16.3713 -41.8 40.6725 16.2237 -41.8 40.2357 15.4503 -41.8 39.9713 15.0538 -41.8 39.7114 14.7544 -41.8 39.609 14.6534 -41.8 39.4621 14.4891 -41.8 39.0482 14.17 -41.8 38.7502 13.8978 -41.8 38.4961 13.7696 -41.8 37.9814 13.5279 -41.8 37.9354 13.5019 -41.8 37.7891 13.423 -41.8 37.3887 13.1069 -41.8 36.8279 12.6105 -41.8 36.8207 12.6052 -41.8 36.7731 12.5668 -41.8 35.8667 11.9568 -41.8 35.306 11.7963 -41.8 34.9131 11.6599 -41.8 34.9056 11.6576 -41.8 34.5474 11.6056 -41.8 34.3448 11.5713 -41.8 33.9444 11.4805 -41.8 33.544 11.2582 -41.8 32.9832 10.8745 -41.8 32.0221 10.7001 -41.8 31.4613 10.6608 -41.8 31.0609 10.6182 -41.8 30.5001 10.5968 -41.8 30.0997 10.5721 -41.8 29.1386 10.5551 -41.8 28.1774 10.5664 -41.8 27.777 10.5885 -41.8 
3
176
27.2162 10.6312 -40.9 26.2551 10.6925 -40.9 25.2939 10.8054 -40.9 24.3328 11.3574 -40.9 23.5584 11.6056 -40.9 23.3716 11.6556 -40.9 22.9101 11.7556 -40.9 22.4104 11.852 -40.9 21.4493 12.3951 -40.9 21.3289 12.4965 -40.9 21.2415 12.5668 -40.9 20.8673 12.8898 -40.9 20.4881 13.2297 -40.9 20.0588 13.5279 -40.9 19.5269 13.8175 -40.9 19.0654 14.123 -40.9 18.5658 14.4211 -40.9 18.4965 14.4891 -40.9 17.7956 15.4503 -40.9 17.6848 15.6673 -40.9 17.6046 15.8496 -40.9 17.4275 16.1669 -40.9 17.2696 16.4114 -40.9 16.6434 17.097 -40.9 16.4028 17.3726 -40.9 16.1052 17.8341 -40.9 15.7689 18.3337 -40.9 15.7155 18.4914 -40.9 15.6823 18.6009 -40.9 15.55 18.991 -40.9 15.4348 19.2949 -40.9 15.1533 19.7564 -40.9 14.8271 20.2561 -40.9 14.7623 20.6188 -40.9 14.7211 20.9086 -40.9 14.6948 21.1184 -40.9 14.6788 21.2172 -40.9 14.5096 22.1784 -40.9 14.2801 22.6399 -40.9 13.9611 23.1396 -40.9 13.9081 23.6011 -40.9 13.8603 24.1007 -40.9 13.8259 25.0619 -40.9 13.8308 26.0231 -40.9 13.8708 26.4846 -40.9 13.9002 26.9842 -40.9 14.1651 27.4457 -40.9 14.5185 27.9454 -40.9 14.5614 28.4069 -40.9 14.7134 29.8677 -40.9 14.7221 29.9222 -40.9 14.8034 30.3674 -40.9 14.9043 30.8289 -40.9 15.1938 31.2904 -40.9 15.5226 31.79 -40.9 15.6121 31.8943 -40.9 15.6823 32.0272 -40.9 15.8925 32.3559 -40.9 16.2429 32.7512 -40.9 16.3921 33.1829 -40.9 16.6434 33.5884 -40.9 16.6703 33.6445 -40.9 16.6911 33.7124 -40.9 17.3913 34.6735 -40.9 17.6046 34.9021 -40.9 18.5658 35.8824 -40.9 19.5269 36.8166 -40.9 20.4881 37.6979 -40.9 21.4493 38.2721 -40.9 22.4104 38.4377 -40.9 22.4987 38.4777 -40.9 22.6353 38.5182 -40.9 22.9983 38.6575 -40.9 23.3716 38.9182 -40.9 23.8713 39.2359 -40.9 24.3328 39.3957 -40.9 25.2939 39.4728 -40.9 26.2551 39.5198 -40.9 27.7159 39.5586 -40.9 28.1774 39.6138 -40.9 28.6771 39.7559 -40.9 29.1386 40.0619 -40.9 30.0997 39.9685 -40.9 30.5994 39.859 -40.9 31.0609 39.5464 -40.9 32.9832 39.4584 -40.9 33.9444 39.3513 -40.9 34.4441 38.9445 -40.9 34.9056 38.6878 -40.9 35.0388 38.6627 -40.9 35.3322 38.5182 -40.9 35.5003 38.4587 -40.9 35.8667 38.3912 -40.9 36.3664 37.9868 -40.9 36.8279 37.7314 -40.9 36.9087 37.7036 -40.9 37.1225 37.557 -40.9 37.3703 37.434 -40.9 37.7891 37.3105 -40.9 38.7068 36.5959 -40.9 38.7502 36.5544 -40.9 39.7114 35.6026 -40.9 40.6055 34.6735 -40.9 40.6725 34.6014 -40.9 41.3053 33.7124 -40.9 41.4667 33.4033 -40.9 41.6337 32.913 -40.9 41.6377 32.9037 -40.9 42.1153 32.2515 -40.9 42.3493 31.79 -40.9 42.4713 31.2904 -40.9 42.5858 31.0002 -40.9 42.5949 30.9793 -40.9 42.6796 30.8289 -40.9 43.0341 30.3292 -40.9 43.2638 29.8677 -40.9 43.3342 29.368 -40.9 43.385 28.9065 -40.9 43.4452 27.9454 -40.9 43.4653 27.4457 -40.9 43.556 27.0416 -40.9 43.5731 26.9842 -40.9 43.699 26.4846 -40.9 43.8943 26.0231 -40.9 43.9235 25.5234 -40.9 43.9302 25.0619 -40.9 44.1343 24.5622 -40.9 44.1159 24.1007 -40.9 43.9473 23.6392 -40.9 43.635 23.1447 -40.9 43.6314 23.1396 -40.9 43.556 22.9406 -40.9 43.4782 22.6781 -40.9 43.4047 22.1784 -40.9 43.3212 21.2172 -40.9 43.2512 20.7176 -40.9 43.1712 20.2561 -40.9 42.8594 19.7633 -40.9 42.5949 19.3269 -40.9 42.5775 19.3017 -40.9 42.5726 19.2949 -40.9 42.4027 18.7952 -40.9 42.2368 18.3337 -40.9 41.6337 17.4095 -40.9 41.6105 17.3813 -40.9 41.6029 17.3726 -40.9 40.7308 16.4114 -40.9 40.6967 16.3597 -40.9 40.6725 16.3266 -40.9 40.4287 15.8982 -40.9 40.2017 15.4503 -40.9 39.7114 14.7198 -40.9 39.5029 14.4891 -40.9 38.7502 13.901 -40.9 38.3266 13.702 -40.9 37.8898 13.5279 -40.9 37.827 13.4985 -40.9 37.7891 13.4772 -40.9 36.8279 12.6202 -40.9 36.7888 12.5886 -40.9 36.7628 12.5668 -40.9 36.2891 12.2221 -40.9 35.8667 11.9374 -40.9 35.4052 11.8053 -40.9 34.9056 11.6887 -40.9 34.5979 11.644 -40.9 34.3041 11.6056 -40.9 33.9444 11.5473 -40.9 33.4829 11.2315 -40.9 32.9832 10.8686 -40.9 32.5217 10.7876 -40.9 32.0221 10.714 -40.9 31.0609 10.6442 -40.9 30.0997 10.6061 -40.9 29.1386 10.5913 -40.9 28.1774 10.5999 -40.9 
6
27 19.5624 -40.9 26.6956 19.6956 -40.9 26 19.9795 -40.9 26 30.805 -40.9 26.3901 31 -40.9 27 31.2501 -40.9 
12
29 19.202 -40.9 29 31.5919 -40.9 30 31.5001 -40.9 30.3952 31.3952 -40.9 31 31.2501 -40.9 31.6099 31 -40.9 31.8689 30.8689 -40.9 32 30.805 -40.9 32 19.9795 -40.9 31 19.5624 -40.9 30.3999 19.3999 -40.9 30 19.2978 -40.9 
3
16
27.3875 10.5657 -40 27.4435 11 -40 27.6303 12 -40 27.7272 13 -40 27.7844 14 -40 27.775 37 -40 27.7119 38 -40 28 38.3769 -40 28.2727 38 -40 28.2151 37 -40 28.2064 14 -40 28.2589 13 -40 28.3453 12 -40 28.5002 11 -40 28.5581 10.5368 -40 28.1774 10.5403 -40 
95
25.2796 10.7235 -40 24.8554 10.9996 -40 24.3328 11.303 -40 23.3913 11.6056 -40 23.3716 11.6109 -40 22.9331 11.66 -40 22.4104 11.7608 -40 21.4493 12.3049 -40 21.2776 12.4607 -40 21.1516 12.5668 -40 20.7549 12.9223 -40 20.4881 13.1716 -40 20.1811 13.3608 -40 19.9415 13.5279 -40 19.6584 13.6805 -40 19.5269 13.7417 -40 19.0043 14.0536 -40 18.5658 14.2849 -40 18.359 14.4891 -40 17.9794 15.0118 -40 17.6863 15.4503 -40 17.6046 15.636 -40 17.6025 15.641 -40 17.4173 15.9729 -40 17.2211 16.4114 -40 16.8836 16.7796 -40 16.4715 17.2181 -40 16.3353 17.3726 -40 15.9836 17.8952 -40 15.6823 18.3257 -40 15.6779 18.3337 -40 15.6456 18.4482 -40 15.5072 18.8564 -40 15.379 19.2949 -40 15.0378 19.8176 -40 14.7219 20.2561 -40 14.6551 20.7787 -40 14.6217 21.2172 -40 14.4501 22.1784 -40 14.1164 22.7011 -40 13.76 23.1248 -40 13.7499 23.1396 -40 13.7046 23.762 -40 13.6738 24.6397 -40 13.6665 25.0619 -40 13.6699 26.0231 -40 13.7116 26.7632 -40 13.7282 26.9842 -40 13.76 27.0275 -40 14.0967 27.4227 -40 14.4664 27.9454 -40 14.5731 28.9065 -40 14.6242 29.4292 -40 14.6526 29.8677 -40 14.6928 30.3062 -40 14.7211 30.4789 -40 14.785 30.8289 -40 14.8062 30.8602 -40 15.1169 31.2674 -40 15.4609 31.79 -40 15.5886 31.931 -40 15.6823 32.0401 -40 16.0489 32.4537 -40 16.3241 32.7512 -40 16.4597 33.1897 -40 16.6352 33.7124 -40 16.6434 33.7273 -40 16.6651 33.7626 -40 17.3334 34.6735 -40 17.6046 34.9589 -40 18.5658 35.9333 -40 19.5269 36.8713 -40 19.9579 37.27 -40 20.3964 37.6865 -40 20.4881 37.7691 -40 20.9266 38.0191 -40 21.4493 38.3296 -40 21.8878 38.3784 -40 22.4104 38.4657 -40 22.5534 38.5081 -40 22.5895 38.5182 -40 23.3716 38.8139 -40 24.3328 39.4318 -40 24.8554 39.4741 -40 25.5741 39.5121 -40 25.4349 39 -40 25.307 38 -40 25.2368 37 -40 25.1927 36 -40 25.2264 14 -40 25.2899 13 -40 25.4017 12 -40 25.6371 11 -40 25.6817 10.672 -40 25.2939 10.7156 -40 
98
32.3178 10.6673 -40 32.4605 10.677 -40 32.9832 10.754 -40 33.4217 11.1284 -40 33.9444 11.508 -40 34.3829 11.5565 -40 34.5982 11.5901 -40 35.3441 11.6872 -40 35.8667 11.8092 -40 36.3052 12.1632 -40 36.8007 12.5238 -40 36.8279 12.5462 -40 37.2664 12.9582 -40 37.7891 13.4274 -40 37.8548 13.4581 -40 38.0631 13.5279 -40 38.2932 13.5943 -40 38.7502 13.7765 -40 39.6197 14.4684 -40 39.6404 14.4891 -40 39.7114 14.5664 -40 39.9322 14.8938 -40 40.0175 15.0118 -40 40.3086 15.4503 -40 40.4351 15.7547 -40 40.6725 16.2232 -40 40.7081 16.2773 -40 40.7815 16.4114 -40 41.2607 16.9341 -40 41.6258 17.3196 -40 41.6748 17.3726 -40 42.3206 18.3337 -40 42.4984 18.8564 -40 42.5898 19.1705 -40 42.5949 19.1861 -40 42.6338 19.2949 -40 42.9656 19.8176 -40 43.2653 20.2561 -40 43.3386 20.7787 -40 43.4214 21.7399 -40 43.4452 22.1784 -40 43.5221 22.7011 -40 43.5393 23.1396 -40 43.5528 23.201 -40 43.556 23.2064 -40 43.8828 23.7236 -40 43.9919 24.1007 -40 43.7784 24.6234 -40 43.6754 25.0619 -40 43.6448 25.5846 -40 43.6441 26.0231 -40 43.5615 26.3668 -40 43.5535 26.8052 -40 43.5166 26.9842 -40 43.4795 27.9454 -40 43.4471 28.468 -40 43.4269 28.9065 -40 43.3532 29.4292 -40 43.3118 29.8677 -40 42.9736 30.3062 -40 42.6151 30.8147 -40 42.6039 30.8289 -40 42.5949 30.8664 -40 42.5115 31.2674 -40 42.3839 31.79 -40 42.0026 32.3127 -40 41.672 32.7512 -40 41.6678 32.7609 -40 41.6337 32.8512 -40 41.5312 33.1994 -40 41.3565 33.7124 -40 40.6935 34.6386 -40 40.6603 34.6735 -40 38.7502 36.6084 -40 37.7891 37.372 -40 37.5473 37.4278 -40 37.1091 37.557 -40 37.0246 37.586 -40 36.8279 37.638 -40 36.3052 38.0611 -40 35.8667 38.4312 -40 35.7469 38.4476 -40 35.2243 38.5445 -40 34.9056 38.589 -40 34.3829 39.0145 -40 33.9444 39.3999 -40 33.4217 39.4609 -40 33.3115 39.4694 -40 32.4605 39.5153 -40 32.4247 39.5166 -40 32.5651 39 -40 32.693 38 -40 32.7632 37 -40 32.8073 36 -40 32.7736 14 -40 32.7101 13 -40 32.5983 12 -40 32.3629 11 -40 
2
75
20.6554 12.8987 -39.1 20.4881 13.0605 -39.1 20.1108 13.2561 -39.1 19.9641 13.3392 -39.1 19.658 13.5279 -39.1 19.5269 13.5889 -39.1 19.4743 13.6094 -39.1 18.5658 14.0894 -39.1 18.1629 14.4891 -39.1 17.6046 15.3241 -39.1 17.5451 15.4503 -39.1 17.1205 16.4114 -39.1 16.8007 16.7482 -39.1 16.4354 17.1255 -39.1 16.2065 17.3726 -39.1 15.8516 17.8672 -39.1 15.6823 18.0877 -39.1 15.5449 18.3337 -39.1 15.2656 19.2949 -39.1 14.9014 19.7916 -39.1 14.7211 20.0103 -39.1 14.6223 20.1689 -39.1 14.5711 20.2561 -39.1 14.5266 20.8399 -39.1 14.5106 21.2172 -39.1 14.4034 21.8011 -39.1 14.3271 22.1784 -39.1 13.9462 22.6226 -39.1 13.76 22.816 -39.1 13.6266 23 -39.1 13.5311 23.1396 -39.1 13.4847 26.0231 -39.1 13.5285 26.6069 -39.1 13.5627 26.9842 -39.1 13.676 27.1258 -39.1 13.76 27.2402 -39.1 14.1596 27.7097 -39.1 14.3691 27.9454 -39.1 14.4814 28.9065 -39.1 14.5192 29.4904 -39.1 14.5319 29.8677 -39.1 14.5855 30.4516 -39.1 14.604 30.8289 -39.1 14.6956 30.9647 -39.1 14.7211 31.0064 -39.1 15.1349 31.5485 -39.1 15.3502 31.79 -39.1 15.5122 31.9622 -39.1 16.0488 32.5461 -39.1 16.2458 32.7512 -39.1 16.4263 33.3351 -39.1 16.5275 33.7124 -39.1 16.6066 33.8482 -39.1 16.6434 33.915 -39.1 17.0269 34.4319 -39.1 17.2218 34.6735 -39.1 17.6046 35.068 -39.1 20.4881 37.9027 -39.1 21.4493 38.4501 -39.1 22.1958 38.524 -39.1 22.4104 38.5358 -39.1 22.4586 38.5492 -39.1 22.5236 38.5734 -39.1 22.4587 38 -39.1 22.3862 37 -39.1 22.3338 36 -39.1 22.374 14 -39.1 22.4429 13 -39.1 22.5433 12 -39.1 22.6241 11.5741 -39.1 22.4104 11.5978 -39.1 22.3111 11.6458 -39.1 22.0331 11.8236 -39.1 21.4493 12.1599 -39.1 21.2393 12.3593 -39.1 
73
34.4299 11.4672 -39.1 34.9056 11.5199 -39.1 35.2829 11.5414 -39.1 35.8648 11.6056 -39.1 35.8667 11.6059 -39.1 36.244 11.9397 -39.1 36.8279 12.4112 -39.1 36.8904 12.4684 -39.1 37.2677 12.8335 -39.1 37.7891 13.3244 -39.1 38.1664 13.4187 -39.1 38.4438 13.5116 -39.1 38.5094 13.5279 -39.1 38.7502 13.5974 -39.1 39.7114 14.3645 -39.1 39.8368 14.4891 -39.1 40.2244 15.073 -39.1 40.4522 15.4503 -39.1 40.5041 15.5983 -39.1 40.6725 16.0036 -39.1 40.7702 16.1821 -39.1 40.8816 16.4114 -39.1 41.6991 17.2688 -39.1 41.7989 17.3726 -39.1 42.4516 18.3337 -39.1 42.4732 18.4212 -39.1 42.5949 18.8395 -39.1 42.6542 19.0051 -39.1 42.7445 19.2949 -39.1 43.1436 19.8788 -39.1 43.4192 20.2561 -39.1 43.4721 20.8399 -39.1 43.5185 21.7522 -39.1 43.5648 23.1396 -39.1 43.7281 23.7234 -39.1 43.7355 24.1007 -39.1 43.5983 24.6846 -39.1 43.5187 28.9065 -39.1 43.4787 29.3297 -39.1 43.451 29.8677 -39.1 43.1302 30.245 -39.1 42.6798 30.8289 -39.1 42.653 30.9414 -39.1 42.5949 31.2577 -39.1 42.5851 31.3187 -39.1 42.4868 31.79 -39.1 42.0467 32.3739 -39.1 41.7502 32.7512 -39.1 41.7048 32.8713 -39.1 41.6337 33.1111 -39.1 41.6015 33.2487 -39.1 41.465 33.7124 -39.1 40.7735 34.6735 -39.1 38.7502 36.7141 -39.1 37.7982 37.4826 -39.1 37.7891 37.4889 -39.1 37.4943 37.557 -39.1 37.2545 37.6203 -39.1 37.2052 37.6316 -39.1 36.8279 37.7049 -39.1 36.244 38.1977 -39.1 35.9104 38.4963 -39.1 35.884 38.5182 -39.1 35.8667 38.5295 -39.1 35.2829 38.606 -39.1 34.9056 38.6474 -39.1 34.48 39.0215 -39.1 34.4832 39 -39.1 34.5757 38 -39.1 34.6416 37 -39.1 34.6522 14 -39.1 34.5906 13 -39.1 34.5062 12 -39.1 
2
53
36.4018 11.9072 -38.2 36.4143 12 -38.2 36.4927 13 -38.2 36.5431 14 -38.2 36.5344 37 -38.2 36.4799 38 -38.2 36.4706 38.106 -38.2 36.5804 38.0076 -38.2 36.8279 37.7779 -38.2 37.7891 37.595 -38.2 37.8526 37.557 -38.2 38.4819 37.0437 -38.2 38.7502 36.8172 -38.2 40.8849 34.6735 -38.2 41.5801 33.7124 -38.2 41.6337 33.4834 -38.2 41.635 33.4772 -38.2 41.7565 33.0674 -38.2 41.8374 32.7512 -38.2 42.5949 31.7956 -38.2 42.5982 31.79 -38.2 42.6123 31.6858 -38.2 42.7664 30.8289 -38.2 43.3121 30.1876 -38.2 43.556 29.9193 -38.2 43.5875 29.8714 -38.2 43.5898 29.8677 -38.2 43.6193 28.9065 -38.2 43.6603 26.9842 -38.2 43.5638 20.2561 -38.2 43.556 20.2424 -38.2 43.5366 20.2122 -38.2 43.3247 19.9399 -38.2 42.8536 19.2949 -38.2 42.7028 18.7843 -38.2 42.5949 18.4383 -38.2 42.5691 18.3337 -38.2 42.558 18.3128 -38.2 41.9158 17.3726 -38.2 40.9809 16.4114 -38.2 40.8628 16.1455 -38.2 40.6725 15.7536 -38.2 40.5839 15.5005 -38.2 40.568 15.4503 -38.2 40.3834 15.1341 -38.2 39.994 14.4891 -38.2 39.7114 14.2078 -38.2 39.1148 13.7287 -38.2 38.874 13.5279 -38.2 38.7502 13.4554 -38.2 38.1053 13.2942 -38.2 37.7891 13.221 -38.2 36.8279 12.2879 -38.2 
50
20.5608 12.8818 -38.2 20.4881 12.953 -38.2 19.5269 13.4465 -38.2 19.4073 13.4939 -38.2 19.3173 13.5279 -38.2 18.7624 13.822 -38.2 18.5658 13.932 -38.2 18.0062 14.4891 -38.2 17.6046 15.089 -38.2 17.4324 15.4503 -38.2 17.0191 16.4114 -38.2 16.0853 17.3726 -38.2 15.7959 17.7496 -38.2 15.6823 17.8912 -38.2 15.4294 18.3337 -38.2 15.151 19.2949 -38.2 14.8428 19.6687 -38.2 14.7211 19.8063 -38.2 14.6051 19.9849 -38.2 14.4363 20.2561 -38.2 14.3994 21.2172 -38.2 14.2031 22.1784 -38.2 13.76 22.6403 -38.2 13.3943 23.1396 -38.2 13.3627 24.1007 -38.2 13.3572 26.0231 -38.2 13.4452 26.9842 -38.2 13.5664 27.1312 -38.2 13.76 27.3734 -38.2 14.2657 27.9454 -38.2 14.3807 28.9065 -38.2 14.4102 29.8677 -38.2 14.4418 30.5127 -38.2 14.4527 30.8289 -38.2 14.5645 30.9876 -38.2 14.7211 31.2196 -38.2 15.0891 31.6325 -38.2 15.4053 31.9593 -38.2 16.1609 32.7512 -38.2 16.4157 33.7124 -38.2 16.5082 33.8657 -38.2 16.6434 34.0977 -38.2 16.9766 34.5106 -38.2 17.1137 34.6735 -38.2 20.4881 38.0271 -38.2 20.5743 38.077 -38.2 20.5654 38 -38.2 20.4973 37 -38.2 20.4869 14 -38.2 20.5485 13 -38.2 
2
36
19.1295 13.5279 -37.3 18.5658 13.8457 -37.3 17.9204 14.4891 -37.3 17.6046 14.9503 -37.3 17.3618 15.4503 -37.3 16.9554 16.4114 -37.3 16.0132 17.3726 -37.3 15.6823 17.7825 -37.3 15.3595 18.3337 -37.3 15.0745 19.2949 -37.3 14.8027 19.6022 -37.3 14.7211 19.6905 -37.3 14.351 20.2561 -37.3 14.3242 21.2172 -37.3 14.1245 22.1784 -37.3 13.76 22.5634 -37.3 13.3291 23.1396 -37.3 13.2922 24.1007 -37.3 13.2888 26.0231 -37.3 13.3784 26.9842 -37.3 13.76 27.4449 -37.3 14.1953 27.9454 -37.3 14.3106 28.9065 -37.3 14.3322 29.8677 -37.3 14.3652 30.8289 -37.3 14.7211 31.331 -37.3 15.0602 31.6827 -37.3 16.1008 32.7512 -37.3 16.3491 33.7124 -37.3 16.6434 34.197 -37.3 17.0471 34.6735 -37.3 19.5947 37.2223 -37.3 19.5812 37 -37.3 19.572 14 -37.3 19.609 13.3278 -37.3 19.5269 13.3685 -37.3 
36
37.3987 12.7728 -37.3 37.414 13 -37.3 37.4509 37 -37.3 37.416 37.7252 -37.3 37.7891 37.6571 -37.3 37.9543 37.557 -37.3 38.7502 36.8816 -37.3 40.9521 34.6735 -37.3 41.6337 33.7449 -37.3 41.6509 33.7124 -37.3 41.8955 32.7512 -37.3 42.4182 32.1112 -37.3 42.5949 31.9011 -37.3 42.6609 31.79 -37.3 42.8277 30.8289 -37.3 43.3724 30.2297 -37.3 43.556 30.0362 -37.3 43.6678 29.8677 -37.3 43.649 20.2561 -37.3 43.556 20.0935 -37.3 43.0828 19.4854 -37.3 42.9272 19.2949 -37.3 42.6405 18.3337 -37.3 42.5949 18.2432 -37.3 42.1379 17.5836 -37.3 41.9872 17.3726 -37.3 41.0442 16.4114 -37.3 40.9277 16.1338 -37.3 40.6725 15.5589 -37.3 40.6382 15.4503 -37.3 40.637 15.4475 -37.3 40.0798 14.4891 -37.3 39.7114 14.1218 -37.3 39.0033 13.5279 -37.3 38.7502 13.3768 -37.3 37.7891 13.1562 -37.3 
2
30
18.6658 14 -36.4 18.6803 13.724 -36.4 18.5658 13.7913 -36.4 17.8665 14.4891 -36.4 17.6046 14.8647 -36.4 17.3158 15.4503 -36.4 16.9131 16.4114 -36.4 15.9657 17.3726 -36.4 15.6823 17.7146 -36.4 15.3127 18.3337 -36.4 15.0198 19.2949 -36.4 14.7211 19.617 -36.4 14.2934 20.2561 -36.4 14.2737 21.2172 -36.4 14.0754 22.1784 -36.4 13.76 22.5164 -36.4 13.2873 23.1396 -36.4 13.2482 24.1007 -36.4 13.2457 26.0231 -36.4 13.3348 26.9842 -36.4 14.1507 27.9454 -36.4 14.2637 28.9065 -36.4 14.2796 29.8677 -36.4 14.3124 30.8289 -36.4 14.7211 31.3953 -36.4 16.0583 32.7512 -36.4 16.3054 33.7124 -36.4 16.6434 34.2584 -36.4 17.0032 34.6735 -36.4 18.6483 36.325 -36.4 
23
39.3202 13.7335 -36.4 39.3342 14 -36.4 39.3518 36.3248 -36.4 40.9964 34.6735 -36.4 41.6337 33.8261 -36.4 41.6946 33.7124 -36.4 41.9356 32.7512 -36.4 42.5949 31.9707 -36.4 42.7042 31.79 -36.4 42.8716 30.8289 -36.4 43.556 30.1105 -36.4 43.7204 29.8677 -36.4 43.7066 20.2561 -36.4 43.556 19.9988 -36.4 43.0878 19.4257 -36.4 42.9777 19.2949 -36.4 42.6873 18.3337 -36.4 42.5949 18.1537 -36.4 42.0345 17.3726 -36.4 41.0865 16.4114 -36.4 40.6725 15.422 -36.4 40.1337 14.4891 -36.4 39.7114 14.0677 -36.4 
2
28
17.7447 14.6091 -35.5 17.6046 14.8071 -35.5 17.2831 15.4503 -35.5 16.8826 16.4114 -35.5 15.9308 17.3726 -35.5 15.6823 17.6659 -35.5 15.2772 18.3337 -35.5 14.9801 19.2949 -35.5 14.7211 19.569 -35.5 14.2539 20.2561 -35.5 14.2388 21.2172 -35.5 14.0424 22.1784 -35.5 13.76 22.4845 -35.5 13.2581 23.1396 -35.5 13.2179 24.1007 -35.5 13.2159 26.0231 -35.5 13.3041 26.9842 -35.5 14.1203 27.9454 -35.5 14.2309 28.9065 -35.5 14.2431 29.8677 -35.5 14.2764 30.8289 -35.5 14.7211 31.4377 -35.5 15.6823 32.3953 -35.5 16.0261 32.7512 -35.5 16.2744 33.7124 -35.5 16.6434 34.3006 -35.5 16.9718 34.6735 -35.5 17.7206 35.4271 -35.5 
19
40.2561 14.6332 -35.5 40.2795 35.4263 -35.5 41.0279 34.6735 -35.5 41.6337 33.8816 -35.5 41.7256 33.7124 -35.5 41.9659 32.7512 -35.5 42.5949 32.0219 -35.5 42.7373 31.79 -35.5 42.9053 30.8289 -35.5 43.556 30.1599 -35.5 43.7569 29.8677 -35.5 43.7461 20.2561 -35.5 43.556 19.937 -35.5 43.0145 19.2949 -35.5 42.7228 18.3337 -35.5 42.5949 18.089 -35.5 42.0697 17.3726 -35.5 41.117 16.4114 -35.5 40.6725 15.3436 -35.5 
2
26
16.7926 34 -34.6 16.7926 34.0011 -34.6 16.8038 34.5115 -34.6 16.6434 34.3315 -34.6 16.2509 33.7124 -34.6 16.0007 32.7512 -34.6 15.6823 32.4222 -34.6 14.7211 31.4677 -34.6 14.2503 30.8289 -34.6 14.2168 29.8677 -34.6 14.2068 28.9065 -34.6 14.0986 27.9454 -34.6 13.2812 26.9842 -34.6 13.1942 26.0231 -34.6 13.1958 24.1007 -34.6 13.2365 23.1396 -34.6 13.76 22.4613 -34.6 14.0188 22.1784 -34.6 14.2134 21.2172 -34.6 14.2256 20.2561 -34.6 14.7211 19.5357 -34.6 14.9506 19.2949 -34.6 15.2489 18.3337 -34.6 15.6823 17.6281 -34.6 15.9031 17.3726 -34.6 16.7999 16.4715 -34.6 
18
40.795 15.5799 -34.6 40.8011 34.9254 -34.6 41.0515 34.6735 -34.6 41.6337 33.9223 -34.6 41.7491 33.7124 -34.6 41.9896 32.7512 -34.6 42.5949 32.0615 -34.6 42.7637 31.79 -34.6 42.9321 30.8289 -34.6 43.556 30.1943 -34.6 43.7832 29.8677 -34.6 43.7744 20.2561 -34.6 43.556 19.8942 -34.6 43.0423 19.2949 -34.6 42.7511 18.3337 -34.6 42.5949 18.0388 -34.6 42.0974 17.3726 -34.6 41.1399 16.4114 -34.6 
2
21
15.8808 17.3728 -33.7 15.6823 17.5989 -33.7 15.2265 18.3337 -33.7 14.9286 19.2949 -33.7 14.7211 19.5114 -33.7 14.2046 20.2561 -33.7 14.1943 21.2172 -33.7 14.001 22.1784 -33.7 13.76 22.4436 -33.7 13.2198 23.1396 -33.7 13.1788 24.1007 -33.7 13.1775 26.0231 -33.7 13.2634 26.9842 -33.7 13.76 27.5597 -33.7 14.0822 27.9454 -33.7 14.1886 28.9065 -33.7 14.1971 29.8677 -33.7 14.2306 30.8289 -33.7 14.7211 31.49 -33.7 15.6823 32.4433 -33.7 15.8652 32.6325 -33.7 
19
41.1151 16.3089 -33.7 41.1126 34.6186 -33.7 41.6337 33.9533 -33.7 41.7674 33.7124 -33.7 42.0085 32.7524 -33.7 42.0085 32.7523 -33.7 42.0088 32.7512 -33.7 42.5949 32.0921 -33.7 42.7845 31.79 -33.7 42.9533 30.8289 -33.7 43.556 30.2198 -33.7 43.8029 29.8677 -33.7 43.7954 20.2561 -33.7 43.556 19.8632 -33.7 43.0634 19.2949 -33.7 42.7735 18.3337 -33.7 42.5949 18.0005 -33.7 42.1192 17.3726 -33.7 41.1576 16.4114 -33.7 
2
18
15.1564 18.5047 -32.8 14.912 19.2949 -32.8 14.7211 19.4936 -32.8 14.1888 20.2561 -32.8 14.1796 21.2172 -32.8 13.9876 22.1784 -32.8 13.76 22.43 -32.8 13.2067 23.1396 -32.8 13.1656 24.1007 -32.8 13.1643 26.0231 -32.8 13.2495 26.9842 -32.8 13.76 27.573 -32.8 14.0696 27.9454 -32.8 14.1746 28.9065 -32.8 14.1821 29.8677 -32.8 14.2156 30.8289 -32.8 14.7211 31.5067 -32.8 15.1508 31.9328 -32.8 
13
42.0352 17.2719 -32.8 42.1363 17.3726 -32.8 42.5949 17.9714 -32.8 42.7907 18.3337 -32.8 43.0794 19.2949 -32.8 43.556 19.8403 -32.8 43.8112 20.2561 -32.8 43.8179 29.8677 -32.8 43.556 30.2388 -32.8 42.9699 30.8289 -32.8 42.8007 31.79 -32.8 42.5949 32.1154 -32.8 42.0495 32.7225 -32.8 
2
18
15.0328 18.8613 -31.9 15.0316 31.8275 -31.9 14.7211 31.5196 -31.9 14.2038 30.8289 -31.9 14.1703 29.8677 -31.9 14.1634 28.9065 -31.9 14.0595 27.9454 -31.9 13.76 27.5837 -31.9 13.2381 26.9842 -31.9 13.1538 26.0231 -31.9 13.1549 24.1007 -31.9 13.1961 23.1396 -31.9 13.76 22.419 -31.9 13.9768 22.1784 -31.9 14.1679 21.2172 -31.9 14.1762 20.2561 -31.9 14.7211 19.4797 -31.9 14.8991 19.2949 -31.9 
8
43.0921 19.2949 -31.9 43.556 19.8225 -31.9 43.8238 20.2561 -31.9 43.8283 29.8677 -31.9 43.556 30.252 -31.9 42.9831 30.8289 -31.9 42.8673 31.4846 -31.9 42.8571 18.5096 -31.9 
2
10
14.1014 28.4134 -31 14.0512 27.9454 -31 13.76 27.5925 -31 13.2286 26.9842 -31 13.145 26.0231 -31 13.1461 24.1007 -31 13.1873 23.1396 -31 13.76 22.4101 -31 13.968 22.1784 -31 14.1066 21.479 -31 
8
42.8679 18.5096 -31 42.8774 31.4866 -31 42.9937 30.8289 -31 43.556 30.2617 -31 43.8361 29.8677 -31 43.8337 20.2561 -31 43.556 19.8084 -31 43.1022 19.2949 -31 
1
10
14.0992 21.4789 -30.1 13.9609 22.1784 -30.1 13.76 22.4027 -30.1 13.18 23.1396 -30.1 13.1387 24.1007 -30.1 13.1376 26.0231 -30.1 13.2206 26.9842 -30.1 13.76 27.5999 -30.1 14.0444 27.9454 -30.1 14.0942 28.4122 -30.1 
1
10
14.0882 28.4111 -29.2 14.0387 27.9454 -29.2 13.76 27.6062 -29.2 13.2138 26.9842 -29.2 13.1312 26.0231 -29.2 13.1324 24.1007 -29.2 13.174 23.1396 -29.2 13.76 22.3964 -29.2 13.9549 22.1784 -29.2 14.0931 21.4789 -29.2 
1
10
14.0885 21.4788 -28.3 13.9502 22.1784 -28.3 13.76 22.3914 -28.3 13.169 23.1396 -28.3 13.1271 24.1007 -28.3 13.1257 26.0231 -28.3 13.2081 26.9842 -28.3 13.76 27.6115 -28.3 14.034 27.9454 -28.3 14.0833 28.4104 -28.3 
0
0
0
0
0
1
10
14.0866 21.4792 -22.9 14.0815 28.4095 -22.9 14.0322 27.9454 -22.9 13.76 27.6134 -22.9 13.2059 26.9842 -22.9 13.1236 26.0231 -22.9 13.125 24.1007 -22.9 13.1671 23.1396 -22.9 13.76 22.3895 -22.9 13.9484 22.1784 -22.9 
1
10
14.0857 28.41 -22 14.0365 27.9454 -22 13.76 27.6086 -22 13.2112 26.9842 -22 13.1286 26.0231 -22 13.1299 24.1007 -22 13.1716 23.1396 -22 13.76 22.3941 -22 13.9527 22.1784 -22 14.0907 21.4796 -22 
1
10
14.0963 21.4793 -21.1 13.958 22.1784 -21.1 13.76 22.3997 -21.1 13.1772 23.1396 -21.1 13.1358 24.1007 -21.1 13.1346 26.0231 -21.1 13.2174 26.9842 -21.1 13.76 27.6029 -21.1 14.0417 27.9454 -21.1 14.0913 28.4125 -21.1 
1
10
14.0981 28.4152 -20.2 14.048 27.9454 -20.2 13.76 27.596 -20.2 13.2248 26.9842 -20.2 13.1415 26.0231 -20.2 13.1426 24.1007 -20.2 13.1839 23.1396 -20.2 13.76 22.4065 -20.2 13.9646 22.1784 -20.2 14.1032 21.4786 -20.2 
2
17
14.823 19.3687 -19.3 14.8253 31.628 -19.3 14.7211 31.5247 -19.3 14.1992 30.8289 -19.3 14.1655 29.8677 -19.3 14.1589 28.9065 -19.3 14.0555 27.9454 -19.3 13.76 27.5879 -19.3 13.2335 26.9842 -19.3 13.1495 26.0231 -19.3 13.1507 24.1007 -19.3 13.1919 23.1396 -19.3 13.76 22.4147 -19.3 13.9726 22.1784 -19.3 14.1635 21.2172 -19.3 14.1716 20.2561 -19.3 14.7211 19.4743 -19.3 
6
43.8284 20.2561 -19.3 43.556 19.8157 -19.3 43.1772 19.3859 -19.3 43.1851 30.6305 -19.3 43.556 30.2568 -19.3 43.8321 29.8677 -19.3 
2
18
15.1506 18.5041 -18.4 14.9059 19.2949 -18.4 14.7211 19.487 -18.4 14.1831 20.2561 -18.4 14.1743 21.2172 -18.4 13.9825 22.1784 -18.4 13.76 22.4249 -18.4 13.2018 23.1396 -18.4 13.1606 24.1007 -18.4 13.1594 26.0231 -18.4 13.2442 26.9842 -18.4 13.76 27.5779 -18.4 14.0649 27.9454 -18.4 14.1693 28.9065 -18.4 14.1764 29.8677 -18.4 14.21 30.8289 -18.4 14.7211 31.5128 -18.4 15.1448 31.9329 -18.4 
8
43.556 19.832 -18.4 43.8169 20.2561 -18.4 43.8235 29.8677 -18.4 43.556 30.2457 -18.4 42.976 30.8289 -18.4 42.8609 31.4833 -18.4 42.8494 18.5095 -18.4 43.0854 19.2949 -18.4 
2
19
15.6721 17.6055 -17.5 15.2193 18.3337 -17.5 14.921 19.2949 -17.5 14.7211 19.5033 -17.5 14.1977 20.2561 -17.5 14.1877 21.2172 -17.5 13.9949 22.1784 -17.5 13.76 22.4374 -17.5 13.2138 23.1396 -17.5 13.1728 24.1007 -17.5 13.1714 26.0231 -17.5 13.257 26.9842 -17.5 13.76 27.5657 -17.5 14.0764 27.9454 -17.5 14.1821 28.9065 -17.5 14.1901 29.8677 -17.5 14.2236 30.8289 -17.5 14.7211 31.4975 -17.5 15.6584 32.4271 -17.5 
14
42.5949 17.9879 -17.5 42.3286 17.6384 -17.5 42.3451 18.5866 -17.5 42.3451 18.5872 -17.5 42.3424 32.3861 -17.5 42.5949 32.1031 -17.5 42.7922 31.79 -17.5 42.9608 30.8289 -17.5 43.556 30.2287 -17.5 43.8099 29.8677 -17.5 43.8023 20.2561 -17.5 43.556 19.8529 -17.5 43.0707 19.2949 -17.5 42.7807 18.3337 -17.5 
2
24
16.5918 16.6725 -16.6 15.8931 17.3726 -16.6 15.6823 17.6152 -16.6 15.2397 18.3337 -16.6 14.9406 19.2949 -16.6 14.7211 19.5248 -16.6 14.2166 20.2561 -16.6 14.2049 21.2172 -16.6 14.0106 22.1784 -16.6 13.76 22.4532 -16.6 13.2289 23.1396 -16.6 13.1881 24.1007 -16.6 13.1865 26.0231 -16.6 13.2731 26.9842 -16.6 13.76 27.5504 -16.6 14.0911 27.9454 -16.6 14.1984 28.9065 -16.6 14.2077 29.8677 -16.6 14.2411 30.8289 -16.6 14.7211 31.4778 -16.6 15.6823 32.4318 -16.6 15.9914 32.7512 -16.6 16.2422 33.7124 -16.6 16.5946 34.2661 -16.6 
16
42.7603 18.3337 -16.6 43.0517 19.2949 -16.6 43.556 19.8806 -16.6 43.7834 20.2561 -16.6 43.7923 29.8677 -16.6 43.556 30.2062 -16.6 42.9417 30.8289 -16.6 42.7736 31.79 -16.6 42.5949 32.076 -16.6 41.9987 32.7512 -16.6 41.7578 33.7124 -16.6 41.6337 33.9369 -16.6 41.4061 34.2295 -16.6 41.4082 16.6729 -16.6 42.1063 17.3726 -16.6 42.5949 18.0226 -16.6 
2
30
17.2165 15.7 -15.7 17.2164 15.7014 -15.7 17.21 34.9242 -15.7 16.9611 34.6735 -15.7 16.6434 34.3154 -15.7 16.2626 33.7124 -15.7 16.0145 32.7512 -15.7 15.6823 32.4077 -15.7 14.7211 31.4517 -15.7 14.2639 30.8289 -15.7 14.2306 29.8677 -15.7 14.2196 28.9065 -15.7 14.1103 27.9454 -15.7 13.2935 26.9842 -15.7 13.2059 26.0231 -15.7 13.2077 24.1007 -15.7 13.2482 23.1396 -15.7 13.76 22.4738 -15.7 14.0314 22.1784 -15.7 14.2275 21.2172 -15.7 14.2417 20.2561 -15.7 14.7211 19.5538 -15.7 14.9665 19.2949 -15.7 15.2654 18.3337 -15.7 15.6823 17.6491 -15.7 15.9182 17.3726 -15.7 16.8721 16.4114 -15.7 17.1841 15.6663 -15.7 17.1846 15.6652 -15.7 17.2195 15.5815 -15.7 
22
40.8154 15.6653 -15.7 40.7806 15.5817 -15.7 40.7836 15.7 -15.7 40.7836 15.7014 -15.7 40.79 34.924 -15.7 41.0388 34.6735 -15.7 41.6337 33.9019 -15.7 41.7374 33.7124 -15.7 41.9776 32.7512 -15.7 42.5949 32.041 -15.7 42.7501 31.79 -15.7 42.9176 30.8289 -15.7 43.556 30.1762 -15.7 43.7694 29.8677 -15.7 43.7583 20.2561 -15.7 43.556 19.9181 -15.7 43.0268 19.2949 -15.7 42.7346 18.3337 -15.7 42.5949 18.0675 -15.7 42.0812 17.3726 -15.7 41.1273 16.4114 -15.7 40.8158 15.6664 -15.7 
2
27
17.4515 15.1526 -14.8 17.4346 35.1235 -14.8 16.9885 34.6735 -14.8 16.6434 34.2794 -14.8 16.2892 33.7124 -14.8 16.0435 32.7512 -14.8 15.6823 32.3771 -14.8 14.7211 31.4152 -14.8 14.295 30.8289 -14.8 14.2619 29.8677 -14.8 14.2481 28.9065 -14.8 14.1364 27.9454 -14.8 13.3204 26.9842 -14.8 13.2318 26.0231 -14.8 13.2341 24.1007 -14.8 13.2738 23.1396 -14.8 13.76 22.5015 -14.8 14.0599 22.1784 -14.8 14.2581 21.2172 -14.8 14.2762 20.2561 -14.8 14.7211 19.5949 -14.8 15.0013 19.2949 -14.8 15.2974 18.3337 -14.8 15.6823 17.6924 -14.8 15.9495 17.3726 -14.8 16.8989 16.4114 -14.8 17.3038 15.4503 -14.8 
19
40.5495 15.1826 -14.8 40.5654 35.1226 -14.8 41.0113 34.6735 -14.8 41.6337 33.8549 -14.8 41.7108 33.7124 -14.8 41.9506 32.7512 -14.8 42.5949 31.9954 -14.8 42.7202 31.79 -14.8 42.8871 30.8289 -14.8 43.556 30.1343 -14.8 43.7381 29.8677 -14.8 43.7238 20.2561 -14.8 43.556 19.9712 -14.8 42.9935 19.2949 -14.8 42.7025 18.3337 -14.8 42.5949 18.1251 -14.8 42.0499 17.3726 -14.8 41.1005 16.4114 -14.8 40.6725 15.3928 -14.8 
2
32
18.4044 13.9806 -13.9 18.403 14 -13.9 18.3656 36 -13.9 18.3666 36.0214 -13.9 17.0262 34.6735 -13.9 16.6434 34.2285 -13.9 16.3255 33.7124 -13.9 16.0808 32.7512 -13.9 15.6823 32.3383 -13.9 14.7211 31.3627 -13.9 14.3384 30.8289 -13.9 14.2879 28.9065 -13.9 14.174 27.9454 -13.9 13.3577 26.9842 -13.9 13.2681 26.0231 -13.9 13.2714 24.1007 -13.9 13.3094 23.1396 -13.9 13.76 22.541 -13.9 14.101 22.1784 -13.9 14.3013 21.2172 -13.9 14.3256 20.2561 -13.9 14.7211 19.6563 -13.9 14.9346 19.4178 -13.9 15.0487 19.2949 -13.9 15.3399 18.3337 -13.9 15.6823 17.7517 -13.9 15.8822 17.5033 -13.9 15.9906 17.3726 -13.9 16.9352 16.4114 -13.9 17.3458 15.4503 -13.9 17.6046 14.9146 -13.9 17.8946 14.4891 -13.9 
28
39.5967 13.9978 -13.9 39.7114 14.0959 -13.9 40.1056 14.4891 -13.9 40.6541 15.4503 -13.9 40.6774 15.5237 -13.9 40.9062 16.0373 -13.9 41.064 16.4114 -13.9 42.0086 17.3726 -13.9 42.3783 17.9036 -13.9 42.5949 18.2048 -13.9 42.6601 18.3337 -13.9 42.9476 19.2949 -13.9 43.3322 19.7798 -13.9 43.556 20.0509 -13.9 43.6744 20.2561 -13.9 43.6937 29.8677 -13.9 43.556 30.0729 -13.9 43.1136 30.5524 -13.9 42.8489 30.8289 -13.9 42.6823 31.79 -13.9 42.5949 31.9357 -13.9 41.9152 32.7512 -13.9 41.6745 33.7124 -13.9 41.6337 33.7888 -13.9 40.9736 34.6735 -13.9 39.6333 36.0211 -13.9 39.6343 36 -13.9 39.5969 14 -13.9 
2
44
17.8232 14.6978 -13 17.9642 14.4891 -13 18.5658 13.8898 -13 19.2027 13.5279 -13 19.5269 13.3966 -13 20.334 12.9973 -13 20.3339 13 -13 20.2762 14 -13 20.2858 37 -13 20.3445 37.9226 -13 17.0816 34.6735 -13 16.8247 34.3635 -13 16.6434 34.1512 -13 16.378 33.7124 -13 16.132 32.7512 -13 15.4471 32.0443 -13 15.2054 31.79 -13 14.9212 31.4807 -13 14.7211 31.2761 -13 14.5569 31.0455 -13 14.408 30.8289 -13 14.3463 28.9065 -13 14.2315 27.9454 -13 13.76 27.4084 -13 13.4126 26.9842 -13 13.3235 26.0231 -13 13.3283 24.1007 -13 13.3628 23.1396 -13 13.76 22.6024 -13 14.1647 22.1784 -13 14.365 21.2172 -13 14.3979 20.2561 -13 14.5665 19.9977 -13 14.7211 19.7515 -13 14.956 19.4718 -13 15.1143 19.2949 -13 15.4007 18.3337 -13 15.5469 18.0826 -13 15.6823 17.8422 -13 15.9019 17.5568 -13 16.0501 17.3726 -13 16.988 16.4114 -13 17.4088 15.4503 -13 17.6046 15.0338 -13 
48
37.7891 13.1896 -13 38.315 13.3216 -13 38.7502 13.423 -13 38.8657 13.4914 -13 38.9295 13.5279 -13 39.3916 13.8986 -13 39.7114 14.1655 -13 40.0361 14.4891 -13 40.5912 15.4503 -13 40.6553 15.6325 -13 40.6725 15.6869 -13 40.8421 16.0678 -13 41.0109 16.4114 -13 41.9487 17.3726 -13 42.5949 18.3247 -13 42.5994 18.3337 -13 42.6156 18.4065 -13 42.8836 19.2949 -13 43.2708 19.8154 -13 43.556 20.1749 -13 43.5991 20.2507 -13 43.6021 20.2561 -13 43.635 21.2172 -13 43.6585 22.1784 -13 43.6285 29.8677 -13 43.5755 29.9475 -13 43.556 29.9779 -13 43.1256 30.4734 -13 42.7976 30.8289 -13 42.6311 31.79 -13 42.5992 31.8437 -13 42.5949 31.8511 -13 42.1818 32.3696 -13 41.8667 32.7512 -13 41.6918 33.4413 -13 41.6337 33.6538 -13 41.6208 33.7124 -13 41.6087 33.7331 -13 40.9183 34.6735 -13 38.7502 36.848 -13 38.2566 37.2525 -13 37.8973 37.557 -13 37.8213 37.6029 -13 37.7891 37.6217 -13 37.6733 37.6429 -13 37.7142 37 -13 37.7238 14 -13 37.6703 13.0729 -13 
2
60
18.083 14.4891 -12.1 17.8766 14.8063 -12.1 17.6046 15.2551 -12.1 17.5977 15.271 -12.1 17.2946 15.9467 -12.1 17.0703 16.4114 -12.1 16.1446 17.3726 -12.1 15.9373 17.6421 -12.1 15.6823 18.0032 -12.1 15.6272 18.1068 -12.1 15.4994 18.3337 -12.1 15.2093 19.2949 -12.1 14.9876 19.559 -12.1 14.7211 19.9139 -12.1 14.6564 20.0237 -12.1 14.5105 20.2561 -12.1 14.4911 20.7525 -12.1 14.4611 21.2172 -12.1 14.2661 22.1784 -12.1 14.0381 22.4157 -12.1 13.76 22.7202 -12.1 13.649 22.8805 -12.1 13.4596 23.1396 -12.1 13.4277 24.1007 -12.1 13.4178 25.0619 -12.1 13.4188 26.0231 -12.1 13.5028 26.9842 -12.1 13.5967 27.1053 -12.1 13.76 27.3072 -12.1 14.3221 27.9454 -12.1 14.4321 28.9065 -12.1 14.4472 29.403 -12.1 14.4905 30.3642 -12.1 14.522 30.8289 -12.1 14.5805 30.9189 -12.1 14.7211 31.1233 -12.1 14.9894 31.4153 -12.1 15.2981 31.79 -12.1 15.4541 31.9604 -12.1 16.2062 32.7512 -12.1 16.4587 33.7124 -12.1 16.6434 34.0243 -12.1 16.8859 34.317 -12.1 17.1696 34.6735 -12.1 20.4881 37.9677 -12.1 21.3379 38.4767 -12.1 21.2761 38 -12.1 21.2019 37 -12.1 21.1512 36 -12.1 21.115 35 -12.1 21.258 13 -12.1 21.3492 12.1902 -12.1 21.2427 12.2887 -12.1 20.4881 13.0098 -12.1 19.5592 13.4772 -12.1 19.5269 13.489 -12.1 19.4295 13.5279 -12.1 19.1466 13.687 -12.1 19.0305 13.7478 -12.1 18.5658 14.0092 -12.1 
56
36.9792 12.4929 -12.1 36.8279 12.3481 -12.1 36.6504 12.2021 -12.1 36.742 13 -12.1 36.8096 14 -12.1 36.857 15 -12.1 36.891 16 -12.1 36.7981 37 -12.1 36.7381 37.8141 -12.1 36.8279 37.7373 -12.1 37.3244 37.6409 -12.1 37.5862 37.5748 -12.1 37.6822 37.557 -12.1 37.7891 37.5339 -12.1 38.7502 36.7628 -12.1 40.8314 34.6735 -12.1 41.5343 33.7124 -12.1 41.5579 33.6051 -12.1 41.6337 33.3134 -12.1 41.6895 33.1404 -12.1 41.7959 32.7512 -12.1 42.1533 32.2864 -12.1 42.5433 31.797 -12.1 42.548 31.79 -12.1 42.5949 31.5405 -12.1 42.6314 31.3679 -12.1 42.7252 30.8289 -12.1 43.0959 30.3642 -12.1 43.5022 29.8964 -12.1 43.5249 29.8677 -12.1 43.5435 29.5993 -12.1 43.5921 22.6458 -12.1 43.5391 21.2172 -12.1 43.5238 21.0174 -12.1 43.4841 20.2561 -12.1 43.1155 19.7596 -12.1 42.7884 19.2949 -12.1 42.7258 19.1204 -12.1 42.5949 18.6926 -12.1 42.5785 18.6239 -12.1 42.4981 18.3337 -12.1 41.8521 17.3726 -12.1 40.9272 16.4114 -12.1 40.8318 16.2465 -12.1 40.6725 15.9221 -12.1 40.612 15.7501 -12.1 40.485 15.4503 -12.1 39.918 14.4891 -12.1 39.7114 14.2836 -12.1 39.2467 13.9261 -12.1 38.8104 13.5762 -12.1 38.7502 13.537 -12.1 38.7172 13.5279 -12.1 38.6627 13.5099 -12.1 38.2855 13.3978 -12.1 37.7891 13.2731 -12.1 
2
108
15.6823 18.2432 -11.2 15.6342 18.3337 -11.2 15.4932 18.7373 -11.2 15.3214 19.2949 -11.2 15.0606 19.6985 -11.2 14.7409 20.1243 -11.2 14.7211 20.1545 -11.2 14.6612 20.2561 -11.2 14.6125 20.6597 -11.2 14.5765 21.2172 -11.2 14.3847 22.1784 -11.2 14.1144 22.582 -11.2 13.7807 22.9474 -11.2 13.76 22.9728 -11.2 13.6444 23.1396 -11.2 13.6162 23.5432 -11.2 13.5979 24.1007 -11.2 13.5901 24.6583 -11.2 13.5785 25.0619 -11.2 13.5806 26.0231 -11.2 13.6265 26.5806 -11.2 13.6451 26.9842 -11.2 13.6474 26.9875 -11.2 13.76 27.1328 -11.2 14.1217 27.5451 -11.2 14.4326 27.9454 -11.2 14.4936 28.5029 -11.2 14.5315 28.9065 -11.2 14.5584 29.4641 -11.2 14.6279 30.4253 -11.2 14.6793 30.8289 -11.2 14.7211 30.8933 -11.2 15.1249 31.3864 -11.2 15.4151 31.79 -11.2 15.4951 31.883 -11.2 16.0146 32.4406 -11.2 16.2921 32.7512 -11.2 16.4418 33.3088 -11.2 16.5635 33.7124 -11.2 16.5679 33.7203 -11.2 16.6434 33.85 -11.2 16.9837 34.2778 -11.2 17.2832 34.6735 -11.2 20.1862 37.557 -11.2 20.2785 37.6416 -11.2 20.4881 37.8414 -11.2 21.4493 38.4169 -11.2 21.8529 38.4675 -11.2 22.4104 38.5106 -11.2 22.4369 38.5182 -11.2 22.5375 38.5559 -11.2 22.814 38.6544 -11.2 23.3716 38.85 -11.2 23.7752 39.1097 -11.2 24.2854 39.4552 -11.2 24.3301 39.4794 -11.2 24.3328 39.4807 -11.2 24.353 39.482 -11.2 24.2313 39 -11.2 24.1677 38.3573 -11.2 24.1179 38 -11.2 24.0683 37.207 -11.2 24.0522 37 -11.2 24.0091 36 -11.2 24 35.7029 -11.2 23.3881 35.3881 -11.2 23 35.1676 -11.2 22.7281 35 -11.2 22 34.4626 -11.2 22 16.3261 -11.2 22.2005 16.2005 -11.2 22.4348 16 -11.2 22.8014 15.8014 -11.2 23 15.6465 -11.2 23.4403 15.4403 -11.2 24 15.078 -11.2 24.0793 13.3293 -11.2 24.1446 12.4651 -11.2 24.2018 12 -11.2 24.2586 11.596 -11.2 24.3318 11.2662 -11.2 23.3841 11.5458 -11.2 23.3716 11.5487 -11.2 22.8413 11.5882 -11.2 22.4104 11.6457 -11.2 21.4493 12.2474 -11.2 21.3434 12.3378 -11.2 20.7858 12.859 -11.2 20.4881 13.1236 -11.2 20.2544 13.2626 -11.2 19.7355 13.5279 -11.2 19.6968 13.5426 -11.2 19.5269 13.6198 -11.2 18.9694 13.9334 -11.2 18.5658 14.189 -11.2 18.2627 14.4891 -11.2 18.0007 14.8927 -11.2 17.6743 15.4312 -11.2 17.666 15.4503 -11.2 17.6046 15.5821 -11.2 17.469 15.8054 -11.2 17.4422 15.8539 -11.2 17.1731 16.4114 -11.2 16.6434 16.9683 -11.2 16.5197 17.1058 -11.2 16.268 17.3726 -11.2 16.0074 17.7762 -11.2 15.7015 18.2094 -11.2 
95
33.6951 11.535 -11.2 33.6478 11.2402 -11.2 33.9444 11.4679 -11.2 34.502 11.5286 -11.2 34.9056 11.5817 -11.2 35.3763 11.6255 -11.2 35.4631 11.6358 -11.2 35.8667 11.722 -11.2 36.2703 12.0151 -11.2 36.8279 12.4739 -11.2 36.9232 12.5625 -11.2 37.3268 12.9347 -11.2 37.7891 13.3774 -11.2 38.1365 13.4922 -11.2 38.2102 13.5279 -11.2 38.5401 13.6589 -11.2 38.7502 13.7168 -11.2 39.7114 14.4619 -11.2 39.7388 14.4891 -11.2 39.7827 14.5407 -11.2 40.334 15.4503 -11.2 40.52 15.8032 -11.2 40.6725 16.1628 -11.2 40.787 16.3607 -11.2 40.8225 16.4114 -11.2 41.1906 16.8145 -11.2 41.7216 17.3721 -11.2 41.722 17.3726 -11.2 42.3641 18.3337 -11.2 42.4957 18.7373 -11.2 42.5949 19.0939 -11.2 42.6671 19.2949 -11.2 42.6701 19.2985 -11.2 42.9351 19.6985 -11.2 43.3275 20.2561 -11.2 43.3703 20.8136 -11.2 43.4235 21.2172 -11.2 43.4493 21.7748 -11.2 43.4797 22.1784 -11.2 43.5007 22.736 -11.2 43.5221 23.1396 -11.2 43.5519 24.1007 -11.2 43.5627 26.0231 -11.2 43.4908 28.5029 -11.2 43.4298 29.4641 -11.2 43.3818 29.8677 -11.2 42.9371 30.4253 -11.2 42.6434 30.8289 -11.2 42.5952 31.0569 -11.2 42.5949 31.0578 -11.2 42.5011 31.4604 -11.2 42.4391 31.79 -11.2 42.0104 32.3476 -11.2 41.7123 32.7512 -11.2 41.6454 32.9588 -11.2 41.6337 32.989 -11.2 41.5168 33.3624 -11.2 41.4259 33.7124 -11.2 40.7204 34.6735 -11.2 39.7116 35.7014 -11.2 39.7114 35.7016 -11.2 38.7454 36.6587 -11.2 37.7891 37.4139 -11.2 37.4654 37.5044 -11.2 37.222 37.557 -11.2 36.9078 37.6363 -11.2 36.8279 37.6627 -11.2 36.2703 38.1392 -11.2 35.8667 38.4693 -11.2 35.5949 38.5165 -11.2 35.0373 38.5877 -11.2 34.9056 38.6112 -11.2 34.502 38.9468 -11.2 33.9444 39.4509 -11.2 33.6907 39.4754 -11.2 33.7128 39.3879 -11.2 33.8374 38.5071 -11.2 33.9098 37.6427 -11.2 34 35.7029 -11.2 34.4288 35.4288 -11.2 35 35.1676 -11.2 35.095 35.095 -11.2 35.2719 35 -11.2 35.6659 34.6659 -11.2 36 34.4626 -11.2 36 16.3261 -11.2 35.5652 16 -11.2 35 15.6465 -11.2 34.1643 15.1643 -11.2 34 15.078 -11.2 33.9978 15 -11.2 33.9579 14 -11.2 33.8976 13 -11.2 33.8571 12.6707 -11.2 33.7982 12 -11.2 
2
44
24.9409 14 -10.3 24.9043 36 -10.3 24.9523 37 -10.3 25 37.6147 -10.3 25.9262 37.9262 -10.3 26 37.9444 -10.3 26.2 38 -10.3 27 38.1486 -10.3 27.1867 38.1867 -10.3 28 38.2897 -10.3 28.315 38.315 -10.3 29 38.3463 -10.3 29.3196 38.3196 -10.3 30 38.2897 -10.3 30.2366 38.2366 -10.3 31 38.1486 -10.3 31.1092 38.1092 -10.3 31.8 38 -10.3 31.9525 37.9525 -10.3 32 37.9444 -10.3 32.6836 37.6836 -10.3 33 37.6147 -10.3 33.0477 37 -10.3 33.0957 36 -10.3 33.0591 14 -10.3 33 13.1557 -10.3 32.5401 13 -10.3 32 12.8796 -10.3 31.8287 12.8287 -10.3 31 12.675 -10.3 30.5935 12.5935 -10.3 30 12.5179 -10.3 29.4761 12.4761 -10.3 29 12.4538 -10.3 28.4955 12.4955 -10.3 28 12.5179 -10.3 27.6045 12.6045 -10.3 27 12.675 -10.3 26.7583 12.7583 -10.3 26 12.8796 -10.3 25.9127 12.9127 -10.3 25.4599 13 -10.3 25.1273 13.1273 -10.3 25 13.1557 -10.3 
177
35.248 11.7673 -10.3 35.8667 11.8995 -10.3 36.4855 12.349 -10.3 36.807 12.5668 -10.3 36.8279 12.5837 -10.3 37.4467 13.1545 -10.3 37.7891 13.4574 -10.3 37.9021 13.5122 -10.3 37.9299 13.5279 -10.3 38.2445 13.6759 -10.3 38.7502 13.8767 -10.3 39.5537 14.4891 -10.3 39.6436 14.5897 -10.3 39.7114 14.6688 -10.3 40.0448 15.2085 -10.3 40.2061 15.4503 -10.3 40.3872 15.7682 -10.3 40.6725 16.3093 -10.3 40.727 16.387 -10.3 40.7448 16.4114 -10.3 41.6167 17.3726 -10.3 41.6343 17.3939 -10.3 41.8404 17.715 -10.3 42.2527 18.3337 -10.3 42.4545 18.9525 -10.3 42.5777 19.2949 -10.3 42.5908 19.314 -10.3 42.5949 19.3195 -10.3 43.0012 19.9328 -10.3 43.1969 20.2561 -10.3 43.2785 20.8748 -10.3 43.338 21.2172 -10.3 43.3845 21.836 -10.3 43.416 22.1784 -10.3 43.4675 23.1396 -10.3 43.4991 24.1007 -10.3 43.5102 26.0231 -10.3 43.492 26.9842 -10.3 43.4548 27.9454 -10.3 43.399 28.9065 -10.3 43.3255 29.5253 -10.3 43.2736 29.8677 -10.3 42.8232 30.4865 -10.3 42.5949 30.8176 -10.3 42.5874 30.8289 -10.3 42.4432 31.4476 -10.3 42.3574 31.79 -10.3 41.6522 32.7512 -10.3 41.6343 32.7975 -10.3 41.6337 32.7988 -10.3 41.5141 33.1399 -10.3 41.335 33.7124 -10.3 40.6725 34.6293 -10.3 40.6312 34.6735 -10.3 39.7114 35.6211 -10.3 39.698 35.6347 -10.3 39.6977 35.635 -10.3 38.7502 36.5711 -10.3 38.7244 36.5959 -10.3 37.7891 37.3271 -10.3 37.4938 37.4182 -10.3 36.9976 37.557 -10.3 36.875 37.5974 -10.3 36.8279 37.6144 -10.3 35.8667 38.396 -10.3 35.6047 38.4458 -10.3 34.986 38.5543 -10.3 34.9056 38.5699 -10.3 34.2868 39.0844 -10.3 33.9444 39.36 -10.3 33.3256 39.4235 -10.3 32.9832 39.4663 -10.3 32.0221 39.5147 -10.3 27.2162 39.5544 -10.3 25.2939 39.4814 -10.3 24.6752 39.4391 -10.3 24.3328 39.4102 -10.3 23.3716 38.7951 -10.3 22.6382 38.5182 -10.3 22.4104 38.4514 -10.3 21.7917 38.3738 -10.3 21.4493 38.2863 -10.3 20.8305 37.912 -10.3 20.4881 37.6571 -10.3 20.3788 37.557 -10.3 20.3465 37.5317 -10.3 19.8693 37.0802 -10.3 19.5269 36.8391 -10.3 17.6046 34.9202 -10.3 17.3722 34.6735 -10.3 17.1224 34.3311 -10.3 16.6557 33.7124 -10.3 16.6434 33.6734 -10.3 16.6366 33.6493 -10.3 16.5373 33.37 -10.3 16.3507 32.7512 -10.3 15.6823 31.9962 -10.3 15.5597 31.8535 -10.3 15.5074 31.79 -10.3 15.2925 31.4476 -10.3 14.8476 30.8289 -10.3 14.7728 30.4865 -10.3 14.7211 30.1448 -10.3 14.6862 29.8677 -10.3 14.6496 29.5253 -10.3 14.5112 27.9454 -10.3 14.3148 27.603 -10.3 13.8343 26.9842 -10.3 13.7881 26.1462 -10.3 13.7773 26.0231 -10.3 13.774 25.0619 -10.3 13.8047 24.1007 -10.3 13.8521 23.482 -10.3 13.8916 23.1396 -10.3 14.0616 22.7972 -10.3 14.4761 22.1784 -10.3 14.5371 21.836 -10.3 14.662 21.2172 -10.3 14.7095 20.8213 -10.3 14.7211 20.7503 -10.3 14.7697 20.479 -10.3 14.8 20.2561 -10.3 15.0087 19.9137 -10.3 15.4086 19.2949 -10.3 15.5971 18.7707 -10.3 15.6823 18.5463 -10.3 15.7223 18.4283 -10.3 15.7517 18.3337 -10.3 16.3721 17.3726 -10.3 16.5618 17.1619 -10.3 16.6434 17.0674 -10.3 16.869 16.8195 -10.3 17.2515 16.4114 -10.3 17.4878 16.0223 -10.3 17.6046 15.8412 -10.3 17.687 15.6799 -10.3 17.7939 15.4503 -10.3 18.0453 15.1079 -10.3 18.447 14.4891 -10.3 18.5658 14.3722 -10.3 18.9082 14.145 -10.3 19.5269 13.7531 -10.3 19.7212 13.6464 -10.3 19.9817 13.5279 -10.3 20.3399 13.3149 -10.3 20.4881 13.2124 -10.3 21.2222 12.5668 -10.3 21.3845 12.4283 -10.3 21.4493 12.3761 -10.3 21.7917 12.18 -10.3 22.4104 11.7904 -10.3 22.7528 11.716 -10.3 23.3716 11.6298 -10.3 23.4459 11.6101 -10.3 23.4651 11.6056 -10.3 24.0647 11.4328 -10.3 24.3328 11.3481 -10.3 24.6752 11.1535 -10.3 25.2939 10.7609 -10.3 25.6363 10.7191 -10.3 26.2551 10.6708 -10.3 26.6042 10.6494 -10.3 26.6048 10.6493 -10.3 27.2188 10.6111 -10.3 28.1774 10.5806 -10.3 29.1386 10.5719 -10.3 30.0997 10.5863 -10.3 31.0609 10.6231 -10.3 32.0221 10.6914 -10.3 32.3645 10.7509 -10.3 32.9832 10.8255 -10.3 33.3256 11.0603 -10.3 33.9444 11.5354 -10.3 34.3008 11.5863 -10.3 34.4143 11.6056 -10.3 34.6432 11.6387 -10.3 34.9056 11.6693 -10.3 
1
113
15.7944 18.3337 -9.4 15.6823 18.6646 -9.4 15.4432 19.2949 -9.4 14.8575 20.2561 -9.4 14.7211 21.0175 -9.4 14.6886 21.2172 -9.4 14.5175 22.1784 -9.4 14.0405 23.1396 -9.4 13.9296 24.1007 -9.4 13.8909 25.0619 -9.4 13.8949 26.0231 -9.4 13.9797 26.9842 -9.4 14.5306 27.9454 -9.4 14.6193 28.9065 -9.4 14.7222 29.8677 -9.4 14.9319 30.8289 -9.4 15.5352 31.79 -9.4 15.6823 31.9686 -9.4 16.3644 32.7512 -9.4 16.6434 33.5358 -9.4 16.6991 33.7124 -9.4 17.4004 34.6735 -9.4 17.6046 34.893 -9.4 18.5658 35.8753 -9.4 19.5269 36.8093 -9.4 19.8081 36.9757 -9.4 20.4881 37.4546 -9.4 20.5658 37.5049 -9.4 20.6918 37.557 -9.4 20.847 37.6423 -9.4 21.4493 38.0898 -9.4 21.7305 38.2613 -9.4 22.4104 38.4351 -9.4 22.6874 38.5182 -9.4 23.3716 38.7809 -9.4 24.3328 39.3895 -9.4 25.2939 39.4708 -9.4 26.2551 39.5175 -9.4 27.2162 39.5459 -9.4 31.0609 39.5401 -9.4 32.0221 39.5078 -9.4 32.9832 39.4558 -9.4 33.9444 39.3356 -9.4 34.9056 38.5623 -9.4 35.8667 38.3784 -9.4 36.8279 37.6048 -9.4 36.9605 37.557 -9.4 37.7891 37.3015 -9.4 38.6988 36.5959 -9.4 38.7502 36.5468 -9.4 39.7114 35.5958 -9.4 40.5978 34.6735 -9.4 40.6725 34.5929 -9.4 41.2982 33.7124 -9.4 41.6337 32.7549 -9.4 41.6354 32.7512 -9.4 42.3322 31.79 -9.4 42.573 30.8289 -9.4 42.5949 30.7958 -9.4 43.2351 29.8677 -9.4 43.3807 28.9065 -9.4 43.4409 27.9454 -9.4 43.475 26.9842 -9.4 43.4918 26.0231 -9.4 43.4814 24.1007 -9.4 43.4522 23.1396 -9.4 43.3996 22.1784 -9.4 43.3114 21.2172 -9.4 43.1445 20.2561 -9.4 42.5949 19.3484 -9.4 42.558 19.2949 -9.4 42.2123 18.3337 -9.4 41.6337 17.4324 -9.4 41.5845 17.3726 -9.4 40.7227 16.4114 -9.4 40.6725 16.3429 -9.4 40.1642 15.4503 -9.4 39.7114 14.7716 -9.4 39.4588 14.4891 -9.4 38.7502 13.9436 -9.4 37.8673 13.5279 -9.4 37.7891 13.4837 -9.4 36.8279 12.6334 -9.4 36.7456 12.5668 -9.4 35.8667 11.9735 -9.4 34.9056 11.6988 -9.4 34.2623 11.6056 -9.4 33.9444 11.5515 -9.4 32.9832 10.8923 -9.4 32.0221 10.7253 -9.4 31.0609 10.6574 -9.4 30.0997 10.6217 -9.4 29.1386 10.6078 -9.4 28.1774 10.6161 -9.4 27.2162 10.6455 -9.4 26.2551 10.7045 -9.4 25.2939 10.8216 -9.4 24.3328 11.368 -9.4 23.5808 11.6056 -9.4 23.3716 11.6612 -9.4 22.4104 11.8699 -9.4 21.4493 12.4205 -9.4 21.2676 12.5668 -9.4 20.4881 13.2404 -9.4 20.0723 13.5279 -9.4 19.5269 13.8277 -9.4 18.5658 14.4655 -9.4 18.5417 14.4891 -9.4 17.8358 15.4503 -9.4 17.6046 15.9032 -9.4 17.2766 16.4114 -9.4 16.6434 17.1072 -9.4 16.4142 17.3726 -9.4 
1
111
15.7942 18.3337 -8.5 15.6823 18.6639 -8.5 15.4431 19.2949 -8.5 14.8573 20.2561 -8.5 14.7211 21.0167 -8.5 14.6885 21.2172 -8.5 14.5176 22.1784 -8.5 14.0419 23.1396 -8.5 13.9308 24.1007 -8.5 13.8915 25.0619 -8.5 13.8953 26.0231 -8.5 13.9805 26.9842 -8.5 14.5306 27.9454 -8.5 14.6188 28.9065 -8.5 14.7212 29.8677 -8.5 14.7213 29.8684 -8.5 14.9303 30.8289 -8.5 15.5344 31.79 -8.5 15.6823 31.9696 -8.5 16.3646 32.7512 -8.5 16.6434 33.5372 -8.5 16.6985 33.7124 -8.5 17.4007 34.6735 -8.5 17.6046 34.8924 -8.5 18.5658 35.8757 -8.5 19.5269 36.81 -8.5 20.4881 37.3789 -8.5 20.9187 37.557 -8.5 21.4493 37.8487 -8.5 22.4104 38.4351 -8.5 22.6861 38.5182 -8.5 23.3716 38.781 -8.5 24.3328 39.3894 -8.5 25.2939 39.4712 -8.5 26.2551 39.5177 -8.5 31.0609 39.5402 -8.5 32.0221 39.5082 -8.5 32.9832 39.4561 -8.5 33.9444 39.3352 -8.5 34.9056 38.5626 -8.5 35.8667 38.3788 -8.5 36.8279 37.6052 -8.5 36.9618 37.557 -8.5 37.7891 37.3023 -8.5 38.6996 36.5959 -8.5 38.7502 36.5476 -8.5 39.7114 35.5956 -8.5 40.5978 34.6735 -8.5 40.6725 34.593 -8.5 41.2988 33.7124 -8.5 41.6337 32.7547 -8.5 41.634 32.7539 -8.5 41.6353 32.7512 -8.5 42.3327 31.79 -8.5 42.5732 30.8289 -8.5 42.5949 30.7962 -8.5 43.2361 29.8677 -8.5 43.3812 28.9065 -8.5 43.441 27.9454 -8.5 43.4748 26.9842 -8.5 43.4916 26.0231 -8.5 43.493 25.0619 -8.5 43.4809 24.1007 -8.5 43.4519 23.1396 -8.5 43.3996 22.1784 -8.5 43.3115 21.2172 -8.5 43.1447 20.2561 -8.5 42.5949 19.3482 -8.5 42.5581 19.2949 -8.5 42.2125 18.3337 -8.5 41.6337 17.4321 -8.5 41.5847 17.3726 -8.5 40.7225 16.4114 -8.5 40.6725 16.3431 -8.5 40.1641 15.4503 -8.5 39.7114 14.7719 -8.5 39.4582 14.4891 -8.5 38.7502 13.9442 -8.5 37.8671 13.5279 -8.5 37.7891 13.4838 -8.5 36.8279 12.6338 -8.5 36.7453 12.5668 -8.5 35.8667 11.9727 -8.5 34.9056 11.6993 -8.5 34.2598 11.6056 -8.5 33.9444 11.5518 -8.5 32.9832 10.893 -8.5 32.0221 10.7261 -8.5 31.0609 10.6577 -8.5 30.0997 10.6222 -8.5 29.1386 10.6086 -8.5 28.1774 10.6166 -8.5 27.2162 10.6458 -8.5 26.2551 10.7053 -8.5 25.2939 10.8221 -8.5 24.3328 11.3683 -8.5 23.5826 11.6056 -8.5 23.3716 11.6617 -8.5 22.4104 11.8694 -8.5 21.4493 12.4205 -8.5 21.2678 12.5668 -8.5 20.4881 13.2406 -8.5 20.0727 13.5279 -8.5 19.5269 13.8283 -8.5 18.5658 14.4658 -8.5 18.542 14.4891 -8.5 17.8359 15.4503 -8.5 17.6046 15.9035 -8.5 17.2766 16.4114 -8.5 16.6434 17.1071 -8.5 16.4141 17.3726 -8.5 
1
131
15.7897 18.3337 -7.6 15.6964 18.6091 -7.6 15.6823 18.6532 -7.6 15.6416 18.7681 -7.6 15.442 19.2949 -7.6 14.9528 20.0972 -7.6 14.852 20.2561 -7.6 14.7385 20.8907 -7.6 14.7211 20.9992 -7.6 14.7139 21.0496 -7.6 14.6867 21.2172 -7.6 14.5442 22.0195 -7.6 14.5273 22.1784 -7.6 14.1312 22.9807 -7.6 14.0471 23.1396 -7.6 13.9544 23.9418 -7.6 13.9264 24.1007 -7.6 13.8875 25.0619 -7.6 13.8919 26.0231 -7.6 13.9743 26.9842 -7.6 14.4331 27.7865 -7.6 14.5294 27.9454 -7.6 14.7189 29.8677 -7.6 14.7211 29.8792 -7.6 14.9258 30.8289 -7.6 15.53 31.79 -7.6 15.6823 31.9738 -7.6 16.3638 32.7512 -7.6 16.6434 33.5401 -7.6 16.6974 33.7124 -7.6 17.3993 34.6735 -7.6 17.6046 34.8935 -7.6 18.5658 35.8773 -7.6 19.5269 36.8119 -7.6 20.4881 37.3799 -7.6 20.9168 37.557 -7.6 21.4493 37.8495 -7.6 22.4104 38.4358 -7.6 22.6841 38.5182 -7.6 23.3716 38.7815 -7.6 24.3328 39.3894 -7.6 25.2939 39.4716 -7.6 26.2551 39.5182 -7.6 31.0609 39.5405 -7.6 32.0221 39.5088 -7.6 32.9832 39.4567 -7.6 33.9444 39.3359 -7.6 34.9056 38.5634 -7.6 35.8667 38.38 -7.6 36.8279 37.6062 -7.6 36.9655 37.557 -7.6 37.7891 37.3047 -7.6 38.7019 36.5959 -7.6 38.7502 36.5497 -7.6 39.7114 35.5964 -7.6 40.5991 34.6735 -7.6 40.6725 34.5945 -7.6 41.2999 33.7124 -7.6 41.6337 32.7559 -7.6 41.6345 32.754 -7.6 41.6357 32.7512 -7.6 42.3339 31.79 -7.6 42.5736 30.8289 -7.6 42.5949 30.7969 -7.6 43.2386 29.8677 -7.6 43.3824 28.9065 -7.6 43.4413 27.9454 -7.6 43.4751 26.9842 -7.6 43.4916 26.0231 -7.6 43.4932 25.0619 -7.6 43.4809 24.1007 -7.6 43.4521 23.1396 -7.6 43.4004 22.1784 -7.6 43.3133 21.2172 -7.6 43.2886 21.0583 -7.6 43.1495 20.2561 -7.6 42.5949 19.3434 -7.6 42.5615 19.2949 -7.6 42.2169 18.3337 -7.6 41.6337 17.4279 -7.6 41.5881 17.3726 -7.6 40.7238 16.4114 -7.6 40.7141 16.3968 -7.6 40.6725 16.34 -7.6 40.2478 15.5946 -7.6 40.1714 15.4503 -7.6 39.7114 14.7635 -7.6 39.4653 14.4891 -7.6 38.7502 13.9367 -7.6 38.0127 13.5887 -7.6 37.8708 13.5279 -7.6 37.8538 13.5194 -7.6 37.7891 13.4828 -7.6 36.8279 12.6317 -7.6 36.748 12.5668 -7.6 36.5998 12.462 -7.6 35.8667 11.9657 -7.6 35.0645 11.7383 -7.6 34.9056 11.6979 -7.6 34.2645 11.6056 -7.6 33.9444 11.5514 -7.6 32.9832 10.8898 -7.6 32.0221 10.7246 -7.6 31.0609 10.6569 -7.6 30.0997 10.6215 -7.6 29.1386 10.6083 -7.6 28.1774 10.6162 -7.6 27.2162 10.6455 -7.6 26.2551 10.7047 -7.6 25.2939 10.8209 -7.6 24.3328 11.3661 -7.6 23.5806 11.6056 -7.6 23.3716 11.6615 -7.6 22.4104 11.8671 -7.6 21.6082 12.3274 -7.6 21.4493 12.4152 -7.6 21.4139 12.4447 -7.6 21.2626 12.5668 -7.6 20.4881 13.2389 -7.6 20.0708 13.5279 -7.6 19.5269 13.8277 -7.6 18.7247 14.3599 -7.6 18.5658 14.4583 -7.6 18.5343 14.4891 -7.6 17.8286 15.4503 -7.6 17.6353 15.8291 -7.6 17.6046 15.8937 -7.6 17.5492 15.988 -7.6 17.2756 16.4114 -7.6 16.6434 17.1053 -7.6 16.4122 17.3726 -7.6 
1
168
15.4578 19.1972 -6.7 15.6788 18.5732 -6.7 15.6823 18.5617 -6.7 15.7554 18.3337 -6.7 15.8221 18.236 -6.7 16.3924 17.3726 -6.7 16.6087 17.1241 -6.7 16.7007 17.0264 -6.7 17.263 16.4114 -6.7 17.5642 15.8991 -6.7 17.6046 15.8122 -6.7 17.6084 15.8014 -6.7 17.775 15.4503 -6.7 17.8365 15.3526 -6.7 18.4677 14.4891 -6.7 18.5658 14.3921 -6.7 18.6635 14.3399 -6.7 19.5269 13.8053 -6.7 19.5581 13.7921 -6.7 20.0356 13.5279 -6.7 20.4215 13.2595 -6.7 20.4881 13.2215 -6.7 20.5517 13.1618 -6.7 21.2229 12.5668 -6.7 21.4152 12.4065 -6.7 21.4493 12.3746 -6.7 21.547 12.3169 -6.7 22.4104 11.8398 -6.7 23.2739 11.6609 -6.7 23.3716 11.6521 -6.7 23.5403 11.6056 -6.7 24.3328 11.3465 -6.7 24.4305 11.2847 -6.7 25.2939 10.7973 -6.7 26.1574 10.6969 -6.7 27.1185 10.6394 -6.7 27.2162 10.6354 -6.7 28.1774 10.6069 -6.7 29.1386 10.5992 -6.7 31.0693 10.6443 -6.7 32.1198 10.7124 -6.7 32.9832 10.8527 -6.7 33.0809 10.9342 -6.7 33.9444 11.5434 -6.7 34.2643 11.5952 -6.7 34.3524 11.6056 -6.7 34.362 11.6065 -6.7 34.9056 11.6807 -6.7 35.0033 11.6914 -6.7 35.8667 11.9111 -6.7 35.9644 11.9912 -6.7 36.7696 12.5607 -6.7 36.8279 12.6083 -6.7 36.9256 12.7003 -6.7 37.7891 13.4702 -6.7 37.8814 13.5162 -6.7 37.9175 13.5279 -6.7 37.9792 13.5448 -6.7 38.7502 13.8753 -6.7 39.5258 14.4849 -6.7 39.53 14.4891 -6.7 39.7114 14.6897 -6.7 40.1492 15.3331 -6.7 40.1635 15.3526 -6.7 40.225 15.4503 -6.7 40.257 15.5261 -6.7 40.6725 16.31 -6.7 40.7254 16.3895 -6.7 40.7377 16.4114 -6.7 41.5225 17.2749 -6.7 41.6079 17.3653 -6.7 41.6145 17.3726 -6.7 41.6337 17.3954 -6.7 42.2495 18.3337 -6.7 42.555 19.1972 -6.7 42.5797 19.2791 -6.7 42.5852 19.2949 -6.7 42.5949 19.3088 -6.7 43.1201 20.1584 -6.7 43.1868 20.2561 -6.7 43.3212 21.1195 -6.7 43.4039 22.0807 -6.7 43.496 26.0231 -6.7 43.4803 26.9842 -6.7 43.4475 27.9454 -6.7 43.3912 28.9065 -6.7 43.2663 29.77 -6.7 43.2561 29.8677 -6.7 43.1828 29.9654 -6.7 42.5966 30.8037 -6.7 42.5949 30.806 -6.7 42.5795 30.8289 -6.7 42.5573 30.9266 -6.7 42.3432 31.79 -6.7 41.6429 32.7512 -6.7 41.6383 32.7615 -6.7 41.6337 32.7732 -6.7 41.607 32.8593 -6.7 41.3109 33.7124 -6.7 40.6733 34.6095 -6.7 40.6725 34.6104 -6.7 40.6136 34.6735 -6.7 38.7502 36.5646 -6.7 38.7176 36.5959 -6.7 37.7891 37.3219 -6.7 37.7215 37.3391 -6.7 36.995 37.557 -6.7 36.858 37.6049 -6.7 36.8279 37.6137 -6.7 35.8667 38.3907 -6.7 35.8162 38.3988 -6.7 34.9528 38.5617 -6.7 34.9056 38.5694 -6.7 34.0421 39.2664 -6.7 33.9444 39.3494 -6.7 33.0809 39.4544 -6.7 33.0014 39.4614 -6.7 27.2162 39.5493 -6.7 26.2551 39.5217 -6.7 25.2939 39.476 -6.7 25.1962 39.4696 -6.7 24.3328 39.3968 -6.7 23.3716 38.788 -6.7 22.6676 38.5182 -6.7 22.4104 38.4411 -6.7 21.4493 37.8564 -6.7 20.9659 37.5909 -6.7 20.9012 37.557 -6.7 20.8682 37.5442 -6.7 20.4881 37.3875 -6.7 19.6246 36.8818 -6.7 19.5269 36.8268 -6.7 18.5658 35.8905 -6.7 17.6046 34.9103 -6.7 17.3819 34.6735 -6.7 16.6892 33.7168 -6.7 16.6865 33.7124 -6.7 16.6434 33.5745 -6.7 16.3855 32.8489 -6.7 16.3547 32.7512 -6.7 16.2902 32.6812 -6.7 15.6823 31.9987 -6.7 15.5289 31.8177 -6.7 15.5034 31.79 -6.7 14.9627 30.9266 -6.7 14.8904 30.8313 -6.7 14.8889 30.8289 -6.7 14.7211 30.0216 -6.7 14.7107 29.9654 -6.7 14.6964 29.77 -6.7 14.5176 27.9454 -6.7 13.9943 27.0819 -6.7 13.9181 26.9842 -6.7 13.8548 26.1408 -6.7 13.8512 26.0231 -6.7 13.8474 25.0619 -6.7 13.8756 24.253 -6.7 13.8783 24.1007 -6.7 13.9515 24.003 -6.7 14.1033 23.1396 -6.7 14.1156 23.0419 -6.7 14.5726 22.1784 -6.7 14.5784 22.0807 -6.7 14.6704 21.2172 -6.7 14.6776 21.1195 -6.7 14.8109 20.2561 -6.7 14.88 20.1584 -6.7 15.4278 19.2949 -6.7 
1
179
16.6224 17.0203 -5.8 16.2944 17.3726 -5.8 15.6979 18.2354 -5.8 15.6823 18.2555 -5.8 15.6731 18.2719 -5.8 15.6403 18.3337 -5.8 15.3571 19.2583 -5.8 15.3466 19.2949 -5.8 14.738 20.1463 -5.8 14.7211 20.1661 -5.8 14.7106 20.1829 -5.8 14.6687 20.2561 -5.8 14.6011 21.1806 -5.8 14.6006 21.2172 -5.8 14.5457 22.1418 -5.8 14.5451 22.1784 -5.8 14.4291 23.103 -5.8 14.4239 23.1396 -5.8 13.7799 23.9879 -5.8 13.76 24.0097 -5.8 13.7491 24.0245 -5.8 13.6996 24.1007 -5.8 13.6918 25.0253 -5.8 13.6909 25.0619 -5.8 13.692 26.0231 -5.8 13.717 26.9476 -5.8 13.7197 26.9842 -5.8 13.7288 26.9959 -5.8 13.76 27.0417 -5.8 14.4462 27.9205 -5.8 14.4679 27.9454 -5.8 14.5616 28.9065 -5.8 14.6263 29.8311 -5.8 14.6269 29.8677 -5.8 14.6968 30.7923 -5.8 14.6972 30.8289 -5.8 14.7075 30.8441 -5.8 14.7211 30.8667 -5.8 15.4048 31.7686 -5.8 15.425 31.79 -5.8 15.4414 31.8067 -5.8 16.2922 32.7313 -5.8 16.3115 32.7512 -5.8 16.6035 33.6758 -5.8 16.6128 33.7124 -5.8 16.6208 33.7261 -5.8 16.6434 33.7682 -5.8 17.2896 34.6506 -5.8 17.3082 34.6735 -5.8 17.3262 34.6916 -5.8 19.5269 36.897 -5.8 20.4515 37.4174 -5.8 20.4881 37.4369 -5.8 20.8009 37.5579 -5.8 21.4127 37.8787 -5.8 21.4493 37.8951 -5.8 22.4104 38.4756 -5.8 22.5667 38.5209 -5.8 23.335 38.8119 -5.8 23.3716 38.8252 -5.8 24.2962 39.4183 -5.8 24.3328 39.443 -5.8 25.2573 39.5032 -5.8 25.3305 39.5046 -5.8 26.2551 39.5425 -5.8 27.2162 39.5666 -5.8 31.0975 39.563 -5.8 32.0587 39.5363 -5.8 32.9832 39.4952 -5.8 33.0198 39.4942 -5.8 33.2446 39.4794 -5.8 33.9444 39.4172 -5.8 33.981 39.3822 -5.8 34.9056 38.5973 -5.8 34.9422 38.5935 -5.8 34.9794 38.5881 -5.8 35.8667 38.4448 -5.8 35.8705 38.4417 -5.8 35.9033 38.4124 -5.8 36.8279 37.648 -5.8 36.8645 37.6413 -5.8 36.868 37.6405 -5.8 37.1519 37.557 -5.8 37.7891 37.3948 -5.8 37.79 37.3941 -5.8 38.7502 36.6307 -5.8 40.6878 34.6735 -5.8 41.3784 33.7124 -5.8 41.6309 32.898 -5.8 41.6337 32.8853 -5.8 41.6404 32.8614 -5.8 41.6843 32.7512 -5.8 41.7132 32.7146 -5.8 42.3981 31.79 -5.8 42.5939 30.9289 -5.8 42.5949 30.9222 -5.8 42.6003 30.8923 -5.8 42.6168 30.8289 -5.8 43.3102 29.9043 -5.8 43.3416 29.8677 -5.8 43.3428 29.8252 -5.8 43.4385 28.9065 -5.8 43.4398 28.8538 -5.8 43.4825 27.9454 -5.8 43.5093 26.9842 -5.8 43.4911 23.0944 -5.8 43.4549 22.1784 -5.8 43.4542 22.1395 -5.8 43.3994 21.2172 -5.8 43.3989 21.1806 -5.8 43.3196 20.2561 -5.8 43.2924 20.2195 -5.8 42.6612 19.2949 -5.8 42.652 19.2646 -5.8 42.5949 19.1151 -5.8 42.3608 18.3399 -5.8 42.3593 18.3337 -5.8 41.7087 17.3726 -5.8 41.6982 17.362 -5.8 40.8253 16.4374 -5.8 40.7996 16.4114 -5.8 40.7887 16.3878 -5.8 40.6725 16.1802 -5.8 40.3696 15.4632 -5.8 40.3653 15.4503 -5.8 40.3446 15.4137 -5.8 39.7624 14.4891 -5.8 39.7114 14.4381 -5.8 38.7502 13.6839 -5.8 38.1794 13.5279 -5.8 38.1664 13.5248 -5.8 37.8257 13.4139 -5.8 37.7891 13.4062 -5.8 36.9257 12.5925 -5.8 36.8891 12.5564 -5.8 36.8279 12.4988 -5.8 35.9033 11.7417 -5.8 35.8667 11.7081 -5.8 34.8147 11.5991 -5.8 33.981 11.5009 -5.8 33.9444 11.4976 -5.8 33.0198 10.7261 -5.8 32.9832 10.6921 -5.8 32.3695 10.6444 -5.8 32.0221 10.6242 -5.8 31.0975 10.5839 -5.8 31.0609 10.5835 -5.8 30.1363 10.5604 -5.8 28.1774 10.5587 -5.8 27.2528 10.5799 -5.8 27.2162 10.5801 -5.8 26.2917 10.6174 -5.8 26.2185 10.6181 -5.8 25.2939 10.6705 -5.8 25.2806 10.6789 -5.8 25.2573 10.6971 -5.8 24.3328 11.2817 -5.8 23.3716 11.5922 -5.8 23.335 11.5928 -5.8 22.4104 11.6762 -5.8 22.3976 11.6824 -5.8 22.3738 11.6981 -5.8 21.4493 12.2439 -5.8 21.4283 12.2648 -5.8 20.5037 13.1319 -5.8 20.4881 13.1473 -5.8 20.4515 13.1652 -5.8 20.4265 13.1782 -5.8 19.8138 13.5279 -5.8 19.5269 13.6496 -5.8 19.5179 13.653 -5.8 18.5658 14.1613 -5.8 18.2376 14.4891 -5.8 17.6553 15.4137 -5.8 17.6343 15.4503 -5.8 17.5983 15.5531 -5.8 17.2161 16.3748 -5.8 17.201 16.4114 -5.8 16.6586 16.9838 -5.8 
1
177
16.1063 17.3632 -4.9 16.0976 17.3726 -4.9 16.0817 17.3955 -4.9 15.6823 17.9099 -4.9 15.4471 18.3321 -4.9 15.4462 18.3337 -4.9 15.4387 18.3583 -4.9 15.1696 19.2949 -4.9 15.1534 19.3175 -4.9 14.7211 19.8234 -4.9 14.4534 20.2542 -4.9 14.4523 20.2561 -4.9 14.4505 20.2807 -4.9 14.4383 21.2172 -4.9 14.4369 21.2418 -4.9 14.4225 22.1784 -4.9 14.4194 22.203 -4.9 14.2861 23.1396 -4.9 14.2689 23.1622 -4.9 13.76 23.7192 -4.9 13.4812 24.0987 -4.9 13.4799 24.1007 -4.9 13.4797 24.1253 -4.9 13.4563 25.0619 -4.9 13.4564 26.0231 -4.9 13.4571 26.0477 -4.9 13.5263 26.9842 -4.9 13.7592 27.2826 -4.9 13.76 27.2838 -4.9 13.7782 27.3072 -4.9 14.334 27.9454 -4.9 14.4278 28.9065 -4.9 14.4295 28.9311 -4.9 14.4443 29.8677 -4.9 14.4461 29.8923 -4.9 14.4565 30.8289 -4.9 14.7207 31.2169 -4.9 14.7211 31.2175 -4.9 14.7393 31.2415 -4.9 15.2557 31.79 -4.9 15.6759 32.2183 -4.9 15.6985 32.2428 -4.9 16.1934 32.7512 -4.9 16.2012 32.7758 -4.9 16.4388 33.7124 -4.9 16.6428 34.0638 -4.9 16.6434 34.0649 -4.9 16.6606 34.0884 -4.9 17.1369 34.6735 -4.9 17.5972 35.1376 -4.9 19.5269 37.0649 -4.9 19.5515 37.0788 -4.9 20.4393 37.557 -4.9 20.4964 37.5789 -4.9 20.5127 37.5875 -4.9 21.4493 38.0094 -4.9 21.4898 38.0338 -4.9 22.2578 38.5182 -4.9 22.4104 38.5872 -4.9 22.4146 38.5884 -4.9 22.435 38.5961 -4.9 23.3716 38.9351 -4.9 23.3962 38.9509 -4.9 23.4059 38.9574 -4.9 24.1453 39.4794 -4.9 24.3328 39.5754 -4.9 24.3574 39.577 -4.9 26.2305 39.6131 -4.9 26.2551 39.6141 -4.9 27.2162 39.6267 -4.9 32.9586 39.5935 -4.9 32.9832 39.5924 -4.9 33.9198 39.5689 -4.9 33.9444 39.5672 -4.9 34.0678 39.4794 -4.9 34.881 38.7014 -4.9 34.9056 38.6805 -4.9 35.8421 38.5832 -4.9 35.8667 38.5796 -4.9 35.9612 38.5182 -4.9 35.9638 38.5162 -4.9 36.8033 37.7643 -4.9 36.8279 37.744 -4.9 37.7645 37.573 -4.9 37.7891 37.567 -4.9 37.8062 37.557 -4.9 37.8127 37.5527 -4.9 38.7502 36.7904 -4.9 40.8624 34.6735 -4.9 41.5553 33.7124 -4.9 41.562 33.6907 -4.9 41.6337 33.3639 -4.9 41.8047 32.7541 -4.9 41.8059 32.7512 -4.9 42.5452 31.8146 -4.9 42.5634 31.79 -4.9 42.5686 31.7671 -4.9 42.5949 31.5961 -4.9 42.7323 30.8306 -4.9 42.7327 30.8289 -4.9 42.7512 30.8043 -4.9 43.5555 29.8677 -4.9 43.5491 20.2807 -4.9 43.547 20.2561 -4.9 42.8483 19.3195 -4.9 42.8315 19.2949 -4.9 42.5964 18.518 -4.9 42.5949 18.514 -4.9 42.5887 18.4934 -4.9 42.5518 18.3337 -4.9 41.9026 17.3726 -4.9 41.6354 17.102 -4.9 41.6122 17.0774 -4.9 40.9534 16.4114 -4.9 40.6756 15.8062 -4.9 40.6725 15.8007 -4.9 40.6644 15.7816 -4.9 40.5559 15.4503 -4.9 40.0255 14.5137 -4.9 40.01 14.4891 -4.9 39.7114 14.1905 -4.9 39.6433 14.1372 -4.9 38.8844 13.5279 -4.9 38.7502 13.4514 -4.9 38.7347 13.4477 -4.9 38.7256 13.4448 -4.9 37.7891 13.2476 -4.9 37.7661 13.226 -4.9 36.8295 12.2998 -4.9 36.8279 12.2983 -4.9 36.8033 12.2781 -4.9 36.0886 11.6056 -4.9 35.8667 11.4557 -4.9 35.8408 11.4536 -4.9 34.9056 11.4401 -4.9 34.9032 11.4399 -4.9 34.881 11.4372 -4.9 33.9444 11.3536 -4.9 33.9198 11.3331 -4.9 33.1691 10.6444 -4.9 32.9832 10.5037 -4.9 32.0221 10.4443 -4.9 31.9975 10.4432 -4.9 31.0609 10.4344 -4.9 31.0363 10.4338 -4.9 28.1774 10.427 -4.9 28.1528 10.4276 -4.9 27.2162 10.4331 -4.9 27.1916 10.4341 -4.9 25.3185 10.4508 -4.9 25.2939 10.4521 -4.9 24.956 10.6444 -4.9 24.9545 10.6453 -4.9 24.3574 11.1096 -4.9 24.3328 11.1252 -4.9 23.3716 11.4348 -4.9 22.435 11.4505 -4.9 22.4104 11.4527 -4.9 22.0829 11.6076 -4.9 21.4739 12.0112 -4.9 21.4493 12.0258 -4.9 20.9109 12.5588 -4.9 20.8863 12.5818 -4.9 20.4881 12.9757 -4.9 19.5515 13.4336 -4.9 19.5269 13.4464 -4.9 19.2974 13.5312 -4.9 18.5658 13.9133 -4.9 17.99 14.4891 -4.9 17.9745 14.5137 -4.9 17.9714 14.5191 -4.9 17.6046 15.095 -4.9 17.4441 15.4503 -4.9 17.4431 15.453 -4.9 17.433 15.4749 -4.9 17.0463 16.4114 -4.9 17.0319 16.4266 -4.9 
1
135
15.994 17.3726 -4 15.9574 17.4197 -4 15.6823 17.7542 -4 15.3661 18.2951 -4 15.3445 18.3337 -4 15.0677 19.2949 -4 15.0281 19.3412 -4 14.7211 19.6799 -4 14.3712 20.2167 -4 14.3467 20.2561 -4 14.3358 22.1784 -4 14.1889 23.1396 -4 13.76 23.609 -4 13.4124 24.066 -4 13.3868 24.1007 -4 13.3847 24.1865 -4 13.3479 25.0619 -4 13.348 26.0231 -4 13.4292 26.9842 -4 13.7387 27.3638 -4 13.76 27.3911 -4 14.2401 27.9454 -4 14.3378 28.9065 -4 14.351 30.8289 -4 14.6969 31.3146 -4 14.7211 31.3501 -4 14.7684 31.4004 -4 16.1038 32.7512 -4 16.3414 33.7124 -4 16.6247 34.1784 -4 16.6434 34.2106 -4 16.687 34.2642 -4 17.0378 34.6735 -4 19.5269 37.1632 -4 19.6074 37.2067 -4 20.2222 37.557 -4 20.4829 37.6622 -4 20.4881 37.6642 -4 21.4493 38.0938 -4 21.5208 38.139 -4 22.0913 38.5182 -4 22.3962 38.6623 -4 22.4104 38.6687 -4 23.3716 39.0176 -4 23.44 39.0659 -4 23.9895 39.4794 -4 24.3155 39.6548 -4 24.3328 39.6637 -4 32.9832 39.6704 -4 33.9444 39.6376 -4 34.1609 39.4794 -4 34.9056 38.7633 -4 35.8667 38.6651 -4 36.0764 38.524 -4 36.0852 38.5182 -4 36.1621 38.4494 -4 36.8279 37.8217 -4 37.7033 37.676 -4 37.7891 37.6604 -4 37.958 37.5583 -4 37.9601 37.557 -4 38.0437 37.489 -4 38.7502 36.8871 -4 40.962 34.6735 -4 41.6337 33.7599 -4 41.6586 33.7124 -4 41.6647 33.6825 -4 41.6803 33.6266 -4 41.8924 32.7512 -4 41.96 32.6654 -4 42.5949 31.9014 -4 42.6609 31.79 -4 42.6629 31.7743 -4 42.6755 31.7043 -4 42.8168 30.8289 -4 42.8899 30.7438 -4 43.556 30.0197 -4 43.6558 29.8683 -4 43.6562 29.8677 -4 43.6533 20.2561 -4 43.556 20.0847 -4 43.5558 20.0843 -4 42.9944 19.3807 -4 42.9305 19.2949 -4 42.6555 18.3337 -4 42.5949 18.2126 -4 42.5915 18.2063 -4 42.0638 17.4583 -4 42.0059 17.3726 -4 41.049 16.4114 -4 40.6979 15.5578 -4 40.6725 15.5024 -4 40.6626 15.4721 -4 40.6563 15.4503 -4 40.1199 14.4891 -4 39.7114 14.0806 -4 39.6385 14.0221 -4 39.0542 13.5279 -4 38.7631 13.3537 -4 38.7502 13.3463 -4 37.7891 13.1509 -4 36.8279 12.1947 -4 36.7628 12.1334 -4 36.2324 11.6056 -4 35.8873 11.3617 -4 35.8667 11.3478 -4 34.9056 11.3424 -4 33.9444 11.2509 -4 33.2764 10.6444 -4 33.0004 10.4282 -4 32.9832 10.4152 -4 32.0221 10.3439 -4 25.2939 10.3465 -4 24.8273 10.6267 -4 24.7962 10.6444 -4 24.7416 10.6869 -4 24.3328 11.0298 -4 23.3716 11.3401 -4 22.4104 11.3466 -4 21.9243 11.5914 -4 21.8943 11.6056 -4 21.8386 11.6426 -4 21.4493 11.919 -4 20.4881 12.8764 -4 19.5269 13.3443 -4 19.0833 13.5201 -4 19.0622 13.5279 -4 18.9975 13.5617 -4 18.5658 13.8035 -4 17.8801 14.4891 -4 17.8463 14.5421 -4 17.6046 14.9013 -4 17.3585 15.4176 -4 17.3437 15.4503 -4 16.9508 16.4114 -4 
1
103
15.6823 17.6684 -3.1 15.8859 17.4287 -3.1 15.932 17.3726 -3.1 16.8912 16.4114 -3.1 17.2829 15.4503 -3.1 17.6046 14.7951 -3.1 17.776 14.5494 -3.1 17.8165 14.4891 -3.1 18.5658 13.7399 -3.1 18.8591 13.5685 -3.1 18.9315 13.5279 -3.1 19.006 13.4984 -3.1 19.5269 13.283 -3.1 20.4881 12.8156 -3.1 21.4493 11.8561 -3.1 21.7261 11.652 -3.1 21.7915 11.6056 -3.1 21.8731 11.5645 -3.1 22.4104 11.2841 -3.1 23.3716 11.2811 -3.1 24.3328 10.9697 -3.1 24.6409 10.702 -3.1 24.7095 10.6444 -3.1 25.2939 10.284 -3.1 32.0221 10.283 -3.1 32.9832 10.3604 -3.1 33.3393 10.6444 -3.1 33.9444 11.1863 -3.1 34.9056 11.2823 -3.1 35.8667 11.2944 -3.1 36.2998 11.6056 -3.1 37.7891 13.0879 -3.1 38.7502 13.284 -3.1 39.1472 13.5279 -3.1 39.6133 13.9341 -3.1 39.7114 14.017 -3.1 40.1835 14.4891 -3.1 40.2653 14.636 -3.1 40.6714 15.3386 -3.1 41.1086 16.4114 -3.1 42.0679 17.3726 -3.1 42.5063 17.972 -3.1 42.5949 18.0976 -3.1 42.7167 18.3337 -3.1 42.9913 19.2949 -3.1 43.4618 19.8644 -3.1 43.556 19.9825 -3.1 43.7159 20.2561 -3.1 43.7172 29.8677 -3.1 43.556 30.1063 -3.1 42.9843 30.7074 -3.1 42.8725 30.8289 -3.1 42.7193 31.79 -3.1 42.5949 31.9949 -3.1 42.055 32.6236 -3.1 41.9489 32.7512 -3.1 41.7184 33.7124 -3.1 41.6337 33.8693 -3.1 41.1241 34.5365 -3.1 41.0229 34.6735 -3.1 38.7502 36.9469 -3.1 38.0508 37.557 -3.1 37.7891 37.719 -3.1 36.8279 37.8769 -3.1 36.162 38.5182 -3.1 35.8667 38.7212 -3.1 34.9056 38.8235 -3.1 34.2192 39.4794 -3.1 33.9444 39.6836 -3.1 32.9832 39.7237 -3.1 24.3328 39.7206 -3.1 23.8962 39.4794 -3.1 23.4638 39.1422 -3.1 23.3716 39.0728 -3.1 22.4104 38.7231 -3.1 21.9884 38.5182 -3.1 21.545 38.2133 -3.1 21.4493 38.1497 -3.1 20.4881 37.721 -3.1 20.0946 37.557 -3.1 19.6301 37.2824 -3.1 19.5269 37.2237 -3.1 16.9771 34.6735 -3.1 16.7023 34.3622 -3.1 16.6434 34.2935 -3.1 16.2816 33.7124 -3.1 16.044 32.7512 -3.1 14.7211 31.4156 -3.1 14.2965 30.8289 -3.1 14.2801 28.9065 -3.1 14.1805 27.9454 -3.1 13.76 27.4544 -3.1 13.3693 26.9842 -3.1 13.2847 26.0231 -3.1 13.2847 25.0619 -3.1 13.3303 24.1007 -3.1 13.76 23.5456 -3.1 14.1277 23.1396 -3.1 14.2792 22.1784 -3.1 14.2841 20.2561 -3.1 14.7211 19.6018 -3.1 15.0046 19.2949 -3.1 15.2833 18.3337 -3.1 
1
88
15.8913 17.3726 -2.2 15.6823 17.615 -2.2 15.2429 18.3337 -2.2 14.9629 19.2949 -2.2 14.7211 19.5534 -2.2 14.2433 20.2561 -2.2 14.2407 22.1784 -2.2 14.0873 23.1396 -2.2 13.76 23.5044 -2.2 13.2921 24.1007 -2.2 13.2436 25.0619 -2.2 13.2436 26.0231 -2.2 13.3288 26.9842 -2.2 14.1411 27.9454 -2.2 14.2411 28.9065 -2.2 14.2426 29.8677 -2.2 14.2609 30.8289 -2.2 14.7211 31.4568 -2.2 16.0033 32.7512 -2.2 16.2419 33.7124 -2.2 16.6434 34.3457 -2.2 16.9369 34.6735 -2.2 19.5269 37.2638 -2.2 20.0136 37.557 -2.2 20.3987 37.7256 -2.2 20.4881 37.763 -2.2 21.2412 38.1253 -2.2 21.4493 38.2181 -2.2 21.8868 38.5182 -2.2 22.3156 38.7145 -2.2 22.4104 38.7606 -2.2 23.3716 39.1108 -2.2 23.8362 39.4794 -2.2 24.3328 39.7593 -2.2 32.9832 39.7609 -2.2 33.9444 39.7156 -2.2 34.2585 39.4794 -2.2 34.9056 38.866 -2.2 35.8667 38.7596 -2.2 36.2122 38.5182 -2.2 36.8279 37.9171 -2.2 37.7891 37.7584 -2.2 38.1089 37.557 -2.2 38.7502 36.9869 -2.2 41.0631 34.6735 -2.2 41.6337 33.9386 -2.2 41.7581 33.7124 -2.2 41.9875 32.7512 -2.2 42.5949 32.0547 -2.2 42.7586 31.79 -2.2 42.9121 30.8289 -2.2 43.556 30.1609 -2.2 43.7575 29.8677 -2.2 43.7567 20.2561 -2.2 43.556 19.9192 -2.2 43.0315 19.2949 -2.2 42.7572 18.3337 -2.2 42.5949 18.0259 -2.2 42.1087 17.3726 -2.2 41.1485 16.4114 -2.2 40.6725 15.2476 -2.2 40.2247 14.4891 -2.2 39.7114 13.9758 -2.2 39.205 13.5279 -2.2 38.7502 13.2432 -2.2 37.7891 13.045 -2.2 36.3412 11.6056 -2.2 35.8667 11.2604 -2.2 34.9056 11.2423 -2.2 33.9444 11.1438 -2.2 33.3803 10.6444 -2.2 32.9832 10.3233 -2.2 32.0221 10.2427 -2.2 25.2939 10.2432 -2.2 24.6558 10.6444 -2.2 24.3328 10.9291 -2.2 23.3716 11.2417 -2.2 22.4104 11.2433 -2.2 21.7285 11.6056 -2.2 21.4493 11.815 -2.2 20.4881 12.7753 -2.2 19.5269 13.2427 -2.2 18.852 13.5279 -2.2 18.5658 13.6986 -2.2 17.7753 14.4891 -2.2 17.6046 14.7298 -2.2 17.2427 15.4503 -2.2 16.8515 16.4114 -2.2 
1
92
15.8628 17.3726 -1.3 15.6823 17.5788 -1.3 15.2144 18.3337 -1.3 14.9338 19.2949 -1.3 14.7211 19.5205 -1.3 14.2147 20.2561 -1.3 14.2131 22.1784 -1.3 14.0592 23.1396 -1.3 13.76 23.4757 -1.3 13.2648 24.1007 -1.3 13.2149 25.0619 -1.3 13.2149 26.0231 -1.3 13.2999 26.9842 -1.3 14.1138 27.9454 -1.3 14.2134 28.9065 -1.3 14.2143 29.8677 -1.3 14.2355 30.8289 -1.3 14.7211 31.4855 -1.3 15.6823 32.4477 -1.3 15.9744 32.7512 -1.3 16.2138 33.7124 -1.3 16.6434 34.3813 -1.3 16.9086 34.6735 -1.3 19.5269 37.292 -1.3 19.6585 37.3718 -1.3 19.8832 37.557 -1.3 20.3504 38.0215 -1.3 20.4881 38.0818 -1.3 20.7574 38.2113 -1.3 20.9425 38.3517 -1.3 21.1464 38.5182 -1.3 21.4493 38.6634 -1.3 21.7185 38.7866 -1.3 22.4104 38.7877 -1.3 23.3716 39.1381 -1.3 23.7949 39.4794 -1.3 24.3328 39.7869 -1.3 32.9832 39.7878 -1.3 33.9444 39.7388 -1.3 34.2863 39.4794 -1.3 34.9056 38.8967 -1.3 35.8667 38.7863 -1.3 36.2462 38.5182 -1.3 36.8279 37.9467 -1.3 37.7891 37.7863 -1.3 38.1487 37.557 -1.3 38.7502 37.0151 -1.3 41.0914 34.6735 -1.3 41.6337 33.9856 -1.3 41.7862 33.7124 -1.3 42.015 32.7512 -1.3 42.5949 32.0957 -1.3 42.7864 31.79 -1.3 42.9415 30.8289 -1.3 43.556 30.198 -1.3 43.7857 29.8677 -1.3 43.7853 20.2561 -1.3 43.556 19.8766 -1.3 43.0599 19.2949 -1.3 42.7856 18.3337 -1.3 42.5949 17.9776 -1.3 42.1372 17.3726 -1.3 41.1767 16.4114 -1.3 40.7857 15.4503 -1.3 40.6725 15.1849 -1.3 40.2534 14.4891 -1.3 39.7114 13.947 -1.3 39.244 13.5279 -1.3 38.7502 13.2147 -1.3 37.7891 13.0146 -1.3 36.3699 11.6056 -1.3 35.8667 11.2363 -1.3 34.9056 11.2141 -1.3 33.9444 11.1142 -1.3 33.4089 10.6444 -1.3 32.9832 10.2968 -1.3 32.0221 10.2143 -1.3 25.2939 10.2147 -1.3 24.6195 10.6444 -1.3 24.3328 10.9002 -1.3 23.3716 11.2137 -1.3 22.4104 11.2147 -1.3 21.6863 11.6056 -1.3 21.4493 11.7863 -1.3 20.4881 12.747 -1.3 19.5269 13.2143 -1.3 18.799 13.5279 -1.3 18.5658 13.6699 -1.3 17.7466 14.4891 -1.3 17.6046 14.6859 -1.3 17.2143 15.4503 -1.3 16.8232 16.4114 -1.3 
1
124
15.7943 17.4401 -0.399999 15.8537 17.3726 -0.399999 16.8144 16.4114 -0.399999 17.0942 15.7807 -0.399999 17.2286 15.4503 -0.399999 17.3655 15.1835 -0.399999 17.6046 14.6757 -0.399999 17.6889 14.5527 -0.399999 17.735 14.4891 -0.399999 18.5658 13.6583 -0.399999 18.7828 13.5279 -0.399999 19.0379 13.4175 -0.399999 19.5269 13.2225 -0.399999 20.1577 12.8986 -0.399999 20.4881 12.7379 -0.399999 21.4493 11.7771 -0.399999 21.6038 11.665 -0.399999 21.6814 11.6056 -0.399999 21.9342 11.4685 -0.399999 22.4104 11.2289 -0.399999 23.3716 11.2283 -0.399999 24.0024 11.0037 -0.399999 24.3328 10.8958 -0.399999 24.5293 10.7296 -0.399999 24.6245 10.6444 -0.399999 24.8597 10.494 -0.399999 25.2939 10.2312 -0.399999 32.0221 10.2309 -0.399999 32.6528 10.2613 -0.399999 32.9832 10.2898 -0.399999 33.4164 10.6444 -0.399999 33.763 10.9698 -0.399999 33.9444 11.1285 -0.399999 34.9056 11.2286 -0.399999 35.5363 11.2288 -0.399999 35.8667 11.2368 -0.399999 36.3717 11.6056 -0.399999 37.7891 13.0156 -0.399999 38.7502 13.2226 -0.399999 39.2394 13.5279 -0.399999 39.5543 13.8013 -0.399999 39.7114 13.9427 -0.399999 40.2578 14.4891 -0.399999 40.5311 14.9124 -0.399999 40.6725 15.1458 -0.399999 40.8035 15.4503 -0.399999 40.9379 15.7807 -0.399999 41.1813 16.4114 -0.399999 42.1422 17.3726 -0.399999 42.5949 17.9639 -0.399999 42.7918 18.3337 -0.399999 43.0657 19.2949 -0.399999 43.556 19.8716 -0.399999 43.7866 20.2561 -0.399999 43.7868 29.8677 -0.399999 43.556 30.2006 -0.399999 42.9501 30.8289 -0.399999 42.7923 31.79 -0.399999 42.5949 32.1057 -0.399999 42.0238 32.7512 -0.399999 41.7977 33.7124 -0.399999 41.6337 34.0059 -0.399999 41.099 34.6735 -0.399999 38.7502 37.0225 -0.399999 38.1524 37.557 -0.399999 37.7891 37.7873 -0.399999 36.8279 37.9508 -0.399999 36.2435 38.5182 -0.399999 35.8667 38.7827 -0.399999 34.9056 38.8934 -0.399999 34.508 39.282 -0.399999 34.2977 39.4794 -0.399999 33.9444 39.7483 -0.399999 33.614 39.7655 -0.399999 32.9832 39.7795 -0.399999 24.3328 39.7789 -0.399999 24.1441 39.6706 -0.399999 23.7967 39.4794 -0.399999 23.3716 39.1412 -0.399999 22.4104 38.7835 -0.399999 22.08 38.783 -0.399999 21.4493 38.5252 -0.399999 21.4346 38.5182 -0.399999 21.1189 38.2597 -0.399999 20.4881 37.9293 -0.399999 20.265 37.7075 -0.399999 19.9087 37.557 -0.399999 19.6342 37.3859 -0.399999 19.5269 37.2974 -0.399999 16.9032 34.6735 -0.399999 16.7319 34.4728 -0.399999 16.6434 34.3756 -0.399999 16.4931 34.1424 -0.399999 16.2306 33.7124 -0.399999 16.0593 33.0816 -0.399999 15.977 32.7512 -0.399999 15.78 32.5537 -0.399999 15.6823 32.452 -0.399999 14.7211 31.4858 -0.399999 14.2413 30.8289 -0.399999 14.2411 30.1981 -0.399999 14.2335 29.8677 -0.399999 14.233 28.9065 -0.399999 14.1309 27.9454 -0.399999 13.8791 27.6708 -0.399999 13.2954 26.9842 -0.399999 13.2634 26.3535 -0.399999 13.2342 26.0231 -0.399999 13.2342 25.0619 -0.399999 13.2461 24.4311 -0.399999 13.2633 24.1007 -0.399999 13.76 23.4714 -0.399999 13.9703 23.2525 -0.399999 14.0705 23.1396 -0.399999 14.2328 22.1784 -0.399999 14.2337 20.2561 -0.399999 14.4105 20.0002 -0.399999 14.7211 19.5248 -0.399999 14.8605 19.3694 -0.399999 14.9309 19.2949 -0.399999 15.1361 18.6641 -0.399999 15.2326 18.3337 -0.399999 15.3961 18.0709 -0.399999 15.6823 17.5777 -0.399999 
