57
0
0
0
0
0
0
0
3
10
16.9934 7.76094 -44.5 17.6046 8.38389 -44.5 18.349 8.72211 -44.5 18.5658 8.93002 -44.5 18.7737 8.93002 -44.5 18.7737 8.72211 -44.5 18.5658 7.95976 -44.5 18.5277 7.76094 -44.5 17.6046 7.46703 -44.5 17.3107 7.46703 -44.5 
10
34.9056 8.05451 -44.5 34.238 8.05451 -44.5 34.2318 8.72211 -44.5 34.873 9.65071 -44.5 34.874 9.68327 -44.5 34.9056 9.71489 -44.5 34.9372 9.71489 -44.5 34.9853 9.68327 -44.5 35.7303 9.5469 -44.5 35.5793 8.72211 -44.5 
10
39.7114 7.41769 -44.5 39.3681 7.41769 -44.5 39.0504 7.76094 -44.5 39.7114 8.45126 -44.5 40.4555 8.72211 -44.5 40.6725 8.91558 -44.5 40.866 8.91558 -44.5 40.866 8.72211 -44.5 40.6725 8.42083 -44.5 40.4799 7.76094 -44.5 
0
0
0
0
0
0
0
0
0
0
0
0
0
0
0
1
4
43.8417 20.2561 -30.1 43.8422 29.8677 -30.1 43.7977 29.9303 -30.1 43.7921 20.1766 -30.1 
0
0
1
6
13.4765 22.7456 -27.4 13.165 23.1396 -27.4 13.1227 24.1007 -27.4 13.1211 26.0231 -27.4 13.2035 26.9842 -27.4 13.473 27.2899 -27.4 
0
0
0
1
6
13.2714 27.0632 -23.8 13.2018 26.9842 -23.8 13.1193 26.0231 -23.8 13.121 24.1007 -23.8 13.1637 23.1396 -23.8 13.2745 22.9995 -23.8 
0
0
0
0
0
0
0
0
0
0
0
0
0
0
0
0
0
0
0
0
0
0
0
0
0
0
