27
0
0
0
0
0
0
1
5
-41.1522 26 5.4 -41 25.6976 5.4 -40.7454 26 5.4 -40.7937 26.2063 5.4 -41 26.2924 5.4 
0
0
0
0
0
0
0
0
0
0
0
1
12
-30.6631 28 16.2 -30.5751 27.8717 16.2 -30.5092 28 16.2 -31 28.4908 16.2 -31.2 28.5196 16.2 -31.2045 28.5198 16.2 -31.206 28.5198 16.2 -31.6644 28.5286 16.2 -31.8402 28.3528 16.2 -31.3615 28.3437 16.2 -31.3599 28.3437 16.2 -31 28.3369 16.2 
0
0
2
7
-43.7601 13.8811 18.9 -43.7256 14 18.9 -43 14.7179 18.9 -42.9984 14.7185 18.9 -42.901 14.7552 18.9 -43 14.6562 18.9 -43.0668 14.5673 18.9 
13
-32.9153 26.874 18.9 -32.6174 27 18.9 -32 27.3723 18.9 -31.9 27.4294 18.9 -31 27.962 18.9 -30.9801 27.9919 18.9 -30.972 28 18.9 -31 28.028 18.9 -31.4404 28.1691 18.9 -31.6489 28 18.9 -32 27.6489 18.9 -32.0706 27.5917 18.9 -32.8269 27 18.9 
7
5
-32.9709 27.0299 19.8 -32.9681 27.034 19.8 -32.8 27.1654 19.8 -32.5244 27.3317 19.8 -32.8 27.133 19.8 
7
-31.7919 27.8315 19.8 -31.3579 28 19.8 -31.3616 28.0018 19.8 -31.6202 28.1022 19.8 -31.7489 28 19.8 -31.8964 27.7709 19.8 -31.8 27.8279 19.8 
6
-24 19.8433 19.8 -24.0527 20 19.8 -24.0313 20.0889 19.8 -24 20.1684 19.8 -23.7943 20.2057 19.8 -23.7695 20 19.8 
5
-23 26.799 19.8 -23.0789 27 19.8 -23 27.1631 19.8 -22.7764 27.2236 19.8 -22.8048 27 19.8 
5
-25 38.9036 19.8 -25.7482 39 19.8 -25 39.2889 19.8 -24.8263 39.1736 19.8 -24.9001 39 19.8 
6
-24.1035 41.8965 19.8 -24 41.8634 19.8 -23.8196 42 19.8 -23.7829 42.2171 19.8 -24 42.1496 19.8 -24.0668 42 19.8 
7
-25 42.9274 19.8 -25.0488 43 19.8 -25.0698 43.0194 19.8 -25.108 43.108 19.8 -25 43.1686 19.8 -24.7554 43.2446 19.8 -24.8388 43 19.8 
0
0
0
0
