11
0
1
14
23 0.137836 -49.072 23.3059 -0.0637305 -49.072 23.799 -0.400111 -49.072 23.2104 0.707103 -49.072 23.0032 0.988672 -49.072 23 0.992195 -49.072 22.9906 1.00027 -49.072 22.0099 1.37963 -49.072 22.1464 0.999674 -49.072 22.2077 0.988686 -49.072 22.2086 0.9884 -49.072 22.5027 0.906572 -49.072 22.7393 0.425549 -49.072 22.9264 0.240393 -49.072 
1
12
23.5827 -0.693196 -48.172 23.2469 -0.0886671 -48.172 23.1526 0.0886557 -48.172 23.1366 0.109813 -48.172 23 0.615556 -48.172 22.0246 1.3022 -48.172 22.3115 0.707103 -48.172 22.4136 0.0886557 -48.172 22.4814 0.0215544 -48.172 22.5606 -0.0886627 -48.172 23 -0.442593 -48.172 23.0782 -0.491398 -48.172 
0
2
38
24.1896 -4.99175 -46.372 24 -5.22418 -46.372 23.8345 -5.35979 -46.372 23.8335 -5.36086 -46.372 23.8203 -5.37445 -46.372 23.5801 -5.49418 -46.372 23.58 -5.49382 -46.372 23.5863 -5.3598 -46.372 23.5376 -4.8979 -46.372 23.6086 -4.84962 -46.372 23.4998 -4.53974 -46.372 23.5447 -3.94558 -46.372 23.5128 -3.53554 -46.372 23.2958 -3.37715 -46.372 23.1567 -3.28527 -46.372 23.1562 -2.53136 -46.372 22.7366 -2.00224 -46.372 22.6127 -1.71126 -46.372 22.7362 -1.50381 -46.372 22.9453 -1.11714 -46.372 22.9342 -1.05779 -46.372 22.9342 -0.945689 -46.372 23 -1.06027 -46.372 23.0486 -1.11712 -46.372 23.4654 -1.41422 -46.372 23.4681 -1.71126 -46.372 23.5256 -2.53135 -46.372 23.5328 -3.12204 -46.372 23.5329 -3.12549 -46.372 23.6587 -3.4677 -46.372 23.6603 -3.47 -46.372 23.9771 -3.94558 -46.372 23.989 -3.96928 -46.372 24 -4.00685 -46.372 24.0007 -4.00834 -46.372 24.4258 -4.53969 -46.372 24.2217 -4.94975 -46.372 24.1897 -4.99164 -46.372 
18
22.5593 0.297049 -46.372 22.5736 0.0428726 -46.372 22.592 -0.28585 -46.372 22.1448 0.297119 -46.372 22.0001 0.472239 -46.372 21.927 0.488671 -46.372 21.9268 0.831054 -46.372 21.9273 0.844335 -46.372 21.9277 1.08627 -46.372 21.9272 1.08957 -46.372 21.9272 1.11714 -46.372 21.4105 1.44447 -46.372 21.0938 1.71128 -46.372 21.0938 1.75984 -46.372 21.9843 1.11714 -46.372 21.9999 1.10361 -46.372 22.3614 0.804297 -46.372 22.6471 0.707104 -46.372 
1
18
22.646 -3.31793 -45.472 22.6799 -3.28694 -45.472 22.68 -3.28676 -45.472 22.8367 -3.14334 -45.472 22.9042 -3.04556 -45.472 22.9071 -2.61129 -45.472 23 -2.18892 -45.472 23.1563 -1.63136 -45.472 23.3641 -1.34932 -45.472 23.4552 -1.41422 -45.472 23.4571 -1.63136 -45.472 23.2079 -2.6113 -45.472 23.2133 -3.04553 -45.472 23.3815 -3.9977 -45.472 23 -3.37121 -45.472 22.7955 -3.33472 -45.472 22.6815 -3.32192 -45.472 22.6811 -3.32184 -45.472 
0
1
17
22 -2.01776 -43.672 22.1906 -1.87138 -43.672 22.1844 -1.58286 -43.672 22.2758 -1.3761 -43.672 22.3122 -1.28727 -43.672 22.0977 -1.5829 -43.672 22.0713 -1.68628 -43.672 22 -1.75791 -43.672 21.3227 -1.95339 -43.672 21.1694 -2.65975 -43.672 21.1493 -2.69104 -43.672 21.0773 -2.99713 -43.672 21.0479 -3.71853 -43.672 21.0548 -3.81605 -43.672 21.1207 -2.99711 -43.672 21.2702 -2.69241 -43.672 21.6257 -2.39034 -43.672 
1
22
22 -1.22651 -42.772 22.0238 -1.17273 -42.772 22.0665 -1.06869 -42.772 22.2287 -0.579326 -42.772 22.481 -0.345575 -42.772 22.5364 0.190351 -42.772 22.0212 0.345528 -42.772 22.0912 0.376364 -42.772 22 0.358261 -42.772 21.9925 0.356134 -42.772 21.9933 0.345527 -42.772 21.8673 -0.34554 -42.772 21.8607 -0.430598 -42.772 21.8607 -0.871677 -42.772 21.0099 -1.06868 -42.772 21.0013 -1.07048 -42.772 21.0001 -1.07074 -42.772 20.5269 -1.13205 -42.772 20.5956 -1.29989 -42.772 20.7269 -1.75978 -42.772 20.7547 -2.02695 -42.772 20.7547 -2.13341 -42.772 
1
20
19.9738 -1.95533 -41.872 20 -1.93435 -41.872 20.0752 -1.86227 -41.872 21.1247 -1.07469 -41.872 21.3402 -0.85977 -41.872 21.6131 -0.554449 -41.872 21.6206 -0.259069 -41.872 21.6126 0.00650767 -41.872 21.2357 0.554459 -41.872 21.0654 0.646953 -41.872 21.003 0.8461 -41.872 21 0.845564 -41.872 20.0693 0.652403 -41.872 20 0.644523 -41.872 19.5785 0.572844 -41.872 19.5953 0.554424 -41.872 19.71 -0.247987 -41.872 19.71 -0.554469 -41.872 19.6731 -0.859783 -41.872 19.8303 -1.7644 -41.872 
1
25
18.8319 -2.31757 -40.972 19 -2.40693 -40.972 19.2264 -2.33593 -40.972 19.5697 -2.12132 -40.972 19.7893 -1.91195 -40.972 20 -1.59287 -40.972 20.2006 -1.45446 -40.972 20.237 -1.37399 -40.972 20.253 -1.01616 -40.972 20 -0.840949 -40.972 19.7368 -0.419257 -40.972 19.3263 -0.0402456 -40.972 19.248 0.0402313 -40.972 19.1544 0.258588 -40.972 19 0.340483 -40.972 18.4193 0.861482 -40.972 18.2919 0.994076 -40.972 18.4748 0.783067 -40.972 19 0.205506 -40.972 19.102 0.0402501 -40.972 19.1566 -0.0402432 -40.972 19.4613 -1.37398 -40.972 19.4251 -1.45446 -40.972 19.2107 -1.86008 -40.972 19 -1.98833 -40.972 
