11
0
0
0
1
51
22.0118 -5.99168 -47.272 22.3212 -5.9773 -47.272 23 -5.8851 -47.272 23.5481 -5.69308 -47.272 24 -5.78294 -47.272 24.2353 -5.55738 -47.272 24.5912 -5.05393 -47.272 24.6726 -4.95411 -47.272 24.6729 -4.9537 -47.272 24.6759 -4.94975 -47.272 24.7278 -4.8456 -47.272 24.5199 -3.63977 -47.272 24.2331 -3.43132 -47.272 24 -3.28221 -47.272 23.7556 -2.83997 -47.272 23.7554 -2.83972 -47.272 23.7442 -2.82842 -47.272 23.8996 -2.22556 -47.272 23.885 -2.01709 -47.272 23.4352 -0.811339 -47.272 23.1859 -0.602881 -47.272 23 -0.347576 -47.272 22.8337 0.281366 -47.272 22.8084 0.602863 -47.272 22.8307 0.707104 -47.272 22.5243 0.811342 -47.272 22.022 1.03771 -47.272 22.2479 0.811342 -47.272 22.4203 0.602863 -47.272 22.5107 -3.1757e-006 -47.272 22.8561 -0.34323 -47.272 23 -0.513028 -47.272 23.1271 -0.602881 -47.272 23.1271 -0.811344 -47.272 23.2084 -1.46605 -47.272 23.3027 -2.01708 -47.272 23.4687 -2.22556 -47.272 23.5601 -3.4313 -47.272 23.5608 -3.63972 -47.272 23.7846 -4.15803 -47.272 24 -4.54307 -47.272 24.4697 -4.84557 -47.272 24.4696 -5.05395 -47.272 24.122 -5.30297 -47.272 24 -5.47945 -47.272 23.4139 -5.63931 -47.272 23.064 -5.55949 -47.272 23 -5.63167 -47.272 22.3368 -5.78349 -47.272 22.3191 -5.78521 -47.272 22.3189 -5.78522 -47.272 
0
0
0
0
0
0
0
