102
22.5243 0.811342 -48.272
22.7243 0.811342 -48.272
22.7243 0.811342 -48.272
22.6657 0.952764 -48.2507
22.5243 1.01134 -48.2294
22.3828 0.952764 -48.2081
22.3243 0.811342 -48.1869
22.3828 0.669921 -48.1656
22.5243 0.611342 -48.1443
22.6657 0.669921 -48.123
22.7243 0.811342 -48.1017
22.6657 0.952764 -48.0805
22.5243 1.01134 -48.0592
22.3828 0.952764 -48.0379
22.3243 0.811342 -48.0166
22.3828 0.669921 -47.9954
22.5243 0.611342 -47.9741
22.6657 0.669921 -47.9528
22.7243 0.811342 -47.9315
22.6657 0.952764 -47.9103
22.5243 1.01134 -47.889
22.3828 0.952764 -47.8677
22.3243 0.811342 -47.8464
22.3828 0.669921 -47.8251
22.5243 0.611342 -47.8039
22.6657 0.669921 -47.7826
22.7243 0.811342 -47.7613
22.6657 0.952764 -47.74
22.5243 1.01134 -47.7188
22.3828 0.952764 -47.6975
22.3243 0.811342 -47.6762
22.3828 0.669921 -47.6549
22.5243 0.611342 -47.6337
22.6657 0.669921 -47.6124
22.7243 0.811342 -47.5911
22.6657 0.952764 -47.5698
22.5243 1.01134 -47.5486
22.3828 0.952764 -47.5273
22.3243 0.811342 -47.506
22.3828 0.669921 -47.4847
22.5243 0.611342 -47.4634
22.6657 0.669921 -47.4422
22.7243 0.811342 -47.4209
22.6657 0.952764 -47.3996
22.5243 1.01134 -47.3783
22.3828 0.952764 -47.3571
22.3243 0.811342 -47.3358
22.3828 0.669921 -47.3145
22.5243 0.611342 -47.2932
22.6657 0.669921 -47.272
22.5243 0.811342 -47.272
22.3866 0.791665 -47.272
22.3473 0.674023 -47.272
22.4316 0.424809 -47.272
22.5973 0.106947 -47.272
22.7805 -0.202994 -47.272
22.9423 -0.465374 -47.272
23.0614 -0.726345 -47.272
23.1532 -1.04637 -47.272
23.329 -1.94095 -47.272
23.5783 -3.36684 -47.272
23.6876 -3.75491 -47.272
23.8504 -4.1226 -47.272
24.0481 -4.46809 -47.272
24.1995 -4.7779 -47.272
24.2235 -5.04199 -47.272
24.0884 -5.25476 -47.272
23.8254 -5.41953 -47.272
23.4983 -5.53149 -47.272
23.1623 -5.60812 -47.272
22.849 -5.66733 -47.272
22.5869 -5.72781 -47.272
22.3922 -5.78947 -47.272
22.3034 -5.85026 -47.272
22.3617 -5.88905 -47.272
22.6015 -5.89277 -47.272
22.9928 -5.84757 -47.272
23.4485 -5.75961 -47.272
23.8692 -5.6197 -47.272
24.2048 -5.43345 -47.272
24.4381 -5.2333 -47.272
24.5835 -5.06943 -47.272
24.6501 -4.93389 -47.272
24.6644 -4.76224 -47.272
24.629 -4.47942 -47.272
24.5478 -4.12268 -47.272
24.4074 -3.75557 -47.272
24.2287 -3.45692 -47.272
24.0393 -3.21223 -47.272
23.8953 -3.00948 -47.272
23.8186 -2.80963 -47.272
23.7999 -2.56016 -47.272
23.7828 -2.22456 -47.272
23.7143 -1.78948 -47.272
23.5804 -1.34049 -47.272
23.3987 -0.919107 -47.272
23.2116 -0.554974 -47.272
23.045 -0.198541 -47.272
22.8008 0.439069 -47.272
22.6743 0.655483 -47.272
22.5243 0.811342 -47.272
22.5243 0.811342 -69.972
