8
0
0
0
1
35
10.1603 21.5109 22.7 10.4015 21 22.7 11 20.2052 22.7 11.7037 20.2128 22.7 12 20.1716 22.7 12.5216 20.2771 22.7 13 20.3249 22.7 13.4713 20.3591 22.7 14 20.2259 22.7 14.7278 20.1163 22.7 15 20.0215 22.7 15.3 20.0606 22.7 16 20.4419 22.7 16 20.5916 22.7 15.7 20.6043 22.7 15 20.5497 22.7 14.7 20.5476 22.7 14 20.6268 22.7 13.7 20.6166 22.7 13 20.7306 22.7 12.7307 21 22.7 12.6939 21.3 22.7 12.4382 22 22.7 12.5099 22.3 22.7 12.6033 23 22.7 13 23.3967 22.7 12 23.4441 22.7 11.7 23.4409 22.7 11 23.0681 22.7 11.1719 23.0699 22.7 11.2608 23 22.7 11 22.639 22.7 10.5975 22.5975 22.7 10.4183 22.3841 22.7 10.1313 22 22.7 
1
33
10.7973 21.6 23.6 10.9097 21.4632 23.6 11 21.3195 23.6 11.4991 21.3455 23.6 12 21.2577 23.6 12.3933 21 23.6 12.4711 20.8317 23.6 12.6 20.6602 23.6 13 20.7001 23.6 13.6 20.5035 23.6 14 20.4027 23.6 15 20.0478 23.6 15.6 20.4074 23.6 16 20.6252 23.6 15.6 20.594 23.6 15 20.5306 23.6 14 20.6479 23.6 13.6 20.7131 23.6 13 20.7997 23.6 12.7997 21 23.6 12.6537 21.4 23.6 12.4515 22 23.6 12.5049 22.4 23.6 12.6073 23 23.6 13 23.3927 23.6 12.6 23.4127 23.6 12 23.3539 23.6 11.6394 23.1699 23.6 11.2884 23 23.6 11.0394 22.6292 23.6 11 22.5966 23.6 10.7255 22.2292 23.6 10.6085 22 23.6 
1
15
11.1601 21.8449 24.5 11.5 21.6567 24.5 12 21.5691 24.5 12.3921 21.2572 24.5 12.7847 21 24.5 12.4523 22 24.5 12.5377 22.5 24.5 12.6406 23 24.5 13 23.3593 24.5 12.5 23.3103 24.5 12 23.2404 24.5 11.7075 23.0988 24.5 11.6087 23 24.5 11.3676 22.5 24.5 11.0626 22 24.5 
1
13
12.2878 21.3742 25.4 12.4863 21.2163 25.4 12.3605 21.6 25.4 12.4705 22 25.4 12.6754 23 25.4 13 23.3245 25.4 12.4 23.2406 25.4 12 23.1249 25.4 11.8751 23 25.4 11.8156 22.6 25.4 11.5263 22 25.4 11.9342 21.7742 25.4 12 21.7232 25.4 
0
