39
0
1
6
-50.8 11.0922 0.9 -50.8 50.8 0.9 5.5109e-017 50.8 0.9 5.51092e-017 11.1836 0.9 -0.065604 11.124 0.9 -1.04503 11.0872 0.9 
1
6
-50.8 50.8 1.8 1.10218e-016 50.8 1.8 1.10218e-016 11.1844 1.8 -0.065604 11.1248 1.8 -1.04503 11.0879 1.8 -50.8 11.0938 1.8 
1
6
-50.8 50.8 2.7 1.65327e-016 50.8 2.7 1.65327e-016 11.1853 2.7 -0.065604 11.1258 2.7 -1.04503 11.0889 2.7 -50.8 11.0954 2.7 
1
6
-50.8 50.8 3.6 2.20436e-016 50.8 3.6 2.20436e-016 11.1862 3.6 -0.065604 11.1267 3.6 -1.04503 11.0899 3.6 -50.8 11.0972 3.6 
1
6
-50.8 50.8 4.5 2.75545e-016 50.8 4.5 2.75546e-016 11.1874 4.5 -0.065604 11.1278 4.5 -1.04503 11.091 4.5 -50.8 11.0991 4.5 
1
6
-50.8 11.1011 5.4 -50.8 50.8 5.4 3.30654e-016 50.8 5.4 3.30654e-016 11.1887 5.4 -0.065604 11.1292 5.4 -1.04503 11.0922 5.4 
1
6
-50.8 11.1034 6.3 -50.8 50.8 6.3 3.85763e-016 50.8 6.3 3.85764e-016 11.1901 6.3 -0.065604 11.1306 6.3 -1.04503 11.0935 6.3 
1
6
-50.8 11.1058 7.2 -50.8 50.8 7.2 4.40872e-016 50.8 7.2 4.40873e-016 11.1914 7.2 -0.065604 11.132 7.2 -1.04503 11.0948 7.2 
1
6
4.95981e-016 50.8 8.1 4.95982e-016 11.1929 8.1 -0.065604 11.1335 8.1 -1.04503 11.0961 8.1 -50.8 11.1084 8.1 -50.8 50.8 8.1 
1
6
5.5109e-016 50.8 9 5.51091e-016 11.1943 9 -0.065604 11.135 9 -1.04503 11.0975 9 -50.8 11.1114 9 -50.8 50.8 9 
1
6
6.06199e-016 50.8 9.9 6.06201e-016 11.1958 9.9 -0.065604 11.1365 9.9 -1.04503 11.0989 9.9 -50.8 11.1145 9.9 -50.8 50.8 9.9 
1
6
6.61308e-016 50.8 10.8 6.61309e-016 11.1973 10.8 -0.065604 11.138 10.8 -1.04503 11.1003 10.8 -50.8 11.1179 10.8 -50.8 50.8 10.8 
1
6
-50.8 11.1217 11.7 -1.04503 11.1017 11.7 -0.065604 11.1396 11.7 7.1642e-016 11.1989 11.7 7.16417e-016 50.8 11.7 -50.8 50.8 11.7 
1
6
-50.8 11.1258 12.6 -1.04503 11.1031 12.6 -0.065604 11.1411 12.6 7.7153e-016 11.2004 12.6 7.71526e-016 50.8 12.6 -50.8 50.8 12.6 
1
6
-50.8 11.1303 13.5 -1.04503 11.1047 13.5 -0.065604 11.1428 13.5 8.26635e-016 11.2021 13.5 8.26635e-016 50.8 13.5 -50.8 50.8 13.5 
1
6
-50.8 11.1351 14.4 -1.04503 11.1062 14.4 -0.065604 11.1445 14.4 8.81749e-016 11.2038 14.4 8.81744e-016 50.8 14.4 -50.8 50.8 14.4 
1
6
-50.8 11.1406 15.3 -1.04503 11.1079 15.3 -0.065604 11.1464 15.3 9.36857e-016 11.2055 15.3 9.36853e-016 50.8 15.3 -50.8 50.8 15.3 
2
6
-50.8 11.1466 16.2 -1.04503 11.1096 16.2 -0.065604 11.1481 16.2 9.91969e-016 11.2072 16.2 9.91962e-016 50.8 16.2 -50.8 50.8 16.2 
23
-9.14114 33.483 16.2 -9.17316 33.9391 16.2 -9.1879 34.4625 16.2 -8.96865 35.2917 16.2 -8.93295 35.4419 16.2 -8.88041 35.5247 16.2 -8.53236 35.7901 16.2 -7.90098 36.0239 16.2 -6.92156 35.7926 16.2 -6.46414 35.4419 16.2 -5.99438 34.9625 16.2 -5.94214 34.9035 16.2 -5.75024 34.4625 16.2 -5.75332 33.975 16.2 -5.76451 33.483 16.2 -5.94214 32.8967 16.2 -6.27611 32.5036 16.2 -6.36659 32.4541 16.2 -6.92156 32.1829 16.2 -7.41324 32.2217 16.2 -7.90098 32.2249 16.2 -8.39841 32.5036 16.2 -8.88041 33.0072 16.2 
2
6
-50.8 11.1536 17.1 -1.04503 11.1113 17.1 -0.065604 11.1498 17.1 1.04707e-015 11.2089 17.1 1.04707e-015 50.8 17.1 -50.8 50.8 17.1 
35
-9.25991 32.5036 17.1 -9.25612 32.5001 17.1 -8.88041 32.139 17.1 -8.55083 31.9542 17.1 -7.99008 31.6655 17.1 -7.90098 31.6153 17.1 -7.25113 31.7061 17.1 -6.92156 31.7039 17.1 -6.59199 31.865 17.1 -5.94214 32.0912 17.1 -5.9172 32.1206 17.1 -5.56249 32.5036 17.1 -5.36642 33.1534 17.1 -5.27236 33.483 17.1 -5.32971 34.1329 17.1 -5.32221 34.4625 17.1 -5.49638 35.1123 17.1 -5.62288 35.4031 17.1 -5.64135 35.4419 17.1 -5.94214 35.8823 17.1 -6.27171 36.1356 17.1 -6.57033 36.4213 17.1 -6.92156 36.7233 17.1 -7.41685 36.9009 17.1 -7.90098 37.028 17.1 -8.58608 37.1064 17.1 -8.88041 37.0214 17.1 -9.48006 36.4213 17.1 -9.85983 35.4983 17.1 -9.87624 35.4419 17.1 -9.87748 35.3982 17.1 -9.9908 34.4625 17.1 -9.86186 34.1381 17.1 -9.71849 33.483 17.1 -9.44048 32.8332 17.1 
2
6
-50.8 11.1616 18 -1.04503 11.1129 18 -0.065604 11.1514 18 1.10218e-015 11.2104 18 1.10218e-015 50.8 18 -50.8 50.8 18 
52
-10.8996 35.4419 18 -10.8628 35.3346 18 -10.8393 35.2285 18 -10.6989 34.4625 18 -10.3105 33.892 18 -10.1479 33.483 18 -10.1454 33.4775 18 -9.85983 33.0808 18 -9.74692 32.9071 18 -9.57438 32.5036 18 -9.33791 32.2763 18 -8.88041 31.7516 18 -8.75418 31.7059 18 -8.40124 31.5242 18 -8.34516 31.5007 18 -7.90098 31.3928 18 -7.33057 31.4693 18 -6.92156 31.5183 18 -6.8895 31.5242 18 -6.35115 31.6413 18 -5.94214 31.7836 18 -5.71889 32.0247 18 -5.21493 32.5036 18 -5.09152 32.9126 18 -5.02507 33.334 18 -5.0069 33.483 18 -5.08824 34.0535 18 -5.12433 34.4625 18 -5.2242 35.0329 18 -5.33382 35.4419 18 -5.60288 36.0123 18 -5.80382 36.3065 18 -5.8781 36.4213 18 -5.94214 36.5066 18 -6.06111 36.6056 18 -6.35115 36.855 18 -6.7219 37.2411 18 -6.8703 37.4007 18 -6.92156 37.4511 18 -7.06799 37.5302 18 -7.90098 37.8914 18 -8.00647 37.905 18 -8.30999 37.9511 18 -8.47848 38.0173 18 -8.88041 38.2035 18 -8.92108 38.181 18 -9.21166 38.0489 18 -9.85983 37.9557 18 -10.4772 37.4007 18 -10.664 36.5966 18 -10.7524 36.4213 18 -10.7792 36.3251 18 
2
6
-50.8 11.1704 18.9 -1.04503 11.1144 18.9 -0.065604 11.1529 18.9 1.15729e-015 11.2119 18.9 1.15729e-015 50.8 18.9 -50.8 50.8 18.9 
51
-11.9127 37.4007 18.9 -11.8187 38.1374 18.9 -11.7524 38.3802 18.9 -10.8393 39.0287 18.9 -9.97457 39.2449 18.9 -9.85983 39.2773 18.9 -9.15501 39.1578 18.9 -8.88041 39.1651 18.9 -8.38939 38.935 18.9 -7.90098 38.7335 18.9 -7.384 38.3802 18.9 -7.31452 38.3346 18.9 -6.92156 38.1225 18.9 -6.86059 38.0599 18.9 -6.68963 37.8918 18.9 -6.3133 37.4007 18.9 -5.99585 37.0701 18.9 -5.94214 36.9491 18.9 -5.8044 36.5791 18.9 -5.68596 36.4213 18.9 -5.45558 35.9329 18.9 -5.24027 35.4419 18.9 -5.06682 34.4625 18.9 -5.01273 34.0795 18.9 -4.96272 33.9816 18.9 -4.75252 33.5885 18.9 -4.73522 33.483 18.9 -4.89851 32.992 18.9 -4.96272 32.5454 18.9 -4.96931 32.5036 18.9 -5.94214 31.5924 18.9 -6.23945 31.5242 18.9 -6.43055 31.4891 18.9 -7.41257 31.3931 18.9 -7.90098 31.3276 18.9 -8.392 31.3402 18.9 -8.88041 31.4585 18.9 -8.98628 31.5242 18.9 -9.23224 31.836 18.9 -9.5528 32.2212 18.9 -9.79906 32.5036 18.9 -9.85983 32.5971 18.9 -10.4061 33.1817 18.9 -10.8393 33.7898 18.9 -11.4007 34.3406 18.9 -11.4922 34.4625 18.9 -11.8187 35.2089 18.9 -11.8382 35.2564 18.9 -11.9221 35.4419 18.9 -11.9067 36.2635 18.9 -11.916 37.227 18.9 
2
19
-50.8 11.1801 19.8 -45.5306 11.2784 19.8 -45.119 11.2928 19.8 -44.1396 11.3115 19.8 -43.1602 11.3259 19.8 -40.6335 11.319 19.8 -39.6541 11.2948 19.8 -39.2425 11.277 19.8 -38.6747 11.2627 19.8 -38.2631 11.2465 19.8 -19.6541 11.2963 19.8 -14.1891 11.2851 19.8 -13.7775 11.2691 19.8 -12.7981 11.2409 19.8 -1.04503 11.1157 19.8 -0.065604 11.1542 19.8 1.2124e-015 11.2132 19.8 1.2124e-015 50.8 19.8 -50.8 50.8 19.8 
71
-12.624 35.4419 19.8 -12.6291 36.4213 19.8 -12.6006 36.9514 19.8 -12.592 37.4007 19.8 -12.5502 37.8398 19.8 -12.4857 38.3802 19.8 -12.2578 38.7048 19.8 -12.2303 38.7623 19.8 -11.9448 39.2461 19.8 -11.8963 39.3596 19.8 -11.8187 39.515 19.8 -11.3356 39.8427 19.8 -10.9163 40.1694 19.8 -10.8393 40.2221 19.8 -10.1708 40.339 19.8 -9.93341 40.4126 19.8 -9.90159 40.4036 19.8 -9.85983 40.3891 19.8 -9.32439 40.1358 19.8 -8.88041 40.0242 19.8 -8.68751 39.9364 19.8 -8.4688 39.8289 19.8 -8.09672 39.6637 19.8 -7.90098 39.57 19.8 -7.62647 39.3596 19.8 -7.50412 39.2686 19.8 -7.48937 39.256 19.8 -6.92156 38.8559 19.8 -6.60169 38.4568 19.8 -6.53119 38.3802 19.8 -6.09599 37.8123 19.8 -6.00755 37.4007 19.8 -5.94544 37.2607 19.8 -5.94214 37.2537 19.8 -5.73031 36.8492 19.8 -5.57102 36.4213 19.8 -5.32204 35.8535 19.8 -5.26875 35.4419 19.8 -5.16705 34.8741 19.8 -4.97008 34.4625 19.8 -4.96272 34.4481 19.8 -4.9058 34.3493 19.8 -4.66272 33.8946 19.8 -4.54664 33.483 19.8 -4.73546 32.9152 19.8 -4.90846 32.5239 19.8 -4.9198 32.5036 19.8 -4.96272 32.4543 19.8 -5.37433 32.0548 19.8 -5.94214 31.5367 19.8 -6.0796 31.5242 19.8 -6.35375 31.5056 19.8 -6.92156 31.4475 19.8 -7.33317 31.4267 19.8 -7.90098 31.3737 19.8 -8.31259 31.3716 19.8 -8.88041 31.3861 19.8 -8.94537 31.4182 19.8 -9.11624 31.5242 19.8 -9.51318 32.0274 19.8 -9.85983 32.2925 19.8 -10.0607 32.439 19.8 -10.109 32.5036 19.8 -10.6285 33.0369 19.8 -10.8393 33.1671 19.8 -11.224 33.4485 19.8 -11.2621 33.483 19.8 -11.7918 33.9836 19.8 -11.8187 34.0081 19.8 -12.2305 34.4625 19.8 -12.4873 35.0303 19.8 
2
38
-50.8 11.1899 20.7 -46.4307 11.2914 20.7 -46.0985 11.3078 20.7 -45.4512 11.3305 20.7 -45.119 11.3525 20.7 -44.4718 11.3694 20.7 -44.1396 11.3896 20.7 -43.4924 11.4025 20.7 -43.1602 11.4175 20.7 -42.1808 11.4281 20.7 -41.5336 11.4246 20.7 -40.5541 11.3989 20.7 -40.2219 11.372 20.7 -39.5747 11.344 20.7 -39.2425 11.3159 20.7 -38.5953 11.2904 20.7 -38.2631 11.2719 20.7 -37.2837 11.2403 20.7 -21.9451 11.2785 20.7 -20.9657 11.3099 20.7 -20.6335 11.3258 20.7 -19.9863 11.3441 20.7 -19.6541 11.3616 20.7 -19.0068 11.3728 20.7 -18.6746 11.3862 20.7 -15.7364 11.391 20.7 -15.0891 11.3768 20.7 -14.7569 11.3553 20.7 -14.1097 11.3301 20.7 -13.7775 11.3054 20.7 -13.1303 11.2817 20.7 -12.7981 11.2642 20.7 -11.8187 11.2335 20.7 -1.04503 11.1169 20.7 -0.065604 11.1554 20.7 1.26751e-015 11.2144 20.7 1.26751e-015 50.8 20.7 -50.8 50.8 20.7 
73
-12.9319 34.4625 20.7 -13.1188 35.1097 20.7 -13.14 35.4419 20.7 -13.1307 35.7741 20.7 -13.1331 36.4213 20.7 -13.151 36.7535 20.7 -13.1147 37.4007 20.7 -13.0305 38.3802 20.7 -12.9717 38.7124 20.7 -12.8068 39.1074 20.7 -12.7981 39.1325 20.7 -12.701 39.3596 20.7 -12.5715 39.7503 20.7 -12.3109 40.339 20.7 -12.2625 40.5947 20.7 -12.2524 40.6712 20.7 -12.2233 41.3184 20.7 -12.0983 41.6506 20.7 -11.8377 42.149 20.7 -11.8187 42.1867 20.7 -11.065 42.1293 20.7 -10.8393 42.1322 20.7 -10.5981 41.8231 20.7 -10.5071 41.7808 20.7 -10.2782 41.6083 20.7 -9.85983 41.4939 20.7 -9.64157 41.3184 20.7 -9.50436 41.1785 20.7 -8.84717 40.8087 20.7 -8.54823 40.6379 20.7 -7.90176 40.339 20.7 -7.90098 40.3386 20.7 -7.72536 40.17 20.7 -7.56881 40.0428 20.7 -6.94475 39.5645 20.7 -6.92156 39.5495 20.7 -6.66631 39.3596 20.7 -6.64606 39.3398 20.7 -6.58939 39.2146 20.7 -6.0864 38.5871 20.7 -6.01307 38.3802 20.7 -5.94214 38.0448 20.7 -5.8395 37.4007 20.7 -5.83394 37.3896 20.7 -5.50084 36.7535 20.7 -5.41878 36.4213 20.7 -5.33499 35.7741 20.7 -5.32094 35.4419 20.7 -4.96272 34.6841 20.7 -4.83794 34.4625 20.7 -4.65541 33.8152 20.7 -4.57055 33.483 20.7 -4.96272 32.5998 20.7 -5.02338 32.5036 20.7 -5.94214 31.6087 20.7 -6.70627 31.5387 20.7 -6.92156 31.5244 20.7 -7.90098 31.4818 20.7 -8.23316 31.4749 20.7 -8.88041 31.4716 20.7 -8.88528 31.4736 20.7 -8.98743 31.5242 20.7 -9.53253 31.941 20.7 -9.85983 32.1204 20.7 -10.192 32.2674 20.7 -10.2133 32.2807 20.7 -10.5187 32.5036 20.7 -10.8393 32.7016 20.7 -11.5256 33.1899 20.7 -11.8187 33.3499 20.7 -12.0365 33.483 20.7 -12.0925 33.5271 20.7 -12.7981 34.2818 20.7 
4
41
-50.8 11.2885 21.6 -45.3717 11.4918 21.6 -45.119 11.5182 21.6 -44.3923 11.5625 21.6 -44.1396 11.5465 21.6 -43.4129 11.5793 21.6 -43.1602 11.6025 21.6 -42.1808 11.6237 21.6 -41.4541 11.6072 21.6 -41.2014 11.5089 21.6 -39.4952 11.3652 21.6 -39.2425 11.3626 21.6 -38.5158 11.3222 21.6 -38.2631 11.3021 21.6 -37.2837 11.2613 21.6 -36.3042 11.2314 21.6 -22.845 11.2827 21.6 -21.8656 11.3256 21.6 -21.6129 11.3431 21.6 -20.8862 11.3779 21.6 -20.6335 11.4031 21.6 -19.9068 11.4413 21.6 -19.6541 11.4723 21.6 -18.9273 11.5017 21.6 -18.6746 11.5381 21.6 -16.9685 11.5479 21.6 -16.7158 11.5656 21.6 -15.9891 11.5629 21.6 -15.7364 11.5857 21.6 -15.0096 11.5386 21.6 -14.7569 11.5108 21.6 -14.0302 11.4568 21.6 -13.7775 11.431 21.6 -12.7981 11.377 21.6 -11.8187 11.3399 21.6 -1.04503 11.2074 21.6 -0.318311 11.2361 21.6 -0.065604 11.2414 21.6 1.32262e-015 11.3003 21.6 1.32262e-015 50.8 21.6 -50.8 50.8 21.6 
30
-37.6019 25.3295 21.6 -37.9468 25.6477 21.6 -38.2631 26.292 21.6 -38.3554 26.5348 21.6 -38.3847 26.6271 21.6 -38.4485 27.4211 21.6 -38.4419 27.6065 21.6 -38.2631 28.0449 21.6 -37.9639 28.5859 21.6 -37.2837 29.3898 21.6 -37.0996 29.5654 21.6 -36.3042 29.9966 21.6 -35.739 30.1306 21.6 -35.3248 30.0672 21.6 -34.9149 29.9753 21.6 -34.7361 29.5654 21.6 -34.5731 29.3376 21.6 -34.4322 28.5859 21.6 -34.3454 27.8017 21.6 -34.33 27.6219 21.6 -34.3324 27.6065 21.6 -34.3454 27.4625 21.6 -34.4617 26.6271 21.6 -34.5662 26.4063 21.6 -35.0412 25.6477 21.6 -35.3248 25.4498 21.6 -35.7089 25.2636 21.6 -36.3042 25.0926 21.6 -36.894 25.0579 21.6 -37.2837 25.1982 21.6 
26
-30.6478 26.6271 21.6 -30.6459 27.3883 21.6 -30.7509 27.6065 21.6 -30.4277 28.4606 21.6 -30.3158 28.5859 21.6 -29.4483 28.8749 21.6 -29.1728 28.8615 21.6 -28.4689 28.8425 21.6 -28.2885 28.7663 21.6 -27.4894 28.6514 21.6 -27.4437 28.6316 21.6 -27.3432 28.5859 21.6 -27.0405 28.0554 21.6 -26.7115 27.6065 21.6 -26.662 27.4545 21.6 -26.5942 26.6271 21.6 -27.4894 25.75 21.6 -27.6825 25.6477 21.6 -28.4689 25.4212 21.6 -28.6795 25.4371 21.6 -29.442 25.6477 21.6 -29.4457 25.6503 21.6 -29.4483 25.6505 21.6 -29.96 26.1154 21.6 -30.4277 26.3156 21.6 -30.5649 26.4899 21.6 
85
-12.8766 33.5615 21.6 -13.2249 33.9989 21.6 -13.5682 34.4625 21.6 -13.5673 34.887 21.6 -13.6027 35.4419 21.6 -13.5729 36.4213 21.6 -13.6234 36.9516 21.6 -13.6476 37.4007 21.6 -13.6615 37.9792 21.6 -13.6301 38.3802 21.6 -13.4061 39.6571 21.6 -13.1821 40.339 21.6 -13.0508 41.145 21.6 -13.0051 41.3184 21.6 -12.7981 41.6961 21.6 -12.7817 41.7563 21.6 -12.5778 42.2978 21.6 -12.2566 42.4824 21.6 -12.0714 42.6966 21.6 -11.8187 42.8179 21.6 -11.5586 42.8032 21.6 -10.8393 42.7477 21.6 -10.7912 42.7423 21.6 -10.5866 42.6746 21.6 -10.0589 42.4829 21.6 -9.88389 42.2978 21.6 -9.85983 42.2866 21.6 -9.66815 42.2053 21.6 -9.60713 42.1748 21.6 -8.88041 41.5772 21.6 -8.6277 41.5411 21.6 -8.41103 41.3441 21.6 -8.35999 41.3184 21.6 -7.90098 41.0561 21.6 -7.74062 40.9447 21.6 -7.64827 40.8222 21.6 -7.26405 40.4692 21.6 -7.18977 40.339 21.6 -6.92156 40.121 21.6 -6.70838 40.0607 21.6 -6.66885 40.039 21.6 -6.06613 39.5906 21.6 -5.94214 39.4119 21.6 -5.90111 39.3596 21.6 -5.76096 39.0855 21.6 -5.63516 38.6329 21.6 -5.60826 38.3802 21.6 -5.49734 37.6534 21.6 -5.5022 37.4007 21.6 -5.32267 36.674 21.6 -5.29432 36.4213 21.6 -5.26358 35.6946 21.6 -5.25947 35.4419 21.6 -4.97974 34.854 21.6 -4.96272 34.8138 21.6 -4.7637 34.4625 21.6 -4.57806 33.7357 21.6 -4.52574 33.483 21.6 -4.64196 33.2303 21.6 -4.81222 32.9197 21.6 -4.96272 32.5841 21.6 -5.01372 32.5036 21.6 -5.24456 32.2509 21.6 -5.55109 31.9699 21.6 -5.94214 31.5848 21.6 -6.66447 31.5242 21.6 -6.82982 31.5026 21.6 -6.92156 31.489 21.6 -8.40494 31.4146 21.6 -8.6277 31.41 21.6 -8.88041 31.3994 21.6 -9.12208 31.5197 21.6 -9.13274 31.5242 21.6 -9.8488 31.9168 21.6 -9.85983 31.9222 21.6 -10.1125 31.9404 21.6 -10.8393 32.262 21.6 -11.092 32.341 21.6 -11.2041 32.493 21.6 -11.2256 32.5036 21.6 -11.8187 32.8195 21.6 -12.7366 33.4215 21.6 -12.7981 33.4496 21.6 -12.8346 33.483 21.6 -12.8351 33.4838 21.6 
3
73
-50.8 11.7485 22.5 -47.0779 11.8797 22.5 -46.209 11.9357 22.5 -46.0985 11.9917 22.5 -45.1589 12.9152 22.5 -45.3403 13.6733 22.5 -45.3649 13.8946 22.5 -45.1302 14.8628 22.5 -45.1283 14.874 22.5 -45.119 14.8931 22.5 -44.2486 15.8534 22.5 -44.3669 16.6056 22.5 -44.3185 16.8329 22.5 -44.2749 17.677 22.5 -44.2494 17.8123 22.5 -44.1396 18.2376 22.5 -44.0944 17.8575 22.5 -44.0666 17.8123 22.5 -44.0407 16.9318 22.5 -44.0542 16.8329 22.5 -44.1023 15.8907 22.5 -44.1119 15.8534 22.5 -44.1396 15.8321 22.5 -45.1156 14.874 22.5 -45.0285 13.9851 22.5 -44.8866 13.8946 22.5 -45.0766 12.9576 22.5 -45.1009 12.9152 22.5 -44.8323 12.2224 22.5 -44.3647 11.9357 22.5 -44.2742 11.922 22.5 -44.1396 11.9135 22.5 -43.9128 11.9357 22.5 -43.1602 12.343 22.5 -42.9275 12.1684 22.5 -42.1808 12.2281 22.5 -41.996 11.9357 22.5 -41.9421 11.9012 22.5 -41.2014 11.6132 22.5 -41.0281 11.5162 22.5 -40.2219 11.4415 22.5 -39.4158 11.4332 22.5 -39.2425 11.4244 22.5 -38.4364 11.3602 22.5 -38.2631 11.3375 22.5 -37.457 11.2958 22.5 -37.2837 11.2831 22.5 -36.3042 11.2446 22.5 -22.7656 11.3204 22.5 -21.7862 11.3883 22.5 -21.6129 11.4085 22.5 -20.8068 11.4887 22.5 -20.6335 11.5214 22.5 -19.8274 11.6203 22.5 -19.6541 11.6855 22.5 -18.9972 11.829 22.5 -18.6746 11.8755 22.5 -17.6952 11.8838 22.5 -17.0712 11.9357 22.5 -16.7158 12.0564 22.5 -16.0571 12.5945 22.5 -15.7364 12.8046 22.5 -15.1412 12.5309 22.5 -14.7569 12.3363 22.5 -14.4672 12.2254 22.5 -13.9432 11.9357 22.5 -13.7775 11.9183 22.5 -12.7981 11.853 22.5 -1.04503 11.6564 22.5 -0.065604 11.6778 22.5 1.37772e-015 11.7352 22.5 1.37772e-015 50.8 22.5 -50.8 50.8 22.5 
183
-40.7941 20.1784 22.5 -40.6616 20.7505 22.5 -40.6119 21.1405 22.5 -40.8424 21.73 22.5 -40.7506 22.12 22.5 -40.7439 22.7094 22.5 -40.5186 23.3921 22.5 -41.2014 23.5851 22.5 -41.7689 23.1213 22.5 -41.629 23.6888 22.5 -41.8416 24.028 22.5 -41.7616 24.6682 22.5 -41.6265 25.6477 22.5 -41.5073 26.3212 22.5 -41.468 26.6271 22.5 -41.3249 27.483 22.5 -41.3112 27.6065 22.5 -41.2014 28.4175 22.5 -40.8862 27.9217 22.5 -40.2219 28.2917 22.5 -40.195 28.4522 22.5 -40.1543 28.5859 22.5 -40.0516 28.7562 22.5 -39.6588 29.5654 22.5 -39.2425 29.9558 22.5 -39.187 30.0245 22.5 -38.7241 30.5448 22.5 -38.2652 30.9486 22.5 -38.2631 30.9506 22.5 -37.4658 31.5242 22.5 -37.2837 31.8509 22.5 -36.384 32.4238 22.5 -36.3139 32.4761 22.5 -36.3042 32.4827 22.5 -36.2059 32.5036 22.5 -35.8378 32.97 22.5 -36.073 33.483 22.5 -35.3248 33.5399 22.5 -35.267 33.5408 22.5 -34.3454 33.5368 22.5 -34.2998 33.5286 22.5 -34.1464 33.483 22.5 -33.6275 33.2215 22.5 -33.5784 32.5036 22.5 -33.366 32.3992 22.5 -32.8199 32.0703 22.5 -32.3866 32.1257 22.5 -31.415 32.4958 22.5 -31.6267 31.5242 22.5 -31.737 30.5448 22.5 -31.6915 30.4823 22.5 -31.4071 30.3985 22.5 -31.0029 30.5448 22.5 -30.4277 30.9627 22.5 -29.8188 31.1537 22.5 -29.4483 31.2043 22.5 -28.941 31.0521 22.5 -28.4689 30.8608 22.5 -28.2235 30.7902 22.5 -27.6129 31.0424 22.5 -27.4894 31.0863 22.5 -26.9235 30.9583 22.5 -26.51 31.6935 22.5 -26.3589 31.6753 22.5 -25.8711 31.5242 22.5 -25.6024 31.4524 22.5 -25.5306 31.3453 22.5 -24.9225 31.1529 22.5 -24.8303 30.5448 22.5 -24.5512 30.3867 22.5 -23.9661 30.1504 22.5 -23.9946 29.5654 22.5 -23.5717 29.0796 22.5 -23.1474 29.0102 22.5 -22.5923 28.837 22.5 -22.2585 29.5654 22.5 -21.6129 30.2769 22.5 -21.2908 30.5448 22.5 -20.6335 30.9698 22.5 -20.1995 30.9788 22.5 -20.0232 31.0399 22.5 -19.6541 31.1739 22.5 -18.8053 31.5242 22.5 -18.6746 31.6367 22.5 -17.7797 32.5036 22.5 -17.6952 32.7365 22.5 -17.4309 32.7679 22.5 -17.0185 32.5036 22.5 -16.8269 32.3925 22.5 -17.3699 31.5242 22.5 -17.3919 30.8481 22.5 -17.1515 30.5448 22.5 -16.7158 29.6628 22.5 -16.6899 29.5913 22.5 -16.678 29.5654 22.5 -15.7364 28.8917 22.5 -14.8181 29.5042 22.5 -14.7569 29.4284 22.5 -14.5855 28.7573 22.5 -14.5757 28.5859 22.5 -14.577 27.7864 22.5 -14.5739 27.6065 22.5 -14.6501 26.7339 22.5 -14.6518 26.6271 22.5 -14.7569 26.2876 22.5 -15.1207 26.2633 22.5 -15.2216 26.6271 22.5 -15.3729 26.9906 22.5 -15.7364 26.7609 22.5 -15.7558 26.7022 22.5 -15.7702 26.6271 22.5 -15.786 25.758 22.5 -15.8427 25.6477 22.5 -16.7117 24.7803 22.5 -16.7158 24.7761 22.5 -16.7599 24.6682 22.5 -16.8449 24.0171 22.5 -16.9867 23.6888 22.5 -17.1125 23.2921 22.5 -16.7158 22.9755 22.5 -16.2754 23.1498 22.5 -16.4391 22.7094 22.5 -16.7158 21.7731 22.5 -17.1305 22.2947 22.5 -17.6952 21.9817 22.5 -18.3236 21.73 22.5 -18.6746 21.6358 22.5 -18.8789 21.5257 22.5 -19.6541 21.221 22.5 -19.9058 21.4783 22.5 -19.9551 21.73 22.5 -20.6335 22.4867 22.5 -20.7155 22.7094 22.5 -20.8827 22.9586 22.5 -21.0909 23.2941 22.5 -21.3639 23.6888 22.5 -21.6129 24.1652 22.5 -22.106 24.6257 22.5 -22.1403 24.6682 22.5 -22.3251 25.3602 22.5 -22.4232 25.6477 22.5 -22.5923 26.3212 22.5 -22.8201 26.3993 22.5 -23.5717 26.1836 22.5 -23.9989 25.6477 22.5 -24.5512 25.1427 22.5 -25.1537 24.6682 22.5 -25.5306 24.4204 22.5 -26.0625 24.1363 22.5 -26.363 23.9677 22.5 -26.51 23.8784 22.5 -27.1463 23.6888 22.5 -27.4894 23.6395 22.5 -27.5402 23.638 22.5 -28.4689 23.5279 22.5 -29.4483 23.6112 22.5 -29.6862 23.6888 22.5 -29.9009 23.7844 22.5 -30.4277 23.9953 22.5 -31.1982 24.4593 22.5 -31.4071 24.5965 22.5 -31.5116 24.6682 22.5 -32.2894 25.5768 22.5 -32.3472 25.6477 22.5 -32.3866 25.7226 22.5 -33.219 25.7609 22.5 -33.366 25.7467 22.5 -33.408 25.6477 22.5 -34.0391 25.0971 22.5 -34.3454 24.7959 22.5 -34.5323 24.6682 22.5 -34.853 24.4949 22.5 -34.8786 24.4797 22.5 -35.3248 24.2518 22.5 -36.2227 23.6888 22.5 -36.3042 23.6137 22.5 -37.2075 22.7094 22.5 -37.2837 22.6048 22.5 -38.0444 21.73 22.5 -38.2631 21.4462 22.5 -39.0622 20.7505 22.5 -39.5023 20.4907 22.5 -40.2219 20.4575 22.5 
82
-15.321 33.483 22.5 -15.1279 33.1121 22.5 -14.7569 33.0283 22.5 -14.5937 32.6668 22.5 -14.1839 32.5036 22.5 -14.0208 32.2603 22.5 -13.7775 32.2844 22.5 -13.4054 31.8963 22.5 -12.7981 31.7771 22.5 -12.2855 31.5242 22.5 -12.0474 31.2955 22.5 -11.8187 31.2554 22.5 -11.3692 30.9943 22.5 -10.5052 30.8788 22.5 -9.85983 30.8563 22.5 -9.23134 30.8957 22.5 -8.88041 30.7207 22.5 -6.92156 30.8129 22.5 -6.48668 30.8775 22.5 -5.94214 30.9197 22.5 -4.36566 32.5036 22.5 -4.1375 32.9997 22.5 -4.06679 33.483 22.5 -4.12241 33.7517 22.5 -4.16804 34.4625 22.5 -4.41864 34.8978 22.5 -4.36807 35.4419 22.5 -4.41601 36.4213 22.5 -4.4619 36.9221 22.5 -4.60746 37.4007 22.5 -4.60513 37.7583 22.5 -4.53747 38.3802 22.5 -4.55354 38.7894 22.5 -4.74285 39.3596 22.5 -4.77991 39.5424 22.5 -4.96272 39.8356 22.5 -5.15849 40.339 22.5 -5.30456 40.9766 22.5 -5.5844 41.3184 22.5 -5.62088 41.6396 22.5 -5.82668 42.2978 22.5 -5.86904 42.3709 22.5 -5.94214 42.4046 22.5 -6.35229 42.8671 22.5 -6.92156 43.0532 22.5 -7.2796 42.9192 22.5 -7.51792 43.2773 22.5 -7.76059 43.4177 22.5 -7.90098 43.445 22.5 -8.88041 43.4863 22.5 -9.44167 43.6955 22.5 -9.85983 43.7438 22.5 -10.462 43.8794 22.5 -10.8393 44.0423 22.5 -11.0726 44.0892 22.5 -11.8187 44.1797 22.5 -12.0769 43.9985 22.5 -12.7981 43.6984 22.5 -13.2548 43.2773 22.5 -13.7775 42.6591 22.5 -14.0407 42.2978 22.5 -14.3923 41.683 22.5 -14.6378 41.3184 22.5 -14.7569 41.0515 22.5 -15.2338 40.339 22.5 -15.5808 39.5152 22.5 -14.7569 40.1261 22.5 -14.4134 39.3596 22.5 -14.5663 38.8044 22.5 -14.6625 38.3802 22.5 -14.6148 38.1053 22.5 -14.528 37.4007 22.5 -14.5311 36.9581 22.5 -14.7036 36.4213 22.5 -14.714 36.3168 22.5 -14.7569 36.0911 22.5 -15.5623 35.4419 22.5 -15.7364 34.6051 22.5 -15.7607 34.4625 22.5 -15.7642 34.4347 22.5 -15.7364 34.3986 22.5 -15.5857 33.6337 22.5 
1
103
-39.3364 11.5328 23.4 -40.2219 11.5781 23.4 -40.2305 11.5854 23.4 -40.8566 11.9357 23.4 -40.9103 12.0296 23.4 -41.1699 12.4183 23.4 -41.2014 12.5008 23.4 -41.41 12.9152 23.4 -41.38 13.6537 23.4 -41.3635 13.8946 23.4 -41.3667 14.5648 23.4 -41.3213 15.4823 23.4 -41.2726 15.8534 23.4 -41.2014 15.996 23.4 -41.1204 16.2144 23.4 -40.9145 16.8329 23.4 -40.588 17.7339 23.4 -40.5546 17.8123 23.4 -40.2447 18.617 23.4 -40.2219 18.666 23.4 -40.1608 18.7917 23.4 -40.128 18.8317 23.4 -39.2425 19.6235 23.4 -39.1486 19.6962 23.4 -39.0463 19.758 23.4 -39.0268 19.7711 23.4 -38.2631 20.26 23.4 -37.8846 20.6345 23.4 -37.8608 20.6566 23.4 -37.7749 20.7505 23.4 -37.0695 21.6252 23.4 -37.0623 21.6361 23.4 -36.9964 21.73 23.4 -36.973 21.7575 23.4 -36.3042 22.6313 23.4 -36.2379 22.7094 23.4 -36.2006 22.748 23.4 -35.3248 23.5714 23.4 -35.2381 23.6335 23.4 -35.1543 23.6888 23.4 -35.1442 23.6945 23.4 -34.3454 24.1751 23.4 -33.4599 24.5142 23.4 -33.366 24.5319 23.4 -32.4805 24.2399 23.4 -32.4224 24.2164 23.4 -32.3866 24.198 23.4 -31.6745 23.6888 23.4 -31.532 23.59 23.4 -31.501 23.5697 23.4 -31.4071 23.5052 23.4 -30.4277 22.938 23.4 -29.7941 22.7094 23.4 -29.4483 22.5949 23.4 -28.5628 22.5284 23.4 -28.4689 22.5091 23.4 -27.5833 22.5065 23.4 -27.5668 22.5042 23.4 -27.4894 22.4909 23.4 -26.6192 22.5244 23.4 -26.51 22.5204 23.4 -26.0577 22.5959 23.4 -25.5306 22.6729 23.4 -25.4243 22.7094 23.4 -24.5512 23.1031 23.4 -23.826 23.2109 23.4 -23.5717 23.2695 23.4 -22.7619 23.2311 23.4 -22.5923 23.1642 23.4 -21.9772 22.7094 23.4 -21.8863 22.553 23.4 -21.6129 22.1737 23.4 -21.4829 21.73 23.4 -21.3517 20.0689 23.4 -21.3478 19.7711 23.4 -21.3 19.0795 23.4 -21.2139 18.0454 23.4 -21.164 17.8123 23.4 -21.1361 17.7184 23.4 -21.0155 16.8329 23.4 -20.8223 15.9473 23.4 -20.7883 15.7595 23.4 -20.6899 15.345 23.4 -20.6335 15.0033 23.4 -20.5912 14.874 23.4 -20.4983 14.6309 23.4 -20.2048 13.8946 23.4 -20.0612 13.124 23.4 -19.9803 12.9152 23.4 -19.9671 12.8213 23.4 -19.9613 11.9357 23.4 -19.9701 11.928 23.4 -20.6335 11.6797 23.4 -20.7274 11.6469 23.4 -21.6129 11.48 23.4 -21.7068 11.4666 23.4 -22.5923 11.3632 23.4 -23.5717 11.2943 23.4 -36.3042 11.2527 23.4 -37.2837 11.2984 23.4 -38.2631 11.3703 23.4 -38.357 11.3844 23.4 -39.2425 11.5006 23.4 
1
98
-39.257 11.5292 24.3 -40.2219 11.8601 24.3 -40.2231 11.8612 24.3 -40.312 11.9357 24.3 -40.3182 11.9502 24.3 -40.8707 12.9152 24.3 -40.8097 13.8946 24.3 -40.8085 13.9091 24.3 -40.7446 14.874 24.3 -40.6062 15.8389 24.3 -40.6006 15.8534 24.3 -40.2802 16.8177 24.3 -40.2735 16.8329 24.3 -40.2219 16.9739 24.3 -39.8955 17.7978 24.3 -39.8896 17.8123 24.3 -39.3126 18.7772 24.3 -39.3107 18.7797 24.3 -39.2975 18.7917 24.3 -39.2425 18.8585 24.3 -39.228 18.8791 24.3 -38.2631 19.6265 24.3 -38.1187 19.7613 24.3 -38.1091 19.7711 24.3 -38.1042 19.7814 24.3 -37.2837 20.6709 24.3 -37.236 20.7463 24.3 -37.2338 20.7505 24.3 -37.2222 20.765 24.3 -36.5457 21.73 24.3 -36.545 21.7309 24.3 -35.7228 22.6958 24.3 -35.7127 22.7094 24.3 -35.7083 22.7137 24.3 -35.3248 23.1102 24.3 -35.3103 23.119 24.3 -34.4495 23.6873 24.3 -34.4468 23.6888 24.3 -34.3454 23.746 24.3 -33.4054 23.9234 24.3 -33.366 23.9278 24.3 -32.7731 23.6888 24.3 -32.4081 23.5175 24.3 -32.4011 23.5144 24.3 -32.3866 23.5048 24.3 -31.4172 22.8395 24.3 -31.4071 22.8321 24.3 -31.1986 22.7094 24.3 -30.4422 22.2912 24.3 -30.4277 22.2838 24.3 -29.4614 21.9528 24.3 -29.4483 21.9481 24.3 -28.5037 21.7535 24.3 -28.4689 21.7444 24.3 -27.5039 21.6117 24.3 -27.4894 21.6087 24.3 -26.51 21.5808 24.3 -25.5451 21.6823 24.3 -25.5306 21.6834 24.3 -25.5161 21.6849 24.3 -25.3044 21.73 24.3 -24.5512 21.9418 24.3 -23.6369 22.2147 24.3 -23.5717 22.2357 24.3 -22.618 21.9373 24.3 -22.5923 21.9316 24.3 -22.3759 21.73 24.3 -22.3656 21.7155 24.3 -22.0676 20.7505 24.3 -22.0653 19.7856 24.3 -22.0628 19.7711 24.3 -22.0182 18.8062 24.3 -22.0157 18.7917 24.3 -21.7947 17.8268 24.3 -21.7902 17.8123 24.3 -21.7876 17.7978 24.3 -21.5785 16.8329 24.3 -21.5761 16.8184 24.3 -21.2261 14.8885 24.3 -21.2238 14.874 24.3 -21.0001 13.9091 24.3 -20.9972 13.8946 24.3 -20.6695 12.9297 24.3 -20.6625 12.9152 24.3 -20.6343 12.6432 24.3 -20.6335 12.638 24.3 -20.6319 12.6287 24.3 -20.5415 11.9357 24.3 -20.5431 11.9343 24.3 -20.6335 11.8556 24.3 -21.6129 11.5143 24.3 -22.5923 11.375 24.3 -23.5717 11.3006 24.3 -24.5512 11.2543 24.3 -37.2837 11.3009 24.3 -38.2631 11.3771 24.3 -38.2776 11.3791 24.3 -39.2425 11.5238 24.3 
1
94
-40.157 11.8371 25.2 -40.2219 11.8594 25.2 -40.2996 11.9307 25.2 -40.3056 11.9357 25.2 -40.6975 12.8503 25.2 -40.7347 12.9152 25.2 -40.6821 13.8946 25.2 -40.6013 14.8091 25.2 -40.597 14.874 25.2 -40.5877 14.9389 25.2 -40.2313 15.8534 25.2 -40.2233 15.8772 25.2 -39.8093 16.8329 25.2 -39.7839 16.8978 25.2 -39.409 17.8123 25.2 -39.3702 17.8772 25.2 -39.2471 18.0377 25.2 -39.2425 18.0419 25.2 -38.5974 18.7917 25.2 -38.3331 19.0849 25.2 -38.328 19.0921 25.2 -38.2631 19.1424 25.2 -38.2534 19.1515 25.2 -37.6494 19.7711 25.2 -37.3389 20.4203 25.2 -37.2837 20.4802 25.2 -37.2805 20.4852 25.2 -37.1412 20.7505 25.2 -36.4122 21.6651 25.2 -36.3667 21.73 25.2 -36.3204 21.788 25.2 -36.2651 21.8529 25.2 -35.625 22.7094 25.2 -35.3506 22.9785 25.2 -35.3248 23.0052 25.2 -34.4103 23.559 25.2 -34.3524 23.5972 25.2 -34.3454 23.601 25.2 -33.4687 23.5773 25.2 -33.366 23.5896 25.2 -33.3011 23.5609 25.2 -32.3866 22.9535 25.2 -32.0461 22.7182 25.2 -32.0341 22.7094 25.2 -31.4071 22.2958 25.2 -31.3422 22.2602 25.2 -30.4277 21.7958 25.2 -30.2766 21.745 25.2 -30.2347 21.73 25.2 -29.4483 21.485 25.2 -28.5801 21.239 25.2 -28.4689 21.2142 25.2 -28.404 21.2054 25.2 -27.4894 21.0216 25.2 -26.51 21.0059 25.2 -26.4451 21.0127 25.2 -25.5306 21.084 25.2 -24.6161 21.1735 25.2 -23.6552 21.3652 25.2 -23.5717 21.3918 25.2 -22.7412 21.0577 25.2 -22.5923 21.0101 25.2 -22.4925 20.8406 25.2 -22.4745 20.8154 25.2 -22.4545 20.7505 25.2 -22.4543 20.6856 25.2 -22.2973 19.7711 25.2 -22.2943 19.7062 25.2 -22.1331 18.7917 25.2 -22.1183 18.7268 25.2 -21.8358 17.8123 25.2 -21.6706 16.8978 25.2 -21.6566 16.8329 25.2 -21.5089 15.9183 25.2 -21.4854 15.7885 25.2 -21.3415 14.874 25.2 -21.3265 14.8091 25.2 -21.1431 13.8946 25.2 -21.121 13.8297 25.2 -20.6839 12.9152 25.2 -20.682 12.8969 25.2 -20.6335 12.5677 25.2 -20.5324 11.9823 25.2 -20.5263 11.9357 25.2 -20.6274 11.8443 25.2 -20.6335 11.839 25.2 -21.6129 11.5085 25.2 -22.5923 11.3751 25.2 -23.5717 11.3048 25.2 -24.5512 11.262 25.2 -37.2837 11.2949 25.2 -38.2631 11.3666 25.2 -39.1776 11.4904 25.2 -39.2425 11.5001 25.2 
1
87
-40.286 11.9244 26.1 -40.2983 11.9357 26.1 -40.4474 12.7708 26.1 -40.5093 12.9152 26.1 -40.5046 13.7502 26.1 -40.4969 13.8946 26.1 -40.4913 14.7296 26.1 -40.4785 14.874 26.1 -40.2756 15.1672 26.1 -40.2219 15.3052 26.1 -40.2182 15.3116 26.1 -39.7514 15.8534 26.1 -39.6033 16.6885 26.1 -39.5412 16.8329 26.1 -39.2619 17.5194 26.1 -39.2425 17.5618 26.1 -39.1186 17.8123 26.1 -38.9952 17.9567 26.1 -38.5382 18.7917 26.1 -38.3051 19.0758 26.1 -38.2631 19.1223 26.1 -38.1677 19.2202 26.1 -37.669 19.7711 26.1 -37.3327 20.1082 26.1 -37.2837 20.2107 26.1 -37.2617 20.2526 26.1 -36.7724 20.7505 26.1 -36.4691 21.5856 26.1 -36.3541 21.73 26.1 -36.3115 21.8009 26.1 -36.3042 21.8101 26.1 -35.4692 22.553 26.1 -35.3681 22.6883 26.1 -35.3248 22.7312 26.1 -34.4898 23.3634 26.1 -34.3454 23.4508 26.1 -34.201 23.4469 26.1 -33.366 23.2256 26.1 -33.2216 23.1297 26.1 -32.6546 22.7094 26.1 -32.2422 22.435 26.1 -31.2627 21.9296 26.1 -30.4277 21.5966 26.1 -30.2833 21.5514 26.1 -29.4483 21.2188 26.1 -29.3039 21.1779 26.1 -28.4689 20.8843 26.1 -27.7997 20.7505 26.1 -27.4894 20.6936 26.1 -26.51 20.6425 26.1 -25.8471 20.6499 26.1 -24.1248 20.7235 26.1 -23.7358 20.7505 26.1 -23.5717 20.7657 26.1 -23.5461 20.7554 26.1 -23.5386 20.7505 26.1 -22.5923 19.8177 26.1 -22.3952 18.9361 26.1 -22.3697 18.7917 26.1 -22.3252 18.6473 26.1 -21.8126 17.8123 26.1 -21.7865 17.6679 26.1 -21.6908 16.8329 26.1 -21.6211 15.9978 26.1 -21.5978 15.8534 26.1 -21.5391 15.0184 26.1 -21.5164 14.874 26.1 -21.4875 14.7296 26.1 -21.3852 13.8946 26.1 -21.3161 13.7502 26.1 -20.651 12.9152 26.1 -20.7131 12.0801 26.1 -20.7055 12.0281 26.1 -20.679 11.9357 26.1 -21.4685 11.5491 26.1 -21.6129 11.5005 26.1 -22.5923 11.3754 26.1 -23.5717 11.3114 26.1 -24.5512 11.2741 26.1 -36.1598 11.2515 26.1 -37.1393 11.2801 26.1 -37.2837 11.2867 26.1 -38.2631 11.3504 26.1 -39.0981 11.4382 26.1 -39.2425 11.4577 26.1 -40.0775 11.797 26.1 -40.2219 11.8502 26.1 
1
85
-40.5041 12.6914 27 -40.5441 12.9152 27 -40.5369 14.874 27 -40.2763 15.2317 27 -40.2219 15.3103 27 -40.0968 15.4555 27 -39.7411 15.8534 27 -39.5715 16.8329 27 -39.3015 17.2123 27 -39.2425 17.3576 27 -39.2037 17.4361 27 -38.8497 17.8123 27 -38.6888 18.5679 27 -38.5663 18.7917 27 -38.3256 19.1493 27 -38.2631 19.2254 27 -38.1294 19.3731 27 -37.744 19.7711 27 -36.7626 20.7505 27 -36.5371 21.5062 27 -36.4559 21.73 27 -36.3042 21.9791 27 -36.0804 22.1782 27 -35.3248 22.551 27 -35.3169 22.5566 27 -34.9086 22.7094 27 -34.5613 22.9115 27 -34.3454 23.0753 27 -34.1216 23.016 27 -33.366 22.9218 27 -33.2117 22.814 27 -33.0708 22.7094 27 -32.9879 22.6537 27 -32.3866 22.2267 27 -31.532 21.7823 27 -31.4071 21.7286 27 -30.2039 21.2453 27 -29.4483 21.0254 27 -29.2245 20.9468 27 -28.4689 20.7538 27 -28.4522 20.7505 27 -28.2451 20.7117 27 -27.4894 20.5182 27 -27.2656 20.5051 27 -26.51 20.4471 27 -26.2862 20.4496 27 -25.5306 20.4367 27 -25.3068 20.4444 27 -24.5512 20.4581 27 -23.5717 20.5035 27 -22.8589 19.9807 27 -22.6432 19.7711 27 -22.6351 19.7316 27 -22.5923 19.605 27 -22.4001 18.976 27 -22.3583 18.7917 27 -22.2209 18.5679 27 -21.6599 17.8123 27 -21.6342 17.5885 27 -21.5995 16.8329 27 -21.5809 16.6067 27 -21.5167 15.6296 27 -21.4771 14.874 27 -21.3588 13.8946 27 -21.1805 13.6708 27 -20.6335 13.0636 27 -20.5293 12.9152 27 -20.5749 12.3525 27 -20.6209 11.9357 27 -20.6335 11.9198 27 -20.6528 11.9068 27 -20.8573 11.8071 27 -21.6129 11.4694 27 -22.3685 11.4133 27 -22.5923 11.3851 27 -23.3479 11.3586 27 -23.5717 11.3442 27 -30.4277 11.1849 27 -31.4071 11.1891 27 -38.0393 11.324 27 -39.0187 11.3786 27 -39.2425 11.4021 27 -39.9981 11.6497 27 -40.2219 11.7407 27 -40.3913 11.9357 27 
1
83
-38.9393 11.3929 27.9 -39.2425 11.4091 27.9 -39.9187 11.5696 27.9 -40.2219 11.6689 27.9 -40.4548 11.9357 27.9 -40.5258 12.612 27.9 -40.5711 12.9152 27.9 -40.5724 14.874 27.9 -40.2219 15.3518 27.9 -39.7673 15.8534 27.9 -39.5984 16.8329 27.9 -39.2425 17.3324 27.9 -39.1005 17.4833 27.9 -38.7644 17.8123 27.9 -38.6025 18.4885 27.9 -38.5379 18.7917 27.9 -38.2631 19.2056 27.9 -37.7246 19.7711 27.9 -36.7468 20.7505 27.9 -36.5967 21.4268 27.9 -36.5062 21.73 27.9 -36.3042 22.0669 27.9 -36.001 22.2165 27.9 -35.3248 22.5164 27.9 -35.161 22.5777 27.9 -34.7531 22.7094 27.9 -34.4848 22.836 27.9 -34.3454 22.917 27.9 -34.0422 22.8792 27.9 -33.366 22.8138 27.9 -33.294 22.7527 27.9 -32.9908 22.5381 27.9 -32.3866 21.8624 27.9 -32.3858 21.8619 27.9 -32.1327 21.73 27.9 -32.0826 21.7077 27.9 -31.4071 21.3932 27.9 -31.1039 21.2716 27.9 -30.4277 21.1601 27.9 -30.1245 21.0719 27.9 -29.4483 20.9395 27.9 -29.1533 20.8216 27.9 -28.8501 20.7443 27.9 -28.4689 20.5728 27.9 -28.1657 20.4952 27.9 -27.4894 20.3741 27.9 -26.51 20.3043 27.9 -25.5306 20.2898 27.9 -24.5512 20.3042 27.9 -24.248 20.3176 27.9 -23.5717 20.3317 27.9 -23.057 19.9809 27.9 -22.771 19.7711 27.9 -22.7538 19.7203 27.9 -22.4753 18.7917 27.9 -21.7355 17.8123 27.9 -21.6696 17.1361 27.9 -21.5545 15.1772 27.9 -21.5386 14.874 27.9 -21.4129 13.8946 27.9 -21.1945 13.6521 27.9 -20.6335 13.1384 27.9 -20.4745 12.9152 27.9 -20.5807 11.9357 27.9 -20.6335 11.8698 27.9 -21.3097 11.6178 27.9 -21.6129 11.4823 27.9 -22.2891 11.4962 27.9 -22.5923 11.4737 27.9 -23.5717 11.4367 27.9 -24.248 11.3983 27.9 -24.5512 11.3908 27.9 -25.2274 11.3499 27.9 -25.5306 11.3407 27.9 -26.2068 11.3049 27.9 -30.4277 11.1941 27.9 -31.4071 11.1981 27.9 -33.366 11.2451 27.9 -34.3454 11.2758 27.9 -35.3248 11.3115 27.9 -36.001 11.3461 27.9 -36.9805 11.3792 27.9 -38.2631 11.3988 27.9 
1
106
-40.2219 11.8284 28.8 -40.2112 11.8245 28.8 -39.6251 11.653 28.8 -39.2425 11.5622 28.8 -38.8599 11.5655 28.8 -38.2631 11.5346 28.8 -37.8805 11.529 28.8 -36.9011 11.4904 28.8 -36.3042 11.4471 28.8 -35.9216 11.4275 28.8 -35.3248 11.3709 28.8 -34.9422 11.3553 28.8 -34.3454 11.3115 28.8 -33.9628 11.298 28.8 -33.366 11.2657 28.8 -32.3866 11.2317 28.8 -31.4071 11.2063 28.8 -30.4277 11.2032 28.8 -27.1068 11.3001 28.8 -26.1274 11.3546 28.8 -25.5306 11.4093 28.8 -25.148 11.4325 28.8 -24.5512 11.5082 28.8 -24.1686 11.5299 28.8 -23.5717 11.6607 28.8 -23.1891 11.6756 28.8 -22.5923 11.7089 28.8 -22.2097 11.7011 28.8 -21.6129 11.6517 28.8 -21.2303 11.7943 28.8 -21.0387 11.8606 28.8 -20.795 11.9357 28.8 -20.6335 12.6689 28.8 -20.6252 12.786 28.8 -20.6113 12.9152 28.8 -20.6335 12.9463 28.8 -21.6129 13.8393 28.8 -21.6983 13.8946 28.8 -21.941 14.874 28.8 -21.9677 15.0852 28.8 -21.9802 15.2566 28.8 -22.1356 15.8534 28.8 -22.1546 16.236 28.8 -22.3345 16.8329 28.8 -22.5033 17.7153 28.8 -22.5128 17.8123 28.8 -22.5923 17.9253 28.8 -22.8723 18.2355 28.8 -22.9032 18.7917 28.8 -23.0172 19.1743 28.8 -23.0747 19.7711 28.8 -23.3659 19.9696 28.8 -23.5717 20.1558 28.8 -24.1686 20.2866 28.8 -24.5512 20.2786 28.8 -25.148 20.2939 28.8 -25.5306 20.2889 28.8 -27.1068 20.3108 28.8 -28.0863 20.3726 28.8 -28.4689 20.4411 28.8 -29.0657 20.6271 28.8 -29.3385 20.7505 28.8 -29.4483 20.7944 28.8 -30.0451 21.0874 28.8 -30.4277 21.1623 28.8 -31.4071 21.3194 28.8 -31.9617 21.552 28.8 -32.3439 21.73 28.8 -32.3444 21.7303 28.8 -32.3866 21.7543 28.8 -32.9834 22.1946 28.8 -33.366 22.6121 28.8 -33.9262 22.744 28.8 -33.9628 22.7545 28.8 -34.3454 22.7915 28.8 -34.4972 22.7199 28.8 -34.5149 22.7094 28.8 -35.094 22.4526 28.8 -35.3248 22.3781 28.8 -35.7074 22.2084 28.8 -36.3042 21.8087 28.8 -36.3511 21.73 28.8 -36.3867 21.488 28.8 -36.5478 20.7505 28.8 -37.2837 19.9909 28.8 -37.5098 19.7711 28.8 -38.0287 19.1743 28.8 -38.0672 19.1369 28.8 -38.2631 18.9297 28.8 -38.3541 18.7917 28.8 -38.3639 18.686 28.8 -38.4457 18.1949 28.8 -38.5373 17.8123 28.8 -39.0524 17.2549 28.8 -39.2425 17.0688 28.8 -39.3826 16.8723 28.8 -39.4074 16.8329 28.8 -39.5731 15.8534 28.8 -40.0454 15.3024 28.8 -40.2219 15.1089 28.8 -40.361 14.9198 28.8 -40.3908 14.874 28.8 -40.4015 13.8946 28.8 -40.3969 13.512 28.8 -40.4154 12.9152 28.8 -40.3157 11.9357 28.8 
1
89
-38.2631 11.8756 29.7 -38.4402 11.8848 29.7 -38.8047 11.9357 29.7 -39.2425 12.1928 29.7 -39.6644 12.9152 29.7 -39.601 13.5361 29.7 -39.544 13.8946 29.7 -39.2425 14.4161 29.7 -38.9671 14.874 29.7 -38.8965 15.22 29.7 -38.7232 15.8534 29.7 -38.5965 16.4994 29.7 -38.5382 16.8329 29.7 -37.7236 17.8123 29.7 -37.3733 18.7021 29.7 -37.3462 18.7917 29.7 -37.2902 18.8561 29.7 -37.2837 18.868 29.7 -36.3721 19.7711 29.7 -36.3042 19.8448 29.7 -35.7343 20.7505 29.7 -35.4096 21.6452 29.7 -35.3839 21.73 29.7 -35.3248 21.7676 29.7 -35.2607 21.796 29.7 -34.5242 22.1921 29.7 -34.5076 22.2013 29.7 -34.3454 22.3221 29.7 -33.8833 22.2124 29.7 -33.366 22.4008 29.7 -32.9039 22.0599 29.7 -32.3866 21.7795 29.7 -32.3232 21.7485 29.7 -32.2905 21.73 29.7 -31.8611 21.5499 29.7 -31.4071 21.3862 29.7 -30.945 21.3134 29.7 -30.4277 21.2412 29.7 -29.9104 20.9651 29.7 -29.4754 20.7505 29.7 -29.4483 20.7351 29.7 -29.4347 20.7301 29.7 -28.4689 20.4287 29.7 -28.0068 20.4012 29.7 -26.0479 20.3729 29.7 -25.5306 20.3736 29.7 -25.0685 20.3617 29.7 -24.5512 20.3324 29.7 -24.0891 20.2312 29.7 -23.5962 19.9153 29.7 -23.5717 19.8987 29.7 -23.4307 19.7711 29.7 -23.3913 19.3621 29.7 -23.4769 18.7917 29.7 -23.4649 18.5767 29.7 -23.5717 17.856 29.7 -23.5757 17.8123 29.7 -23.5779 17.7981 29.7 -23.6334 16.8329 29.7 -23.663 16.6905 29.7 -23.641 15.8534 29.7 -23.6665 15.7454 29.7 -23.7096 14.874 29.7 -23.7288 14.7954 29.7 -23.7644 14.6813 29.7 -23.8646 13.8946 29.7 -23.8235 13.6428 29.7 -23.8124 12.9152 29.7 -23.9516 12.3156 29.7 -23.8928 11.9357 29.7 -24.0891 11.8232 29.7 -24.5512 11.7219 29.7 -25.0685 11.5561 29.7 -25.5306 11.4975 29.7 -26.0479 11.4226 29.7 -27.0273 11.3383 29.7 -30.4277 11.2114 29.7 -31.4071 11.2144 29.7 -32.3866 11.2434 29.7 -33.366 11.2846 29.7 -33.8833 11.3219 29.7 -34.3454 11.347 29.7 -34.8627 11.411 29.7 -35.3248 11.445 29.7 -35.8421 11.5275 29.7 -36.3042 11.5714 29.7 -36.8216 11.6766 29.7 -37.2837 11.7101 29.7 -37.7458 11.7291 29.7 
1
87
-37.4626 12.2999 30.6 -37.2837 12.2239 30.6 -36.9758 11.9357 30.6 -36.8945 11.8835 30.6 -36.8458 11.845 30.6 -36.3042 11.7349 30.6 -35.7627 11.6485 30.6 -35.3248 11.4812 30.6 -34.7833 11.4142 30.6 -33.366 11.3032 30.6 -32.3866 11.2555 30.6 -31.4071 11.2229 30.6 -30.4277 11.2179 30.6 -29.4483 11.24 30.6 -27.4894 11.3346 30.6 -26.9479 11.3785 30.6 -26.51 11.4224 30.6 -25.9685 11.5008 30.6 -25.5306 11.5868 30.6 -24.9891 11.7604 30.6 -24.5797 11.9357 30.6 -24.67 12.3945 30.6 -24.6787 12.4773 30.6 -24.8337 12.9152 30.6 -24.9152 13.8946 30.6 -24.7896 14.3325 30.6 -24.6928 14.874 30.6 -24.5512 15.3363 30.6 -24.5013 15.4461 30.6 -24.405 15.8534 30.6 -24.3569 15.9592 30.6 -24.2335 16.2913 30.6 -24.1211 16.8329 30.6 -24.0646 17.2708 30.6 -23.9834 17.8123 30.6 -23.888 18.2502 30.6 -23.8172 18.7917 30.6 -23.8098 19.2296 30.6 -23.7527 19.7711 30.6 -24.2686 20.1018 30.6 -24.5512 20.3531 30.6 -24.9891 20.435 30.6 -25.5306 20.4656 30.6 -25.9685 20.4723 30.6 -27.9273 20.4817 30.6 -28.4689 20.4933 30.6 -28.7906 20.5858 30.6 -29.3178 20.7505 30.6 -29.3321 20.7562 30.6 -29.4483 20.8002 30.6 -29.8862 21.042 30.6 -30.4277 21.331 30.6 -30.8656 21.3724 30.6 -31.4071 21.448 30.6 -31.7976 21.5587 30.6 -32.2728 21.73 30.6 -32.3392 21.7625 30.6 -32.3866 21.7795 30.6 -32.8245 21.9262 30.6 -33.366 22.2196 30.6 -33.9075 22.0224 30.6 -34.0898 21.8256 30.6 -34.1871 21.73 30.6 -34.3454 21.4409 30.6 -34.505 21.2505 30.6 -34.7232 20.7505 30.6 -35.0513 20.3126 30.6 -35.3077 19.8409 30.6 -35.3501 19.7711 30.6 -35.7139 19.3332 30.6 -36.0724 18.7917 30.6 -36.3042 18.2308 30.6 -36.3229 18.2077 30.6 -36.593 17.8123 30.6 -37.064 16.8329 30.6 -37.2837 16.3316 30.6 -37.4209 16.1757 30.6 -37.5497 15.8534 30.6 -37.7307 15.5101 30.6 -37.775 15.4155 30.6 -37.8601 14.874 30.6 -37.9712 14.4361 30.6 -38.1773 13.8946 30.6 -38.0778 13.2024 30.6 -38.019 12.9152 30.6 -37.8909 12.6541 30.6 -37.8252 12.5803 30.6 
1
82
-37.2837 12.854 31.5 -37.3383 12.9152 31.5 -37.4128 13.2789 31.5 -37.4462 13.8946 31.5 -37.33 14.3524 31.5 -37.2837 14.4883 31.5 -37.1733 14.874 31.5 -36.915 15.4949 31.5 -36.8203 15.8534 31.5 -36.5516 16.4744 31.5 -36.4509 16.7387 31.5 -36.3042 17.089 31.5 -36.1669 17.4538 31.5 -36.0227 17.8123 31.5 -35.8472 18.1708 31.5 -35.6018 18.7917 31.5 -35.5985 18.7968 31.5 -35.3248 19.1709 31.5 -35.1247 19.4177 31.5 -34.8842 19.7711 31.5 -34.7662 19.9729 31.5 -34.3454 20.5445 31.5 -34.3119 20.5938 31.5 -33.9867 21.109 31.5 -33.6357 21.73 31.5 -33.6024 21.7669 31.5 -33.366 21.9991 31.5 -32.7451 21.7912 31.5 -32.3866 21.7704 31.5 -32.3216 21.7542 31.5 -32.2543 21.73 31.5 -31.7006 21.573 31.5 -31.4071 21.5106 31.5 -30.7862 21.4519 31.5 -30.4277 21.4395 31.5 -29.8068 21.0966 31.5 -29.4483 20.8893 31.5 -29.2624 20.8129 31.5 -29.0976 20.7505 31.5 -28.4689 20.5677 31.5 -25.8891 20.547 31.5 -25.5306 20.5361 31.5 -24.9097 20.4199 31.5 -24.5512 20.3623 31.5 -24.2688 20.1274 31.5 -23.8681 19.7711 31.5 -23.8786 19.1502 31.5 -24.0929 18.1708 31.5 -24.2857 17.8123 31.5 -24.3658 17.1914 31.5 -24.3388 16.8329 31.5 -24.3763 16.7494 31.5 -24.6086 16.1285 31.5 -24.7262 15.8534 31.5 -24.933 15.2325 31.5 -25.0457 14.874 31.5 -25.2238 14.2531 31.5 -25.3054 13.8946 31.5 -25.2514 13.2737 31.5 -25.2076 12.9152 31.5 -24.9877 12.2942 31.5 -24.9477 11.9357 31.5 -25.0782 11.856 31.5 -25.5306 11.6657 31.5 -25.8891 11.5695 31.5 -26.51 11.4475 31.5 -27.4894 11.3445 31.5 -28.4689 11.2826 31.5 -29.4483 11.2417 31.5 -30.4277 11.2213 31.5 -31.4071 11.231 31.5 -32.3866 11.2678 31.5 -33.366 11.3223 31.5 -34.3454 11.4103 31.5 -34.7039 11.4064 31.5 -35.3248 11.4552 31.5 -35.6833 11.5835 31.5 -36.3042 11.8207 31.5 -36.3441 11.8812 31.5 -36.4132 11.9357 31.5 -36.6961 12.2942 31.5 -37.2479 12.8107 31.5 
1
80
-36.2424 11.8174 32.4 -36.3042 11.8858 32.4 -36.3371 11.9357 32.4 -36.5868 12.2148 32.4 -37.1394 12.9152 32.4 -37.1599 13.1943 32.4 -37.1318 13.8946 32.4 -36.9642 14.1737 32.4 -36.7435 14.874 32.4 -36.7977 15.1531 32.4 -36.6127 15.8534 32.4 -36.5008 16.1029 32.4 -36.2348 16.8033 32.4 -36.2165 16.8329 32.4 -35.9959 17.112 32.4 -35.7141 17.8123 32.4 -35.3713 18.5126 32.4 -35.3311 18.5612 32.4 -35.3248 18.5696 32.4 -35.1382 18.7917 32.4 -34.6615 19.492 32.4 -34.5785 19.7711 32.4 -34.3454 20.1693 32.4 -34.1539 20.4754 32.4 -33.9433 20.7505 32.4 -33.4994 21.4509 32.4 -33.4047 21.73 32.4 -33.366 21.7729 32.4 -33.0869 21.8175 32.4 -32.3866 21.777 32.4 -32.3117 21.7617 32.4 -32.1846 21.73 32.4 -31.6113 21.6082 32.4 -31.4071 21.5733 32.4 -30.7068 21.5491 32.4 -30.4277 21.5498 32.4 -29.4483 20.9809 32.4 -28.8941 20.7505 32.4 -28.4689 20.6228 32.4 -26.51 20.6152 32.4 -25.5306 20.5851 32.4 -24.8303 20.4725 32.4 -24.5512 20.4434 32.4 -24.2721 20.2326 32.4 -24.2639 20.2246 32.4 -23.7188 19.7711 32.4 -23.7205 19.764 32.4 -23.7936 19.492 32.4 -23.9481 18.7917 32.4 -24.3247 18.0914 32.4 -24.5089 17.8123 32.4 -24.4562 17.112 32.4 -24.4726 16.8329 32.4 -24.4781 16.8006 32.4 -24.5512 16.6375 32.4 -24.7809 16.1002 32.4 -24.8386 15.8534 32.4 -25.0587 15.1531 32.4 -25.2691 14.874 32.4 -25.4286 14.1737 32.4 -25.4466 13.8946 32.4 -25.4257 13.6155 32.4 -25.2618 12.2148 32.4 -25.0819 11.9357 32.4 -25.2756 11.8331 32.4 -25.5306 11.6775 32.4 -25.8097 11.632 32.4 -26.51 11.4441 32.4 -26.7891 11.4194 32.4 -27.4894 11.3395 32.4 -28.4689 11.2788 32.4 -29.4483 11.239 32.4 -30.4277 11.2216 32.4 -31.4071 11.236 32.4 -32.3866 11.2761 32.4 -33.366 11.336 32.4 -34.3454 11.4312 32.4 -34.6245 11.4448 32.4 -35.3248 11.4372 32.4 -36.0251 11.6878 32.4 
1
82
-35.5015 11.5738 33.3 -36.1086 11.9357 33.3 -36.2812 12.0829 33.3 -36.3042 12.0997 33.3 -36.4616 12.2826 33.3 -37.0337 12.9152 33.3 -36.9135 13.1149 33.3 -36.9707 13.8946 33.3 -36.9567 14.0943 33.3 -36.4886 14.874 33.3 -36.4786 15.0737 33.3 -36.63 15.8534 33.3 -36.6167 15.8749 33.3 -36.3042 16.5719 33.3 -36.2531 16.6547 33.3 -36.1058 16.8329 33.3 -36.0711 17.0326 33.3 -35.4549 17.8123 33.3 -35.4372 17.8414 33.3 -34.6412 18.7917 33.3 -34.5917 18.9914 33.3 -34.3596 19.7711 33.3 -34.3454 19.7955 33.3 -33.7569 20.5639 33.3 -33.6075 20.7505 33.3 -33.5572 20.9352 33.3 -33.366 21.4935 33.3 -32.8851 21.715 33.3 -32.8433 21.73 33.3 -32.6854 21.7437 33.3 -32.3866 21.7866 33.3 -32.3316 21.7729 33.3 -32.1222 21.73 33.3 -31.5518 21.6327 33.3 -31.4071 21.5962 33.3 -30.4277 21.6007 33.3 -29.4483 21.0252 33.3 -28.8014 20.7505 33.3 -28.5555 20.6757 33.3 -28.4689 20.6431 33.3 -26.51 20.6405 33.3 -25.5306 20.6123 33.3 -24.7509 20.531 33.3 -24.5512 20.52 33.3 -23.7714 19.9309 33.3 -23.5717 19.7934 33.3 -23.5595 19.7711 33.3 -23.5678 19.7227 33.3 -23.5717 19.7028 33.3 -23.8148 18.7917 33.3 -24.3295 18.012 33.3 -24.4824 17.8123 33.3 -24.5281 17.0326 33.3 -24.5349 16.8329 33.3 -24.5359 16.8254 33.3 -24.5512 16.735 33.3 -24.7126 16.0456 33.3 -24.7506 15.8534 33.3 -25.3384 15.0737 33.3 -25.4961 14.874 33.3 -25.5001 14.7477 33.3 -25.5535 13.8946 33.3 -25.534 13.5926 33.3 -25.5306 13.5511 33.3 -25.5208 13.3929 33.3 -25.4821 12.9152 33.3 -24.9795 12.1354 33.3 -24.8441 11.9357 33.3 -24.9893 11.8687 33.3 -25.5306 11.5821 33.3 -25.7303 11.56 33.3 -26.51 11.4327 33.3 -26.7097 11.4187 33.3 -27.4894 11.3496 33.3 -28.4689 11.2958 33.3 -29.4483 11.2587 33.3 -30.4277 11.2434 33.3 -31.4071 11.26 33.3 -32.3866 11.3007 33.3 -33.5657 11.3754 33.3 -34.5451 11.4717 33.3 -35.3248 11.5097 33.3 
1
68
-35.8545 11.9357 34.2 -35.9233 11.9859 34.2 -36.3042 12.3172 34.2 -36.8187 12.9152 34.2 -36.426 13.568 34.2 -36.3645 13.8946 34.2 -36.3419 14.218 34.2 -36.3042 15.1478 34.2 -36.2056 15.8534 34.2 -36.0452 16.1125 34.2 -35.4514 16.8329 34.2 -35.3675 17.3154 34.2 -35.3248 17.7002 34.2 -35.289 17.8123 34.2 -35.2225 17.9146 34.2 -34.4904 18.7917 34.2 -34.3645 19.2992 34.2 -34.3454 19.412 34.2 -34.1787 19.7711 34.2 -33.9022 20.2143 34.2 -33.4719 20.7505 34.2 -33.366 21.1396 34.2 -33.278 21.1713 34.2 -32.7249 21.3917 34.2 -32.3866 21.624 34.2 -32.2936 21.637 34.2 -31.4071 21.3838 34.2 -30.4277 21.3963 34.2 -29.6494 20.938 34.2 -29.4483 20.8692 34.2 -29.1693 20.7505 34.2 -28.9558 20.6701 34.2 -28.4689 20.4279 34.2 -26.51 20.43 34.2 -25.7244 20.4151 34.2 -25.5306 20.4084 34.2 -24.7532 20.3654 34.2 -24.5512 20.3509 34.2 -23.7926 19.8284 34.2 -23.7122 19.7711 34.2 -23.7266 19.6162 34.2 -23.9571 18.7917 34.2 -24.5224 18.0534 34.2 -24.5512 17.9809 34.2 -24.6974 17.8123 34.2 -24.7059 17.6576 34.2 -24.7844 16.5997 34.2 -24.9342 15.8534 34.2 -25.5159 15.1167 34.2 -25.5306 15.0804 34.2 -25.7112 14.874 34.2 -25.7685 13.8946 34.2 -25.7558 13.7379 34.2 -25.6701 13.0547 34.2 -25.6669 12.9152 34.2 -25.7046 12.7412 34.2 -25.5306 12.6726 34.2 -25.0831 11.9357 34.2 -25.5306 11.7292 34.2 -26.51 11.621 34.2 -27.4894 11.552 34.2 -29.4483 11.4688 34.2 -30.4277 11.4545 34.2 -31.4071 11.4734 34.2 -32.3866 11.5149 34.2 -33.366 11.5709 34.2 -34.3454 11.644 34.2 -35.3248 11.7436 34.2 
