39
0
0
0
0
0
0
0
0
0
0
0
0
0
0
0
0
0
0
0
0
0
0
0
0
1
13
-19.6541 25.3812 21.6 -19.7826 25.5192 21.6 -19.8522 25.6477 21.6 -19.9253 26.3559 21.6 -20.0129 26.6271 21.6 -19.6541 27.5185 21.6 -18.981 27.3001 21.6 -18.6746 27.3752 21.6 -18.3282 26.9735 21.6 -18.1869 26.6271 21.6 -18.3151 26.0072 21.6 -18.4288 25.6477 21.6 -18.6746 25.3024 21.6 
2
12
-43.5919 19.7711 22.5 -43.8235 19.1078 22.5 -43.1602 19.6566 22.5 -43.0324 19.7711 22.5 -42.1808 20.6167 22.5 -41.9897 20.7505 22.5 -42.1717 21.73 22.5 -42.1752 21.7356 22.5 -42.1808 21.7912 22.5 -42.2184 21.73 22.5 -43.1184 20.7505 22.5 -43.1602 20.7066 22.5 
14
-17.6952 16.1538 22.5 -17.899 16.6291 22.5 -18.0697 16.8329 22.5 -18.0248 17.4827 22.5 -18.1487 17.8123 22.5 -18.0965 18.3904 22.5 -17.9168 18.7917 22.5 -17.9693 19.497 22.5 -17.8379 19.7711 22.5 -17.6952 20.0884 22.5 -17.1719 20.2944 22.5 -17.3137 19.7711 22.5 -17.4112 18.7917 22.5 -17.2662 16.8329 22.5 
0
0
0
0
0
0
0
0
0
0
0
0
0
