25
0
0
1
9
14.4728 52.3039 -9.50278 14.5777 51.8963 -9.50278 14.9198 52.1458 -9.50278 14.939 52.6383 -9.50278 14.8708 52.6674 -9.50278 14.7978 52.6933 -9.50278 14.2714 52.9058 -9.50278 14.4716 52.3078 -9.50278 14.472 52.3062 -9.50278 
0
0
0
1
12
13.9229 56.3505 -5.90278 14.0052 56.3442 -5.90278 14.404 56.3226 -5.90278 14.5745 56.297 -5.90278 15.2179 56.2149 -5.90278 15.2008 56.2281 -5.90278 14.3183 56.7248 -5.90278 13.8439 56.9143 -5.90278 13.8202 56.9226 -5.90278 13.75 56.9602 -5.90278 13.8346 56.6389 -5.90278 13.9377 56.4557 -5.90278 
4
4
1.23691 45.9249 -5.00278 1.58328 45.9605 -5.00278 1.24931 45.96 -5.00278 0.959895 46.2777 -5.00278 
4
2.08257 45.8483 -5.00278 2.45563 45.1294 -5.00278 2.6313 45.0555 -5.00278 2.50494 45.2688 -5.00278 
8
4.726 44.8153 -5.00278 4.39008 44.8255 -5.00278 3.80072 44.6912 -5.00278 3.62286 44.6601 -5.00278 3.9566 44.519 -5.00278 4.86265 44.3322 -5.00278 5.53091 44.291 -5.00278 5.21748 44.4558 -5.00278 
8
6.17193 44.1647 -5.00278 6.55521 43.9968 -5.00278 7.2977 44.2082 -5.00278 7.38973 44.2359 -5.00278 7.41104 44.2457 -5.00278 7.39023 44.2373 -5.00278 7.28699 44.2461 -5.00278 6.62235 44.1867 -5.00278 
2
8
1.44267 51.663 -4.10278 2.23488 51.7135 -4.10278 2.23735 51.7123 -4.10278 2.30736 51.706 -4.10278 2.24487 51.6782 -4.10278 1.56513 51.5057 -4.10278 1.17608 51.5579 -4.10278 1.08411 51.6214 -4.10278 
9
6.21993 61.0393 -4.10278 6.35741 60.9954 -4.10278 6.85979 60.8178 -4.10278 7.24827 60.7241 -4.10278 7.33956 61.211 -4.10278 7.20343 61.4938 -4.10278 6.77519 61.432 -4.10278 5.57515 61.1772 -4.10278 5.57384 61.1765 -4.10278 
3
4
14.6739 38.7363 -3.20278 14.8269 38.2905 -3.20278 14.8656 39.0689 -3.20278 14.5318 39.1178 -3.20278 
8
19.3777 43.6397 -3.20278 19.7066 43.1072 -3.20278 19.7566 43.6179 -3.20278 20.5225 44.5448 -3.20278 20.5824 44.6309 -3.20278 20.5175 44.5626 -3.20278 19.4931 43.9415 -3.20278 19.2473 43.798 -3.20278 
4
6.91185 60.9557 -3.20278 6.74989 61.2333 -3.20278 6.72185 61.2917 -3.20278 6.38323 61.086 -3.20278 
0
0
0
0
0
0
0
0
0
0
0
0
0
0
1
7
2.2423 48.0444 10.2972 2.21389 48.3931 10.2972 2.00877 48.8406 10.2972 2.19005 48.8921 10.2972 2.54184 48.2562 10.2972 2.73323 47.9373 10.2972 3.04289 47.6551 10.2972 
