168
0 1 0 1 1 2 1 2 2 3 2 3 3 4 3 4 4 5 4 5 5 6 5 6 6 7 6 7 7 8 7 8 8 9 8 9 9 10 9 10 10 11 10 11 11 12 11 12 12 13 12 13 13 14 13 14 14 15 14 15 15 16 15 16 16 17 16 17 17 18 17 18 18 19 18 19 19 20 19 20 20 21 20 21 21 22 21 22 22 23 22 23 23 24 23 24 24 25 24 25 25 26 25 26 26 27 26 27 27 28 27 28 28 29 28 29 29 30 29 30 30 31 30 31 31 32 31 32 32 33 32 33 33 34 33 34 34 35 34 35 35 36 35 36 36 37 36 37 37 38 37 38 38 39 38 39 39 40 39 40 40 41 40 41 41 42 41 42 
43
1 0 
1 1 
1 2 
1 3 
1 4 
1 5 
1 6 
1 7 
1 8 
1 9 
1 10 
1 11 
1 12 
1 13 
1 14 
1 15 
1 16 
1 17 
1 18 
1 19 
1 20 
1 21 
1 22 
1 23 
1 24 
1 25 
1 26 
1 27 
1 28 
1 29 
1 30 
1 31 
1 32 
1 33 
1 34 
1 35 
1 36 
1 37 
1 38 
1 39 
1 40 
1 41 
1 42 
43
0 0 0 -50.8
1 1 
1
4
0 1.22063e-005 -50.8 12.7 3.1106e-015 -50.8 12.7 12.7 -50.8 0 12.7 -50.8 
1 1 0 -50.5
2 0 2 
1
4
0 3.09223e-015 -50.5 12.7 3.09223e-015 -50.5 12.7 12.7 -50.5 0 12.7 -50.5 
2 2 0 -50.2
2 1 3 
1
4
0 3.07386e-015 -50.2 12.7 3.07386e-015 -50.2 12.7 12.7 -50.2 0 12.7 -50.2 
3 3 0 -49.9
2 2 4 
1
4
12.7 3.05549e-015 -49.9 12.7 11.9063 -49.9 0 11.9063 -49.9 0 3.05549e-015 -49.9 
4 4 0 -49.6
2 3 5 
1
4
12.7 3.03712e-015 -49.6 12.7 11.9063 -49.6 0 11.9063 -49.6 0 3.03712e-015 -49.6 
5 5 0 -49.3
2 4 6 
1
4
12.7 3.01875e-015 -49.3 12.7 11.9063 -49.3 0 11.9063 -49.3 0 3.01875e-015 -49.3 
6 6 0 -49
2 5 7 
1
4
12.7 3.00038e-015 -49 12.7 11.1125 -49 0 11.1125 -49 0 3.00038e-015 -49 
7 7 0 -48.7
2 6 8 
1
4
12.7 2.98201e-015 -48.7 12.7 11.1125 -48.7 0 11.1125 -48.7 0 2.98201e-015 -48.7 
8 8 0 -48.4
2 7 9 
1
4
12.7 2.96364e-015 -48.4 12.7 10.3188 -48.4 0 10.3188 -48.4 0 2.96364e-015 -48.4 
9 9 0 -48.1
2 8 10 
1
4
12.7 2.94527e-015 -48.1 12.7 10.3188 -48.1 0 10.3188 -48.1 0 2.94527e-015 -48.1 
10 10 0 -47.8
2 9 11 
1
4
12.7 2.9269e-015 -47.8 12.7 10.3188 -47.8 0 10.3188 -47.8 0 2.9269e-015 -47.8 
11 11 0 -47.5
2 10 12 
1
4
12.7 2.90853e-015 -47.5 12.7 9.525 -47.5 0 9.525 -47.5 0 2.90853e-015 -47.5 
12 12 0 -47.2
2 11 13 
1
4
12.7 2.89016e-015 -47.2 12.7 9.525 -47.2 0 9.525 -47.2 0 2.89016e-015 -47.2 
13 13 0 -46.9
2 12 14 
1
4
12.7 2.87179e-015 -46.9 12.7 9.525 -46.9 0 9.525 -46.9 0 2.87179e-015 -46.9 
14 14 0 -46.6
2 13 15 
1
4
12.7 2.85342e-015 -46.6 12.7 8.73125 -46.6 0 8.73125 -46.6 0 2.85342e-015 -46.6 
15 15 0 -46.3
2 14 16 
1
4
12.7 2.83505e-015 -46.3 12.7 8.73125 -46.3 0 8.73125 -46.3 0 2.83505e-015 -46.3 
16 16 0 -46
2 15 17 
1
4
12.7 2.81669e-015 -46 12.7 7.9375 -46 0 7.9375 -46 0 2.81669e-015 -46 
17 17 0 -45.7
2 16 18 
1
4
12.7 2.79832e-015 -45.7 12.7 7.9375 -45.7 0 7.9375 -45.7 0 2.79832e-015 -45.7 
18 18 0 -45.4
2 17 19 
1
4
12.7 2.77995e-015 -45.4 12.7 7.9375 -45.4 0 7.9375 -45.4 0 2.77995e-015 -45.4 
19 19 0 -45.1
2 18 20 
1
4
12.7 2.76158e-015 -45.1 12.7 7.14375 -45.1 0 7.14375 -45.1 0 2.76158e-015 -45.1 
20 20 0 -44.8
2 19 21 
1
4
12.7 2.74321e-015 -44.8 12.7 7.14375 -44.8 0 7.14375 -44.8 0 2.74321e-015 -44.8 
21 21 0 -44.5
2 20 22 
1
4
12.7 2.72484e-015 -44.5 12.7 7.14375 -44.5 0 7.14375 -44.5 0 2.72484e-015 -44.5 
22 22 0 -44.2
2 21 23 
1
4
0 2.70647e-015 -44.2 12.7 2.70647e-015 -44.2 12.7 6.35 -44.2 0 6.35 -44.2 
23 23 0 -43.9
2 22 24 
1
4
0 2.6881e-015 -43.9 12.7 2.6881e-015 -43.9 12.7 6.35 -43.9 0 6.35 -43.9 
24 24 0 -43.6
2 23 25 
1
4
12.7 2.66973e-015 -43.6 12.7 5.55625 -43.6 0 5.55625 -43.6 0 2.66973e-015 -43.6 
25 25 0 -43.3
2 24 26 
1
4
12.7 2.65136e-015 -43.3 12.7 5.55625 -43.3 0 5.55625 -43.3 0 2.65136e-015 -43.3 
26 26 0 -43
2 25 27 
1
4
12.7 2.63299e-015 -43 12.7 5.55625 -43 0 5.55625 -43 0 2.63299e-015 -43 
27 27 0 -42.7
2 26 28 
1
4
12.7 2.61462e-015 -42.7 12.7 4.7625 -42.7 0 4.7625 -42.7 0 2.61462e-015 -42.7 
28 28 0 -42.4
2 27 29 
1
4
12.7 2.59625e-015 -42.4 12.7 4.7625 -42.4 0 4.7625 -42.4 0 2.59625e-015 -42.4 
29 29 0 -42.1
2 28 30 
1
4
12.7 2.57788e-015 -42.1 12.7 4.7625 -42.1 0 4.7625 -42.1 0 2.57788e-015 -42.1 
30 30 0 -41.8
2 29 31 
1
4
12.7 2.55951e-015 -41.8 12.7 3.96875 -41.8 0 3.96875 -41.8 0 2.55951e-015 -41.8 
31 31 0 -41.5
2 30 32 
1
4
12.7 2.54114e-015 -41.5 12.7 3.96875 -41.5 0 3.96875 -41.5 0 2.54114e-015 -41.5 
32 32 0 -41.2
2 31 33 
1
4
12.7 2.52277e-015 -41.2 12.7 3.175 -41.2 0 3.175 -41.2 0 2.52277e-015 -41.2 
33 33 0 -40.9
2 32 34 
1
4
12.7 2.5044e-015 -40.9 12.7 3.175 -40.9 0 3.175 -40.9 0 2.5044e-015 -40.9 
34 34 0 -40.6
2 33 35 
1
4
12.7 2.48603e-015 -40.6 12.7 3.175 -40.6 0 3.175 -40.6 0 2.48603e-015 -40.6 
35 35 0 -40.3
2 34 36 
1
4
12.7 2.46766e-015 -40.3 12.7 2.38125 -40.3 0 2.38125 -40.3 0 2.46766e-015 -40.3 
36 36 0 -40
2 35 37 
1
4
12.7 2.44929e-015 -40 12.7 2.38125 -40 0 2.38125 -40 0 2.44929e-015 -40 
37 37 0 -39.7
2 36 38 
1
4
12.7 2.43092e-015 -39.7 12.7 2.38125 -39.7 0 2.38125 -39.7 0 2.43092e-015 -39.7 
38 38 0 -39.4
2 37 39 
1
4
12.7 2.41255e-015 -39.4 12.7 1.5875 -39.4 0 1.5875 -39.4 0 2.41255e-015 -39.4 
39 39 0 -39.1
2 38 40 
1
4
12.7 2.39418e-015 -39.1 12.7 1.5875 -39.1 0 1.5875 -39.1 0 2.39418e-015 -39.1 
40 40 0 -38.8
2 39 41 
1
4
12.7 2.37581e-015 -38.8 12.7 0.79375 -38.8 0 0.79375 -38.8 0 2.37581e-015 -38.8 
41 41 0 -38.5
2 40 42 
1
4
12.7 2.35744e-015 -38.5 12.7 0.79375 -38.5 0 0.79375 -38.5 0 2.35744e-015 -38.5 
42 42 0 -38.2
1 41 
1
4
12.7 2.33907e-015 -38.2 12.7 0.79375 -38.2 0 0.79375 -38.2 0 2.33907e-015 -38.2 
