25
0
0
1
54
7.47312 60.3349 -9.50278 7.81914 60.3959 -9.50278 7.9001 60.389 -9.50278 8.39813 59.8159 -9.50278 8.95212 59.7186 -9.50278 9.086 59.6402 -9.50278 9.27959 59.475 -9.50278 10.9015 58.2686 -9.50278 10.9365 58.2346 -9.50278 11.5837 57.7157 -9.50278 11.7562 57.4588 -9.50278 11.9887 57.2437 -9.50278 12.3958 56.2737 -9.50278 12.4263 56.0685 -9.50278 12.4265 56.0669 -9.50278 12.4323 56.0282 -9.50278 12.4325 56.0255 -9.50278 12.4326 56.0252 -9.50278 12.2731 55.3185 -9.50278 12.0718 54.6829 -9.50278 12.0713 54.6812 -9.50278 12.0631 54.6558 -9.50278 12.0308 54.4906 -9.50278 11.9467 54.2879 -9.50278 11.2191 53.4542 -9.50278 11.1219 53.3372 -9.50278 11.2509 53.443 -9.50278 11.9634 54.2291 -9.50278 12.3115 54.568 -9.50278 12.3215 54.5725 -9.50278 12.2268 54.7859 -9.50278 12.2507 54.98 -9.50278 12.5433 55.4336 -9.50278 12.5304 55.9906 -9.50278 12.4888 56.1978 -9.50278 12.4887 56.198 -9.50278 12.4806 56.2384 -9.50278 12.4804 56.2397 -9.50278 12.423 56.516 -9.50278 12.0635 57.4863 -9.50278 12.0108 57.6388 -9.50278 11.9942 57.6801 -9.50278 11.6847 58.5239 -9.50278 11.6473 58.6115 -9.50278 11.4839 58.6805 -9.50278 10.2642 59.2322 -9.50278 9.77813 59.4765 -9.50278 9.2 59.7564 -9.50278 9.13865 59.7892 -9.50278 9.08473 59.8124 -9.50278 8.47028 60.02 -9.50278 7.9444 60.4203 -9.50278 7.86885 60.4403 -9.50278 7.8146 60.4119 -9.50278 
2
19
7.27448 60.5214 -8.60278 7.7407 60.4815 -8.60278 8.47912 60.3959 -8.60278 8.99853 60.5293 -8.60278 9.38431 60.484 -8.60278 9.67241 60.4197 -8.60278 10.3791 60.0913 -8.60278 10.6464 59.811 -8.60278 11.0732 59.6601 -8.60278 10.8023 60.1246 -8.60278 10.7633 60.1417 -8.60278 10.5884 60.2392 -8.60278 10.0787 60.3266 -8.60278 9.66432 60.4483 -8.60278 9.38871 60.4964 -8.60278 9.13726 60.6274 -8.60278 8.73274 60.7624 -8.60278 8.35417 60.8377 -8.60278 8.03885 60.9211 -8.60278 
18
11.809 52.8656 -8.60278 11.7788 52.8294 -8.60278 11.8111 52.8584 -8.60278 12.434 53.4766 -8.60278 12.7177 53.7221 -8.60278 12.7562 53.7594 -8.60278 12.8402 53.8357 -8.60278 13.5251 54.3543 -8.60278 13.2495 54.4459 -8.60278 12.8975 54.8009 -8.60278 12.7052 55.0275 -8.60278 12.6712 55.1259 -8.60278 12.5564 55.4063 -8.60278 12.3712 54.4288 -8.60278 12.3712 54.4286 -8.60278 12.3706 54.4071 -8.60278 12.3528 54.3157 -8.60278 12.2416 54.0473 -8.60278 
2
24
6.36352 60.7079 -7.70278 6.66219 60.6679 -7.70278 6.91189 60.6011 -7.70278 7.22898 60.5924 -7.70278 7.27123 60.584 -7.70278 7.88242 60.5964 -7.70278 8.00925 60.6076 -7.70278 8.46013 60.5593 -7.70278 9.05013 60.7106 -7.70278 9.85033 60.5043 -7.70278 9.85051 60.5042 -7.70278 9.85971 60.5018 -7.70278 10.0555 60.4201 -7.70278 10.0109 60.4543 -7.70278 9.53782 61.0913 -7.70278 9.50224 61.1615 -7.70278 8.97461 61.2902 -7.70278 7.86505 61.1271 -7.70278 7.86423 61.1271 -7.70278 7.73757 61.1085 -7.70278 7.26251 60.8539 -7.70278 6.57367 60.9809 -7.70278 6.55594 60.9847 -7.70278 5.47889 60.8651 -7.70278 
13
13.3763 54.8043 -7.70278 13.7641 54.7774 -7.70278 14.3727 54.596 -7.70278 14.3737 54.5957 -7.70278 15.1536 54.3632 -7.70278 15.3933 54.7717 -7.70278 14.2835 55.1446 -7.70278 14.2463 55.144 -7.70278 14.2187 55.1646 -7.70278 13.5754 55.3676 -7.70278 13.2287 55.813 -7.70278 13.2234 56.0032 -7.70278 13.1337 55.7458 -7.70278 
2
17
5.63424 61.0296 -6.80278 6.22934 61.0821 -6.80278 7.18567 61.1506 -6.80278 7.78222 61.2249 -6.80278 8.85348 61.3874 -6.80278 8.98798 61.1212 -6.80278 9.46126 60.4843 -6.80278 9.48619 60.4651 -6.80278 9.35278 60.4992 -6.80278 9.13771 60.5753 -6.80278 8.50186 60.7398 -6.80278 7.32901 60.6438 -6.80278 6.9682 60.6492 -6.80278 6.69262 60.6644 -6.80278 6.32207 60.7652 -6.80278 6.29102 60.7762 -6.80278 6.04792 60.9305 -6.80278 
15
14.3872 55.5425 -6.80278 14.7768 55.5251 -6.80278 15.1238 55.5046 -6.80278 15.6593 55.4811 -6.80278 15.9299 55.3997 -6.80278 15.854 55.4484 -6.80278 15.715 55.5205 -6.80278 15.1825 55.6706 -6.80278 14.7455 55.6359 -6.80278 14.4182 55.6302 -6.80278 14.1518 55.8293 -6.80278 13.8944 56.2697 -6.80278 13.8313 56.8621 -6.80278 13.6629 55.6151 -6.80278 13.8307 55.6023 -6.80278 
1
15
6.60205 60.7276 -5.90278 6.76789 60.7185 -5.90278 7.95316 60.7706 -5.90278 8.01513 60.7532 -5.90278 8.35505 60.6647 -5.90278 8.49334 60.6158 -5.90278 8.91902 60.5068 -5.90278 8.90979 60.5139 -5.90278 8.43814 61.151 -5.90278 8.30241 61.4203 -5.90278 7.79156 61.3419 -5.90278 5.49623 61.0639 -5.90278 6.22068 60.8985 -5.90278 6.37665 60.7995 -5.90278 6.50611 60.7537 -5.90278 
2
11
6.13315 61.0534 -5.00278 6.98454 60.8022 -5.00278 7.3992 60.8199 -5.00278 7.55943 60.7752 -5.00278 7.61404 60.7559 -5.00278 8.23743 60.5822 -5.00278 8.16395 60.8073 -5.00278 7.8883 61.1809 -5.00278 7.75237 61.4531 -5.00278 7.23999 61.3829 -5.00278 5.52471 61.1595 -5.00278 
32
14.6847 43.3224 -5.00278 14.868 43.4371 -5.00278 16.4782 44.3678 -5.00278 16.8033 44.5419 -5.00278 17.265 44.7351 -5.00278 17.8704 45.0119 -5.00278 18.244 45.2435 -5.00278 18.3503 45.7093 -5.00278 18.4385 46.8058 -5.00278 18.5821 47.597 -5.00278 18.725 47.9037 -5.00278 18.7829 48.0529 -5.00278 19.1311 49.0399 -5.00278 19.1986 49.3759 -5.00278 19.5472 48.8927 -5.00278 19.5507 48.8601 -5.00278 19.2716 48.5431 -5.00278 18.7902 48.0504 -5.00278 18.7793 47.9292 -5.00278 18.6715 47.5586 -5.00278 18.5626 46.673 -5.00278 18.5595 46.632 -5.00278 18.5486 46.3519 -5.00278 18.4935 45.5935 -5.00278 18.4221 45.1806 -5.00278 17.9111 44.8679 -5.00278 16.9883 44.3513 -5.00278 16.8744 44.2906 -5.00278 16.8107 44.2502 -5.00278 15.8639 43.6207 -5.00278 14.9042 43.4244 -5.00278 14.7412 43.3474 -5.00278 
1
40
12.6023 40.7447 -4.10278 13.4682 41.696 -4.10278 13.6919 41.8075 -4.10278 14.5121 42.2482 -4.10278 15.0469 42.8285 -4.10278 15.4662 43.1178 -4.10278 16.2339 43.5056 -4.10278 16.5217 43.6285 -4.10278 17.5627 44.1907 -4.10278 18.499 44.608 -4.10278 18.6269 44.6707 -4.10278 19.1322 45.2044 -4.10278 19.5446 45.5926 -4.10278 19.5622 45.6063 -4.10278 19.6185 45.7121 -4.10278 19.6954 46.3279 -4.10278 19.812 46.6088 -4.10278 19.9202 46.8593 -4.10278 19.9932 47.0797 -4.10278 20.0708 47.2414 -4.10278 20.0106 47.0735 -4.10278 20.0054 46.9721 -4.10278 19.9159 46.6823 -4.10278 19.8192 46.3523 -4.10278 19.8101 45.6444 -4.10278 19.8123 45.5502 -4.10278 19.636 45.3454 -4.10278 19.6093 45.3257 -4.10278 18.8188 44.7697 -4.10278 18.6398 44.625 -4.10278 18.5664 44.5841 -4.10278 17.5844 44.1139 -4.10278 16.92 43.6662 -4.10278 16.5732 43.4464 -4.10278 15.7883 42.8877 -4.10278 15.5718 42.7444 -4.10278 15.4742 42.6774 -4.10278 14.5551 42.0964 -4.10278 13.9964 41.6999 -4.10278 13.55 41.407 -4.10278 
0
0
0
0
0
0
0
1
8
6.8218 46.9105 3.09722 7.04942 47.1289 3.09722 7.16613 47.2515 3.09722 7.48888 47.5627 3.09722 8.65674 47.7718 3.09722 8.60865 46.7415 3.09722 7.85956 46.2523 3.09722 6.95835 46.5709 3.09722 
1
16
6.30084 46.946 3.99722 6.33138 46.9752 3.99722 6.34985 46.9947 3.99722 6.94674 47.5704 3.99722 7.3803 47.647 3.99722 8.16851 47.8107 3.99722 8.24497 47.8247 3.99722 9.22862 47.988 3.99722 10.0322 48.108 3.99722 10.0043 47.2026 3.99722 9.54213 46.8795 3.99722 8.5493 46.2171 3.99722 7.39967 45.969 3.99722 7.13802 46.0615 3.99722 6.58395 46.2726 3.99722 6.32178 46.8985 3.99722 
0
1
18
7.24756 46.2804 5.79722 6.84453 46.2066 5.79722 6.98359 46.0937 5.79722 7.21272 45.8565 5.79722 7.28944 45.7534 5.79722 7.56524 45.8079 5.79722 8.69848 45.8921 5.79722 8.71696 45.8947 5.79722 8.7382 45.9035 5.79722 9.36904 46.2116 5.79722 9.56608 46.2667 5.79722 9.79766 46.4003 5.79722 10.1889 46.6095 5.79722 10.6753 46.9654 5.79722 10.5096 46.9796 5.79722 10.0856 46.8729 5.79722 9.68781 46.7888 5.79722 8.63467 46.5961 5.79722 
1
16
7.86065 46.6229 6.69722 8.05167 46.4215 6.69722 8.13456 46.3425 6.69722 8.15955 46.3109 6.69722 8.16853 46.2952 6.69722 8.21774 46.2138 6.69722 8.90034 46.3871 6.69722 9.22925 46.5008 6.69722 9.73188 46.6178 6.69722 9.8149 46.6928 6.69722 10.1107 47.0288 6.69722 10.2338 47.1145 6.69722 10.0017 47.0673 6.69722 9.53978 46.8826 6.69722 9.12581 46.8665 6.69722 8.90396 46.8152 6.69722 
2
18
2.86548 47.5499 7.59722 2.87439 47.5418 7.59722 3.11292 47.0556 7.59722 3.42029 47.3488 7.59722 4.12865 47.4668 7.59722 3.99227 47.7725 7.59722 3.81656 48.2384 7.59722 3.73045 48.4501 7.59722 3.65717 48.7651 7.59722 3.5914 49.1512 7.59722 3.57024 49.4784 7.59722 3.52121 49.8656 7.59722 3.55516 50.2112 7.59722 2.92753 49.901 7.59722 2.61927 49.132 7.59722 2.47474 48.7037 7.59722 2.84922 47.6143 7.59722 2.85588 47.559 7.59722 
22
7.75696 49.5172 7.59722 7.84444 49.4877 7.59722 9.04908 49.1099 7.59722 9.10474 49.0866 7.59722 9.1637 49.066 7.59722 9.93571 49.3156 7.59722 10.1265 49.4596 7.59722 10.1332 49.4755 7.59722 10.2201 49.5737 7.59722 10.2564 49.5755 7.59722 10.2067 49.6211 7.59722 10.0218 49.7133 7.59722 9.86831 49.6892 7.59722 9.56642 49.6758 7.59722 9.45163 49.6923 7.59722 9.12675 49.6655 7.59722 9.01124 49.6051 7.59722 8.46679 49.3392 7.59722 8.11756 49.4506 7.59722 7.82409 49.5596 7.59722 7.73827 49.551 7.59722 7.68177 49.5417 7.59722 
1
23
4.02678 46.589 8.49722 4.38441 46.9527 8.49722 4.30034 46.9825 8.49722 3.91251 47.1649 8.49722 3.7175 47.5319 8.49722 3.54375 47.8219 8.49722 3.29446 48.3479 8.49722 3.23638 48.4906 8.49722 3.21336 48.5896 8.49722 3.01808 49.1766 8.49722 2.91582 49.7806 8.49722 2.85275 49.6177 8.49722 2.61775 49.0871 8.49722 2.467 48.6404 8.49722 2.3024 48.4441 8.49722 2.12581 48.277 8.49722 2.28607 47.9339 8.49722 2.4316 47.6079 8.49722 2.73498 47.0457 8.49722 2.85309 46.9207 8.49722 3.38177 46.3859 8.49722 3.62592 46.3181 8.49722 3.89417 46.3194 8.49722 
1
23
2.56035 47.3808 9.39722 3.14689 47.0845 9.39722 3.8389 46.9814 9.39722 3.8585 46.976 9.39722 3.87485 46.976 9.39722 4.61602 46.9972 9.39722 4.8336 47.0297 9.39722 4.98191 47.0616 9.39722 4.41178 47.1768 9.39722 4.01308 47.1045 9.39722 3.83697 47.1099 9.39722 3.24307 47.7512 9.39722 3.14027 47.857 9.39722 3.12795 47.8775 9.39722 3.12252 47.889 9.39722 2.77069 48.5367 9.39722 2.60015 48.9339 9.39722 2.48131 49.1949 9.39722 2.3397 49.0422 9.39722 2.15982 48.7969 9.39722 1.70971 48.3627 9.39722 1.71641 48.3089 9.39722 2.49767 47.4472 9.39722 
0
