25
0
1
43
10.3588 56.8765 -10.4028 10.3434 57.0962 -10.4028 9.87561 57.631 -10.4028 9.49819 57.9128 -10.4028 9.2978 58.1179 -10.4028 8.94454 58.3261 -10.4028 8.56112 58.6643 -10.4028 8.13894 59.0828 -10.4028 7.67419 59.4514 -10.4028 7.65189 59.4744 -10.4028 7.67905 59.4548 -10.4028 8.15985 59.142 -10.4028 8.77542 58.8159 -10.4028 8.79111 58.8062 -10.4028 8.81087 58.7987 -10.4028 9.44178 58.5252 -10.4028 9.97033 58.2466 -10.4028 10.0501 58.1244 -10.4028 10.1987 58.1346 -10.4028 10.7265 57.9165 -10.4028 11.2088 57.708 -10.4028 11.4125 57.095 -10.4028 11.4912 56.9034 -10.4028 11.433 56.7519 -10.4028 11.404 56.4319 -10.4028 11.9395 56.2227 -10.4028 12.3004 56.0039 -10.4028 12.5603 55.8353 -10.4028 12.5321 55.6079 -10.4028 12.4827 55.0529 -10.4028 12.3013 54.944 -10.4028 12.002 54.7969 -10.4028 11.1805 54.828 -10.4028 11.2839 54.931 -10.4028 11.2886 54.9358 -10.4028 11.2888 54.9363 -10.4028 11.6451 55.349 -10.4028 11.6465 55.6818 -10.4028 11.6465 55.6823 -10.4028 11.6492 55.7055 -10.4028 11.3175 56.3708 -10.4028 11.0227 56.6327 -10.4028 10.5473 56.9022 -10.4028 
0
0
0
0
0
0
1
60
2.67208 45.7416 -4.10278 2.64886 45.7864 -4.10278 2.56545 45.8711 -4.10278 1.10162 47.2349 -4.10278 0.963992 47.2744 -4.10278 0.906902 47.383 -4.10278 0.253024 48.0589 -4.10278 0.201166 48.1089 -4.10278 0.102278 48.2283 -4.10278 0.0300548 48.4364 -4.10278 -0.030216 48.7049 -4.10278 -0.356481 49.3181 -4.10278 -0.347838 49.4991 -4.10278 -0.276994 49.3743 -4.10278 0.0407756 48.9057 -4.10278 0.649687 48.6154 -4.10278 0.683926 48.6035 -4.10278 0.713788 48.6061 -4.10278 1.34468 48.3511 -4.10278 1.87301 48.0661 -4.10278 2.03741 47.535 -4.10278 2.09128 47.409 -4.10278 2.10498 46.816 -4.10278 2.25605 46.6862 -4.10278 2.48485 46.5871 -4.10278 2.9012 46.3895 -4.10278 3.25528 46.2151 -4.10278 3.46506 45.8631 -4.10278 3.59454 45.8779 -4.10278 3.59481 45.878 -4.10278 3.87634 45.9101 -4.10278 4.18462 45.7771 -4.10278 4.48648 45.6715 -4.10278 4.86189 45.5713 -4.10278 5.2038 45.4594 -4.10278 5.53912 45.3655 -4.10278 5.89424 45.2528 -4.10278 6.18903 45.0824 -4.10278 6.50849 45.0893 -4.10278 6.91679 45.0195 -4.10278 7.47939 44.9594 -4.10278 7.64069 44.9457 -4.10278 7.68628 44.9642 -4.10278 7.74101 44.9743 -4.10278 8.17599 45.0361 -4.10278 8.17616 45.0361 -4.10278 8.34817 45.0606 -4.10278 8.46426 45.0964 -4.10278 8.32914 45.0204 -4.10278 8.32893 45.0203 -4.10278 8.31201 45.0108 -4.10278 7.79194 44.7943 -4.10278 7.54708 44.6809 -4.10278 6.69633 44.4252 -4.10278 5.65203 44.5154 -4.10278 5.4674 44.5275 -4.10278 4.53932 44.6576 -4.10278 4.21557 44.7107 -4.10278 3.51683 44.9859 -4.10278 2.73101 45.7168 -4.10278 
1
63
3.72134 45.0704 -3.20278 4.19514 44.8291 -3.20278 4.62866 44.7583 -3.20278 4.87176 44.7242 -3.20278 6.00804 44.6497 -3.20278 6.09495 44.6422 -3.20278 7.20092 44.9746 -3.20278 7.2765 44.957 -3.20278 7.34597 45.0058 -3.20278 8.3026 45.3223 -3.20278 8.70753 45.5335 -3.20278 9.27962 45.7903 -3.20278 9.04434 45.7492 -3.20278 8.63579 45.6389 -3.20278 8.20171 45.679 -3.20278 7.89256 45.6581 -3.20278 7.45073 45.717 -3.20278 7.17898 45.761 -3.20278 6.96425 45.8114 -3.20278 6.48168 45.9101 -3.20278 5.91361 46.0442 -3.20278 5.7901 46.0754 -3.20278 5.68111 46.1053 -3.20278 4.53901 46.4865 -3.20278 4.35285 46.5588 -3.20278 3.2919 47.0188 -3.20278 3.3163 47.9305 -3.20278 3.26271 48.1938 -3.20278 3.25598 48.4077 -3.20278 2.53453 48.7449 -3.20278 2.28043 48.8764 -3.20278 2.06057 48.9766 -3.20278 1.05208 49.6448 -3.20278 1.03113 49.6629 -3.20278 1.03383 49.8081 -3.20278 1.05117 50.2313 -3.20278 1.91835 50.9234 -3.20278 2.36733 51.2659 -3.20278 2.73022 51.4532 -3.20278 2.70952 51.4646 -3.20278 1.76206 51.5498 -3.20278 1.73776 51.562 -3.20278 1.73734 51.5619 -3.20278 1.72401 51.5611 -3.20278 1.714 51.5599 -3.20278 1.59358 51.5395 -3.20278 1.27187 51.2613 -3.20278 0.814945 50.9109 -3.20278 0.75275 50.8018 -3.20278 0.601785 50.5458 -3.20278 0.579088 50.1353 -3.20278 0.513041 49.2965 -3.20278 0.51439 49.2727 -3.20278 0.59358 48.8931 -3.20278 0.704588 48.6243 -3.20278 0.837285 48.1116 -3.20278 1.15761 47.8219 -3.20278 1.37635 47.3876 -3.20278 1.48529 47.1556 -3.20278 1.61931 47.0304 -3.20278 1.87779 46.8242 -3.20278 2.21701 46.5757 -3.20278 2.35431 46.3559 -3.20278 
1
73
3.03372 46.0279 -2.30278 3.76479 45.3026 -2.30278 4.23972 45.0496 -2.30278 5.26437 44.9488 -2.30278 5.29042 44.9466 -2.30278 5.47569 44.9224 -2.30278 5.74791 44.8146 -2.30278 5.9503 44.9538 -2.30278 6.61565 45.1347 -2.30278 7.35747 45.0146 -2.30278 7.54659 44.9704 -2.30278 7.80983 45.1553 -2.30278 8.22085 45.4043 -2.30278 8.76574 45.4583 -2.30278 8.91325 45.4967 -2.30278 9.14028 45.6715 -2.30278 9.92604 46.1586 -2.30278 10.3036 46.3993 -2.30278 9.87883 46.3255 -2.30278 9.54622 46.174 -2.30278 8.99808 46.1747 -2.30278 8.83805 46.211 -2.30278 8.70389 46.2369 -2.30278 8.13172 46.3345 -2.30278 7.46546 46.5052 -2.30278 7.44438 46.5117 -2.30278 7.42453 46.5175 -2.30278 6.75445 46.6816 -2.30278 6.12695 46.8625 -2.30278 6.07318 46.876 -2.30278 6.01325 46.8925 -2.30278 5.39668 47.0839 -2.30278 4.80511 47.2933 -2.30278 4.65987 47.3497 -2.30278 4.71126 48.3918 -2.30278 4.7857 48.7231 -2.30278 4.87078 48.9131 -2.30278 4.57871 49.013 -2.30278 4.29607 49.093 -2.30278 3.90441 49.2271 -2.30278 3.53814 49.385 -2.30278 3.24844 49.4931 -2.30278 2.91496 49.7333 -2.30278 2.64126 49.897 -2.30278 2.4435 50.0252 -2.30278 2.47249 50.6834 -2.30278 2.61521 50.7931 -2.30278 2.90809 50.9515 -2.30278 3.23431 51.1633 -2.30278 3.09745 51.2117 -2.30278 2.5485 51.2255 -2.30278 2.49133 51.2311 -2.30278 2.18209 51.2545 -2.30278 2.11173 51.2775 -2.30278 2.10416 51.2802 -2.30278 1.90582 51.0592 -2.30278 1.79886 50.9216 -2.30278 1.68494 50.6687 -2.30278 1.61166 50.0985 -2.30278 1.50876 49.7692 -2.30278 1.48371 49.5468 -2.30278 1.4816 49.5337 -2.30278 1.43103 49.3092 -2.30278 1.59634 48.3218 -2.30278 1.65811 48.0556 -2.30278 1.71968 47.9496 -2.30278 1.74102 47.922 -2.30278 1.85402 47.6704 -2.30278 2.24531 47.0566 -2.30278 2.35787 46.9742 -2.30278 2.60921 46.5717 -2.30278 2.83962 46.2543 -2.30278 2.92003 46.1195 -2.30278 
1
64
2.99883 46.952 -1.40278 2.99895 46.9518 -1.40278 3.00394 46.9423 -1.40278 3.33382 46.3433 -1.40278 3.47938 45.9704 -1.40278 3.51715 45.9053 -1.40278 3.81894 45.4734 -1.40278 4.38889 45.1075 -1.40278 4.6427 45.0633 -1.40278 4.90103 45.045 -1.40278 6.06284 44.877 -1.40278 6.09042 44.8661 -1.40278 6.14167 44.9013 -1.40278 6.75997 45.2457 -1.40278 7.28443 45.1037 -1.40278 7.65453 45.0537 -1.40278 7.96535 45.1959 -1.40278 8.38808 45.4443 -1.40278 9.12528 45.6282 -1.40278 9.51774 45.693 -1.40278 9.86228 46.0253 -1.40278 10.4303 46.5228 -1.40278 10.4629 46.5525 -1.40278 10.4224 46.5454 -1.40278 9.76141 46.7013 -1.40278 9.19951 46.8181 -1.40278 9.06359 46.8489 -1.40278 8.89713 46.8811 -1.40278 7.90083 47.167 -1.40278 7.69836 47.2301 -1.40278 7.48019 47.2934 -1.40278 7.0328 47.469 -1.40278 6.3688 47.7122 -1.40278 6.16343 47.7765 -1.40278 6.22581 48.811 -1.40278 6.22727 48.8146 -1.40278 6.23225 48.8237 -1.40278 6.44797 49.2775 -1.40278 6.51555 49.4398 -1.40278 5.95676 49.7977 -1.40278 5.65558 49.9375 -1.40278 5.56583 49.9574 -1.40278 5.56531 49.9575 -1.40278 5.56518 49.9575 -1.40278 4.65399 50.161 -1.40278 4.27664 50.2799 -1.40278 3.84196 50.3776 -1.40278 3.89226 50.8032 -1.40278 3.49926 50.9422 -1.40278 3.3185 50.9583 -1.40278 3.22501 50.9706 -1.40278 2.70568 50.9884 -1.40278 2.45684 51.123 -1.40278 2.39185 51.1459 -1.40278 2.35209 50.9854 -1.40278 2.25686 50.1508 -1.40278 2.03111 49.3569 -1.40278 2.02417 49.2452 -1.40278 2.02935 49.0959 -1.40278 2.07847 48.7773 -1.40278 2.09629 48.6786 -1.40278 2.12201 47.7472 -1.40278 2.27233 47.4144 -1.40278 2.99835 46.9527 -1.40278 
1
67
1.95857 48.2743 -0.502783 2.39875 47.74 -0.502783 2.51831 47.5276 -0.502783 2.57724 47.4327 -0.502783 2.90469 47.0528 -0.502783 3.27523 46.5121 -0.502783 3.32724 46.3789 -0.502783 3.39183 46.2675 -0.502783 4.02027 45.6247 -0.502783 4.23277 45.4985 -0.502783 5.26872 45.0932 -0.502783 5.31055 45.0935 -0.502783 5.56881 45.0174 -0.502783 6.10531 44.9455 -0.502783 6.56563 45.1454 -0.502783 6.71021 45.2247 -0.502783 7.71996 45.4124 -0.502783 7.80013 45.4016 -0.502783 7.8533 45.4259 -0.502783 9.00418 45.5995 -0.502783 9.291 45.6819 -0.502783 10.0187 46.2553 -0.502783 10.5897 46.7227 -0.502783 11.0553 46.8332 -0.502783 11.3954 47.1756 -0.502783 10.9405 47.2389 -0.502783 10.7274 47.3123 -0.502783 10.4509 47.3435 -0.502783 10.0163 47.4222 -0.502783 9.66493 47.5061 -0.502783 9.33381 47.6132 -0.502783 8.95763 47.7017 -0.502783 8.64583 47.7886 -0.502783 7.63002 48.1772 -0.502783 7.68034 49.2513 -0.502783 7.72573 49.357 -0.502783 7.84933 49.6825 -0.502783 7.87702 49.7524 -0.502783 7.88151 49.7692 -0.502783 7.88806 49.9913 -0.502783 6.63758 49.7241 -0.502783 6.10499 49.8572 -0.502783 6.03629 49.8786 -0.502783 5.32248 50.1311 -0.502783 5.30273 50.1367 -0.502783 5.28317 50.1436 -0.502783 4.75242 50.3531 -0.502783 4.72525 50.3658 -0.502783 3.9817 50.6287 -0.502783 3.95535 50.6368 -0.502783 3.92119 50.6489 -0.502783 3.2216 50.7168 -0.502783 3.15429 50.7618 -0.502783 3.07704 50.6369 -0.502783 2.83504 50.9644 -0.502783 2.65161 51.0887 -0.502783 2.58951 51.1223 -0.502783 2.5848 51.1239 -0.502783 2.58191 51.1123 -0.502783 2.57551 51.0561 -0.502783 2.51202 50.2879 -0.502783 2.47668 50.19 -0.502783 2.41098 49.6143 -0.502783 2.34314 49.1938 -0.502783 2.11398 48.7469 -0.502783 2.06986 48.6419 -0.502783 1.94973 48.4032 -0.502783 
1
57
3.5343 46.3079 0.397217 3.42232 46.4546 0.397217 2.90349 47.027 0.397217 2.50292 47.5364 0.397217 2.34768 47.7863 0.397217 2.24222 47.9736 0.397217 2.23407 48.0229 0.397217 2.17656 48.7406 0.397217 2.44819 49.0557 0.397217 2.51842 49.1927 0.397217 2.54819 49.3772 0.397217 2.61337 49.6503 0.397217 2.6735 50.0326 0.397217 2.76471 50.4438 0.397217 2.80826 50.4857 0.397217 3.0772 50.9208 0.397217 3.42487 50.6882 0.397217 4.15757 50.7422 0.397217 4.62344 50.6933 0.397217 5.67956 50.4042 0.397217 5.92784 50.3242 0.397217 6.55204 49.607 0.397217 6.69728 49.5502 0.397217 6.94619 49.4882 0.397217 7.87236 50.138 0.397217 8.35088 50.2427 0.397217 9.24119 50.4233 0.397217 9.22946 50.086 0.397217 9.23657 49.8303 0.397217 9.18394 49.6743 0.397217 9.10473 48.5835 0.397217 9.6284 48.4464 0.397217 10.3237 48.2915 0.397217 10.6241 48.2437 0.397217 11.0313 48.1718 0.397217 11.3421 48.1526 0.397217 11.7562 48.1007 0.397217 12.0055 48.0827 0.397217 11.8379 47.6878 0.397217 11.5764 47.3285 0.397217 11.5753 47.3279 0.397217 11.5712 47.3237 0.397217 10.6171 46.4733 0.397217 10.3643 46.257 0.397217 9.56553 45.9483 0.397217 8.45429 45.6345 0.397217 8.09133 45.5606 0.397217 7.7044 45.2653 0.397217 7.46108 45.3513 0.397217 7.32131 45.3975 0.397217 6.42672 45.2757 0.397217 5.27557 45.0561 0.397217 5.02741 45.0224 0.397217 4.38815 45.2484 0.397217 4.21465 45.4312 0.397217 3.87521 45.8524 0.397217 3.65087 46.1413 0.397217 
1
67
3.2051 46.7427 1.29722 3.27652 46.6544 1.29722 4.03047 45.7733 1.29722 4.37881 45.4064 1.29722 5.13769 45.142 1.29722 5.63449 45.2095 1.29722 5.83312 45.132 1.29722 6.2426 44.9872 1.29722 6.80374 45.3182 1.29722 6.86134 45.3625 1.29722 6.90527 45.3476 1.29722 7.29583 45.2539 1.29722 8.10263 44.9686 1.29722 8.17179 44.9868 1.29722 9.07306 45.7803 1.29722 9.37039 46.063 1.29722 10.1162 46.3347 1.29722 10.5673 46.8594 1.29722 10.7774 47.0655 1.29722 11.034 47.3327 1.29722 11.2407 47.4516 1.29722 11.7082 47.965 1.29722 11.7768 47.9978 1.29722 11.9287 48.1585 1.29722 11.9532 48.2163 1.29722 11.9734 48.254 1.29722 12.0301 48.3665 1.29722 12.1366 48.6768 1.29722 12.1582 48.9 1.29722 12.0429 48.9118 1.29722 11.7741 48.9586 1.29722 11.3324 49.0236 1.29722 10.7644 49.1208 1.29722 10.8475 50.0407 1.29722 10.7884 50.2547 1.29722 10.7287 50.5097 1.29722 10.7526 50.792 1.29722 8.93557 50.509 1.29722 8.76309 50.4768 1.29722 8.65825 50.4599 1.29722 7.79652 50.2936 1.29722 7.28507 49.8003 1.29722 7.2129 49.6027 1.29722 6.91191 49.786 1.29722 6.78543 49.6256 1.29722 6.23702 50.162 1.29722 6.22953 50.1637 1.29722 5.35345 50.4734 1.29722 5.35072 50.4739 1.29722 5.34498 50.4757 1.29722 4.86068 50.603 1.29722 4.82694 50.6129 1.29722 4.07617 50.8784 1.29722 4.0464 50.8801 1.29722 4.03009 50.8819 1.29722 3.27202 50.8939 1.29722 3.12562 50.9738 1.29722 3.03242 51.0068 1.29722 2.9734 50.7686 1.29722 2.86267 49.8638 1.29722 2.26186 48.9017 1.29722 2.20794 48.8389 1.29722 2.11765 48.6634 1.29722 2.11047 48.6298 1.29722 2.45707 47.9581 1.29722 2.58117 47.6783 1.29722 2.62177 47.6056 1.29722 
1
67
2.43281 48.0689 2.19722 2.50143 47.9461 2.19722 2.99453 47.2329 2.19722 3.49847 46.6097 2.19722 3.70386 46.3202 2.19722 3.87628 46.089 2.19722 4.01839 45.9098 2.19722 4.15438 45.5337 2.19722 4.44029 45.4267 2.19722 5.09892 45.1938 2.19722 5.21169 45.1721 2.19722 5.3739 45.1147 2.19722 5.69753 45.0195 2.19722 5.79746 44.9722 2.19722 6.42431 44.7505 2.19722 6.94699 44.8744 2.19722 7.25082 45.1076 2.19722 7.55217 45.0056 2.19722 8.00068 45.1159 2.19722 8.67125 45.2917 2.19722 9.03016 45.6379 2.19722 9.44804 46.1393 2.19722 9.58668 46.2978 2.19722 9.86379 46.5459 2.19722 10.079 46.767 2.19722 10.5179 47.2483 2.19722 10.7112 47.362 2.19722 11.261 47.8491 2.19722 11.4831 48.0782 2.19722 11.8345 48.3763 2.19722 11.8843 48.463 2.19722 11.9595 48.5692 2.19722 12.1556 49.0328 2.19722 12.1833 49.388 2.19722 12.1673 49.4763 2.19722 11.6489 49.8873 2.19722 11.5607 50.4616 2.19722 11.5376 50.5938 2.19722 10.6868 50.8935 2.19722 10.2882 50.8304 2.19722 9.53325 50.7293 2.19722 8.38585 50.5433 2.19722 8.06079 50.4806 2.19722 7.34328 49.9867 2.19722 7.21786 49.6433 2.19722 6.92264 49.8232 2.19722 6.73577 49.8783 2.19722 6.11153 50.099 2.19722 5.99212 50.1253 2.19722 5.74913 50.2112 2.19722 5.44504 50.265 2.19722 5.33327 50.3007 2.19722 4.80126 50.4889 2.19722 4.67505 50.5261 2.19722 4.49381 50.5902 2.19722 3.88543 50.6253 2.19722 3.80472 50.6342 2.19722 3.50179 50.8406 2.19722 3.24482 50.9808 2.19722 3.22177 50.989 2.19722 3.20717 50.93 2.19722 3.11352 50.1454 2.19722 2.92207 49.2974 2.19722 2.80286 49.069 2.19722 2.37943 48.6623 2.19722 2.39076 48.5865 2.19722 2.37171 48.2066 2.19722 
1
54
3.64234 45.5709 3.09722 3.79478 45.5138 3.09722 4.54325 45.2493 3.09722 4.94583 45.1478 3.09722 5.04088 45.1295 3.09722 5.7464 44.88 3.09722 5.781 44.8698 3.09722 5.86133 44.8318 3.09722 6.70427 44.977 3.09722 8.30511 45.3488 3.09722 9.15208 45.9252 3.09722 9.7268 46.3462 3.09722 10.1335 46.6978 3.09722 10.8903 47.4348 3.09722 11.0847 47.5776 3.09722 11.8651 48.5901 3.09722 11.8882 48.6097 3.09722 11.9199 48.6649 3.09722 11.9613 48.7211 3.09722 11.9804 48.8597 3.09722 12.0719 49.3765 3.09722 12.0008 49.4016 3.09722 11.7235 49.5617 3.09722 11.4572 49.752 3.09722 11.0218 50.3883 3.09722 10.9809 50.6224 3.09722 10.1396 50.9189 3.09722 9.69477 50.8575 3.09722 9.0613 50.4888 3.09722 8.16061 49.8999 3.09722 8.1064 49.8883 3.09722 8.0347 49.8757 3.09722 7.66975 49.8039 3.09722 6.89275 49.6705 3.09722 6.7165 49.7266 3.09722 6.16929 49.92 3.09722 6.00137 49.9537 3.09722 5.80733 49.9996 3.09722 5.51166 50.3107 3.09722 4.39812 50.4174 3.09722 4.2836 50.4099 3.09722 3.79496 50.7337 3.09722 3.34142 50.1257 3.09722 3.32445 50.1097 3.09722 3.22457 49.9114 3.09722 3.01438 49.4389 3.09722 2.698 48.8312 3.09722 2.74815 48.3654 3.09722 2.75086 47.8384 3.09722 2.98012 47.4472 3.09722 3.16767 47.1651 3.09722 3.20327 46.9423 3.09722 3.25141 46.7781 3.09722 3.38816 46.2499 3.09722 
1
53
2.70766 46.7824 3.99722 3.25263 46.1426 3.99722 3.37842 46.0008 3.99722 3.49614 45.951 3.99722 3.8598 45.7564 3.99722 4.13078 45.6247 3.99722 4.35069 45.5048 3.99722 4.7727 45.319 3.99722 5.2941 44.928 3.99722 5.3448 44.8963 3.99722 5.54086 44.9321 3.99722 6.99128 45.2679 3.99722 8.37086 45.519 3.99722 9.66292 45.8233 3.99722 9.81065 45.9302 3.99722 10.2591 46.306 3.99722 10.7586 46.8212 3.99722 10.8457 46.9051 3.99722 11.0076 47.3835 3.99722 11.3705 48.2196 3.99722 11.5048 48.3861 3.99722 11.5136 48.3943 3.99722 11.6608 48.9827 3.99722 11.7885 49.3499 3.99722 11.7282 49.5932 3.99722 11.1517 50.3138 3.99722 10.9506 50.3849 3.99722 10.4546 50.5908 3.99722 9.81204 50.2706 3.99722 9.79452 50.2677 3.99722 9.78413 50.2666 3.99722 9.21036 50.1583 3.99722 8.84219 50.0949 3.99722 8.63973 50.07 3.99722 7.48958 49.8938 3.99722 6.91118 49.7962 3.99722 6.35515 49.662 3.99722 6.25759 49.6816 3.99722 5.44906 50.5241 3.99722 4.85155 50.7353 3.99722 4.08485 50.7955 3.99722 3.84451 50.8037 3.99722 3.72348 50.8465 3.99722 3.66783 50.8737 3.99722 3.63164 50.8058 3.99722 3.54586 50.5925 3.99722 3.07633 49.652 3.99722 2.86082 49.2883 3.99722 2.44346 48.3988 3.99722 2.44467 48.3754 3.99722 2.52425 47.6752 3.99722 2.62911 47.1158 3.99722 2.6521 46.9719 3.99722 
1
74
4.44833 46.5229 4.89722 4.59009 46.4519 4.89722 5.08193 46.1937 4.89722 5.69831 45.8213 4.89722 5.69992 45.8203 4.89722 5.70231 45.8183 4.89722 6.28933 45.3661 4.89722 6.33503 45.3148 4.89722 7.21683 45.4808 4.89722 8.13413 45.7057 4.89722 8.23771 45.7203 4.89722 8.31807 45.7534 4.89722 9.26941 45.9346 4.89722 9.47974 46.1453 4.89722 10.0918 46.6263 4.89722 10.2329 46.7706 4.89722 10.8379 47.3425 4.89722 10.2079 46.8592 4.89722 9.94553 46.678 4.89722 8.43654 46.3433 4.89722 7.25291 46.13 4.89722 6.83999 46.0386 4.89722 6.28375 46.2353 4.89722 6.0849 46.3122 4.89722 5.95699 46.5882 4.89722 5.78313 46.9821 4.89722 6.3232 47.4998 4.89722 6.40297 47.5837 4.89722 7.02351 47.7111 4.89722 8.81519 48.0252 4.89722 9.27133 48.1131 4.89722 9.83129 48.1906 4.89722 9.85733 48.1949 4.89722 9.8902 48.1975 4.89722 10.9898 48.3374 4.89722 11.2838 48.3567 4.89722 11.3484 48.2142 4.89722 11.3381 48.0372 4.89722 11.5024 48.5112 4.89722 11.4311 48.7966 4.89722 11.5636 49.015 4.89722 11.6126 49.0886 4.89722 11.5129 49.7858 4.89722 11.4914 49.9176 4.89722 11.3488 50.059 4.89722 10.9625 50.1956 4.89722 10.7009 50.3338 4.89722 10.4242 50.3372 4.89722 10.1807 50.2978 4.89722 10.0007 50.2777 4.89722 9.25077 50.2431 4.89722 8.58079 50.1605 4.89722 8.29956 50.1085 4.89722 8.0982 50.0755 4.89722 7.77032 50.0066 4.89722 7.54146 49.9531 4.89722 6.9582 49.8633 4.89722 6.76224 49.9195 4.89722 5.89528 50.2032 4.89722 5.10915 50.4809 4.89722 4.4544 50.5986 4.89722 4.32437 50.69 4.89722 3.76823 50.9613 4.89722 3.49948 50.457 4.89722 3.27811 50.1465 4.89722 2.94026 49.5279 4.89722 2.75916 49.2188 4.89722 2.4157 48.9529 4.89722 2.33274 48.8814 4.89722 1.84719 48.4086 4.89722 1.89893 48.0229 4.89722 2.78281 46.9081 4.89722 3.38763 47.0158 4.89722 3.80613 46.8278 4.89722 
1
59
2.70068 47.2201 5.79722 2.74009 47.1801 5.79722 2.86275 47.0427 5.79722 3.02581 47.0791 5.79722 4.82308 47.3944 5.79722 5.19146 47.2133 5.79722 4.99388 47.6938 5.79722 4.93647 47.9036 5.79722 5.53952 48.7273 5.79722 5.9235 48.574 5.79722 6.31681 48.4507 5.79722 6.58769 48.3313 5.79722 6.89113 48.1912 5.79722 7.23046 48.028 5.79722 7.5282 47.893 5.79722 8.58981 48.1119 5.79722 10.3338 48.4176 5.79722 10.425 48.4248 5.79722 10.9339 48.4771 5.79722 10.9988 48.4759 5.79722 10.9416 48.7804 5.79722 10.9279 48.8354 5.79722 10.9781 48.9183 5.79722 10.9734 49.0077 5.79722 10.8559 49.181 5.79722 10.6782 50.1204 5.79722 10.1919 50.1003 5.79722 9.90638 50.2587 5.79722 9.28345 50.1749 5.79722 9.25081 50.1908 5.79722 8.75622 50.1756 5.79722 8.72932 50.1775 5.79722 7.55963 50.0704 5.79722 7.37398 50.0418 5.79722 6.86783 49.7122 5.79722 6.65234 49.7767 5.79722 6.43067 49.8192 5.79722 6.30249 49.8547 5.79722 6.07873 49.9551 5.79722 5.57781 50.1322 5.79722 5.32874 50.2135 5.79722 5.10403 50.2669 5.79722 4.93112 50.2992 5.79722 4.65421 50.3819 5.79722 4.0528 50.8307 5.79722 3.86608 50.8897 5.79722 3.8216 50.9289 5.79722 3.70515 50.9701 5.79722 3.56048 50.7443 5.79722 3.0913 50.056 5.79722 2.8826 49.6357 5.79722 1.88005 49.0098 5.79722 1.86645 48.9977 5.79722 1.86365 48.9956 5.79722 1.85946 48.9915 5.79722 1.95831 48.1972 5.79722 2.16417 47.933 5.79722 2.3793 47.6095 5.79722 2.65687 47.2769 5.79722 
1
54
2.93652 47.1433 6.69722 2.34004 47.8307 6.69722 2.28205 48.2967 6.69722 2.28128 48.4831 6.69722 2.24648 48.7445 6.69722 2.5381 48.9445 6.69722 2.84548 49.5974 6.69722 2.84929 49.605 6.69722 3.27563 50.5795 6.69722 3.44082 50.6541 6.69722 3.62315 50.5927 6.69722 4.03848 50.4459 6.69722 5.39005 49.9874 6.69722 6.73889 49.527 6.69722 7.21395 49.3833 6.69722 7.35027 49.4058 6.69722 7.56817 49.4277 6.69722 8.29304 49.8109 6.69722 8.64932 50.0246 6.69722 9.38776 50.0102 6.69722 9.42936 50.0152 6.69722 9.43642 50.011 6.69722 9.57808 50.0324 6.69722 10.6773 49.4834 6.69722 10.8603 49.2195 6.69722 11.0233 48.907 6.69722 10.9472 48.9123 6.69722 10.5746 49.0013 6.69722 10.1327 48.6627 6.69722 10.0197 48.561 6.69722 9.87627 48.4559 6.69722 8.94875 48.2611 6.69722 8.8278 48.3033 6.69722 8.70489 48.3548 6.69722 8.16989 48.5638 6.69722 7.70674 48.7971 6.69722 7.52413 48.8587 6.69722 7.34589 48.9169 6.69722 6.84721 49.0653 6.69722 6.35448 49.2551 6.69722 6.01866 49.3667 6.69722 5.50855 49.5216 6.69722 5.00188 49.7129 6.69722 4.84326 49.7613 6.69722 4.69165 49.8158 6.69722 4.15642 49.1339 6.69722 4.15704 49.1243 6.69722 4.15839 49.1164 6.69722 4.26598 48.4174 6.69722 4.4286 47.8933 6.69722 4.47346 47.7294 6.69722 4.57607 47.4856 6.69722 4.58023 47.4765 6.69722 3.50455 47.2399 6.69722 
0
0
0
0
