1843
8.13894 59.0828 -11.4028
8.33893 59.0828 -11.4028
8.33893 59.0828 -11.4028
8.28036 59.2242 -11.3815
8.13894 59.2828 -11.3602
7.99751 59.2242 -11.339
7.93894 59.0828 -11.3177
7.99751 58.9414 -11.2964
8.13894 58.8828 -11.2751
8.28036 58.9414 -11.2538
8.33893 59.0828 -11.2326
8.28036 59.2242 -11.2113
8.13894 59.2828 -11.19
7.99751 59.2242 -11.1687
7.93894 59.0828 -11.1475
7.99751 58.9414 -11.1262
8.13894 58.8828 -11.1049
8.28036 58.9414 -11.0836
8.33893 59.0828 -11.0624
8.28036 59.2242 -11.0411
8.13894 59.2828 -11.0198
7.99751 59.2242 -10.9985
7.93894 59.0828 -10.9773
7.99751 58.9414 -10.956
8.13894 58.8828 -10.9347
8.28036 58.9414 -10.9134
8.33893 59.0828 -10.8921
8.28036 59.2242 -10.8709
8.13894 59.2828 -10.8496
7.99751 59.2242 -10.8283
7.93894 59.0828 -10.807
7.99751 58.9414 -10.7858
8.13894 58.8828 -10.7645
8.28036 58.9414 -10.7432
8.33893 59.0828 -10.7219
8.28036 59.2242 -10.7007
8.13894 59.2828 -10.6794
7.99751 59.2242 -10.6581
7.93894 59.0828 -10.6368
7.99751 58.9414 -10.6155
8.13894 58.8828 -10.5943
8.28036 58.9414 -10.573
8.33893 59.0828 -10.5517
8.28036 59.2242 -10.5304
8.13894 59.2828 -10.5092
7.99751 59.2242 -10.4879
7.93894 59.0828 -10.4666
7.99751 58.9414 -10.4453
8.13894 58.8828 -10.4241
8.28036 58.9414 -10.4028
8.13894 59.0828 -10.4028
8.52977 58.7301 -10.4028
8.89885 58.4109 -10.4028
9.24198 58.1231 -10.4028
9.56709 57.8404 -10.4028
9.87557 57.5438 -10.4028
10.158 57.2561 -10.4028
10.421 57.0074 -10.4028
10.9764 56.5404 -10.4028
11.2534 56.2569 -10.4028
11.464 55.9797 -10.4028
11.5741 55.7344 -10.4028
11.5813 55.5256 -10.4028
11.5136 55.3201 -10.4028
11.4164 55.1338 -10.4028
11.3549 54.9913 -10.4028
11.3934 54.9108 -10.4028
11.5748 54.8812 -10.4028
11.8528 54.915 -10.4028
12.1481 55.0289 -10.4028
12.3536 55.2374 -10.4028
12.4344 55.4981 -10.4028
12.3663 55.7674 -10.4028
12.1787 56.0111 -10.4028
11.9188 56.2388 -10.4028
11.6819 56.4638 -10.4028
11.5173 56.7015 -10.4028
11.408 56.9617 -10.4028
11.2655 57.2558 -10.4028
11.0314 57.5561 -10.4028
10.7178 57.8252 -10.4028
10.3868 58.0249 -10.4028
10.07 58.1848 -10.4028
9.75148 58.3387 -10.4028
8.79666 58.816 -10.4028
8.5073 58.9689 -10.4028
7.95936 59.2805 -10.4028
7.8503 59.3319 -10.4028
7.92957 59.2535 -10.4028
8.13894 59.0828 -10.4028
8.13894 59.0828 -31.3028
2.03741 47.535 -31.3028
2.03741 47.535 -5.10278
2.23741 47.535 -5.10278
2.23741 47.535 -5.10278
2.17884 47.6764 -5.08151
2.03741 47.735 -5.06023
1.89599 47.6764 -5.03895
1.83741 47.535 -5.01768
1.89599 47.3936 -4.9964
2.03741 47.335 -4.97512
2.17884 47.3936 -4.95385
2.23741 47.535 -4.93257
2.17884 47.6764 -4.91129
2.03741 47.735 -4.89002
1.89599 47.6764 -4.86874
1.83741 47.535 -4.84746
1.89599 47.3936 -4.82619
2.03741 47.335 -4.80491
2.17884 47.3936 -4.78363
2.23741 47.535 -4.76236
2.17884 47.6764 -4.74108
2.03741 47.735 -4.7198
1.89599 47.6764 -4.69853
1.83741 47.535 -4.67725
1.89599 47.3936 -4.65597
2.03741 47.335 -4.6347
2.17884 47.3936 -4.61342
2.23741 47.535 -4.59214
2.17884 47.6764 -4.57087
2.03741 47.735 -4.54959
1.89599 47.6764 -4.52832
1.83741 47.535 -4.50704
1.89599 47.3936 -4.48576
2.03741 47.335 -4.46449
2.17884 47.3936 -4.44321
2.23741 47.535 -4.42193
2.17884 47.6764 -4.40066
2.03741 47.735 -4.37938
1.89599 47.6764 -4.3581
1.83741 47.535 -4.33683
1.89599 47.3936 -4.31555
2.03741 47.335 -4.29427
2.17884 47.3936 -4.273
2.23741 47.535 -4.25172
2.17884 47.6764 -4.23044
2.03741 47.735 -4.20917
1.89599 47.6764 -4.18789
1.83741 47.535 -4.16661
1.89599 47.3936 -4.14534
2.03741 47.335 -4.12406
2.17884 47.3936 -4.10278
2.03741 47.535 -4.10278
1.68758 47.9234 -4.10278
1.33145 48.2417 -4.10278
0.993128 48.4613 -4.10278
0.69336 48.6209 -4.10278
0.414935 48.7835 -4.10278
0.143969 48.9819 -4.10278
-0.0832595 49.154 -4.10278
-0.204604 49.2049 -4.10278
-0.198572 49.0747 -4.10278
-0.110466 48.8195 -4.10278
0.00303693 48.5368 -4.10278
0.123041 48.2912 -4.10278
0.269801 48.0712 -4.10278
0.472224 47.8349 -4.10278
0.722011 47.5739 -4.10278
1.03052 47.2758 -4.10278
2.46627 45.9586 -4.10278
2.78339 45.6588 -4.10278
3.00767 45.4659 -4.10278
3.31781 45.2321 -4.10278
3.72745 44.9916 -4.10278
4.18596 44.8058 -4.10278
4.7219 44.6667 -4.10278
5.26758 44.5763 -4.10278
5.84178 44.5181 -4.10278
6.37049 44.5084 -4.10278
6.89474 44.5594 -4.10278
7.35634 44.6644 -4.10278
7.76857 44.7962 -4.10278
8.06291 44.9107 -4.10278
8.25235 44.9905 -4.10278
8.33377 45.0329 -4.10278
8.34507 45.051 -4.10278
8.2913 45.0513 -4.10278
8.18553 45.0382 -4.10278
7.87551 44.9921 -4.10278
7.70938 44.9745 -4.10278
7.52358 44.9729 -4.10278
7.26722 44.9898 -4.10278
6.94128 45.027 -4.10278
6.57389 45.0809 -4.10278
6.21446 45.1557 -4.10278
5.87201 45.2479 -4.10278
4.5207 45.6719 -4.10278
4.2088 45.7635 -4.10278
3.94004 45.829 -4.10278
3.72888 45.8771 -4.10278
3.55562 45.9309 -4.10278
3.37791 46.0333 -4.10278
2.59165 46.5529 -4.10278
2.35561 46.7544 -4.10278
2.1952 46.9889 -4.10278
2.09877 47.2538 -4.10278
2.03741 47.535 -4.10278
2.36733 51.2659 -4.10278
2.56733 51.2659 -4.10278
2.56733 51.2659 -4.10278
2.50876 51.4074 -4.08363
2.36733 51.4659 -4.06449
2.22591 51.4074 -4.04534
2.16733 51.2659 -4.02619
2.22591 51.1245 -4.00704
2.36733 51.0659 -3.98789
2.50876 51.1245 -3.96874
2.56733 51.2659 -3.94959
2.50876 51.4074 -3.93044
2.36733 51.4659 -3.91129
2.22591 51.4074 -3.89214
2.16733 51.2659 -3.873
2.22591 51.1245 -3.85385
2.36733 51.0659 -3.8347
2.50876 51.1245 -3.81555
2.56733 51.2659 -3.7964
2.50876 51.4074 -3.77725
2.36733 51.4659 -3.7581
2.22591 51.4074 -3.73895
2.16733 51.2659 -3.7198
2.22591 51.1245 -3.70066
2.36733 51.0659 -3.68151
2.50876 51.1245 -3.66236
2.56733 51.2659 -3.64321
2.50876 51.4074 -3.62406
2.36733 51.4659 -3.60491
2.22591 51.4074 -3.58576
2.16733 51.2659 -3.56661
2.22591 51.1245 -3.54746
2.36733 51.0659 -3.52832
2.50876 51.1245 -3.50917
2.56733 51.2659 -3.49002
2.50876 51.4074 -3.47087
2.36733 51.4659 -3.45172
2.22591 51.4074 -3.43257
2.16733 51.2659 -3.41342
2.22591 51.1245 -3.39427
2.36733 51.0659 -3.37512
2.50876 51.1245 -3.35597
2.56733 51.2659 -3.33683
2.50876 51.4074 -3.31768
2.36733 51.4659 -3.29853
2.22591 51.4074 -3.27938
2.16733 51.2659 -3.26023
2.22591 51.1245 -3.24108
2.36733 51.0659 -3.22193
2.50876 51.1245 -3.20278
2.36733 51.2659 -3.20278
2.39389 51.373 -3.20278
2.29546 51.4591 -3.20278
2.09304 51.5141 -3.20278
1.88539 51.5443 -3.20278
1.76531 51.5558 -3.20278
1.69645 51.5472 -3.20278
1.61051 51.4987 -3.20278
1.45101 51.3883 -3.20278
1.22519 51.212 -3.20278
0.990055 50.9891 -3.20278
0.793671 50.7178 -3.20278
0.665694 50.3926 -3.20278
0.590834 50.0011 -3.20278
0.5628 49.6025 -3.20278
0.575206 49.2216 -3.20278
0.639133 48.882 -3.20278
0.756396 48.5321 -3.20278
0.923838 48.1751 -3.20278
1.11732 47.8152 -3.20278
1.31274 47.4983 -3.20278
1.50116 47.2305 -3.20278
1.6965 47.0059 -3.20278
1.93113 46.7778 -3.20278
2.62559 46.1301 -3.20278
3.10283 45.7056 -3.20278
3.62055 45.3013 -3.20278
4.13162 44.9991 -3.20278
4.61725 44.8198 -3.20278
5.09325 44.7304 -3.20278
5.54758 44.6969 -3.20278
5.9795 44.7055 -3.20278
6.38476 44.7613 -3.20278
6.74862 44.8406 -3.20278
7.07435 44.9281 -3.20278
7.35772 45.0109 -3.20278
7.67125 45.1132 -3.20278
8.0145 45.2386 -3.20278
8.38271 45.3878 -3.20278
8.68322 45.5282 -3.20278
8.84373 45.6338 -3.20278
8.80466 45.6829 -3.20278
8.57784 45.6903 -3.20278
8.2417 45.6846 -3.20278
7.87465 45.6942 -3.20278
7.52591 45.7242 -3.20278
7.18447 45.775 -3.20278
6.83294 45.8416 -3.20278
6.46956 45.9199 -3.20278
6.10643 46.0058 -3.20278
5.74981 46.1007 -3.20278
5.37393 46.2141 -3.20278
4.97135 46.3484 -3.20278
4.54507 46.5026 -3.20278
4.12544 46.7011 -3.20278
3.75842 46.964 -3.20278
3.4887 47.3188 -3.20278
3.31493 47.7106 -3.20278
3.16547 48.093 -3.20278
2.95252 48.4038 -3.20278
2.64716 48.6626 -3.20278
1.87093 49.1299 -3.20278
1.50991 49.3556 -3.20278
1.24177 49.5602 -3.20278
1.12819 49.7581 -3.20278
1.1678 49.999 -3.20278
1.36391 50.3062 -3.20278
1.65546 50.6447 -3.20278
2.0062 50.9701 -3.20278
2.36733 51.2659 -3.20278
3.90441 49.2271 -3.20278
4.10441 49.2271 -3.20278
4.10441 49.2271 -3.20278
4.04583 49.3685 -3.18363
3.90441 49.4271 -3.16449
3.76298 49.3685 -3.14534
3.70441 49.2271 -3.12619
3.76298 49.0856 -3.10704
3.90441 49.0271 -3.08789
4.04583 49.0856 -3.06874
4.10441 49.2271 -3.04959
4.04583 49.3685 -3.03044
3.90441 49.4271 -3.01129
3.76298 49.3685 -2.99214
3.70441 49.2271 -2.973
3.76298 49.0856 -2.95385
3.90441 49.0271 -2.9347
4.04583 49.0856 -2.91555
4.10441 49.2271 -2.8964
4.04583 49.3685 -2.87725
3.90441 49.4271 -2.8581
3.76298 49.3685 -2.83895
3.70441 49.2271 -2.8198
3.76298 49.0856 -2.80066
3.90441 49.0271 -2.78151
4.04583 49.0856 -2.76236
4.10441 49.2271 -2.74321
4.04583 49.3685 -2.72406
3.90441 49.4271 -2.70491
3.76298 49.3685 -2.68576
3.70441 49.2271 -2.66661
3.76298 49.0856 -2.64746
3.90441 49.0271 -2.62831
4.04583 49.0856 -2.60917
4.10441 49.2271 -2.59002
4.04583 49.3685 -2.57087
3.90441 49.4271 -2.55172
3.76298 49.3685 -2.53257
3.70441 49.2271 -2.51342
3.76298 49.0856 -2.49427
3.90441 49.0271 -2.47512
4.04583 49.0856 -2.45597
4.10441 49.2271 -2.43683
4.04583 49.3685 -2.41768
3.90441 49.4271 -2.39853
3.76298 49.3685 -2.37938
3.70441 49.2271 -2.36023
3.76298 49.0856 -2.34108
3.90441 49.0271 -2.32193
4.04583 49.0856 -2.30278
3.90441 49.2271 -2.30278
3.57195 49.3808 -2.30278
3.25218 49.5418 -2.30278
2.96536 49.7265 -2.30278
2.7391 49.9458 -2.30278
2.61237 50.2105 -2.30278
2.60952 50.4865 -2.30278
2.71712 50.742 -2.30278
2.85761 50.9383 -2.30278
2.93068 51.0775 -2.30278
2.86572 51.1633 -2.30278
2.69041 51.2118 -2.30278
2.47366 51.2374 -2.30278
2.2909 51.2452 -2.30278
2.14957 51.2285 -2.30278
2.03531 51.1633 -2.30278
1.9238 51.0302 -2.30278
1.81128 50.8148 -2.30278
1.70701 50.5227 -2.30278
1.61774 50.1968 -2.30278
1.55048 49.8924 -2.30278
1.50879 49.6244 -2.30278
1.49564 49.3544 -2.30278
1.51447 49.0272 -2.30278
1.55407 48.6782 -2.30278
1.60647 48.3613 -2.30278
1.65924 48.1382 -2.30278
1.72685 47.9581 -2.30278
1.8257 47.7706 -2.30278
1.97763 47.5171 -2.30278
2.17031 47.2203 -2.30278
2.38423 46.9039 -2.30278
2.58641 46.6148 -2.30278
2.7858 46.3449 -2.30278
2.99487 46.0923 -2.30278
3.25482 45.8202 -2.30278
3.57593 45.5541 -2.30278
3.97199 45.3098 -2.30278
4.40831 45.1357 -2.30278
4.81681 45.0239 -2.30278
5.13561 44.9653 -2.30278
5.35599 44.9317 -2.30278
5.55757 44.9192 -2.30278
5.81968 44.9321 -2.30278
7.10092 45.0473 -2.30278
7.52057 45.1052 -2.30278
7.89526 45.1994 -2.30278
8.25469 45.3185 -2.30278
8.61066 45.4527 -2.30278
8.97715 45.6111 -2.30278
9.34539 45.8124 -2.30278
9.66051 46.0235 -2.30278
9.81205 46.1818 -2.30278
9.74079 46.2445 -2.30278
9.48666 46.2387 -2.30278
9.16576 46.2205 -2.30278
8.83171 46.2334 -2.30278
8.48619 46.2836 -2.30278
8.11882 46.3576 -2.30278
7.76639 46.4359 -2.30278
7.11655 46.5961 -2.30278
6.40773 46.7855 -2.30278
6.07542 46.8803 -2.30278
5.74527 46.9817 -2.30278
5.39712 47.133 -2.30278
5.07136 47.3572 -2.30278
4.84545 47.6793 -2.30278
4.74928 48.0346 -2.30278
4.73791 48.3803 -2.30278
4.73376 48.6451 -2.30278
4.66361 48.8459 -2.30278
4.49431 48.99 -2.30278
4.22732 49.114 -2.30278
3.90441 49.2271 -2.30278
4.27664 50.2799 -2.30278
4.47664 50.2799 -2.30278
4.47664 50.2799 -2.30278
4.41806 50.4214 -2.28363
4.27664 50.4799 -2.26449
4.13522 50.4214 -2.24534
4.07664 50.2799 -2.22619
4.13522 50.1385 -2.20704
4.27664 50.0799 -2.18789
4.41806 50.1385 -2.16874
4.47664 50.2799 -2.14959
4.41806 50.4214 -2.13044
4.27664 50.4799 -2.11129
4.13522 50.4214 -2.09214
4.07664 50.2799 -2.073
4.13522 50.1385 -2.05385
4.27664 50.0799 -2.0347
4.41806 50.1385 -2.01555
4.47664 50.2799 -1.9964
4.41806 50.4214 -1.97725
4.27664 50.4799 -1.9581
4.13522 50.4214 -1.93895
4.07664 50.2799 -1.9198
4.13522 50.1385 -1.90066
4.27664 50.0799 -1.88151
4.41806 50.1385 -1.86236
4.47664 50.2799 -1.84321
4.41806 50.4214 -1.82406
4.27664 50.4799 -1.80491
4.13522 50.4214 -1.78576
4.07664 50.2799 -1.76661
4.13522 50.1385 -1.74746
4.27664 50.0799 -1.72831
4.41806 50.1385 -1.70917
4.47664 50.2799 -1.69002
4.41806 50.4214 -1.67087
4.27664 50.4799 -1.65172
4.13522 50.4214 -1.63257
4.07664 50.2799 -1.61342
4.13522 50.1385 -1.59427
4.27664 50.0799 -1.57512
4.41806 50.1385 -1.55597
4.47664 50.2799 -1.53683
4.41806 50.4214 -1.51768
4.27664 50.4799 -1.49853
4.13522 50.4214 -1.47938
4.07664 50.2799 -1.46023
4.13522 50.1385 -1.44108
4.27664 50.0799 -1.42193
4.41806 50.1385 -1.40278
4.27664 50.2799 -1.40278
3.77833 50.6818 -1.40278
3.55343 50.8325 -1.40278
3.32103 50.9282 -1.40278
3.06935 50.9859 -1.40278
2.81531 51.0267 -1.40278
2.59592 51.0238 -1.40278
2.43482 50.9043 -1.40278
2.31669 50.6056 -1.40278
2.21598 50.1667 -1.40278
2.13032 49.7053 -1.40278
2.07357 49.329 -1.40278
2.05861 49.03 -1.40278
2.07575 48.7347 -1.40278
2.14091 48.3565 -1.40278
2.27128 47.9269 -1.40278
2.48116 47.5082 -1.40278
2.70661 47.2069 -1.40278
2.89853 47.0093 -1.40278
3.02806 46.863 -1.40278
3.1472 46.6664 -1.40278
3.28158 46.4028 -1.40278
3.45622 46.096 -1.40278
3.67499 45.7911 -1.40278
3.95444 45.5141 -1.40278
4.30062 45.285 -1.40278
4.70176 45.121 -1.40278
5.13972 45.0148 -1.40278
5.54623 44.9497 -1.40278
5.88361 44.922 -1.40278
6.14806 44.9379 -1.40278
6.43263 44.9955 -1.40278
6.78294 45.0586 -1.40278
7.62191 45.1768 -1.40278
8.0563 45.2775 -1.40278
8.5157 45.4231 -1.40278
8.99554 45.6097 -1.40278
9.46048 45.8304 -1.40278
9.86293 46.0742 -1.40278
10.1359 46.3026 -1.40278
10.2202 46.4803 -1.40278
10.0784 46.6014 -1.40278
9.77659 46.6925 -1.40278
9.0163 46.8676 -1.40278
8.63103 46.9663 -1.40278
8.27055 47.0643 -1.40278
7.93851 47.1605 -1.40278
7.64247 47.2535 -1.40278
7.32061 47.3637 -1.40278
6.9642 47.5288 -1.40278
6.62202 47.7668 -1.40278
6.37711 48.0854 -1.40278
6.25756 48.4008 -1.40278
6.23296 48.6668 -1.40278
6.26049 48.8475 -1.40278
6.29932 49.0238 -1.40278
6.29838 49.2263 -1.40278
6.20348 49.4661 -1.40278
6.02085 49.679 -1.40278
5.81409 49.8341 -1.40278
5.63042 49.9236 -1.40278
5.44094 49.9839 -1.40278
4.27664 50.2799 -1.40278
4.72525 50.3658 -1.40278
4.92525 50.3658 -1.40278
4.92525 50.3658 -1.40278
4.86667 50.5073 -1.38363
4.72525 50.5658 -1.36449
4.58383 50.5073 -1.34534
4.52525 50.3658 -1.32619
4.58383 50.2244 -1.30704
4.72525 50.1658 -1.28789
4.86667 50.2244 -1.26874
4.92525 50.3658 -1.24959
4.86667 50.5073 -1.23044
4.72525 50.5658 -1.21129
4.58383 50.5073 -1.19214
4.52525 50.3658 -1.173
4.58383 50.2244 -1.15385
4.72525 50.1658 -1.1347
4.86667 50.2244 -1.11555
4.92525 50.3658 -1.0964
4.86667 50.5073 -1.07725
4.72525 50.5658 -1.0581
4.58383 50.5073 -1.03895
4.52525 50.3658 -1.0198
4.58383 50.2244 -1.00066
4.72525 50.1658 -0.981506
4.86667 50.2244 -0.962358
4.92525 50.3658 -0.943209
4.86667 50.5073 -0.92406
4.72525 50.5658 -0.904911
4.58383 50.5073 -0.885762
4.52525 50.3658 -0.866613
4.58383 50.2244 -0.847464
4.72525 50.1658 -0.828315
4.86667 50.2244 -0.809166
4.92525 50.3658 -0.790017
4.86667 50.5073 -0.770868
4.72525 50.5658 -0.751719
4.58383 50.5073 -0.73257
4.52525 50.3658 -0.713421
4.58383 50.2244 -0.694272
4.72525 50.1658 -0.675123
4.86667 50.2244 -0.655975
4.92525 50.3658 -0.636826
4.86667 50.5073 -0.617677
4.72525 50.5658 -0.598528
4.58383 50.5073 -0.579379
4.52525 50.3658 -0.56023
4.58383 50.2244 -0.541081
4.72525 50.1658 -0.521932
4.86667 50.2244 -0.502783
4.72525 50.3658 -0.502783
4.32749 50.4994 -0.502783
3.98402 50.6013 -0.502783
3.69334 50.6607 -0.502783
3.44141 50.6998 -0.502783
3.21287 50.7415 -0.502783
3.02243 50.8149 -0.502783
2.86129 50.911 -0.502783
2.73446 51.011 -0.502783
2.64624 51.0761 -0.502783
2.59817 51.0726 -0.502783
2.57289 50.9769 -0.502783
2.51126 50.4441 -0.502783
2.45654 50.0501 -0.502783
2.38219 49.6447 -0.502783
2.28345 49.2485 -0.502783
2.17752 48.917 -0.502783
2.09578 48.6353 -0.502783
2.08216 48.3889 -0.502783
2.15765 48.1284 -0.502783
2.304 47.859 -0.502783
2.49255 47.5787 -0.502783
3.13941 46.6825 -0.502783
3.36585 46.3812 -0.502783
3.64521 46.0782 -0.502783
3.99657 45.782 -0.502783
4.42055 45.5036 -0.502783
4.8189 45.2937 -0.502783
5.15774 45.1532 -0.502783
5.43724 45.0815 -0.502783
5.73534 45.053 -0.502783
6.09512 45.076 -0.502783
6.50628 45.1415 -0.502783
7.31446 45.3217 -0.502783
7.63329 45.3857 -0.502783
8.2216 45.4802 -0.502783
8.5945 45.5591 -0.502783
9.03088 45.7002 -0.502783
9.49549 45.9279 -0.502783
9.99373 46.232 -0.502783
10.4658 46.5556 -0.502783
10.822 46.8407 -0.502783
10.969 47.0506 -0.502783
10.9054 47.1953 -0.502783
10.6813 47.2894 -0.502783
10.3765 47.3643 -0.502783
10.033 47.4359 -0.502783
9.67978 47.5182 -0.502783
9.30448 47.6171 -0.502783
8.90214 47.7362 -0.502783
8.47299 47.9133 -0.502783
8.09465 48.1598 -0.502783
7.82977 48.4945 -0.502783
7.71881 48.8438 -0.502783
7.71128 49.1643 -0.502783
7.75671 49.4013 -0.502783
7.80786 49.5801 -0.502783
7.81319 49.7058 -0.502783
7.71862 49.7897 -0.502783
7.46164 49.8228 -0.502783
6.64929 49.8302 -0.502783
6.24692 49.8698 -0.502783
5.88271 49.9477 -0.502783
5.58689 50.0403 -0.502783
5.33146 50.1305 -0.502783
4.72525 50.3658 -0.502783
4.15757 50.7422 -0.502783
4.35757 50.7422 -0.502783
4.35757 50.7422 -0.502783
4.29899 50.8837 -0.483634
4.15757 50.9422 -0.464485
4.01615 50.8837 -0.445336
3.95757 50.7422 -0.426187
4.01615 50.6008 -0.407038
4.15757 50.5422 -0.387889
4.29899 50.6008 -0.36874
4.35757 50.7422 -0.349591
4.29899 50.8837 -0.330443
4.15757 50.9422 -0.311294
4.01615 50.8837 -0.292145
3.95757 50.7422 -0.272996
4.01615 50.6008 -0.253847
4.15757 50.5422 -0.234698
4.29899 50.6008 -0.215549
4.35757 50.7422 -0.1964
4.29899 50.8837 -0.177251
4.15757 50.9422 -0.158102
4.01615 50.8837 -0.138953
3.95757 50.7422 -0.119804
4.01615 50.6008 -0.100655
4.15757 50.5422 -0.0815064
4.29899 50.6008 -0.0623575
4.35757 50.7422 -0.0432085
4.29899 50.8837 -0.0240596
4.15757 50.9422 -0.00491068
4.01615 50.8837 0.0142382
3.95757 50.7422 0.0333872
4.01615 50.6008 0.0525361
4.15757 50.5422 0.0716851
4.29899 50.6008 0.090834
4.35757 50.7422 0.109983
4.29899 50.8837 0.129132
4.15757 50.9422 0.148281
4.01615 50.8837 0.16743
3.95757 50.7422 0.186579
4.01615 50.6008 0.205728
4.15757 50.5422 0.224877
4.29899 50.6008 0.244025
4.35757 50.7422 0.263174
4.29899 50.8837 0.282323
4.15757 50.9422 0.301472
4.01615 50.8837 0.320621
3.95757 50.7422 0.33977
4.01615 50.6008 0.358919
4.15757 50.5422 0.378068
4.29899 50.6008 0.397217
4.15757 50.7422 0.397217
3.64744 50.7277 0.397217
3.23222 50.6621 0.397217
2.95464 50.5238 0.397217
2.78846 50.2961 0.397217
2.69066 50.0184 0.397217
2.55313 49.4499 0.397217
2.47721 49.1917 0.397217
2.38924 48.919 0.397217
2.31508 48.6044 0.397217
2.28 48.2852 0.397217
2.31763 47.9846 0.397217
2.44134 47.7003 0.397217
2.65887 47.3796 0.397217
2.94129 47.0197 0.397217
3.71169 46.0698 0.397217
3.9458 45.7981 0.397217
4.21954 45.5362 0.397217
4.5752 45.3174 0.397217
4.99606 45.1902 0.397217
5.50449 45.1625 0.397217
6.03386 45.2057 0.397217
7.43141 45.3638 0.397217
7.79316 45.4299 0.397217
8.18931 45.5349 0.397217
9.17496 45.853 0.397217
9.71532 46.0607 0.397217
10.2227 46.3119 0.397217
10.707 46.6199 0.397217
11.0976 46.9179 0.397217
11.3857 47.1635 0.397217
11.5608 47.3424 0.397217
11.6802 47.513 0.397217
11.7505 47.7053 0.397217
11.7395 47.8983 0.397217
11.5995 48.0469 0.397217
11.3396 48.1356 0.397217
10.9959 48.1958 0.397217
10.6026 48.258 0.397217
10.1744 48.377 0.397217
9.76252 48.5813 0.397217
9.44259 48.897 0.397217
9.26371 49.2526 0.397217
9.20897 49.595 0.397217
9.17952 49.8597 0.397217
9.07877 50.059 0.397217
8.80499 50.151 0.397217
8.37666 50.1235 0.397217
7.85271 49.9694 0.397217
7.37872 49.7819 0.397217
6.9882 49.663 0.397217
6.68026 49.6899 0.397217
6.343 49.8668 0.397217
5.95152 50.1175 0.397217
5.48132 50.3695 0.397217
5.01197 50.5504 0.397217
4.5645 50.6682 0.397217
4.15757 50.7422 0.397217
4.82694 50.6129 0.397217
5.02694 50.6129 0.397217
5.02694 50.6129 0.397217
4.96836 50.7544 0.416366
4.82694 50.8129 0.435515
4.68552 50.7544 0.454664
4.62694 50.6129 0.473813
4.68552 50.4715 0.492962
4.82694 50.4129 0.512111
4.96836 50.4715 0.53126
5.02694 50.6129 0.550408
4.96836 50.7544 0.569557
4.82694 50.8129 0.588706
4.68552 50.7544 0.607855
4.62694 50.6129 0.627004
4.68552 50.4715 0.646153
4.82694 50.4129 0.665302
4.96836 50.4715 0.684451
5.02694 50.6129 0.7036
4.96836 50.7544 0.722749
4.82694 50.8129 0.741898
4.68552 50.7544 0.761047
4.62694 50.6129 0.780196
4.68552 50.4715 0.799345
4.82694 50.4129 0.818494
4.96836 50.4715 0.837643
5.02694 50.6129 0.856791
4.96836 50.7544 0.87594
4.82694 50.8129 0.895089
4.68552 50.7544 0.914238
4.62694 50.6129 0.933387
4.68552 50.4715 0.952536
4.82694 50.4129 0.971685
4.96836 50.4715 0.990834
5.02694 50.6129 1.00998
4.96836 50.7544 1.02913
4.82694 50.8129 1.04828
4.68552 50.7544 1.06743
4.62694 50.6129 1.08658
4.68552 50.4715 1.10573
4.82694 50.4129 1.12488
4.96836 50.4715 1.14403
5.02694 50.6129 1.16317
4.96836 50.7544 1.18232
4.82694 50.8129 1.20147
4.68552 50.7544 1.22062
4.62694 50.6129 1.23977
4.68552 50.4715 1.25892
4.82694 50.4129 1.27807
4.96836 50.4715 1.29722
4.82694 50.6129 1.29722
4.42504 50.742 1.29722
4.07269 50.8357 1.29722
3.76244 50.8886 1.29722
3.48609 50.9148 1.29722
3.24539 50.8858 1.29722
3.05882 50.7286 1.29722
2.89237 50.384 1.29722
2.70716 49.8996 1.29722
2.51007 49.4146 1.29722
2.33716 49.0526 1.29722
2.2364 48.8156 1.29722
2.215 48.6196 1.29722
2.27676 48.3776 1.29722
2.40583 48.0733 1.29722
2.583 47.7317 1.29722
2.78903 47.3836 1.29722
3.00706 47.0511 1.29722
3.23862 46.7311 1.29722
3.49496 46.4099 1.29722
3.79259 46.0813 1.29722
4.15291 45.7615 1.29722
4.57236 45.4976 1.29722
5.02977 45.3069 1.29722
5.48018 45.1994 1.29722
5.89477 45.1576 1.29722
6.2611 45.1784 1.29722
6.57019 45.2307 1.29722
6.84572 45.2724 1.29722
7.12642 45.258 1.29722
7.47939 45.2107 1.29722
7.88672 45.1982 1.29722
8.32351 45.3007 1.29722
8.73173 45.5118 1.29722
9.14081 45.797 1.29722
9.99806 46.422 1.29722
10.4022 46.7347 1.29722
10.7481 47.037 1.29722
11.0395 47.3051 1.29722
11.5437 47.7854 1.29722
11.7351 47.9747 1.29722
11.8591 48.1063 1.29722
11.9389 48.212 1.29722
11.9942 48.3214 1.29722
12.0435 48.4655 1.29722
12.0689 48.6299 1.29722
12.0334 48.7809 1.29722
11.8924 48.8934 1.29722
11.6453 49.0038 1.29722
11.3398 49.1723 1.29722
11.07 49.4553 1.29722
10.8874 49.8107 1.29722
10.7639 50.1661 1.29722
10.5883 50.4265 1.29722
10.266 50.5656 1.29722
9.8199 50.5203 1.29722
9.37915 50.2663 1.29722
9.07321 49.7751 1.29722
8.93148 49.2179 1.29722
8.89438 48.7403 1.29722
8.90067 48.48 1.29722
8.91751 48.3577 1.29722
8.94111 48.3036 1.29722
8.96647 48.2489 1.29722
8.98709 48.1968 1.29722
8.98644 48.1469 1.29722
8.94816 48.0929 1.29722
8.86545 48.035 1.29722
8.76011 47.9783 1.29722
8.65745 47.9315 1.29722
8.51205 47.8672 1.29722
8.45545 47.8392 1.29722
8.39975 47.8094 1.29722
8.34501 47.7778 1.29722
8.29131 47.7446 1.29722
8.23868 47.7096 1.29722
8.18718 47.673 1.29722
8.13687 47.6348 1.29722
8.07948 47.5871 1.29722
8.00679 47.5226 1.29722
7.90367 47.4373 1.29722
7.78103 47.3532 1.29722
7.64889 47.2934 1.29722
7.53711 47.2724 1.29722
7.44628 47.2779 1.29722
7.31649 47.3081 1.29722
7.25662 47.321 1.29722
7.1945 47.3325 1.29722
7.13204 47.342 1.29722
7.06932 47.3496 1.29722
7.00638 47.3552 1.29722
6.94331 47.3588 1.29722
6.88015 47.3604 1.29722
6.81697 47.36 1.29722
6.75383 47.3576 1.29722
6.6908 47.3532 1.29722
6.62795 47.3468 1.29722
6.56532 47.3384 1.29722
6.503 47.3281 1.29722
6.44103 47.3158 1.29722
6.37948 47.3015 1.29722
6.31841 47.2853 1.29722
6.25789 47.2672 1.29722
6.19797 47.2471 1.29722
6.14048 47.2261 1.29722
6.0887 47.2061 1.29722
6.04561 47.1907 1.29722
6.00856 47.1827 1.29722
5.97027 47.1824 1.29722
5.92381 47.1872 1.29722
5.86809 47.1939 1.29722
5.80689 47.2 1.29722
5.74387 47.2045 1.29722
5.68074 47.207 1.29722
5.61807 47.2075 1.29722
5.53551 47.2335 1.29722
5.41503 47.3129 1.29722
5.22397 47.4967 1.29722
4.99693 47.7572 1.29722
4.77516 48.0634 1.29722
4.65745 48.3107 1.29722
4.67729 48.4569 1.29722
4.83818 48.4673 1.29722
5.05754 48.3897 1.29722
5.2586 48.2784 1.29722
5.39519 48.1827 1.29722
5.47665 48.1167 1.29722
5.5324 48.0693 1.29722
5.58233 48.0304 1.29722
5.63336 47.9932 1.29722
5.68555 47.9576 1.29722
5.73884 47.9236 1.29722
5.79318 47.8914 1.29722
5.8485 47.8609 1.29722
5.90477 47.8321 1.29722
5.96191 47.8052 1.29722
6.01988 47.78 1.29722
6.07862 47.7568 1.29722
6.13806 47.7354 1.29722
6.19815 47.7158 1.29722
6.25882 47.6982 1.29722
6.32002 47.6825 1.29722
6.38169 47.6688 1.29722
6.44376 47.657 1.29722
6.50617 47.6472 1.29722
6.56887 47.6393 1.29722
6.63177 47.6335 1.29722
6.69484 47.6296 1.29722
6.75598 47.6276 1.29722
6.86113 47.6262 1.29722
6.90552 47.6243 1.29722
6.95108 47.6204 1.29722
7.05568 47.6104 1.29722
7.10547 47.6836 1.29722
7.147 47.9121 1.29722
7.18113 48.3694 1.29722
7.19408 48.9054 1.29722
7.16903 49.364 1.29722
7.06959 49.6178 1.29722
6.8991 49.7494 1.29722
6.64121 49.871 1.29722
5.99314 50.2044 1.29722
5.67954 50.3437 1.29722
5.40667 50.4477 1.29722
5.19434 50.5125 1.29722
4.82694 50.6129 1.29722
4.49381 50.5902 1.29722
4.69381 50.5902 1.29722
4.69381 50.5902 1.29722
4.63523 50.7316 1.31637
4.49381 50.7902 1.33551
4.35239 50.7316 1.35466
4.29381 50.5902 1.37381
4.35239 50.4488 1.39296
4.49381 50.3902 1.41211
4.63523 50.4488 1.43126
4.69381 50.5902 1.45041
4.63523 50.7316 1.46956
4.49381 50.7902 1.48871
4.35239 50.7316 1.50786
4.29381 50.5902 1.527
4.35239 50.4488 1.54615
4.49381 50.3902 1.5653
4.63523 50.4488 1.58445
4.69381 50.5902 1.6036
4.63523 50.7316 1.62275
4.49381 50.7902 1.6419
4.35239 50.7316 1.66105
4.29381 50.5902 1.6802
4.35239 50.4488 1.69934
4.49381 50.3902 1.71849
4.63523 50.4488 1.73764
4.69381 50.5902 1.75679
4.63523 50.7316 1.77594
4.49381 50.7902 1.79509
4.35239 50.7316 1.81424
4.29381 50.5902 1.83339
4.35239 50.4488 1.85254
4.49381 50.3902 1.87169
4.63523 50.4488 1.89083
4.69381 50.5902 1.90998
4.63523 50.7316 1.92913
4.49381 50.7902 1.94828
4.35239 50.7316 1.96743
4.29381 50.5902 1.98658
4.35239 50.4488 2.00573
4.49381 50.3902 2.02488
4.63523 50.4488 2.04403
4.69381 50.5902 2.06317
4.63523 50.7316 2.08232
4.49381 50.7902 2.10147
4.35239 50.7316 2.12062
4.29381 50.5902 2.13977
4.35239 50.4488 2.15892
4.49381 50.3902 2.17807
4.63523 50.4488 2.19722
4.49381 50.5902 2.19722
4.11959 50.6458 2.19722
3.79616 50.7219 2.19722
3.54935 50.8125 2.19722
3.3737 50.8632 2.19722
3.25323 50.788 2.19722
3.15805 50.5208 2.19722
3.04697 50.0815 2.19722
2.90093 49.5822 2.19722
2.72299 49.1324 2.19722
2.56464 48.7887 2.19722
2.45825 48.5176 2.19722
2.44383 48.278 2.19722
2.52971 48.0047 2.19722
2.73256 47.6588 2.19722
3.02293 47.238 2.19722
3.8467 46.1145 2.19722
4.04972 45.8574 2.19722
4.28422 45.6332 2.19722
4.57564 45.4371 2.19722
4.88537 45.2898 2.19722
5.17348 45.1815 2.19722
5.43061 45.0973 2.19722
5.69869 45.0183 2.19722
6.02735 44.9508 2.19722
6.41511 44.9198 2.19722
6.83062 44.9384 2.19722
7.24053 44.9961 2.19722
7.65494 45.0839 2.19722
8.09568 45.2165 2.19722
8.54526 45.4224 2.19722
8.96685 45.6979 2.19722
9.31564 45.9995 2.19722
9.6109 46.2945 2.19722
9.87703 46.5694 2.19722
10.1647 46.8556 2.19722
10.4745 47.1509 2.19722
11.4525 48.0442 2.19722
11.6879 48.2789 2.19722
11.8635 48.4994 2.19722
11.9874 48.7336 2.19722
12.0587 49.002 2.19722
12.0552 49.2987 2.19722
11.956 49.616 2.19722
11.7747 49.9523 2.19722
11.5214 50.2758 2.19722
11.1763 50.5425 2.19722
10.7491 50.7033 2.19722
10.266 50.6892 2.19722
9.83484 50.4537 2.19722
9.4873 49.9672 2.19722
9.24983 49.3884 2.19722
9.06058 48.8542 2.19722
8.88421 48.4868 2.19722
8.69355 48.2265 2.19722
8.50378 48.0321 2.19722
8.35016 47.88 2.19722
8.17102 47.7068 2.19722
8.11082 47.6442 2.19722
7.83656 47.334 2.19722
7.72868 47.2188 2.19722
7.63666 47.1342 2.19722
7.5699 47.0975 2.19722
7.51323 47.0894 2.19722
7.45696 47.0951 2.19722
7.39589 47.1003 2.19722
7.33281 47.1039 2.19722
7.26965 47.1055 2.19722
7.20648 47.1051 2.19722
7.14334 47.1027 2.19722
7.08031 47.0983 2.19722
7.01746 47.0919 2.19722
6.95483 47.0836 2.19722
6.89251 47.0732 2.19722
6.83054 47.0609 2.19722
6.76899 47.0466 2.19722
6.70792 47.0304 2.19722
6.6474 47.0123 2.19722
6.58748 46.9923 2.19722
6.47234 46.9494 2.19722
6.41886 46.9324 2.19722
6.3593 46.9268 2.19722
6.28148 46.9374 2.19722
6.1741 46.9655 2.19722
5.77477 47.0893 2.19722
5.67195 47.1183 2.19722
5.63017 47.1353 2.19722
5.58618 47.1688 2.19722
5.52121 47.2414 2.19722
5.42852 47.3599 2.19722
4.94407 48.011 2.19722
4.83265 48.1702 2.19722
4.7569 48.2957 2.19722
4.73993 48.3593 2.19722
4.77058 48.3748 2.19722
4.83112 48.3617 2.19722
4.97229 48.3242 2.19722
5.2169 48.2673 2.19722
5.301 48.2452 2.19722
5.37476 48.224 2.19722
5.56591 48.1638 2.19722
5.72311 48.1109 2.19722
5.89466 48.05 2.19722
6.04927 47.9904 2.19722
6.154 47.9445 2.19722
6.22675 47.9078 2.19722
6.28274 47.8776 2.19722
6.3393 47.8488 2.19722
6.39628 47.8221 2.19722
6.45427 47.797 2.19722
6.51303 47.7738 2.19722
6.5725 47.7524 2.19722
6.6326 47.733 2.19722
6.6933 47.7154 2.19722
6.75452 47.6998 2.19722
6.8162 47.6861 2.19722
6.87828 47.6744 2.19722
6.94071 47.6647 2.19722
7.00341 47.6569 2.19722
7.06632 47.6511 2.19722
7.12939 47.6473 2.19722
7.19254 47.6455 2.19722
7.25451 47.6456 2.19722
7.31171 47.6471 2.19722
7.36679 47.7434 2.19722
7.42372 48.0276 2.19722
7.48005 48.5857 2.19722
7.50767 49.2091 2.19722
7.46856 49.6963 2.19722
7.34881 49.8707 2.19722
7.14865 49.8841 2.19722
6.89557 49.8692 2.19722
6.59547 49.9328 2.19722
6.28986 50.0269 2.19722
5.99656 50.122 2.19722
5.20626 50.3539 2.19722
4.49381 50.5902 2.19722
4.2836 50.4099 2.19722
4.4836 50.4099 2.19722
4.4836 50.4099 2.19722
4.42502 50.5513 2.21637
4.2836 50.6099 2.23551
4.14218 50.5513 2.25466
4.0836 50.4099 2.27381
4.14218 50.2685 2.29296
4.2836 50.2099 2.31211
4.42502 50.2685 2.33126
4.4836 50.4099 2.35041
4.42502 50.5513 2.36956
4.2836 50.6099 2.38871
4.14218 50.5513 2.40786
4.0836 50.4099 2.427
4.14218 50.2685 2.44615
4.2836 50.2099 2.4653
4.42502 50.2685 2.48445
4.4836 50.4099 2.5036
4.42502 50.5513 2.52275
4.2836 50.6099 2.5419
4.14218 50.5513 2.56105
4.0836 50.4099 2.5802
4.14218 50.2685 2.59934
4.2836 50.2099 2.61849
4.42502 50.2685 2.63764
4.4836 50.4099 2.65679
4.42502 50.5513 2.67594
4.2836 50.6099 2.69509
4.14218 50.5513 2.71424
4.0836 50.4099 2.73339
4.14218 50.2685 2.75254
4.2836 50.2099 2.77169
4.42502 50.2685 2.79083
4.4836 50.4099 2.80998
4.42502 50.5513 2.82913
4.2836 50.6099 2.84828
4.14218 50.5513 2.86743
4.0836 50.4099 2.88658
4.14218 50.2685 2.90573
4.2836 50.2099 2.92488
4.42502 50.2685 2.94403
4.4836 50.4099 2.96317
4.42502 50.5513 2.98232
4.2836 50.6099 3.00147
4.14218 50.5513 3.02062
4.0836 50.4099 3.03977
4.14218 50.2685 3.05892
4.2836 50.2099 3.07807
4.42502 50.2685 3.09722
4.2836 50.4099 3.09722
3.89094 50.3534 3.09722
3.57102 50.2381 3.09722
3.33617 50.0278 3.09722
3.15801 49.7275 3.09722
2.99801 49.3303 3.09722
2.87748 48.8685 3.09722
2.82615 48.3819 3.09722
2.86816 47.9302 3.09722
2.96947 47.5439 3.09722
3.20131 46.9169 3.09722
3.31531 46.584 3.09722
3.47351 46.2084 3.09722
3.70841 45.8426 3.09722
4.03597 45.5414 3.09722
4.42336 45.3313 3.09722
4.8212 45.1826 3.09722
5.18772 45.0658 3.09722
5.51204 44.9748 3.09722
5.85085 44.927 3.09722
6.28004 44.9493 3.09722
6.86313 45.0554 3.09722
7.54508 45.2371 3.09722
8.22793 45.482 3.09722
8.80442 45.7536 3.09722
9.29855 46.0652 3.09722
9.7386 46.4024 3.09722
10.1755 46.7742 3.09722
10.5694 47.1344 3.09722
10.9229 47.4822 3.09722
11.2323 47.8198 3.09722
11.5063 48.1403 3.09722
11.7193 48.4033 3.09722
11.8504 48.5744 3.09722
11.92 48.6939 3.09722
11.9584 48.8202 3.09722
11.9791 48.9991 3.09722
11.9564 49.2025 3.09722
11.8546 49.4216 3.09722
11.6687 49.653 3.09722
11.4011 49.9382 3.09722
11.0765 50.2469 3.09722
10.6695 50.5215 3.09722
10.1838 50.6532 3.09722
9.62471 50.6085 3.09722
9.07355 50.4146 3.09722
8.63352 50.1126 3.09722
8.38158 49.7178 3.09722
8.32519 49.1951 3.09722
8.35466 48.6441 3.09722
8.35085 48.1487 3.09722
8.2124 47.8069 3.09722
7.92382 47.5482 3.09722
7.51903 47.3407 3.09722
7.04029 47.1607 3.09722
6.57045 47.044 3.09722
6.16212 46.9933 3.09722
5.88145 46.994 3.09722
5.70676 47.0181 3.09722
5.61107 47.044 3.09722
5.54228 47.0637 3.09722
5.48053 47.0791 3.09722
5.41436 47.0996 3.09722
5.34196 47.1332 3.09722
5.27322 47.1863 3.09722
5.2168 47.2544 3.09722
5.1809 47.3273 3.09722
5.15959 47.3966 3.09722
5.12254 47.5793 3.09722
5.10877 47.639 3.09722
5.09301 47.6991 3.09722
5.07516 47.7597 3.09722
5.05541 47.8197 3.09722
5.03377 47.8791 3.09722
5.01026 47.9377 3.09722
4.98491 47.9956 3.09722
4.95775 48.0526 3.09722
4.9295 48.1077 3.09722
4.90308 48.1572 3.09722
4.88485 48.1947 3.09722
4.88263 48.2141 3.09722
4.90143 48.2139 3.09722
4.93954 48.1988 3.09722
4.99052 48.1761 3.09722
5.04734 48.1518 3.09722
5.10615 48.1287 3.09722
5.16565 48.1074 3.09722
5.2307 48.0869 3.09722
5.30627 48.0658 3.09722
5.50226 48.0157 3.09722
5.62618 47.9811 3.09722
5.77729 47.9339 3.09722
6.23331 47.7834 3.09722
6.3342 47.7525 3.09722
6.40565 47.7328 3.09722
6.44807 47.8006 3.09722
6.44915 48.0367 3.09722
6.39927 48.5214 3.09722
6.31644 49.0927 3.09722
6.21392 49.59 3.09722
6.0974 49.8628 3.09722
5.91855 50.0052 3.09722
5.6446 50.1067 3.09722
5.26571 50.2242 3.09722
4.87094 50.3258 3.09722
4.53653 50.3841 3.09722
4.2836 50.4099 3.09722
4.08485 50.7955 3.09722
4.28485 50.7955 3.09722
4.28485 50.7955 3.09722
4.22627 50.9369 3.11637
4.08485 50.9955 3.13551
3.94343 50.9369 3.15466
3.88485 50.7955 3.17381
3.94343 50.654 3.19296
4.08485 50.5955 3.21211
4.22627 50.654 3.23126
4.28485 50.7955 3.25041
4.22627 50.9369 3.26956
4.08485 50.9955 3.28871
3.94343 50.9369 3.30786
3.88485 50.7955 3.327
3.94343 50.654 3.34615
4.08485 50.5955 3.3653
4.22627 50.654 3.38445
4.28485 50.7955 3.4036
4.22627 50.9369 3.42275
4.08485 50.9955 3.4419
3.94343 50.9369 3.46105
3.88485 50.7955 3.4802
3.94343 50.654 3.49934
4.08485 50.5955 3.51849
4.22627 50.654 3.53764
4.28485 50.7955 3.55679
4.22627 50.9369 3.57594
4.08485 50.9955 3.59509
3.94343 50.9369 3.61424
3.88485 50.7955 3.63339
3.94343 50.654 3.65254
4.08485 50.5955 3.67169
4.22627 50.654 3.69083
4.28485 50.7955 3.70998
4.22627 50.9369 3.72913
4.08485 50.9955 3.74828
3.94343 50.9369 3.76743
3.88485 50.7955 3.78658
3.94343 50.654 3.80573
4.08485 50.5955 3.82488
4.22627 50.654 3.84403
4.28485 50.7955 3.86317
4.22627 50.9369 3.88232
4.08485 50.9955 3.90147
3.94343 50.9369 3.92062
3.88485 50.7955 3.93977
3.94343 50.654 3.95892
4.08485 50.5955 3.97807
4.22627 50.654 3.99722
4.08485 50.7955 3.99722
3.9192 50.8152 3.99722
3.78367 50.8212 3.99722
3.67262 50.7671 3.99722
3.55898 50.6121 3.99722
3.40825 50.3289 3.99722
3.01254 49.5421 3.99722
2.80912 49.1041 3.99722
2.64693 48.6507 3.99722
2.55989 48.1818 3.99722
2.55435 47.7354 3.99722
2.61537 47.3225 3.99722
2.73107 46.9638 3.99722
2.90463 46.6348 3.99722
3.1192 46.3459 3.99722
3.35655 46.103 3.99722
3.5967 45.9181 3.99722
3.85158 45.7677 3.99722
4.45105 45.448 3.99722
4.78167 45.2623 3.99722
5.11423 45.1067 3.99722
5.46773 45.0236 3.99722
5.90924 45.0445 3.99722
6.46012 45.14 3.99722
8.47409 45.5617 3.99722
9.04519 45.7036 3.99722
9.52568 45.8732 3.99722
9.916 46.0896 3.99722
10.2632 46.3692 3.99722
10.5714 46.7037 3.99722
10.8415 47.091 3.99722
11.0709 47.5095 3.99722
11.2654 47.9207 3.99722
11.4251 48.2867 3.99722
11.5482 48.617 3.99722
11.617 48.9562 3.99722
11.6039 49.3259 3.99722
11.4645 49.7119 3.99722
11.1977 50.0422 3.99722
10.8332 50.2715 3.99722
10.4489 50.3583 3.99722
10.1005 50.2754 3.99722
9.81878 49.9902 3.99722
9.58093 49.4828 3.99722
9.38528 48.9075 3.99722
9.23507 48.414 3.99722
9.14589 48.1406 3.99722
9.08302 48.0014 3.99722
8.98403 47.908 3.99722
8.79485 47.7895 3.99722
8.46045 47.6529 3.99722
8.01283 47.5213 3.99722
7.49793 47.4023 3.99722
6.31751 47.1688 3.99722
6.05177 47.1228 3.99722
5.84555 47.099 3.99722
5.70477 47.1068 3.99722
5.58904 47.1425 3.99722
5.12437 47.3634 3.99722
4.95899 47.4472 3.99722
4.8087 47.5374 3.99722
4.68258 47.6427 3.99722
4.59557 47.7771 3.99722
4.5567 47.9344 3.99722
4.57051 48.0992 3.99722
4.62353 48.2291 3.99722
4.70143 48.2972 3.99722
4.78099 48.2972 3.99722
4.85267 48.2567 3.99722
4.96297 48.1598 3.99722
5.01208 48.1193 3.99722
5.0621 48.0807 3.99722
5.11331 48.0437 3.99722
5.16567 48.0084 3.99722
5.21912 47.9747 3.99722
5.27361 47.9427 3.99722
5.32908 47.9125 3.99722
5.38548 47.884 3.99722
5.44275 47.8573 3.99722
5.50084 47.8325 3.99722
5.55968 47.8095 3.99722
5.61923 47.7883 3.99722
5.67941 47.7691 3.99722
5.74147 47.7515 3.99722
5.80615 47.7352 3.99722
5.87413 47.7199 3.99722
5.94219 47.706 3.99722
6.00867 47.6939 3.99722
6.07197 47.684 3.99722
6.13442 47.6761 3.99722
6.1968 47.6702 3.99722
6.25985 47.6662 3.99722
6.323 47.6642 3.99722
6.38618 47.6642 3.99722
6.44933 47.6662 3.99722
6.51239 47.6702 3.99722
6.57528 47.6761 3.99722
6.63796 47.6841 3.99722
6.71102 47.6965 3.99722
6.80282 47.7154 3.99722
6.94347 47.8211 3.99722
7.12888 48.0858 3.99722
7.35323 48.5817 3.99722
7.53731 49.1432 3.99722
7.61697 49.6102 3.99722
7.52406 49.8202 3.99722
7.27443 49.8515 3.99722
6.90962 49.8169 3.99722
6.50975 49.8457 3.99722
6.10174 49.9908 3.99722
5.69675 50.2163 3.99722
5.23498 50.461 3.99722
4.69602 50.6514 3.99722
4.08485 50.7955 3.99722
3.76823 50.9613 3.99722
3.96823 50.9613 3.99722
3.96823 50.9613 3.99722
3.90965 51.1027 4.01637
3.76823 51.1613 4.03551
3.62681 51.1027 4.05466
3.56823 50.9613 4.07381
3.62681 50.8199 4.09296
3.76823 50.7613 4.11211
3.90965 50.8199 4.13126
3.96823 50.9613 4.15041
3.90965 51.1027 4.16956
3.76823 51.1613 4.18871
3.62681 51.1027 4.20786
3.56823 50.9613 4.227
3.62681 50.8199 4.24615
3.76823 50.7613 4.2653
3.90965 50.8199 4.28445
3.96823 50.9613 4.3036
3.90965 51.1027 4.32275
3.76823 51.1613 4.3419
3.62681 51.1027 4.36105
3.56823 50.9613 4.3802
3.62681 50.8199 4.39934
3.76823 50.7613 4.41849
3.90965 50.8199 4.43764
3.96823 50.9613 4.45679
3.90965 51.1027 4.47594
3.76823 51.1613 4.49509
3.62681 51.1027 4.51424
3.56823 50.9613 4.53339
3.62681 50.8199 4.55254
3.76823 50.7613 4.57168
3.90965 50.8199 4.59083
3.96823 50.9613 4.60998
3.90965 51.1027 4.62913
3.76823 51.1613 4.64828
3.62681 51.1027 4.66743
3.56823 50.9613 4.68658
3.62681 50.8199 4.70573
3.76823 50.7613 4.72488
3.90965 50.8199 4.74403
3.96823 50.9613 4.76317
3.90965 51.1027 4.78232
3.76823 51.1613 4.80147
3.62681 51.1027 4.82062
3.56823 50.9613 4.83977
3.62681 50.8199 4.85892
3.76823 50.7613 4.87807
3.90965 50.8199 4.89722
3.76823 50.9613 4.89722
3.24519 50.0701 4.89722
2.98711 49.6651 4.89722
2.727 49.3098 4.89722
2.48151 49.0093 4.89722
2.2719 48.6974 4.89722
2.17297 48.3329 4.89722
2.24618 47.9031 4.89722
2.50279 47.4905 4.89722
2.90139 47.1619 4.89722
3.3571 46.9366 4.89722
3.82887 46.7607 4.89722
4.27428 46.5813 4.89722
4.70048 46.3795 4.89722
5.0836 46.173 4.89722
5.4146 45.9827 4.89722
5.67933 45.8158 4.89722
5.9352 45.664 4.89722
6.25304 45.5478 4.89722
6.69737 45.4962 4.89722
7.21979 45.5304 4.89722
7.74756 45.6167 4.89722
8.20928 45.7223 4.89722
8.64516 45.8468 4.89722
9.07512 46.0167 4.89722
9.52793 46.2599 4.89722
9.91728 46.5305 4.89722
10.2032 46.7716 4.89722
10.2619 46.8776 4.89722
10.0848 46.8446 4.89722
9.63667 46.6913 4.89722
9.04255 46.515 4.89722
8.37885 46.3515 4.89722
7.77631 46.2376 4.89722
7.24962 46.1721 4.89722
6.81871 46.1788 4.89722
6.45929 46.2613 4.89722
6.20312 46.4377 4.89722
6.07299 46.693 4.89722
6.10866 47.0014 4.89722
6.31162 47.2958 4.89722
6.70548 47.5393 4.89722
7.26307 47.7205 4.89722
7.93589 47.8661 4.89722
9.15887 48.0826 4.89722
9.5777 48.1503 4.89722
9.91096 48.1988 4.89722
10.2477 48.2425 4.89722
10.5948 48.2791 4.89722
10.9198 48.293 4.89722
11.1507 48.2814 4.89722
11.2948 48.2788 4.89722
11.3766 48.3491 4.89722
11.4357 48.5079 4.89722
11.4862 48.7448 4.89722
11.5216 49.0097 4.89722
11.5321 49.3014 4.89722
11.4942 49.5834 4.89722
11.3926 49.8405 4.89722
11.2164 50.0325 4.89722
10.9806 50.1694 4.89722
10.7151 50.2518 4.89722
10.4351 50.2916 4.89722
10.119 50.2912 4.89722
9.72626 50.2639 4.89722
9.26694 50.2208 4.89722
8.80056 50.1703 4.89722
8.39912 50.1168 4.89722
7.75358 50.0079 4.89722
7.40509 49.9699 4.89722
6.99014 49.9802 4.89722
6.46789 50.0645 4.89722
5.87403 50.2168 4.89722
5.25364 50.4011 4.89722
4.69433 50.5874 4.89722
4.20546 50.7725 4.89722
3.76823 50.9613 4.89722
4.65421 50.3819 4.89722
4.85421 50.3819 4.89722
4.85421 50.3819 4.89722
4.79563 50.5233 4.91637
4.65421 50.5819 4.93551
4.51278 50.5233 4.95466
4.45421 50.3819 4.97381
4.51278 50.2405 4.99296
4.65421 50.1819 5.01211
4.79563 50.2405 5.03126
4.85421 50.3819 5.05041
4.79563 50.5233 5.06956
4.65421 50.5819 5.08871
4.51278 50.5233 5.10786
4.45421 50.3819 5.127
4.51278 50.2405 5.14615
4.65421 50.1819 5.1653
4.79563 50.2405 5.18445
4.85421 50.3819 5.2036
4.79563 50.5233 5.22275
4.65421 50.5819 5.2419
4.51278 50.5233 5.26105
4.45421 50.3819 5.2802
4.51278 50.2405 5.29934
4.65421 50.1819 5.31849
4.79563 50.2405 5.33764
4.85421 50.3819 5.35679
4.79563 50.5233 5.37594
4.65421 50.5819 5.39509
4.51278 50.5233 5.41424
4.45421 50.3819 5.43339
4.51278 50.2405 5.45254
4.65421 50.1819 5.47168
4.79563 50.2405 5.49083
4.85421 50.3819 5.50998
4.79563 50.5233 5.52913
4.65421 50.5819 5.54828
4.51278 50.5233 5.56743
4.45421 50.3819 5.58658
4.51278 50.2405 5.60573
4.65421 50.1819 5.62488
4.79563 50.2405 5.64403
4.85421 50.3819 5.66317
4.79563 50.5233 5.68232
4.65421 50.5819 5.70147
4.51278 50.5233 5.72062
4.45421 50.3819 5.73977
4.51278 50.2405 5.75892
4.65421 50.1819 5.77807
4.79563 50.2405 5.79722
4.65421 50.3819 5.79722
4.2915 50.625 5.79722
4.00752 50.797 5.79722
3.80607 50.8453 5.79722
3.63097 50.7457 5.79722
3.39685 50.4836 5.79722
3.08213 50.1051 5.79722
2.69723 49.6908 5.79722
2.33754 49.3524 5.79722
2.06498 49.1345 5.79722
1.92777 49.0052 5.79722
1.89313 48.8727 5.79722
1.93701 48.6485 5.79722
2.04082 48.334 5.79722
2.19586 47.9775 5.79722
2.37622 47.6648 5.79722
2.54118 47.4258 5.79722
2.67417 47.2686 5.79722
2.81479 47.1766 5.79722
3.04626 47.146 5.79722
3.44457 47.1658 5.79722
3.96538 47.2313 5.79722
4.4753 47.3266 5.79722
4.8384 47.4918 5.79722
5.0491 47.7352 5.79722
5.20819 48.0571 5.79722
5.40025 48.3417 5.79722
5.66008 48.5143 5.79722
5.95462 48.5298 5.79722
6.27165 48.4474 5.79722
6.58856 48.3184 5.79722
6.93011 48.1924 5.79722
7.30821 48.0942 5.79722
7.76782 48.0561 5.79722
8.29267 48.083 5.79722
8.88388 48.1646 5.79722
10.4383 48.4265 5.79722
10.7189 48.4984 5.79722
10.8747 48.5923 5.79722
10.9365 48.7018 5.79722
10.9526 48.8203 5.79722
10.9379 48.9617 5.79722
10.8804 49.1629 5.79722
10.7498 49.4513 5.79722
10.5161 49.7564 5.79722
10.2034 50.009 5.79722
9.83689 50.139 5.79722
9.48812 50.1869 5.79722
9.14171 50.1827 5.79722
8.80338 50.1686 5.79722
8.4123 50.1413 5.79722
8.01398 50.098 5.79722
7.62082 50.0327 5.79722
6.97184 49.8706 5.79722
6.70463 49.8274 5.79722
6.46426 49.8407 5.79722
6.22447 49.8993 5.79722
5.66929 50.0897 5.79722
5.38439 50.1811 5.79722
5.12738 50.2558 5.79722
4.65421 50.3819 5.79722
4.03848 50.4459 5.79722
4.23848 50.4459 5.79722
4.23848 50.4459 5.79722
4.1799 50.5873 5.81637
4.03848 50.6459 5.83551
3.89706 50.5873 5.85466
3.83848 50.4459 5.87381
3.89706 50.3045 5.89296
4.03848 50.2459 5.91211
4.1799 50.3045 5.93126
4.23848 50.4459 5.95041
4.1799 50.5873 5.96956
4.03848 50.6459 5.98871
3.89706 50.5873 6.00786
3.83848 50.4459 6.027
3.89706 50.3045 6.04615
4.03848 50.2459 6.0653
4.1799 50.3045 6.08445
4.23848 50.4459 6.1036
4.1799 50.5873 6.12275
4.03848 50.6459 6.1419
3.89706 50.5873 6.16105
3.83848 50.4459 6.1802
3.89706 50.3045 6.19934
4.03848 50.2459 6.21849
4.1799 50.3045 6.23764
4.23848 50.4459 6.25679
4.1799 50.5873 6.27594
4.03848 50.6459 6.29509
3.89706 50.5873 6.31424
3.83848 50.4459 6.33339
3.89706 50.3045 6.35254
4.03848 50.2459 6.37169
4.1799 50.3045 6.39083
4.23848 50.4459 6.40998
4.1799 50.5873 6.42913
4.03848 50.6459 6.44828
3.89706 50.5873 6.46743
3.83848 50.4459 6.48658
3.89706 50.3045 6.50573
4.03848 50.2459 6.52488
4.1799 50.3045 6.54403
4.23848 50.4459 6.56317
4.1799 50.5873 6.58232
4.03848 50.6459 6.60147
3.89706 50.5873 6.62062
3.83848 50.4459 6.63977
3.89706 50.3045 6.65892
4.03848 50.2459 6.67807
4.1799 50.3045 6.69722
4.03848 50.4459 6.69722
3.73841 50.4921 6.69722
3.46376 50.4386 6.69722
3.22684 50.2443 6.69722
3.03309 49.9645 6.69722
2.55063 49.0699 6.69722
2.41532 48.7739 6.69722
2.35395 48.4702 6.69722
2.41829 48.141 6.69722
2.6584 47.8082 6.69722
3.06572 47.5422 6.69722
3.57989 47.4063 6.69722
4.04549 47.4047 6.69722
4.35942 47.4786 6.69722
4.47609 47.605 6.69722
4.46372 47.8012 6.69722
4.38435 48.0941 6.69722
4.29658 48.4504 6.69722
4.24322 48.8034 6.69722
4.26418 49.101 6.69722
4.38741 49.346 6.69722
4.59198 49.5271 6.69722
4.86054 49.6281 6.69722
5.17651 49.6157 6.69722
5.54871 49.5207 6.69722
7.18598 48.9648 6.69722
7.52205 48.8441 6.69722
7.84958 48.7147 6.69722
8.18554 48.5749 6.69722
8.52916 48.4509 6.69722
8.87338 48.3791 6.69722
9.23489 48.3836 6.69722
9.5965 48.4585 6.69722
9.94579 48.5793 6.69722
10.5321 48.8347 6.69722
10.7368 48.9454 6.69722
10.8029 49.081 6.69722
10.6877 49.2755 6.69722
10.3995 49.5194 6.69722
10.0501 49.7489 6.69722
9.73812 49.9111 6.69722
9.51621 49.9886 6.69722
9.32254 50.0054 6.69722
9.05634 49.9717 6.69722
8.68183 49.8831 6.69722
8.23013 49.7421 6.69722
7.79828 49.5946 6.69722
7.39564 49.5035 6.69722
6.99251 49.5152 6.69722
6.49789 49.6298 6.69722
5.91411 49.8135 6.69722
4.03848 50.4459 6.69722
4.03848 50.4459 -31.3028
