22
0
1
13
-5.84478 14.4237 -59.4626 -5.84415 14.4119 -59.4626 -5.84417 14.3466 -59.4626 -6.75461 14.6427 -59.4626 -6.71015 14.8027 -59.4626 -6.7099 14.8037 -59.4626 -6.66631 14.9608 -59.4626 -6.65752 14.9641 -59.4626 -6.65465 14.9653 -59.4626 -6.63665 14.9723 -59.4626 -6.49393 14.9651 -59.4626 -6.22797 15.0151 -59.4626 -5.84918 14.5207 -59.4626 
0
0
0
0
0
2
11
2.70313 14.6836 -54.0626 2.41223 14.8492 -54.0626 2.52863 15.1382 -54.0626 2.82192 15.5306 -54.0626 3.02523 15.2996 -54.0626 3.33621 14.9788 -54.0626 3.43672 14.8492 -54.0626 3.95827 14.3261 -54.0626 3.82207 14.2236 -54.0626 3.27217 14.333 -54.0626 3.15093 14.4052 -54.0626 
4
2.44131 16.0652 -54.0626 2.31555 16.2635 -54.0626 1.84159 16.8954 -54.0626 2.22583 16.2635 -54.0626 
0
1
6
0.917172 4.10855 -52.2626 0.825892 4.15279 -52.2626 1.2691 4.49193 -52.2626 1.31763 4.53947 -52.2626 1.33223 4.54987 -52.2626 1.3234 4.53539 -52.2626 
1
8
1.86515 5.51716 -51.3626 1.97399 5.31123 -51.3626 2.65014 5.64781 -51.3626 2.89704 6.15493 -51.3626 3.26202 6.61184 -51.3626 2.26481 5.9203 -51.3626 1.86516 5.65497 -51.3626 1.79447 5.67784 -51.3626 
0
1
5
0.508992 4.26459 -49.5626 1.24037 4.74015 -49.5626 1.27187 4.75906 -49.5626 1.14769 4.74489 -49.5626 0.632064 4.69506 -49.5626 
2
8
-0.203491 4.82528 -48.6626 -0.25699 4.52946 -48.6626 -0.265274 4.47545 -48.6626 0.168159 4.23752 -48.6626 0.168303 4.23743 -48.6626 0.487808 4.775 -48.6626 0.306792 4.81041 -48.6626 0.0971477 4.77991 -48.6626 
7
2.61251 13.3772 -48.6626 3.33549 13.5226 -48.6626 3.39145 13.5464 -48.6626 2.93338 13.6802 -48.6626 2.76214 13.7247 -48.6626 2.76147 13.7248 -48.6626 2.61185 13.377 -48.6626 
0
0
0
0
1
8
0.208246 10.1617 -44.1626 0.294312 10.158 -44.1626 0.322011 10.1589 -44.1626 1.16784 10.3729 -44.1626 1.17065 10.8422 -44.1626 0.322011 11.0547 -44.1626 0.216829 11.0454 -44.1626 0.208251 10.8543 -44.1626 
0
0
1
18
-0.478093 6.12565 -41.4626 -0.487603 6.34632 -41.4626 -0.4876 6.3816 -41.4626 -0.479322 6.45234 -41.4626 -0.462651 6.54934 -41.4626 -0.185771 7.57718 -41.4626 -0.184473 7.58115 -41.4626 -0.184376 7.5814 -41.4626 -0.0856126 8.04476 -41.4626 -0.0247175 8.23926 -41.4626 0.0641907 8.36292 -41.4626 0.0398354 8.13346 -41.4626 0.0132854 7.77818 -41.4626 -0.0150679 7.46169 -41.4626 -0.0997661 7.07107 -41.4626 -0.137529 6.59385 -41.4626 -0.16244 6.36396 -41.4626 -0.301844 6.25025 -41.4626 
