22
0
1
9
-8.06828 13.471 -59.4626 -7.00538 13.7192 -59.4626 -6.87824 13.7288 -59.4626 -5.7876 13.9796 -59.4626 -5.7769 13.9199 -59.4626 -5.6381 13.3094 -59.4626 -6.2523 13.2863 -59.4626 -6.58507 13.3484 -59.4626 -7.0054 13.4827 -59.4626 
0
0
0
0
3
20
2.9955 5.62722 -54.9626 3.00133 5.65685 -54.9626 3.00838 5.67738 -54.9626 3.61021 6.36396 -54.9626 3.49935 6.7444 -54.9626 3.89304 7.07986 -54.9626 4.08792 7.47431 -54.9626 4.52955 7.4147 -54.9626 4.45795 7.07107 -54.9626 4.09058 6.77913 -54.9626 3.84472 6.50017 -54.9626 3.73448 6.2695 -54.9626 3.47349 5.96524 -54.9626 3.37418 5.65685 -54.9626 3.26565 5.49542 -54.9626 3.09883 4.94975 -54.9626 2.69042 4.48799 -54.9626 2.68226 4.48429 -54.9626 2.68759 4.48999 -54.9626 2.99305 4.94975 -54.9626 
15
4.92968 8.56143 -54.9626 5.11638 9.19239 -54.9626 5.43076 9.42052 -54.9626 5.46519 9.42465 -54.9626 5.62129 9.4866 -54.9626 6.12022 9.8995 -54.9626 6.09258 10.4109 -54.9626 6.2287 9.8995 -54.9626 5.66184 9.45793 -54.9626 5.46518 9.09494 -54.9626 5.41295 8.99415 -54.9626 4.98659 8.52119 -54.9626 4.95081 8.44933 -54.9626 4.94468 8.44129 -54.9626 4.941 8.48528 -54.9626 
12
6.75729 11.3394 -54.9626 6.85675 11.4415 -54.9626 6.54857 12.3823 -54.9626 6.26041 12.7279 -54.9626 5.78421 13.2561 -54.9626 5.59566 13.435 -54.9626 5.53895 13.5007 -54.9626 5.58439 13.435 -54.9626 5.66793 13.2506 -54.9626 6.05595 12.7279 -54.9626 6.1287 12.0854 -54.9626 6.16525 12.0208 -54.9626 
2
29
-0.142958 3.72038 -54.0626 -0.222557 4.12955 -54.0626 -0.605844 4.62675 -54.0626 -0.806037 4.86828 -54.0626 -0.921682 5.04941 -54.0626 -0.924071 5.05677 -54.0626 -0.924172 5.0571 -54.0626 -0.976543 5.21867 -54.0626 -1.09167 5.61374 -54.0626 -1.25541 6.01243 -54.0626 -1.09168 5.87115 -54.0626 -0.57909 6.02204 -54.0626 -0.511037 6.00997 -54.0626 -0.498059 5.96474 -54.0626 -0.76654 5.3343 -54.0626 -0.766537 5.15909 -54.0626 -0.242718 4.96428 -54.0626 -0.146986 4.47067 -54.0626 -0.177791 4.32408 -54.0626 -0.177794 4.16121 -54.0626 -0.0512751 3.87688 -54.0626 0.322547 3.83746 -54.0626 0.440426 3.88692 -54.0626 0.841423 4.24264 -54.0626 1.44833 4.48671 -54.0626 0.938481 4.15072 -54.0626 0.612264 3.76541 -54.0626 0.481406 3.79749 -54.0626 0.322539 3.79287 -54.0626 
56
2.21048 4.94975 -54.0626 1.936 4.74901 -54.0626 1.78231 4.66968 -54.0626 2.0629 4.94975 -54.0626 2.22688 5.45214 -54.0626 2.26717 5.65685 -54.0626 2.37283 5.96477 -54.0626 2.48055 6.36396 -54.0626 2.53237 6.65034 -54.0626 2.57154 7.07107 -54.0626 2.9104 7.27564 -54.0626 3.15093 7.3819 -54.0626 3.35413 7.48351 -54.0626 3.99237 7.77817 -54.0626 3.91523 8.46965 -54.0626 3.91663 8.48528 -54.0626 3.98452 9.19239 -54.0626 4.21407 9.3673 -54.0626 4.48648 9.51121 -54.0626 4.56517 9.56769 -54.0626 4.62031 9.59702 -54.0626 5.10597 9.8995 -54.0626 5.1035 10.4891 -54.0626 5.12927 10.6066 -54.0626 5.17469 10.7744 -54.0626 5.28741 11.3137 -54.0626 5.09816 12.0208 -54.0626 5.08145 12.1227 -54.0626 5.09089 12.7279 -54.0626 4.81105 13.3457 -54.0626 4.77972 13.435 -54.0626 4.62767 13.654 -54.0626 4.62669 13.6555 -54.0626 4.62993 13.6524 -54.0626 4.87362 13.435 -54.0626 4.88905 13.4008 -54.0626 5.58237 12.7279 -54.0626 5.39436 11.6977 -54.0626 5.41114 11.3137 -54.0626 5.41501 10.9444 -54.0626 5.4254 10.6066 -54.0626 5.3975 10.2812 -54.0626 5.43731 9.8995 -54.0626 5.46406 9.56481 -54.0626 5.20567 9.00268 -54.0626 4.71103 8.12093 -54.0626 4.61231 8.00805 -54.0626 4.56513 7.86084 -54.0626 4.18555 7.24656 -54.0626 4.14899 7.07107 -54.0626 4.04935 6.99189 -54.0626 3.76611 6.56777 -54.0626 3.32496 6.08988 -54.0626 3.15094 5.86734 -54.0626 2.8187 5.65685 -54.0626 2.5846 5.19918 -54.0626 
2
97
-1.76591 6.64446 -53.1626 -1.21307 5.69252 -53.1626 -0.577465 4.70479 -53.1626 -0.544694 4.6796 -53.1626 -0.0693787 4.10958 -53.1626 0.404754 3.93674 -53.1626 0.617998 3.94293 -53.1626 0.836762 3.8893 -53.1626 1.1465 4.02403 -53.1626 1.28106 4.5564 -53.1626 1.4549 4.84127 -53.1626 1.63965 5.08956 -53.1626 2.23122 5.49491 -53.1626 2.25097 5.51114 -53.1626 2.66138 5.78128 -53.1626 2.99441 6.2892 -53.1626 3.36879 6.69526 -53.1626 3.58498 6.90513 -53.1626 3.6652 6.95463 -53.1626 4.14957 7.07302 -53.1626 4.08393 7.60379 -53.1626 4.23206 8.05729 -53.1626 4.42904 8.40706 -53.1626 4.54042 8.69524 -53.1626 4.83737 9.51062 -53.1626 5.02529 9.76663 -53.1626 5.01467 9.8995 -53.1626 5.00249 10.0163 -53.1626 4.82126 11.3023 -53.1626 4.79147 11.3462 -53.1626 4.39488 12.0208 -53.1626 4.66834 12.6084 -53.1626 4.72938 12.8043 -53.1626 4.44444 13.435 -53.1626 4.34471 13.524 -53.1626 4.16259 13.665 -53.1626 3.99816 13.9685 -53.1626 3.66519 14.158 -53.1626 3.32491 14.4869 -53.1626 2.75925 14.9928 -53.1626 2.49612 15.315 -53.1626 2.25094 15.4735 -53.1626 1.62836 16.1157 -53.1626 1.50015 16.1026 -53.1626 1.34575 16.1021 -53.1626 0.965708 16.1601 -53.1626 1.14094 15.9804 -53.1626 1.23782 15.8395 -53.1626 1.54855 15.5563 -53.1626 1.52227 15.072 -53.1626 1.73158 14.7744 -53.1626 2.3001 14.4285 -53.1626 2.84854 14.15 -53.1626 2.85704 14.1449 -53.1626 2.87115 14.1421 -53.1626 2.86846 14.1201 -53.1626 3.02876 13.4857 -53.1626 3.51666 13.6618 -53.1626 3.59126 13.6829 -53.1626 3.66517 13.6792 -53.1626 3.99035 13.5432 -53.1626 4.03156 13.4753 -53.1626 4.05953 13.435 -53.1626 4.13284 13.226 -53.1626 3.66516 13.1147 -53.1626 3.64415 13.0936 -53.1626 3.9093 12.925 -53.1626 4.29447 12.7279 -53.1626 4.35713 10.6066 -53.1626 4.37925 10.2234 -53.1626 4.38926 9.8995 -53.1626 3.89711 9.62327 -53.1626 3.66512 9.50224 -53.1626 3.53713 9.40472 -53.1626 3.34238 9.28347 -53.1626 3.22307 9.19239 -53.1626 3.20567 8.74569 -53.1626 3.1778 8.48528 -53.1626 3.15755 8.2589 -53.1626 3.08897 7.77817 -53.1626 2.38733 7.38926 -53.1626 2.25099 7.32109 -53.1626 1.99589 7.19885 -53.1626 1.2522 6.92461 -53.1626 1.14737 7.2903 -53.1626 1.0095 7.36554 -53.1626 1.00731 7.54873 -53.1626 0.836762 7.50004 -53.1626 0.556475 7.45244 -53.1626 0.335879 7.42569 -53.1626 -0.577501 7.1724 -53.1626 -0.702867 7.19901 -53.1626 -0.971688 7.20606 -53.1626 -1.24925 7.25005 -53.1626 -1.41189 7.24735 -53.1626 -1.777 7.15193 -53.1626 -1.777 7.11645 -53.1626 
30
-0.218047 10.8308 -53.1626 -0.174007 12.0128 -53.1626 -0.186481 12.0377 -53.1626 -0.342032 13.3082 -53.1626 -0.341864 13.5273 -53.1626 -0.354353 13.5706 -53.1626 -0.278186 14.6317 -53.1626 -0.244553 14.7825 -53.1626 -0.242918 14.7925 -53.1626 -0.216998 14.8876 -53.1626 0.042703 15.4981 -53.1626 0.194371 15.7536 -53.1626 0.0702909 15.4866 -53.1626 0.28716 15.1673 -53.1626 0.173797 14.7448 -53.1626 0.0939344 14.6678 -53.1626 -0.0468304 13.8839 -53.1626 0.0147181 13.8601 -53.1626 0.0147185 13.5604 -53.1626 0.0256494 13.3019 -53.1626 -0.0241485 13.2708 -53.1626 -0.0240687 12.9796 -53.1626 0.178963 12.2801 -53.1626 0.179415 12.2787 -53.1626 0.183235 12.2654 -53.1626 0.21058 11.8802 -53.1626 0.250274 11.7289 -53.1626 -0.118969 11.5314 -53.1626 -0.192974 10.7507 -53.1626 -0.232663 10.6829 -53.1626 
2
80
-2.251 7.06285 -52.2626 -1.47747 5.82772 -52.2626 -1.25954 5.4529 -52.2626 -1.04228 5.10555 -52.2626 -0.789024 4.96661 -52.2626 -0.923361 5.65685 -52.2626 -0.974186 6.15999 -52.2626 -0.0632601 6.41653 -52.2626 0.21428 6.54275 -52.2626 0.351305 6.63694 -52.2626 1.35098 6.89797 -52.2626 1.38949 6.82511 -52.2626 1.90377 5.7745 -52.2626 1.90377 5.5392 -52.2626 1.88978 5.01023 -52.2626 1.46414 4.65709 -52.2626 2.29884 5.25985 -52.2626 2.76514 5.67662 -52.2626 3.00611 6.17392 -52.2626 3.2877 6.36154 -52.2626 3.74548 6.63143 -52.2626 4.00421 6.88237 -52.2626 4.09397 6.90431 -52.2626 4.08328 6.99075 -52.2626 4.08328 7.31568 -52.2626 4.17012 8.17927 -52.2626 4.17376 8.18574 -52.2626 4.17937 8.20025 -52.2626 4.67279 8.74463 -52.2626 4.84353 9.11731 -52.2626 5.03771 9.40477 -52.2626 4.73733 10.0798 -52.2626 4.45579 10.4075 -52.2626 4.45474 10.8064 -52.2626 4.45915 11.1074 -52.2626 4.17933 11.5697 -52.2626 4.15657 11.6101 -52.2626 4.16423 12.4261 -52.2626 4.16812 12.4612 -52.2626 4.17935 12.4933 -52.2626 4.33414 13.1499 -52.2626 4.27813 13.321 -52.2626 4.17941 13.64 -52.2626 3.9715 13.8991 -52.2626 3.87009 14.0482 -52.2626 3.82647 14.1288 -52.2626 3.76665 14.1628 -52.2626 3.03023 14.7309 -52.2626 2.92315 14.9806 -52.2626 2.76517 15.054 -52.2626 2.05237 15.3336 -52.2626 1.60185 15.4605 -52.2626 1.43914 15.5664 -52.2626 1.35095 15.554 -52.2626 0.318822 15.1452 -52.2626 0.105826 15.1267 -52.2626 -0.0632617 14.4459 -52.2626 -0.118176 14.2443 -52.2626 -0.135603 14.1386 -52.2626 -0.137853 14.1285 -52.2626 -0.142949 14.0575 -52.2626 -0.142114 14.0546 -52.2626 -0.143078 12.8125 -52.2626 -0.119588 12.6268 -52.2626 0.0041054 12.3793 -52.2626 0.193124 11.6359 -52.2626 0.149232 11.0225 -52.2626 -0.0558702 10.6664 -52.2626 0.555473 10.478 -52.2626 0.668697 9.8995 -52.2626 0.78931 9.22915 -52.2626 0.793906 9.19239 -52.2626 0.798546 9.1491 -52.2626 0.606332 9.09977 -52.2626 -0.0632537 8.94724 -52.2626 -0.461796 8.94531 -52.2626 -0.989143 8.99901 -52.2626 -1.11177 8.97794 -52.2626 -1.67528 8.06995 -52.2626 -2.25183 7.0787 -52.2626 
41
1.15161 7.87175 -52.2626 1.35094 7.76298 -52.2626 2.31542 8.07654 -52.2626 2.36158 8.48528 -52.2626 2.38413 8.94264 -52.2626 1.86074 9.09595 -52.2626 2.44844 9.22725 -52.2626 2.58419 9.30067 -52.2626 2.76519 9.43749 -52.2626 3.34001 9.74541 -52.2626 3.6066 9.8995 -52.2626 3.60155 10.6066 -52.2626 3.57579 11.1994 -52.2626 3.57312 11.3137 -52.2626 3.56893 12.0208 -52.2626 3.54453 12.5915 -52.2626 3.53048 12.7279 -52.2626 2.93047 13.0334 -52.2626 2.76517 13.1377 -52.2626 2.52355 13.2838 -52.2626 2.13928 13.8579 -52.2626 2.07262 14.1421 -52.2626 1.97951 14.1895 -52.2626 1.88528 14.2467 -52.2626 1.35093 14.5139 -52.2626 1.2098 14.5152 -52.2626 1.20979 13.7691 -52.2626 1.12235 13.2669 -52.2626 1.12509 13.1608 -52.2626 1.12538 11.8534 -52.2626 1.13109 11.7424 -52.2626 0.792015 11.4233 -52.2626 0.901747 11.1157 -52.2626 0.901747 10.7228 -52.2626 1.11194 10.695 -52.2626 1.09123 10.4897 -52.2626 1.07638 10.3668 -52.2626 1.0764 9.43213 -52.2626 1.17918 9.33302 -52.2626 1.15479 8.96342 -52.2626 1.14926 8.90115 -52.2626 
2
58
-2.12153 7.60768 -51.3626 -1.79343 8.18066 -51.3626 -0.963243 9.5071 -51.3626 -0.341294 9.96952 -51.3626 -0.305579 10.5663 -51.3626 -0.228785 10.7012 -51.3626 -0.0281738 11.7843 -51.3626 -0.135983 12.1811 -51.3626 -0.141812 13.2788 -51.3626 -0.137879 13.5939 -51.3626 -0.0930867 13.8492 -51.3626 0.125578 14.504 -51.3626 0.129422 14.5344 -51.3626 0.17973 14.7369 -51.3626 0.450961 14.7605 -51.3626 0.985853 14.775 -51.3626 1.22751 14.7065 -51.3626 1.86519 14.6266 -51.3626 1.89989 14.6288 -51.3626 1.97101 14.6133 -51.3626 2.78462 14.5328 -51.3626 2.92736 14.4329 -51.3626 2.99918 14.398 -51.3626 3.27941 14.1994 -51.3626 3.39604 14.1259 -51.3626 3.81628 13.5615 -51.3626 3.86054 13.4185 -51.3626 3.92076 13.2346 -51.3626 4.36656 12.5364 -51.3626 4.36384 11.5071 -51.3626 4.37561 11.1286 -51.3626 4.37265 9.71232 -51.3626 4.6936 9.43561 -51.3626 4.95201 9.15938 -51.3626 5.01553 8.75271 -51.3626 4.88514 8.31005 -51.3626 4.69361 7.88629 -51.3626 4.38411 7.55963 -51.3626 4.3598 7.35411 -51.3626 4.34254 7.27954 -51.3626 3.28382 6.63124 -51.3626 3.27937 6.62871 -51.3626 3.27098 6.62303 -51.3626 3.26247 6.6124 -51.3626 3.26244 6.62307 -51.3626 3.26205 6.62934 -51.3626 3.26208 7.51281 -51.3626 2.34347 7.27887 -51.3626 2.20773 7.23796 -51.3626 1.86514 7.15674 -51.3626 1.18528 6.97645 -51.3626 0.999813 7.32735 -51.3626 0.450955 8.24009 -51.3626 -0.567873 7.9233 -51.3626 -0.668109 7.87527 -51.3626 -0.963269 7.72275 -51.3626 -1.87778 7.43534 -51.3626 -2.12153 7.31746 -51.3626 
16
2.84886 9.8995 -51.3626 2.84222 11.1689 -51.3626 2.83885 11.3137 -51.3626 2.83917 11.4564 -51.3626 2.7484 12.6494 -51.3626 2.74031 12.7279 -51.3626 2.70585 12.7454 -51.3626 2.68276 12.76 -51.3626 2.37273 12.915 -51.3626 2.37273 12.5408 -51.3626 2.26411 11.8964 -51.3626 2.10137 11.6927 -51.3626 2.097 10.6044 -51.3626 2.08282 10.2916 -51.3626 2.08282 9.50739 -51.3626 2.73248 9.83223 -51.3626 
1
45
0.227351 8.31374 -50.4626 -0.449097 9.36866 -50.4626 -0.553598 9.33514 -50.4626 -0.44909 9.41539 -50.4626 -0.24944 9.74873 -50.4626 -0.202695 10.0833 -50.4626 -0.160322 10.7049 -50.4626 -0.160322 11.0999 -50.4626 -0.0999679 11.5702 -50.4626 -0.111333 12.9763 -50.4626 -0.0311924 13.6041 -50.4626 -0.031193 13.8371 -50.4626 0.158796 13.998 -50.4626 0.965182 14.4047 -50.4626 1.2671 14.3331 -50.4626 1.26753 14.3329 -50.4626 1.73775 14.2838 -50.4626 1.93859 14.2968 -50.4626 1.94005 14.2967 -50.4626 2.37936 14.2008 -50.4626 2.86233 14.1365 -50.4626 3.08659 13.9511 -50.4626 3.17891 13.8886 -50.4626 3.7936 13.1864 -50.4626 3.91357 13.1139 -50.4626 4.02187 13.0705 -50.4626 4.51678 12.7294 -50.4626 4.51678 12.4169 -50.4626 4.5527 12.0317 -50.4626 4.5527 12.0099 -50.4626 4.55316 11.9935 -50.4626 4.56444 9.21156 -50.4626 4.58346 9.19123 -50.4626 4.58899 9.15586 -50.4626 4.57369 7.94229 -50.4626 4.37389 7.89377 -50.4626 4.27289 7.88541 -50.4626 3.7936 7.85667 -50.4626 3.26351 8.29161 -50.4626 2.9032 8.56069 -50.4626 2.37935 8.97134 -50.4626 2.12782 8.90278 -50.4626 1.29318 8.65795 -50.4626 1.20709 8.62185 -50.4626 0.965161 8.53463 -50.4626 
1
42
-0.0984673 10.2784 -49.5626 -0.554217 9.5428 -49.5626 0.0651502 9.73216 -49.5626 0.720274 9.34043 -49.5626 0.880144 9.43163 -49.5626 1.00529 9.49792 -49.5626 1.47935 9.73495 -49.5626 2.21522 9.74241 -49.5626 2.49875 9.54806 -49.5626 2.89357 9.25098 -49.5626 3.18369 9.30891 -49.5626 3.25078 9.32434 -49.5626 4.30781 9.61236 -49.5626 4.41625 9.61695 -49.5626 4.78102 9.62154 -49.5626 4.78124 10.1427 -49.5626 4.76832 10.8581 -49.5626 4.75601 11.0884 -49.5626 4.75601 11.539 -49.5626 4.6829 12.3552 -49.5626 4.63687 12.5868 -49.5626 4.63687 12.869 -49.5626 4.30781 13.2323 -49.5626 3.91965 13.3879 -49.5626 3.62368 13.5668 -49.5626 2.89359 13.8564 -49.5626 2.85176 13.8909 -49.5626 2.77886 13.9007 -49.5626 2.24982 14.009 -49.5626 2.24926 14.0092 -49.5626 1.47939 14.1728 -49.5626 0.734467 14.3522 -49.5626 0.203941 14.3193 -49.5626 0.184324 14.3211 -49.5626 0.122149 14.308 -49.5626 0.122149 13.9438 -49.5626 0.119534 13.9174 -49.5626 0.0651284 13.624 -49.5626 -0.0307335 13.059 -49.5626 -0.0167453 11.6348 -49.5626 -0.0167453 10.9927 -49.5626 -0.0247211 10.849 -49.5626 
0
1
28
-0.961997 5.09072 -47.7626 -0.839827 4.89517 -47.7626 -0.320658 4.38687 -47.7626 -0.022126 4.35766 -47.7626 -0.0103734 4.36373 -47.7626 0.0378912 4.3837 -47.7626 0.809492 5.25228 -47.7626 1.09361 5.37954 -47.7626 1.49508 5.53348 -47.7626 2.06454 5.53463 -47.7626 2.20805 5.58386 -47.7626 2.33268 5.58948 -47.7626 2.50779 5.65342 -47.7626 2.81838 5.96824 -47.7626 2.73762 6.01058 -47.7626 2.63804 6.07042 -47.7626 2.50781 6.03037 -47.7626 1.92808 5.87552 -47.7626 1.37804 5.65685 -47.7626 1.0936 5.5117 -47.7626 0.704148 5.32676 -47.7626 0.55795 5.25999 -47.7626 0.484672 5.22281 -47.7626 -0.191421 5.35365 -47.7626 -0.258741 5.36794 -47.7626 -0.320631 5.39325 -47.7626 -0.858427 5.10272 -47.7626 -0.963942 5.09344 -47.7626 
1
38
-1.29822 5.34885 -46.8626 -1.57069 5.83944 -46.8626 -1.56968 5.83993 -46.8626 -1.3199 5.9802 -46.8626 -1.22065 6.01548 -46.8626 -0.789241 6.14015 -46.8626 -0.40994 5.97693 -46.8626 -0.124737 5.86031 -46.8626 0.193567 5.79277 -46.8626 0.680597 5.97981 -46.8626 0.932695 6.06608 -46.8626 1.60778 6.18165 -46.8626 1.69349 6.13578 -46.8626 2.13648 6.36414 -46.8626 2.13687 6.36428 -46.8626 2.1384 6.36472 -46.8626 2.52422 6.45161 -46.8626 2.74706 6.52012 -46.8626 3.02202 6.35483 -46.8626 3.05701 6.33766 -46.8626 3.02202 6.31839 -46.8626 2.86808 6.14741 -46.8626 2.68511 5.97665 -46.8626 2.32734 5.7398 -46.8626 2.27212 5.70935 -46.8626 1.60776 5.84958 -46.8626 1.52573 5.84941 -46.8626 1.45907 5.82385 -46.8626 1.04832 5.7198 -46.8626 0.966554 5.62961 -46.8626 0.698699 5.34668 -46.8626 0.267626 4.85763 -46.8626 0.193612 4.82062 -46.8626 0.0642621 4.76709 -46.8626 0.0628853 4.76638 -46.8626 -0.0994923 4.78227 -46.8626 -0.694069 4.8884 -46.8626 -1.22063 5.22465 -46.8626 
2
31
-1.11826 5.84209 -45.9626 -1.4035 6.05221 -45.9626 -1.68991 6.28041 -45.9626 -2.10363 6.57472 -45.9626 -1.4965 6.74146 -45.9626 -1.17915 6.74328 -45.9626 -0.706425 6.70283 -45.9626 -0.350117 6.79706 -45.9626 0.171122 6.97651 -45.9626 0.54917 7.11701 -45.9626 0.70779 7.16278 -45.9626 1.50747 6.69636 -45.9626 1.78154 6.5497 -45.9626 1.89507 6.60822 -45.9626 2.12202 6.69233 -45.9626 2.38619 6.82442 -45.9626 2.54577 6.90006 -45.9626 2.90555 7.05429 -45.9626 3.5288 6.72089 -45.9626 2.89985 6.46118 -45.9626 2.40105 6.11738 -45.9626 2.12203 5.84426 -45.9626 1.71208 5.88684 -45.9626 0.707772 5.53178 -45.9626 0.615571 5.43008 -45.9626 0.512331 5.32103 -45.9626 0.185977 4.77597 -45.9626 -0.458584 5.19514 -45.9626 -0.550028 5.24151 -45.9626 -0.599184 5.34902 -45.9626 -0.70642 5.51969 -45.9626 
19
3.24486 13.2883 -45.9626 2.8514 13.3035 -45.9626 2.12205 13.5571 -45.9626 1.74143 13.5954 -45.9626 1.28524 13.6103 -45.9626 0.871786 13.7764 -45.9626 1.50543 13.766 -45.9626 1.77683 13.7425 -45.9626 2.12205 13.7657 -45.9626 2.12578 13.7658 -45.9626 2.12804 13.766 -45.9626 2.37761 13.7771 -45.9626 2.5242 13.7979 -45.9626 3.53627 13.8619 -45.9626 3.64719 13.8663 -45.9626 4.01033 13.6579 -45.9626 4.00357 13.6097 -45.9626 3.53622 13.2805 -45.9626 3.45645 13.2185 -45.9626 
2
46
-1.44241 6.89805 -45.0626 -1.43689 6.80645 -45.0626 -0.97932 6.34287 -45.0626 -0.976942 6.0444 -45.0626 -0.88052 5.78563 -45.0626 -0.756118 5.58764 -45.0626 -0.656437 5.36962 -45.0626 -0.378734 4.72624 -45.0626 -0.192184 4.63296 -45.0626 0.146126 4.80211 -45.0626 0.552476 5.57437 -45.0626 0.742264 5.7948 -45.0626 1.22204 6.0638 -45.0626 1.56321 6.09941 -45.0626 1.99807 5.95505 -45.0626 2.44151 6.00748 -45.0626 2.63622 6.1889 -45.0626 3.26616 6.83857 -45.0626 3.96287 7.42518 -45.0626 3.8163 7.69255 -45.0626 3.60676 7.77817 -45.0626 3.57182 8.03665 -45.0626 3.53516 8.15374 -45.0626 3.4615 8.11464 -45.0626 2.63624 7.85372 -45.0626 2.47423 7.80894 -45.0626 2.10338 7.66079 -45.0626 1.47712 7.45272 -45.0626 1.47712 8.10363 -45.0626 1.22204 8.67037 -45.0626 1.21612 8.68241 -45.0626 0.822853 8.65076 -45.0626 0.710554 8.64566 -45.0626 -0.192213 8.4171 -45.0626 -0.418449 8.40828 -45.0626 -0.924841 8.42394 -45.0626 -0.939726 8.39838 -45.0626 -1.03775 7.89901 -45.0626 -1.25256 7.8855 -45.0626 -1.30238 7.78722 -45.0626 -1.60645 7.66196 -45.0626 -1.80473 7.61767 -45.0626 -1.85787 7.63337 -45.0626 -1.89434 7.64224 -45.0626 -1.89433 7.54113 -45.0626 -1.60639 7.11845 -45.0626 
22
0.219154 12.5501 -45.0626 0.242449 12.7076 -45.0626 0.242441 13.2193 -45.0626 0.242783 13.2195 -45.0626 0.270392 13.2352 -45.0626 1.22201 13.7085 -45.0626 1.35135 13.7331 -45.0626 1.47306 13.7633 -45.0626 2.44209 13.792 -45.0626 2.5277 13.7958 -45.0626 2.63624 13.8112 -45.0626 3.15252 13.8721 -45.0626 3.11393 13.435 -45.0626 3.04872 12.8066 -45.0626 3.04412 12.7279 -45.0626 3.04441 12.416 -45.0626 2.63622 12.1437 -45.0626 2.16312 12.1804 -45.0626 1.36655 12.4244 -45.0626 1.22202 12.4661 -45.0626 1.17275 12.4638 -45.0626 0.557622 12.4594 -45.0626 
1
70
0.310451 5.32234 -44.1626 -0.0573319 4.85541 -44.1626 -0.585903 5.22616 -44.1626 -0.694928 5.28049 -44.1626 -0.736931 5.86612 -44.1626 -0.834019 6.1316 -44.1626 -0.838132 6.59339 -44.1626 -0.833699 6.6758 -44.1626 -0.862635 7.33647 -44.1626 -0.80916 7.52824 -44.1626 -0.877295 7.95904 -44.1626 -0.869287 7.98562 -44.1626 -0.828455 8.17264 -44.1626 -0.595181 8.79113 -44.1626 -0.303451 9.2103 -44.1626 -0.160521 9.898 -44.1626 -0.160629 9.90092 -44.1626 -0.201175 11.2865 -44.1626 -0.201175 11.3409 -44.1626 -0.162682 11.596 -44.1626 0.071243 12.5625 -44.1626 0.211052 12.9922 -44.1626 0.322014 13.1811 -44.1626 0.752959 13.4947 -44.1626 0.924632 13.4968 -44.1626 1.34157 13.576 -44.1626 1.73624 13.6741 -44.1626 2.06744 13.7773 -44.1626 2.2842 13.8262 -44.1626 2.38306 13.8313 -44.1626 2.37243 13.7638 -44.1626 2.34509 13.435 -44.1626 2.29062 13.0484 -44.1626 2.2739 12.7279 -44.1626 2.24783 12.4376 -44.1626 2.18519 11.5596 -44.1626 2.19756 11.3137 -44.1626 2.20606 11.053 -44.1626 2.23907 10.6066 -44.1626 2.21013 10.1631 -44.1626 2.22827 9.8995 -44.1626 2.30489 9.19239 -44.1626 2.32628 8.83099 -44.1626 2.38209 8.48528 -44.1626 2.43635 8.06173 -44.1626 2.48333 7.77817 -44.1626 2.5258 7.55788 -44.1626 2.83738 6.80429 -44.1626 3.06984 6.92943 -44.1626 3.15044 7.04161 -44.1626 3.19779 7.24069 -44.1626 3.24195 7.46845 -44.1626 3.25679 7.48158 -44.1626 3.2568 7.51561 -44.1626 3.68884 7.77817 -44.1626 4.13457 8.19526 -44.1626 3.83739 7.68099 -44.1626 3.6181 7.22613 -44.1626 3.61393 7.21919 -44.1626 3.51981 7.07107 -44.1626 3.32069 6.70573 -44.1626 3.15042 6.43161 -44.1626 2.98181 6.26186 -44.1626 2.83064 6.23378 -44.1626 2.72453 6.28416 -44.1626 1.7362 5.98004 -44.1626 1.73284 5.97836 -44.1626 1.41853 5.953 -44.1626 0.322003 5.3389 -44.1626 0.31484 5.33058 -44.1626 
1
59
0.431004 5.87349 -43.2626 0.234503 5.70057 -43.2626 0.15241 5.65685 -43.2626 0.0988153 5.20535 -43.2626 0.170409 4.94975 -43.2626 0.140283 4.71076 -43.2626 0.0977658 4.69491 -43.2626 -0.529452 4.7611 -43.2626 -0.544522 4.78387 -43.2626 -0.55002 4.79966 -43.2626 -0.577964 4.87538 -43.2626 -0.672832 5.23982 -43.2626 -0.634218 5.88453 -43.2626 -0.64918 6.09064 -43.2626 -0.572145 6.58282 -43.2626 -0.316204 7.74032 -43.2626 -0.316062 7.74069 -43.2626 -0.287907 7.86828 -43.2626 -0.262672 8.01388 -43.2626 -0.175818 8.46737 -43.2626 -0.0816495 9.06441 -43.2626 -0.104272 9.30437 -43.2626 -0.0886546 9.37637 -43.2626 0.0500474 9.75747 -43.2626 0.161437 10.3068 -43.2626 0.135009 10.7402 -43.2626 0.144092 10.8942 -43.2626 0.110022 11.4607 -43.2626 0.110022 11.7573 -43.2626 0.247072 12.3812 -43.2626 0.480613 12.8813 -43.2626 0.480613 12.9095 -43.2626 0.836226 13.1411 -43.2626 1.5009 13.6023 -43.2626 1.74695 13.6377 -43.2626 1.73736 13.5994 -43.2626 1.70473 13.4581 -43.2626 1.69649 13.4298 -43.2626 1.68834 13.4003 -43.2626 1.6245 12.7279 -43.2626 1.5231 12.1723 -43.2626 1.51698 12.0208 -43.2626 1.48945 11.8455 -43.2626 1.49417 11.3137 -43.2626 1.45282 10.8078 -43.2626 1.45319 10.6066 -43.2626 1.42498 10.3857 -43.2626 1.43469 9.8995 -43.2626 1.39114 9.43722 -43.2626 1.39022 9.19239 -43.2626 1.365 8.92905 -43.2626 1.4214 8.48528 -43.2626 1.43686 7.99069 -43.2626 1.4579 7.77818 -43.2626 1.43793 7.56643 -43.2626 1.51356 7.07107 -43.2626 1.68082 6.36396 -43.2626 1.63007 6.34458 -43.2626 0.836182 6.0761 -43.2626 
1
48
-0.229563 7.16961 -42.3626 -0.231863 7.16356 -42.3626 -0.267235 7.00359 -42.3626 -0.280233 6.92163 -42.3626 -0.362672 6.45272 -42.3626 -0.518096 5.76676 -42.3626 -0.44911 5.59569 -42.3626 -0.421856 5.51741 -42.3626 -0.375888 5.64745 -42.3626 -0.373131 5.65685 -42.3626 -0.371946 5.65745 -42.3626 -0.367122 5.66005 -42.3626 -0.336225 5.6755 -42.3626 -0.0893354 5.80699 -42.3626 -0.0637745 5.82948 -42.3626 0.240924 6.08363 -42.3626 0.470151 6.2882 -42.3626 0.563022 6.36396 -42.3626 0.636251 7.07107 -42.3626 0.645829 7.7722 -42.3626 0.646396 7.77817 -42.3626 0.645803 7.78412 -42.3626 0.743463 9.11736 -42.3626 0.750647 9.19239 -42.3626 0.750951 9.27272 -42.3626 0.801081 9.8995 -42.3626 0.884091 10.6066 -42.3626 0.883769 10.7808 -42.3626 1.00187 11.7631 -42.3626 1.04235 12.0208 -42.3626 1.05426 12.3156 -42.3626 1.08128 12.5438 -42.3626 1.18873 13.0452 -42.3626 1.24784 13.2591 -42.3626 1.25625 13.2879 -42.3626 1.04602 13.1461 -42.3626 0.748417 12.5443 -42.3626 0.603639 12.2061 -42.3626 0.599714 12.0475 -42.3626 0.569065 11.9725 -42.3626 0.502858 10.7463 -42.3626 0.492605 10.709 -42.3626 0.47455 10.5263 -42.3626 0.465477 10.485 -42.3626 0.265081 9.45564 -42.3626 0.171321 9.14893 -42.3626 0.102049 8.81386 -42.3626 -0.0638034 7.92226 -42.3626 
0
