4
2
3
16.7906 24 -28 17 24.1028 -28 18 24.6635 -28 
3
17 35.2277 -28 16 35.9861 -28 15 35.377 -28 
0
0
5
4
17.2635 25.5476 -25.3 17 25.3423 -25.3 17.1052 25.5476 -25.3 17.3983 25.8 -25.3 
12
18.6799 27 -25.3 18.9578 27.4684 -25.3 19 27.5602 -25.3 19.076 27.7684 -25.3 19.1662 28 -25.3 19.1804 28.0468 -25.3 19.1634 28 -25.3 19.0581 27.7684 -25.3 19 27.7103 -25.3 18.8178 27.4684 -25.3 18.5399 27 -25.3 18.4332 26.8723 -25.3 
6
14.6888 32 -25.3 14.6962 32.3 -25.3 14.7026 33 -25.3 14.7952 33.2137 -25.3 14.7248 33 -25.3 14.7184 32.3 -25.3 
8
19.3071 29.0412 -25.3 19.207 29.1028 -25.3 18.9754 29.8028 -25.3 18.8325 30 -25.3 18.9728 30.3 -25.3 18.9754 30.2953 -25.3 19.106 30 -25.3 19.2767 29.3 -25.3 
12
15.7795 33.6599 -25.3 15.0795 33.9974 -25.3 15.0826 34 -25.3 15.7795 34.2094 -25.3 16 34.3695 -25.3 16.3559 34.1602 -25.3 16.5819 34 -25.3 16.656 33.9559 -25.3 17 33.7699 -25.3 16.7 33.6695 -25.3 16 33.5154 -25.3 15.7 33.5736 -25.3 
