4
1
6
16 23.612 -28 15 23.1213 -28 14.2187 24 -28 14.2819 25 -28 14.4949 34 -28 14.7455 35 -28 
2
34
14.7706 24 -27.1 15 23.7705 -27.1 15.2294 24 -27.1 15.9392 24.6195 -27.1 16 24.6691 -27.1 16.331 25 -27.1 17 25.6217 -27.1 17.3783 26 -27.1 17.9542 26.5212 -27.1 18 26.5684 -27.1 18.4316 27 -27.1 18.9527 27.6328 -27.1 19 27.688 -27.1 19.312 28 -27.1 19.3172 28.1 -27.1 19.4251 29 -27.1 19 29.425 -27.1 18.6574 29.9491 -27.1 18.6573 29.9493 -27.1 18.6242 30 -27.1 18.6198 30.1 -27.1 18.5587 31.1 -27.1 18.4688 32 -27.1 18 32.4688 -27.1 17.9 32.4795 -27.1 17 32.6092 -27.1 16.6268 32.9679 -27.1 16.5871 33 -27.1 16 33.5871 -27.1 15.9 33.5613 -27.1 15 33.2997 -27.1 14.7003 33 -27.1 14.6158 25 -27.1 14.7684 24.1 -27.1 
55
15 23.5942 -27.1 14.4995 23.9121 -27.1 14.4214 24 -27.1 14.4277 24.1 -27.1 14.3737 25 -27.1 14.4095 26 -27.1 14.6013 34 -27.1 14.6263 34.1 -27.1 14.9746 34.5701 -27.1 15 34.5944 -27.1 15.5355 35 -27.1 15.8491 35.2478 -27.1 15.9 35.3003 -27.1 16 35.3612 -27.1 17 34.6028 -27.1 17.0538 34.5801 -27.1 17.1 34.5526 -27.1 17.733 34.0725 -27.1 17.801 34 -27.1 18 33.8144 -27.1 18.3939 33.3294 -27.1 18.6907 33 -27.1 19 32.4075 -27.1 19.0927 32.2885 -27.1 19.1 32.2716 -27.1 19.1887 32.0831 -27.1 19.2106 32 -27.1 19.5963 31.1243 -27.1 19.6297 31 -27.1 19.9877 30.1967 -27.1 20 30.1568 -27.1 19.8203 30 -27.1 19.8405 29.8405 -27.1 19.8445 29.8392 -27.1 20 29.7938 -27.1 19.8234 29 -27.1 19.5908 28.255 -27.1 19.5198 28 -27.1 19.1705 27 -27.1 19.1172 26.9 -27.1 19.0266 26.7822 -27.1 19 26.7591 -27.1 18.1266 26.0685 -27.1 18.0218 26 -27.1 18.0281 26.0281 -27.1 18 26.0397 -27.1 17.9588 26 -27.1 17.9703 25.9703 -27.1 18 25.9749 -27.1 17.1521 25 -27.1 17.1 24.9591 -27.1 17 24.903 -27.1 16.1 24.3643 -27.1 16 24.316 -27.1 15.1 23.6433 -27.1 
2
52
14.9335 24 -26.2 14.8996 24.2 -26.2 14.6308 25 -26.2 14.6603 27.2 -26.2 14.5497 28 -26.2 14.5515 28.2 -26.2 14.5802 29 -26.2 14.5821 29.2 -26.2 14.6109 30 -26.2 14.6128 30.2 -26.2 14.6416 31 -26.2 14.6435 31.2 -26.2 14.6723 32 -26.2 14.6746 32.2 -26.2 14.7534 33 -26.2 14.9411 33.5698 -26.2 15 33.6287 -26.2 15.8 33.4736 -26.2 16 33.5317 -26.2 16.8 33.7995 -26.2 17 33.4212 -26.2 17.3792 33 -26.2 17.6144 32.9203 -26.2 17.8 32.5555 -26.2 18 32.5267 -26.2 18.2825 32.0915 -26.2 18.3739 32 -26.2 18.8847 31.2 -26.2 18.9047 31 -26.2 18.5305 30.2 -26.2 18.5429 30 -26.2 18.6191 29.8833 -26.2 19 29.3574 -26.2 19.4452 29.0833 -26.2 19.5285 29 -26.2 19.2382 28.2 -26.2 19.2143 28 -26.2 19 27.7857 -26.2 18.8842 27.6451 -26.2 18.3984 27 -26.2 18 26.6016 -26.2 17.872 26.4858 -26.2 17.3525 26 -26.2 17.072 25.4525 -26.2 17 25.3805 -26.2 16.8623 25.2525 -26.2 16.5092 25 -26.2 16.0623 24.8084 -26.2 16 24.7461 -26.2 15.8423 24.6084 -26.2 15.0665 24 -26.2 15 23.9335 -26.2 
58
15 23.9051 -26.2 14.9343 23.9294 -26.2 14.8231 24 -26.2 14.8111 24.2 -26.2 14.4138 25 -26.2 14.48 27 -26.2 14.4842 27.2 -26.2 14.513 28 -26.2 14.5171 28.2 -26.2 14.5458 29 -26.2 14.55 29.2 -26.2 14.5788 30 -26.2 14.5829 30.2 -26.2 14.6117 31 -26.2 14.6159 31.2 -26.2 14.6757 33.2 -26.2 15 33.9461 -26.2 15.0497 34 -26.2 15.2121 34.1045 -26.2 15.3382 34.2 -26.2 15.9261 34.6271 -26.2 16 34.6904 -26.2 16.0769 34.6271 -26.2 16.2 34.5338 -26.2 16.8026 34.1067 -26.2 16.9657 34 -26.2 17 33.9796 -26.2 17.1407 33.8824 -26.2 17.2 33.827 -26.2 17.8144 33.1446 -26.2 17.9108 33 -26.2 18 32.8247 -26.2 18.1175 32.6352 -26.2 18.2 32.4771 -26.2 18.4825 32.0419 -26.2 18.5054 32 -26.2 18.9936 31.2354 -26.2 19 31.2238 -26.2 19.5479 30 -26.2 19.6421 29.2 -26.2 19.5978 29 -26.2 19.2929 28 -26.2 19.0201 27.245 -26.2 19 27.1948 -26.2 18.9104 27 -26.2 18.2 26.2566 -26.2 17.9802 26.0828 -26.2 17.8829 26 -26.2 17.7048 25.8 -26.2 17.0021 25.2525 -26.2 17 25.2511 -26.2 16.6488 25 -26.2 16.2043 24.6993 -26.2 16.2 24.6961 -26.2 16 24.5764 -26.2 15.8955 24.4977 -26.2 15.1409 24 -26.2 15.0955 23.9758 -26.2 
1
14
14.8994 24 -25.3 14.9085 23.9909 -25.3 14.9518 23.9238 -25.3 14.8194 23.9909 -25.3 14.7948 24 -25.3 14.6458 24.3 -25.3 14.4476 25 -25.3 14.5198 27.3 -25.3 14.5613 27 -25.3 14.538 26.3 -25.3 14.5334 26 -25.3 14.6481 25.3 -25.3 14.6445 25 -25.3 14.7986 24.3 -25.3 
