14
0
2
6
18 39.1956 -6.65659 18.2209 39.3924 -6.65659 18.9448 40.0124 -6.65659 18.6723 39.8338 -6.65659 18.0276 39.2225 -6.65659 18.0055 39.2028 -6.65659 
12
19.2745 40.0124 -6.65659 19.0825 40.0898 -6.65659 19.6268 40.2854 -6.65659 19.8518 40.3881 -6.65659 19.874 40.4024 -6.65659 20 40.4988 -6.65659 20.06 40.4562 -6.65659 20.9518 40.0124 -6.65659 21 39.9867 -6.65659 20.9754 39.9776 -6.65659 20 39.8076 -6.65659 19.8467 39.7957 -6.65659 
2
9
16.8863 32.7874 -5.75659 17 32.8118 -5.75659 18.4302 33.4325 -5.75659 18.9746 33.8284 -5.75659 18.9909 33.8414 -5.75659 18.9648 33.8305 -5.75659 18.3498 33.5462 -5.75659 17.2441 32.9718 -5.75659 17 32.8875 -5.75659 
6
21 35.5601 -5.75659 21.0903 35.6989 -5.75659 21.3133 36.0624 -5.75659 21.6671 36.4725 -5.75659 21.9481 36.6698 -5.75659 21.332 35.6923 -5.75659 
5
10
13.362 38.1661 -4.85659 13 37.8481 -4.85659 12.0767 37.5698 -4.85659 12.01 37.5569 -4.85659 12.0166 37.5698 -4.85659 12.4753 38.1736 -4.85659 12.5952 38.2253 -4.85659 12.6056 38.2352 -4.85659 13 38.3233 -4.85659 13.0596 38.2855 -4.85659 
8
19.2549 34.555 -4.85659 19.4409 34.68 -4.85659 19.5454 34.7414 -4.85659 20 35.0515 -4.85659 20.2411 35.2497 -4.85659 20.7958 35.6805 -4.85659 20 35.5038 -4.85659 19.416 34.7414 -4.85659 
8
21 35.7614 -4.85659 21.2151 35.9693 -4.85659 21.3721 36.1556 -4.85659 21.7073 36.7696 -4.85659 21.7106 36.1556 -4.85659 21.7205 36.0624 -4.85659 21.6725 36.0322 -4.85659 21.457 35.9693 -4.85659 
4
21.6124 37.7346 -4.85659 21.595 37.8708 -4.85659 21.5951 38.1909 -4.85659 21.7844 38.08 -4.85659 
5
21 38.3485 -4.85659 20.592 38.7977 -4.85659 21 38.5735 -4.85659 21.2304 38.4045 -4.85659 21.5048 38.2438 -4.85659 
1
9
13.4091 37.6342 -3.95659 13.5384 37.5513 -3.95659 13.553 37.8977 -3.95659 13.5615 37.9791 -3.95659 13.3707 38.0677 -3.95659 13.038 38.4161 -3.95659 13 38.3782 -3.95659 12.9138 37.8977 -3.95659 12.7377 37.5046 -3.95659 
0
1
8
14.7674 34.4361 -2.15659 14.1082 34.6389 -2.15659 14.0685 34.6835 -2.15659 14.0806 35.9058 -2.15659 14.0836 36.0271 -2.15659 14.5367 34.7595 -2.15659 14.5659 34.6835 -2.15659 14.6486 34.6129 -2.15659 
1
4
14.2682 34.6482 -1.25659 14.4754 34.5797 -1.25659 14.47 34.6482 -1.25659 14.4436 35.1977 -1.25659 
0
1
3
21.5336 38.1838 0.543414 21.3779 37.6404 0.543414 21.4372 38.2125 0.543414 
1
15
14.4102 34.7998 1.44341 14.44 35.2987 1.44341 14.4451 35.3261 1.44341 14.4451 35.3845 1.44341 14.5799 36.7009 1.44341 14.5899 36.7404 1.44341 14.5899 36.7988 1.44341 14.5801 37.0099 1.44341 14.5522 36.7988 1.44341 14.5473 36.7696 1.44341 14.5445 36.7404 1.44341 14.4651 36.0624 1.44341 14.4029 35.3553 1.44341 14.4014 35.3261 1.44341 14.3656 34.7916 1.44341 
0
0
0
