16
0 2 1 3 1 4 3 5 6 8 7 9 8 9 9 10 
14
0 
0 
1 0 
2 1 2 
2 3 4 
1 5 
0 
0 
0 
0 
1 6 
2 7 8 
1 9 
1 10 
11
2 0 0 -5.75659
1 2 
1
23
17.5914 38.9204 -5.75659 18 38.8039 -5.75659 18.565 38.883 -5.75659 19 38.9807 -5.75659 19.6686 39.0296 -5.75659 20 39.0202 -5.75659 20.9645 39.448 -5.75659 21 39.4458 -5.75659 20.9871 39.467 -5.75659 20.9452 39.4982 -5.75659 20.5665 39.6977 -5.75659 20.5506 39.7056 -5.75659 20 39.9313 -5.75659 19.3499 39.993 -5.75659 19.2732 39.9786 -5.75659 19 39.9399 -5.75659 18.5181 39.6977 -5.75659 18.3622 39.5586 -5.75659 18.3163 39.4983 -5.75659 18 39.1872 -5.75659 17.8554 39.1028 -5.75659 17.3423 38.7676 -5.75659 17.3419 38.7672 -5.75659 
3 1 0 -4.85659
2 3 4 
1
32
13 34.9621 -4.85659 13.6057 34.7414 -4.85659 13.7301 34.6196 -4.85659 13.9294 34.5551 -4.85659 13.9547 34.491 -4.85659 14 34.4856 -4.85659 14.5227 33.8801 -4.85659 15.6648 33.615 -4.85659 15.7611 33.5629 -4.85659 16 33.4803 -4.85659 16.3805 33.5273 -4.85659 17 33.5015 -4.85659 17.6362 34.0406 -4.85659 18 34.1698 -4.85659 18.1811 34.2682 -4.85659 18 34.2162 -4.85659 17.7253 34.1666 -4.85659 17 34.1212 -4.85659 16.5231 33.8807 -4.85659 16 33.9054 -4.85659 15.6511 34.0617 -4.85659 15 34.2303 -4.85659 14.8212 34.3022 -4.85659 14.2268 34.5551 -4.85659 14.0348 34.6044 -4.85659 14 34.6076 -4.85659 13.9743 34.6339 -4.85659 13.6829 34.7414 -4.85659 13.1571 34.967 -4.85659 13 35.3902 -4.85659 12.5664 35.356 -4.85659 12.5383 35.3685 -4.85659 
3 2 0 -4.85659
1 0 
1
18
16.6071 38.1839 -4.85659 16.9675 38.1877 -4.85659 17 38.2291 -4.85659 17.6677 38.3277 -4.85659 18 38.35 -4.85659 18.0949 38.4776 -4.85659 18.4515 38.9203 -4.85659 18.5085 38.9841 -4.85659 19 39.6114 -4.85659 19.3264 39.6199 -4.85659 19.1945 39.7066 -4.85659 19 39.8544 -4.85659 18.8243 39.7966 -4.85659 18.5798 39.6176 -4.85659 18.2577 39.4027 -4.85659 18 39.0856 -4.85659 17.8954 38.984 -4.85659 17.7841 38.9203 -4.85659 
4 3 0 -3.95659
2 1 5 
1
38
14 34.3354 -3.95659 14.2841 34.2272 -3.95659 15 34.0864 -3.95659 15.2791 33.8325 -3.95659 15.7278 33.6551 -3.95659 16 33.5145 -3.95659 16.8301 33.655 -3.95659 16.9504 33.6706 -3.95659 17 33.6813 -3.95659 17.0132 33.6919 -3.95659 17.0347 33.7042 -3.95659 17.5243 34.0149 -3.95659 17.9915 34.2271 -3.95659 18 34.2317 -3.95659 18.8281 34.8262 -3.95659 18 34.8079 -3.95659 17.8074 34.7969 -3.95659 17 34.7847 -3.95659 16 34.8182 -3.95659 15.8414 34.845 -3.95659 15 34.9033 -3.95659 14.9006 34.9288 -3.95659 14 35.0118 -3.95659 13.9439 35.0693 -3.95659 13.5727 35.6413 -3.95659 13.3933 35.9639 -3.95659 13.0916 36.4835 -3.95659 13.0955 36.5346 -3.95659 13 36.693 -3.95659 12.5382 37.0556 -3.95659 12.6584 36.4835 -3.95659 12.9916 35.8663 -3.95659 13 35.8459 -3.95659 13.0777 35.6414 -3.95659 13.2073 35.0692 -3.95659 13.2363 35.02 -3.95659 13.788 34.5271 -3.95659 13.9758 34.3433 -3.95659 
4 4 0 -3.95659
1 1 
1
23
19 34.2628 -3.95659 19.3482 34.5473 -3.95659 19.9218 34.9587 -3.95659 19.9645 34.9873 -3.95659 20 35.0082 -3.95659 20.8945 35.6414 -3.95659 21 35.7254 -3.95659 21.0516 35.7404 -3.95659 21.5633 36.0624 -3.95659 21.5186 36.4835 -3.95659 21.5404 36.7696 -3.95659 21.584 37.0556 -3.95659 21.1338 36.4835 -3.95659 21 36.3247 -3.95659 20.8656 36.2934 -3.95659 20.0213 36.1695 -3.95659 20.0213 35.6414 -3.95659 20 35.5552 -3.95659 19.4147 35.3419 -3.95659 19.2045 35.0693 -3.95659 19 34.8327 -3.95659 18.9341 34.8302 -3.95659 18.0053 34.2318 -3.95659 
5 5 0 -3.05659
1 3 
1
36
13.771 35.1271 -3.05659 13.9342 34.958 -3.05659 14 34.5918 -3.05659 14.7867 34.4709 -3.05659 14.8493 34.4008 -3.05659 15 34.3551 -3.05659 15.2752 34.1693 -3.05659 15.7766 33.713 -3.05659 16 33.501 -3.05659 16.354 33.4587 -3.05659 17 33.582 -3.05659 17.1852 33.713 -3.05659 17.4078 33.8907 -3.05659 17.7868 34.1073 -3.05659 17.7868 34.1693 -3.05659 17.7604 34.2892 -3.05659 17.7604 34.5081 -3.05659 17.6387 34.9463 -3.05659 17.6172 35.1271 -3.05659 17.6172 35.5178 -3.05659 17 35.514 -3.05659 16.9521 35.5158 -3.05659 16 35.5666 -3.05659 15.9887 35.5675 -3.05659 15.0871 35.7066 -3.05659 15 35.7263 -3.05659 14.4569 36.5414 -3.05659 14.3703 36.6846 -3.05659 14.2098 36.9977 -3.05659 14.0784 37.2261 -3.05659 14 37.4422 -3.05659 13.8621 37.683 -3.05659 13.3575 37.496 -3.05659 13.3147 37.4767 -3.05659 13.4659 36.9978 -3.05659 13.6678 35.5835 -3.05659 
10 6 0 1.44341
1 8 
1
17
21.0926 37.3451 1.44341 21.1288 37.2839 1.44341 21.1388 37.2741 1.44341 21.1437 37.3115 1.44341 21.4627 38.1838 1.44341 21.4201 38.213 1.44341 21 38.51 1.44341 20.5252 38.8844 1.44341 20.3716 38.8974 1.44341 20.4522 38.5558 1.44341 20.4765 38.213 1.44341 20.4765 38.1546 1.44341 20.397 37.7714 1.44341 20.397 37.5931 1.44341 20.4433 37.2266 1.44341 20.5697 36.8204 1.44341 21 37.4889 1.44341 
11 7 0 2.34341
1 9 
1
18
15.6361 35.8016 2.34341 15.6362 36.2845 2.34341 15.7264 36.6838 2.34341 15.7875 37.2546 2.34341 15.7875 37.6987 2.34341 15.8037 37.8264 2.34341 15 37.7336 2.34341 14.9507 37.6987 2.34341 14.7116 37.5466 2.34341 14.6184 37.4767 2.34341 14.5887 37.2546 2.34341 14.5062 36.7696 2.34341 14.4604 36.2845 2.34341 14.4338 36.0624 2.34341 14.4214 35.8403 2.34341 14.4072 35.6918 2.34341 14.9477 35.7664 2.34341 15 35.7763 2.34341 
11 8 0 2.34341
2 6 9 
1
28
17.3804 36.4522 2.34341 17.3834 36.3176 2.34341 18 37.1801 2.34341 18.9362 37.1643 2.34341 19.856 37.051 2.34341 20 37.0231 2.34341 20.1503 37.2546 2.34341 20.7277 38.0602 2.34341 20.2963 38.1178 2.34341 20 38.2209 2.34341 19.4476 38.3318 2.34341 19.4476 38.6239 2.34341 19.463 38.6688 2.34341 19.5698 38.7316 2.34341 19.1175 39.0233 2.34341 19.0255 39.0769 2.34341 19 39.074 2.34341 18.9785 39.0826 2.34341 18 39.1075 2.34341 17.9941 39.1045 2.34341 17.5098 38.7419 2.34341 17.4208 38.6688 2.34341 17.1113 38.5013 2.34341 17.2444 37.8462 2.34341 17.2397 37.6988 2.34341 17.2397 37.2546 2.34341 17.2769 37.1325 2.34341 17.2769 36.863 2.34341 
12 9 0 3.24341
3 7 8 10 
1
26
16 36.7312 3.24341 16.2668 36.7319 3.24341 17 36.6826 3.24341 17.2088 36.965 3.24341 17.4225 37.1846 3.24341 17.6957 37.5377 3.24341 17.5786 37.7688 3.24341 17.7016 38.1838 3.24341 17.8708 38.4658 3.24341 17.9645 38.5987 3.24341 18 38.6353 3.24341 18.1321 38.6693 3.24341 18.068 38.6948 3.24341 18 38.6966 3.24341 17.804 38.5987 3.24341 17 38.1686 3.24341 16.695 38.1674 3.24341 16.4835 38.0361 3.24341 16 37.8126 3.24341 15 37.8154 3.24341 14.9341 37.7688 3.24341 14.5448 37.4767 3.24341 14.4511 36.7696 3.24341 14.4371 36.6422 3.24341 15 36.6826 3.24341 15.2344 36.686 3.24341 
13 10 0 4.14341
1 9 
1
13
15.4557 37.5132 4.14341 17 37.529 4.14341 17.1841 37.7186 4.14341 17.5775 38.0846 4.14341 17.6069 38.1838 4.14341 17.6665 38.283 4.14341 17.4359 38.0846 4.14341 17 37.8409 4.14341 15.3951 37.8374 4.14341 15 37.8264 4.14341 14.7992 37.6903 4.14341 14.5033 37.4767 4.14341 14.5024 37.4721 4.14341 
