8
2
15
29 13.0697 -27 28.6413 14 -27 28 14.5055 -27 27.5055 15 -27 27.3428 16 -27 27.3176 17 -27 27.2749 18 -27 27.2828 19 -27 28 19.7172 -27 28.3008 20 -27 28.3407 21 -27 29 21.6593 -27 29.5409 22 -27 30 22.4591 -27 31 22.6534 -27 
4
33 20.0646 -27 32 20.7095 -27 31.5788 21 -27 31.518 22 -27 
1
52
28.7783 14 -26.1 28.8141 13.907 -26.1 29 13.642 -26.1 29.9 13.2869 -26.1 30 13.1723 -26.1 30.2536 13.554 -26.1 30.494 13.9 -26.1 30.5505 14 -26.1 30.5122 14.1005 -26.1 30.1221 15 -26.1 30.1216 15.005 -26.1 30 15.4208 -26.1 29.8684 16 -26.1 30 16.2857 -26.1 30.0884 16.4087 -26.1 30.3477 16.9 -26.1 30.3408 17 -26.1 30.9431 18 -26.1 31 18.0886 -26.1 31.5119 18.519 -26.1 31.563 18.5645 -26.1 31.8332 19 -26.1 32 19.1148 -26.1 32.0768 19.0944 -26.1 32.1981 19.9 -26.1 32.23 20 -26.1 32.2253 20.0065 -26.1 32 20.1529 -26.1 31.2627 20.9709 -26.1 31.2206 21 -26.1 31.2145 21.1 -26.1 31.1338 21.26 -26.1 31 21.5499 -26.1 30.8008 22 -26.1 30.7577 22.0653 -26.1 30.1 22.4157 -26.1 30 22.3963 -26.1 29.6037 22 -26.1 29.0541 21.6657 -26.1 29 21.6317 -26.1 28.3683 21 -26.1 28.3019 20.1 -26.1 28.2979 20 -26.1 28 19.7218 -26.1 27.2782 19 -26.1 27.2882 18.1 -26.1 27.2874 18 -26.1 27.3651 16 -26.1 27.48 15.1 -26.1 27.4963 15 -26.1 28 14.4963 -26.1 28.7141 14.0506 -26.1 
1
49
30.3033 15 -25.2 30.4816 14.2 -25.2 30.5683 14 -25.2 30.0915 13.4422 -25.2 30 13.3044 -25.2 29.8 13.3834 -25.2 29 13.7547 -25.2 28.8136 13.9411 -25.2 28.7723 14 -25.2 28 14.4875 -25.2 27.4875 15 -25.2 27.4619 15.2 -25.2 27.3371 16 -25.2 27.3308 16.2 -25.2 27.3171 17 -25.2 27.2775 18 -25.2 27.2736 19 -25.2 28 19.7264 -25.2 28.2942 20 -25.2 28.309 20.2 -25.2 28.3812 21 -25.2 29 21.6188 -25.2 29.1221 21.6931 -25.2 29.5673 22 -25.2 30 22.4327 -25.2 30.7031 22.0779 -25.2 30.8493 22 -25.2 30.9031 21.8784 -25.2 31 21.6082 -25.2 31.1417 21.0784 -25.2 31.1778 21 -25.2 31.3708 20.2 -25.2 31.5346 20.0182 -25.2 31.5426 20 -25.2 31.5319 19.8 -25.2 31.5154 19 -25.2 31.1973 18.6818 -25.2 31 18.516 -25.2 30.9781 18.4818 -25.2 30.5622 18 -25.2 30.4331 17.2 -25.2 30.3127 17 -25.2 30.0576 16.745 -25.2 30 16.6358 -25.2 29.9582 16.545 -25.2 29.5843 16 -25.2 29.6262 15.8159 -25.2 30 15.2169 -25.2 30.2985 15.0159 -25.2 
1
45
30 13.4663 -24.3 30.1788 13.6755 -24.3 30.5033 14 -24.3 30.4364 14.3 -24.3 30.2779 14.4006 -24.3 30 14.6785 -24.3 29.7579 15 -24.3 29.7173 15.0754 -24.3 29.5771 15.3 -24.3 29.5881 16 -24.3 30 16.6097 -24.3 30.3903 17 -24.3 30.4387 17.3 -24.3 30.5201 18 -24.3 30.8441 18.346 -24.3 31 18.5267 -24.3 31.4733 19 -24.3 31.4795 19.3 -24.3 31.4169 20 -24.3 31.3445 20.3 -24.3 31.2645 20.3646 -24.3 31 20.6291 -24.3 30.7219 21 -24.3 30.6936 21.1987 -24.3 30.6573 21.3 -24.3 30.5584 22 -24.3 30.2947 22.1331 -24.3 30 22.4277 -24.3 29.5723 22 -24.3 29.167 21.7558 -24.3 29 21.6408 -24.3 28.3592 21 -24.3 28.3138 20.3 -24.3 28.2868 20 -24.3 28 19.7308 -24.3 27.2692 19 -24.3 27.2629 18 -24.3 27.3213 16.3 -24.3 27.3264 16 -24.3 27.4786 15 -24.3 28 14.4786 -24.3 28.4042 14.1456 -24.3 28.6343 14 -24.3 29 13.6343 -24.3 29.7 13.6056 -24.3 
1
42
29.6333 15 -23.4 29.7949 14.7854 -23.4 30 14.5238 -23.4 30.5238 14 -23.4 30 13.4762 -23.4 29.6 13.4926 -23.4 29 13.5053 -23.4 28.5053 14 -23.4 28.2744 14.1902 -23.4 28 14.4409 -23.4 27.4409 15 -23.4 27.3807 15.4 -23.4 27.3159 16 -23.4 27.2744 17 -23.4 27.2646 17.4 -23.4 27.2714 18.4 -23.4 27.2873 19 -23.4 28 19.7127 -23.4 28.1136 19.8198 -23.4 28.3214 20 -23.4 28.3474 20.4 -23.4 28.4165 21 -23.4 29 21.5835 -23.4 29.6 21.5758 -23.4 29.8316 21.7154 -23.4 30 21.8533 -23.4 30.1625 21.6908 -23.4 30.4838 21.4 -23.4 30.5403 21 -23.4 30.7154 20.7665 -23.4 31 20.5023 -23.4 31.5023 20 -23.4 31.5151 19.4 -23.4 31.5508 19 -23.4 31 18.4492 -23.4 30.8149 18.2515 -23.4 30.5646 18 -23.4 30.535 17.4 -23.4 30.4885 17 -23.4 30 16.5115 -23.4 29.8447 16.2799 -23.4 29.6455 16 -23.4 
1
30
28.2227 14.2227 -22.5 28.2232 14.2209 -22.5 28.2432 14.1778 -22.5 28.2092 14.2089 -22.5 28 14.4336 -22.5 27.4336 15 -22.5 27.3796 15.5 -22.5 27.3491 16 -22.5 27.3144 17 -22.5 27.3456 19 -22.5 28 19.6544 -22.5 28.4017 20 -22.5 28.4594 20.5 -22.5 28.5574 21 -22.5 29 21.4426 -22.5 29.5 21.7329 -22.5 30 21.7265 -22.5 30.2147 21.2628 -22.5 30.4775 21 -22.5 30.5845 20.9007 -22.5 30 20.5601 -22.5 29.3785 20.3785 -22.5 29 20.043 -22.5 28.957 20 -22.5 28.8595 19 -22.5 27.8721 18 -22.5 27.8596 17 -22.5 27.8885 16 -22.5 27.9494 15 -22.5 28 14.438 -22.5 
0
0
