8
0
0
0
0
0
1
5
28.6044 13.8335 -22.5 29 13.438 -22.5 29.4849 13.406 -22.5 29.4504 13.4504 -22.5 29 13.5974 -22.5 
2
9
27.4553 18 -21.6 28 18.5447 -21.6 28.2157 18.7679 -21.6 28.4079 19 -21.6 28.4664 19.6 -21.6 28.5568 20 -21.6 28 19.5201 -21.6 27.4799 19 -21.6 27.4667 18.6 -21.6 
10
29 20.6058 -21.6 29.3424 20.88 -21.6 29.4646 21 -21.6 29.7144 21.4 -21.6 29.7886 21.549 -21.6 29.4 21.3234 -21.6 29 21.1616 -21.6 28.8384 21 -21.6 28.7919 20.88 -21.6 28.6742 20.28 -21.6 
1
11
28 18.5617 -20.7 27.7061 18.2678 -20.7 27.6408 18 -20.7 27.6639 18.7 -20.7 27.7293 18.9678 -20.7 27.7355 19 -20.7 28 19.2645 -20.7 28.4833 19.6841 -20.7 28.5054 19.7 -20.7 28.3471 19 -20.7 28.3363 18.9678 -20.7 
