22
0
1
9
-7.0054 13.4827 -59.4626 -6.58507 13.3484 -59.4626 -6.2523 13.2863 -59.4626 -5.6381 13.3094 -59.4626 -5.7769 13.9199 -59.4626 -5.7876 13.9796 -59.4626 -6.87824 13.7288 -59.4626 -7.00538 13.7192 -59.4626 -8.06828 13.471 -59.4626 
0
0
0
0
3
20
2.68226 4.48429 -54.9626 2.68759 4.48999 -54.9626 2.99305 4.94975 -54.9626 2.9955 5.62722 -54.9626 3.00133 5.65685 -54.9626 3.00838 5.67738 -54.9626 3.61021 6.36396 -54.9626 3.49935 6.7444 -54.9626 3.89304 7.07986 -54.9626 4.08792 7.47431 -54.9626 4.52955 7.4147 -54.9626 4.45795 7.07107 -54.9626 4.09058 6.77913 -54.9626 3.84472 6.50017 -54.9626 3.73448 6.2695 -54.9626 3.47349 5.96524 -54.9626 3.37418 5.65685 -54.9626 3.26565 5.49542 -54.9626 3.09883 4.94975 -54.9626 2.69042 4.48799 -54.9626 
15
4.95081 8.44933 -54.9626 4.98659 8.52119 -54.9626 5.41295 8.99415 -54.9626 5.46518 9.09494 -54.9626 5.66184 9.45793 -54.9626 6.2287 9.8995 -54.9626 6.09258 10.4109 -54.9626 6.12022 9.8995 -54.9626 5.62129 9.4866 -54.9626 5.46519 9.42465 -54.9626 5.43076 9.42052 -54.9626 5.11638 9.19239 -54.9626 4.92968 8.56143 -54.9626 4.941 8.48528 -54.9626 4.94468 8.44129 -54.9626 
12
6.75729 11.3394 -54.9626 6.16525 12.0208 -54.9626 6.1287 12.0854 -54.9626 6.05595 12.7279 -54.9626 5.66793 13.2506 -54.9626 5.58439 13.435 -54.9626 5.53895 13.5007 -54.9626 5.59566 13.435 -54.9626 5.78421 13.2561 -54.9626 6.26041 12.7279 -54.9626 6.54857 12.3823 -54.9626 6.85675 11.4415 -54.9626 
1
29
-0.222557 4.12955 -54.0626 -0.142958 3.72038 -54.0626 0.322539 3.79287 -54.0626 0.481406 3.79749 -54.0626 0.612264 3.76541 -54.0626 0.938481 4.15072 -54.0626 1.44833 4.48671 -54.0626 0.841423 4.24264 -54.0626 0.440426 3.88692 -54.0626 0.322547 3.83746 -54.0626 -0.0512751 3.87688 -54.0626 -0.177794 4.16121 -54.0626 -0.177791 4.32408 -54.0626 -0.146986 4.47067 -54.0626 -0.242718 4.96428 -54.0626 -0.766537 5.15909 -54.0626 -0.76654 5.3343 -54.0626 -0.498059 5.96474 -54.0626 -0.511037 6.00997 -54.0626 -0.57909 6.02204 -54.0626 -1.09168 5.87115 -54.0626 -1.25541 6.01243 -54.0626 -1.09167 5.61374 -54.0626 -0.976543 5.21867 -54.0626 -0.924172 5.0571 -54.0626 -0.924071 5.05677 -54.0626 -0.921682 5.04941 -54.0626 -0.806037 4.86828 -54.0626 -0.605844 4.62675 -54.0626 
1
30
-0.218047 10.8308 -53.1626 -0.232663 10.6829 -53.1626 -0.192974 10.7507 -53.1626 -0.118969 11.5314 -53.1626 0.250274 11.7289 -53.1626 0.21058 11.8802 -53.1626 0.183235 12.2654 -53.1626 0.179415 12.2787 -53.1626 0.178963 12.2801 -53.1626 -0.0240687 12.9796 -53.1626 -0.0241485 13.2708 -53.1626 0.0256494 13.3019 -53.1626 0.0147185 13.5604 -53.1626 0.0147181 13.8601 -53.1626 -0.0468304 13.8839 -53.1626 0.0939344 14.6678 -53.1626 0.173797 14.7448 -53.1626 0.28716 15.1673 -53.1626 0.0702909 15.4866 -53.1626 0.194371 15.7536 -53.1626 0.042703 15.4981 -53.1626 -0.216998 14.8876 -53.1626 -0.242918 14.7925 -53.1626 -0.244553 14.7825 -53.1626 -0.278186 14.6317 -53.1626 -0.354353 13.5706 -53.1626 -0.341864 13.5273 -53.1626 -0.342032 13.3082 -53.1626 -0.186481 12.0377 -53.1626 -0.174007 12.0128 -53.1626 
0
1
16
2.70585 12.7454 -51.3626 2.74031 12.7279 -51.3626 2.7484 12.6494 -51.3626 2.83917 11.4564 -51.3626 2.83885 11.3137 -51.3626 2.84222 11.1689 -51.3626 2.84886 9.8995 -51.3626 2.73248 9.83223 -51.3626 2.08282 9.50739 -51.3626 2.08282 10.2916 -51.3626 2.097 10.6044 -51.3626 2.10137 11.6927 -51.3626 2.26411 11.8964 -51.3626 2.37273 12.5408 -51.3626 2.37273 12.915 -51.3626 2.68276 12.76 -51.3626 
0
0
0
1
28
-0.963944 5.09344 -47.7626 -0.961997 5.09072 -47.7626 -0.839827 4.89517 -47.7626 -0.320658 4.38687 -47.7626 -0.022126 4.35766 -47.7626 -0.0103734 4.36373 -47.7626 0.0378912 4.3837 -47.7626 0.809492 5.25228 -47.7626 1.09361 5.37954 -47.7626 1.49508 5.53348 -47.7626 2.06454 5.53463 -47.7626 2.20805 5.58386 -47.7626 2.33268 5.58948 -47.7626 2.50779 5.65342 -47.7626 2.81838 5.96824 -47.7626 2.73762 6.01058 -47.7626 2.63804 6.07042 -47.7626 2.50781 6.03037 -47.7626 1.92808 5.87552 -47.7626 1.37804 5.65685 -47.7626 1.0936 5.5117 -47.7626 0.704148 5.32676 -47.7626 0.55795 5.25999 -47.7626 0.484672 5.22281 -47.7626 -0.191421 5.35365 -47.7626 -0.258741 5.36794 -47.7626 -0.320631 5.39325 -47.7626 -0.858427 5.10272 -47.7626 
0
1
19
0.871786 13.7764 -45.9626 1.28524 13.6103 -45.9626 1.74143 13.5954 -45.9626 2.12205 13.5571 -45.9626 2.8514 13.3035 -45.9626 3.24486 13.2883 -45.9626 3.45645 13.2185 -45.9626 3.53622 13.2805 -45.9626 4.00357 13.6097 -45.9626 4.01033 13.6579 -45.9626 3.64719 13.8663 -45.9626 3.53627 13.8619 -45.9626 2.5242 13.7979 -45.9626 2.37761 13.7771 -45.9626 2.12804 13.766 -45.9626 2.12578 13.7658 -45.9626 2.12205 13.7657 -45.9626 1.77683 13.7425 -45.9626 1.50543 13.766 -45.9626 
1
22
1.17275 12.4638 -45.0626 1.22202 12.4661 -45.0626 1.36655 12.4244 -45.0626 2.16312 12.1804 -45.0626 2.63622 12.1437 -45.0626 3.04441 12.416 -45.0626 3.04412 12.7279 -45.0626 3.04872 12.8066 -45.0626 3.11393 13.435 -45.0626 3.15252 13.8721 -45.0626 2.63624 13.8112 -45.0626 2.5277 13.7958 -45.0626 2.44209 13.792 -45.0626 1.47306 13.7633 -45.0626 1.35135 13.7331 -45.0626 1.22201 13.7085 -45.0626 0.270392 13.2352 -45.0626 0.242783 13.2195 -45.0626 0.242441 13.2193 -45.0626 0.242449 12.7076 -45.0626 0.219154 12.5501 -45.0626 0.557622 12.4594 -45.0626 
0
0
0
0
