1290
4.62993 13.6524 -55.0626
4.82993 13.6524 -55.0626
4.82993 13.6524 -55.0626
4.77136 13.7938 -55.0414
4.62993 13.8524 -55.0201
4.48851 13.7938 -54.9988
4.42993 13.6524 -54.9775
4.48851 13.511 -54.9562
4.62993 13.4524 -54.935
4.77136 13.511 -54.9137
4.82993 13.6524 -54.8924
4.77136 13.7938 -54.8711
4.62993 13.8524 -54.8499
4.48851 13.7938 -54.8286
4.42993 13.6524 -54.8073
4.48851 13.511 -54.786
4.62993 13.4524 -54.7648
4.77136 13.511 -54.7435
4.82993 13.6524 -54.7222
4.77136 13.7938 -54.7009
4.62993 13.8524 -54.6797
4.48851 13.7938 -54.6584
4.42993 13.6524 -54.6371
4.48851 13.511 -54.6158
4.62993 13.4524 -54.5945
4.77136 13.511 -54.5733
4.82993 13.6524 -54.552
4.77136 13.7938 -54.5307
4.62993 13.8524 -54.5094
4.48851 13.7938 -54.4882
4.42993 13.6524 -54.4669
4.48851 13.511 -54.4456
4.62993 13.4524 -54.4243
4.77136 13.511 -54.4031
4.82993 13.6524 -54.3818
4.77136 13.7938 -54.3605
4.62993 13.8524 -54.3392
4.48851 13.7938 -54.318
4.42993 13.6524 -54.2967
4.48851 13.511 -54.2754
4.62993 13.4524 -54.2541
4.77136 13.511 -54.2328
4.82993 13.6524 -54.2116
4.77136 13.7938 -54.1903
4.62993 13.8524 -54.169
4.48851 13.7938 -54.1477
4.42993 13.6524 -54.1265
4.48851 13.511 -54.1052
4.62993 13.4524 -54.0839
4.77136 13.511 -54.0626
4.62993 13.6524 -54.0626
4.65238 13.6177 -54.0626
4.69923 13.5368 -54.0626
4.77609 13.3692 -54.0626
4.87975 13.089 -54.0626
4.98296 12.7126 -54.0626
5.07238 12.2792 -54.0626
5.13471 11.8231 -54.0626
5.16576 11.3842 -54.0626
5.16723 10.9813 -54.0626
5.12862 10.6328 -54.0626
5.05087 10.3132 -54.0626
4.9196 10.023 -54.0626
4.7586 9.77619 -54.0626
4.57945 9.59649 -54.0626
4.40437 9.44228 -54.0626
4.23353 9.25994 -54.0626
4.09031 8.99077 -54.0626
3.97314 8.65927 -54.0626
3.8608 8.28315 -54.0626
3.69112 7.93466 -54.0626
3.4557 7.63471 -54.0626
2.92 7.19226 -54.0626
2.71403 6.9533 -54.0626
2.56692 6.6638 -54.0626
2.46105 6.33889 -54.0626
2.37068 6.00765 -54.0626
2.27457 5.68002 -54.0626
2.16484 5.36374 -54.0626
2.06253 5.09301 -54.0626
2.02346 4.92378 -54.0626
2.09247 4.90798 -54.0626
2.28199 5.042 -54.0626
2.54205 5.28306 -54.0626
2.83158 5.57158 -54.0626
3.41166 6.20209 -54.0626
3.68566 6.52532 -54.0626
3.92903 6.83384 -54.0626
4.12531 7.12267 -54.0626
4.29799 7.40763 -54.0626
4.84499 8.37982 -54.0626
5.04199 8.74712 -54.0626
5.2178 9.13766 -54.0626
5.33467 9.51545 -54.0626
5.39774 9.894 -54.0626
5.41529 10.2537 -54.0626
5.41893 10.987 -54.0626
5.43378 11.4045 -54.0626
5.4436 11.8844 -54.0626
5.40988 12.3647 -54.0626
5.28516 12.8131 -54.0626
5.08709 13.1612 -54.0626
4.85481 13.4349 -54.0626
4.62993 13.6524 -54.0626
1.52227 15.072 -54.0626
1.72227 15.072 -54.0626
1.72227 15.072 -54.0626
1.66369 15.2134 -54.0435
1.52227 15.272 -54.0243
1.38085 15.2134 -54.0052
1.32227 15.072 -53.986
1.38085 14.9306 -53.9669
1.52227 14.872 -53.9477
1.66369 14.9306 -53.9286
1.72227 15.072 -53.9094
1.66369 15.2134 -53.8903
1.52227 15.272 -53.8711
1.38085 15.2134 -53.852
1.32227 15.072 -53.8328
1.38085 14.9306 -53.8137
1.52227 14.872 -53.7945
1.66369 14.9306 -53.7754
1.72227 15.072 -53.7562
1.66369 15.2134 -53.7371
1.52227 15.272 -53.718
1.38085 15.2134 -53.6988
1.32227 15.072 -53.6797
1.38085 14.9306 -53.6605
1.52227 14.872 -53.6414
1.66369 14.9306 -53.6222
1.72227 15.072 -53.6031
1.66369 15.2134 -53.5839
1.52227 15.272 -53.5648
1.38085 15.2134 -53.5456
1.32227 15.072 -53.5265
1.38085 14.9306 -53.5073
1.52227 14.872 -53.4882
1.66369 14.9306 -53.469
1.72227 15.072 -53.4499
1.66369 15.2134 -53.4307
1.52227 15.272 -53.4116
1.38085 15.2134 -53.3924
1.32227 15.072 -53.3733
1.38085 14.9306 -53.3541
1.52227 14.872 -53.335
1.66369 14.9306 -53.3158
1.72227 15.072 -53.2967
1.66369 15.2134 -53.2775
1.52227 15.272 -53.2584
1.38085 15.2134 -53.2392
1.32227 15.072 -53.2201
1.38085 14.9306 -53.2009
1.52227 14.872 -53.1818
1.66369 14.9306 -53.1626
1.52227 15.072 -53.1626
1.89412 14.772 -53.1626
2.25568 14.5077 -53.1626
2.55857 14.3123 -53.1626
2.76235 14.1731 -53.1626
2.88517 14.0586 -53.1626
3.00146 13.9208 -53.1626
3.16376 13.7923 -53.1626
3.36293 13.6936 -53.1626
3.73625 13.609 -53.1626
3.87832 13.5545 -53.1626
3.96928 13.4707 -53.1626
3.98811 13.3703 -53.1626
3.93351 13.2613 -53.1626
3.87224 13.1483 -53.1626
3.87486 12.997 -53.1626
3.97965 12.7366 -53.1626
4.12875 12.3038 -53.1626
4.25847 11.7315 -53.1626
4.32893 11.1404 -53.1626
4.34177 10.6368 -53.1626
4.29163 10.2551 -53.1626
4.16075 9.95691 -53.1626
3.96499 9.72399 -53.1626
3.74291 9.54253 -53.1626
3.54668 9.39405 -53.1626
3.39426 9.23775 -53.1626
3.28953 9.03529 -53.1626
3.22114 8.78133 -53.1626
3.15147 8.48181 -53.1626
3.03543 8.15968 -53.1626
2.82889 7.84073 -53.1626
2.54227 7.55939 -53.1626
2.19943 7.3494 -53.1626
1.84048 7.22402 -53.1626
1.51115 7.20019 -53.1626
1.24811 7.25322 -53.1626
1.06718 7.35253 -53.1626
0.919568 7.43012 -53.1626
0.735039 7.45718 -53.1626
0.463971 7.42405 -53.1626
-0.292687 7.28447 -53.1626
-0.659656 7.2367 -53.1626
-0.96014 7.22124 -53.1626
-1.21631 7.21528 -53.1626
-1.43539 7.18349 -53.1626
-1.58715 7.07095 -53.1626
-1.6365 6.83768 -53.1626
-1.54295 6.46372 -53.1626
-1.34893 6.00892 -53.1626
-1.09101 5.53627 -53.1626
-0.841009 5.12878 -53.1626
-0.594382 4.78679 -53.1626
-0.336686 4.50533 -53.1626
-0.0384765 4.26478 -53.1626
0.280379 4.08547 -53.1626
0.583067 4.00717 -53.1626
0.847677 4.05397 -53.1626
1.07391 4.23042 -53.1626
1.2909 4.49856 -53.1626
1.51591 4.80452 -53.1626
1.77773 5.09823 -53.1626
2.05878 5.3623 -53.1626
2.3644 5.62623 -53.1626
2.67137 5.91987 -53.1626
3.27549 6.54906 -53.1626
3.76475 7.02944 -53.1626
3.95521 7.29079 -53.1626
4.12168 7.61829 -53.1626
4.42877 8.42768 -53.1626
4.60193 8.86473 -53.1626
4.77117 9.27181 -53.1626
4.89667 9.64353 -53.1626
4.95304 9.98306 -53.1626
4.94266 10.356 -53.1626
4.88229 10.7586 -53.1626
4.70974 11.5936 -53.1626
4.6475 12.0235 -53.1626
4.60362 12.4585 -53.1626
4.5539 12.8717 -53.1626
4.46079 13.2157 -53.1626
4.31745 13.4945 -53.1626
4.13254 13.7289 -53.1626
3.89505 13.9695 -53.1626
2.14638 15.5842 -53.1626
1.82058 15.8397 -53.1626
1.54195 16.0082 -53.1626
1.33378 16.0701 -53.1626
1.22485 16.0413 -53.1626
1.219 15.9263 -53.1626
1.30027 15.7216 -53.1626
1.4105 15.4271 -53.1626
1.52227 15.072 -53.1626
-0.118176 14.2443 -53.1626
0.0818239 14.2443 -53.1626
0.0818239 14.2443 -53.1626
0.0232452 14.3857 -53.1435
-0.118176 14.4443 -53.1243
-0.259598 14.3857 -53.1052
-0.318176 14.2443 -53.086
-0.259598 14.1029 -53.0669
-0.118176 14.0443 -53.0477
0.0232452 14.1029 -53.0286
0.0818239 14.2443 -53.0094
0.0232452 14.3857 -52.9903
-0.118176 14.4443 -52.9711
-0.259598 14.3857 -52.952
-0.318176 14.2443 -52.9328
-0.259598 14.1029 -52.9137
-0.118176 14.0443 -52.8945
0.0232452 14.1029 -52.8754
0.0818239 14.2443 -52.8563
0.0232452 14.3857 -52.8371
-0.118176 14.4443 -52.818
-0.259598 14.3857 -52.7988
-0.318176 14.2443 -52.7797
-0.259598 14.1029 -52.7605
-0.118176 14.0443 -52.7414
0.0232452 14.1029 -52.7222
0.0818239 14.2443 -52.7031
0.0232452 14.3857 -52.6839
-0.118176 14.4443 -52.6648
-0.259598 14.3857 -52.6456
-0.318176 14.2443 -52.6265
-0.259598 14.1029 -52.6073
-0.118176 14.0443 -52.5882
0.0232452 14.1029 -52.569
0.0818239 14.2443 -52.5499
0.0232452 14.3857 -52.5307
-0.118176 14.4443 -52.5116
-0.259598 14.3857 -52.4924
-0.318176 14.2443 -52.4733
-0.259598 14.1029 -52.4541
-0.118176 14.0443 -52.435
0.0232452 14.1029 -52.4158
0.0818239 14.2443 -52.3967
0.0232452 14.3857 -52.3775
-0.118176 14.4443 -52.3584
-0.259598 14.3857 -52.3392
-0.318176 14.2443 -52.3201
-0.259598 14.1029 -52.3009
-0.118176 14.0443 -52.2818
0.0232452 14.1029 -52.2626
-0.118176 14.2443 -52.2626
-0.128041 14.1794 -52.2626
-0.135585 14.088 -52.2626
-0.139896 13.931 -52.2626
-0.14103 13.6534 -52.2626
-0.134546 13.3017 -52.2626
-0.108899 12.9174 -52.2626
-0.0560421 12.544 -52.2626
0.151703 11.1878 -52.2626
0.26726 10.7364 -52.2626
0.421034 10.3083 -52.2626
0.589313 9.89952 -52.2626
0.700493 9.54825 -52.2626
0.718585 9.29775 -52.2626
0.60653 9.15447 -52.2626
0.350095 9.07103 -52.2626
-0.440882 8.95575 -52.2626
-0.834865 8.84922 -52.2626
-1.19275 8.62251 -52.2626
-1.49671 8.28973 -52.2626
-1.77633 7.87867 -52.2626
-1.97449 7.48508 -52.2626
-2.06075 7.11011 -52.2626
-1.98114 6.73433 -52.2626
-1.78396 6.32432 -52.2626
-1.52376 5.902 -52.2626
-1.28287 5.55687 -52.2626
-1.09201 5.37352 -52.2626
-0.946627 5.4231 -52.2626
-0.792765 5.66368 -52.2626
-0.561268 5.99373 -52.2626
-0.229207 6.29147 -52.2626
0.1737 6.51199 -52.2626
0.59024 6.66597 -52.2626
0.963814 6.73643 -52.2626
1.27283 6.68825 -52.2626
1.50853 6.47754 -52.2626
1.68654 6.15917 -52.2626
1.79174 5.78813 -52.2626
1.83822 5.45565 -52.2626
1.85555 5.20323 -52.2626
1.94495 5.1098 -52.2626
2.12506 5.18419 -52.2626
2.39402 5.40781 -52.2626
2.62253 5.75266 -52.2626
2.74457 6.20922 -52.2626
2.66211 6.77803 -52.2626
2.42092 7.30748 -52.2626
2.05615 7.68354 -52.2626
1.70762 7.86293 -52.2626
1.42266 7.99993 -52.2626
1.262 8.2206 -52.2626
1.1819 8.51923 -52.2626
1.15886 8.81958 -52.2626
1.09149 10.0692 -52.2626
1.06607 10.3967 -52.2626
1.02016 10.646 -52.2626
0.972282 10.8804 -52.2626
0.941501 11.1238 -52.2626
0.965171 11.4218 -52.2626
1.08113 12.1735 -52.2626
1.11633 12.6029 -52.2626
1.161 13.4415 -52.2626
1.21851 13.8223 -52.2626
1.33187 14.1184 -52.2626
1.51073 14.2761 -52.2626
1.71763 14.2795 -52.2626
1.91881 14.1694 -52.2626
2.09495 13.9823 -52.2626
2.28155 13.7342 -52.2626
2.5041 13.4594 -52.2626
2.76691 13.1985 -52.2626
3.04443 12.9605 -52.2626
3.28379 12.7007 -52.2626
3.45407 12.3708 -52.2626
3.53849 11.9629 -52.2626
3.57242 11.5089 -52.2626
3.57369 11.0376 -52.2626
3.53254 10.5732 -52.2626
3.41021 10.1457 -52.2626
3.19231 9.79216 -52.2626
2.92964 9.53886 -52.2626
2.69355 9.37493 -52.2626
2.60288 9.22387 -52.2626
2.71348 8.99735 -52.2626
3.06312 8.64021 -52.2626
3.49809 8.27775 -52.2626
3.88434 8.0468 -52.2626
4.10611 8.0428 -52.2626
4.24498 8.19434 -52.2626
4.56996 8.74624 -52.2626
4.72398 9.1167 -52.2626
4.76922 9.53627 -52.2626
4.70922 9.96502 -52.2626
4.58727 10.3849 -52.2626
4.4673 10.7666 -52.2626
4.36137 11.1321 -52.2626
4.2752 11.4763 -52.2626
4.21012 11.8241 -52.2626
4.18396 12.1428 -52.2626
4.1914 12.4413 -52.2626
4.2197 12.7263 -52.2626
4.23193 13.0209 -52.2626
4.20441 13.3212 -52.2626
4.1249 13.5932 -52.2626
4.01897 13.818 -52.2626
3.88981 13.9987 -52.2626
3.73013 14.1733 -52.2626
3.50456 14.3829 -52.2626
3.22399 14.6262 -52.2626
2.89333 14.876 -52.2626
2.53005 15.0951 -52.2626
2.14951 15.2721 -52.2626
1.7724 15.3931 -52.2626
1.41836 15.4374 -52.2626
1.057 15.3951 -52.2626
0.708914 15.2771 -52.2626
0.39178 15.1001 -52.2626
0.161524 14.8637 -52.2626
-2.57964e-005 14.5725 -52.2626
-0.118176 14.2443 -52.2626
0.125578 14.504 -52.2626
0.325578 14.504 -52.2626
0.325578 14.504 -52.2626
0.267 14.6454 -52.2435
0.125578 14.704 -52.2243
-0.0158431 14.6454 -52.2052
-0.0744217 14.504 -52.186
-0.0158431 14.3626 -52.1669
0.125578 14.304 -52.1477
0.267 14.3626 -52.1286
0.325578 14.504 -52.1094
0.267 14.6454 -52.0903
0.125578 14.704 -52.0711
-0.0158431 14.6454 -52.052
-0.0744217 14.504 -52.0328
-0.0158431 14.3626 -52.0137
0.125578 14.304 -51.9945
0.267 14.3626 -51.9754
0.325578 14.504 -51.9562
0.267 14.6454 -51.9371
0.125578 14.704 -51.918
-0.0158431 14.6454 -51.8988
-0.0744217 14.504 -51.8797
-0.0158431 14.3626 -51.8605
0.125578 14.304 -51.8414
0.267 14.3626 -51.8222
0.325578 14.504 -51.8031
0.267 14.6454 -51.7839
0.125578 14.704 -51.7648
-0.0158431 14.6454 -51.7456
-0.0744217 14.504 -51.7265
-0.0158431 14.3626 -51.7073
0.125578 14.304 -51.6882
0.267 14.3626 -51.669
0.325578 14.504 -51.6499
0.267 14.6454 -51.6307
0.125578 14.704 -51.6116
-0.0158431 14.6454 -51.5924
-0.0744217 14.504 -51.5733
-0.0158431 14.3626 -51.5541
0.125578 14.304 -51.535
0.267 14.3626 -51.5158
0.325578 14.504 -51.4967
0.267 14.6454 -51.4775
0.125578 14.704 -51.4584
-0.0158431 14.6454 -51.4392
-0.0744217 14.504 -51.4201
-0.0158431 14.3626 -51.4009
0.125578 14.304 -51.3818
0.267 14.3626 -51.3626
0.125578 14.504 -51.3626
0.00497843 14.0199 -51.3626
-0.0814464 13.5413 -51.3626
-0.119584 13.0581 -51.3626
-0.126808 12.5739 -51.3626
-0.124553 12.0808 -51.3626
-0.141414 11.5988 -51.3626
-0.178383 11.1486 -51.3626
-0.255719 10.743 -51.3626
-0.392671 10.3465 -51.3626
-0.636052 9.89965 -51.3626
-0.977796 9.36567 -51.3626
-1.36341 8.79104 -51.3626
-1.69331 8.24985 -51.3626
-1.86599 7.84284 -51.3626
-1.82513 7.61946 -51.3626
-1.56976 7.58672 -51.3626
-1.17855 7.68419 -51.3626
-0.74098 7.83435 -51.3626
-0.300372 7.95344 -51.3626
0.108843 7.97582 -51.3626
0.484799 7.84831 -51.3626
0.795659 7.62061 -51.3626
1.09078 7.37398 -51.3626
1.40012 7.22674 -51.3626
1.76564 7.18882 -51.3626
2.15962 7.21126 -51.3626
2.5575 7.20054 -51.3626
2.8891 7.08856 -51.3626
3.12141 6.91687 -51.3626
3.22986 6.74545 -51.3626
3.26696 6.65488 -51.3626
3.30316 6.64273 -51.3626
3.62761 6.84393 -51.3626
3.89952 7.02482 -51.3626
4.16123 7.22555 -51.3626
4.35326 7.42868 -51.3626
4.51276 7.66795 -51.3626
4.66264 7.96969 -51.3626
4.79676 8.33152 -51.3626
4.8537 8.71568 -51.3626
4.80595 9.10783 -51.3626
4.67536 9.52271 -51.3626
4.53262 9.99991 -51.3626
4.42976 10.538 -51.3626
4.3829 11.1055 -51.3626
4.35247 11.6688 -51.3626
4.29897 12.1863 -51.3626
4.1909 12.6545 -51.3626
4.04134 13.0448 -51.3626
3.86591 13.3852 -51.3626
3.6748 13.6827 -51.3626
3.4731 13.9468 -51.3626
3.26679 14.1657 -51.3626
3.05793 14.3234 -51.3626
2.82376 14.4373 -51.3626
2.54535 14.5153 -51.3626
2.24107 14.5758 -51.3626
1.93579 14.621 -51.3626
1.62694 14.6614 -51.3626
1.29268 14.699 -51.3626
0.930961 14.7215 -51.3626
0.600437 14.7129 -51.3626
0.349035 14.6646 -51.3626
0.204192 14.5902 -51.3626
0.125578 14.504 -51.3626
0.965182 14.4047 -51.3626
1.16518 14.4047 -51.3626
1.16518 14.4047 -51.3626
1.1066 14.5461 -51.3435
0.965182 14.6047 -51.3243
0.823761 14.5461 -51.3052
0.765182 14.4047 -51.286
0.823761 14.2632 -51.2669
0.965182 14.2047 -51.2477
1.1066 14.2632 -51.2286
1.16518 14.4047 -51.2094
1.1066 14.5461 -51.1903
0.965182 14.6047 -51.1711
0.823761 14.5461 -51.152
0.765182 14.4047 -51.1328
0.823761 14.2632 -51.1137
0.965182 14.2047 -51.0945
1.1066 14.2632 -51.0754
1.16518 14.4047 -51.0562
1.1066 14.5461 -51.0371
0.965182 14.6047 -51.018
0.823761 14.5461 -50.9988
0.765182 14.4047 -50.9797
0.823761 14.2632 -50.9605
0.965182 14.2047 -50.9414
1.1066 14.2632 -50.9222
1.16518 14.4047 -50.9031
1.1066 14.5461 -50.8839
0.965182 14.6047 -50.8648
0.823761 14.5461 -50.8456
0.765182 14.4047 -50.8265
0.823761 14.2632 -50.8073
0.965182 14.2047 -50.7882
1.1066 14.2632 -50.769
1.16518 14.4047 -50.7499
1.1066 14.5461 -50.7307
0.965182 14.6047 -50.7116
0.823761 14.5461 -50.6924
0.765182 14.4047 -50.6733
0.823761 14.2632 -50.6541
0.965182 14.2047 -50.635
1.1066 14.2632 -50.6158
1.16518 14.4047 -50.5967
1.1066 14.5461 -50.5775
0.965182 14.6047 -50.5584
0.823761 14.5461 -50.5392
0.765182 14.4047 -50.5201
0.823761 14.2632 -50.5009
0.965182 14.2047 -50.4818
1.1066 14.2632 -50.4626
0.965182 14.4047 -50.4626
0.510624 14.0974 -50.4626
0.176931 13.7557 -50.4626
-0.00154284 13.3336 -50.4626
-0.0733705 12.8014 -50.4626
-0.146763 11.1205 -50.4626
-0.181515 10.6438 -50.4626
-0.235527 10.2132 -50.4626
-0.369884 9.5555 -50.4626
-0.359848 9.30645 -50.4626
-0.21743 9.04531 -50.4626
0.0480393 8.79367 -50.4626
0.40519 8.61221 -50.4626
0.78493 8.56229 -50.4626
1.16797 8.6169 -50.4626
1.56392 8.7091 -50.4626
1.98109 8.75811 -50.4626
2.42638 8.70028 -50.4626
2.87074 8.53053 -50.4626
3.31421 8.29305 -50.4626
3.72437 8.08651 -50.4626
4.07097 7.99649 -50.4626
4.32181 8.07654 -50.4626
4.47184 8.32532 -50.4626
4.54776 8.64949 -50.4626
4.57371 8.97995 -50.4626
4.57685 9.30216 -50.4626
4.54817 11.9277 -50.4626
4.52125 12.1938 -50.4626
4.45277 12.4383 -50.4626
4.31832 12.6912 -50.4626
4.12585 12.9364 -50.4626
3.88808 13.1689 -50.4626
3.62276 13.4167 -50.4626
3.34305 13.6692 -50.4626
3.04541 13.903 -50.4626
2.73782 14.0706 -50.4626
2.42452 14.1823 -50.4626
2.1349 14.2447 -50.4626
1.87804 14.2826 -50.4626
1.41543 14.33 -50.4626
1.18779 14.3633 -50.4626
0.965182 14.4047 -50.4626
0.122149 14.308 -50.4626
0.322149 14.308 -50.4626
0.322149 14.308 -50.4626
0.263571 14.4495 -50.4435
0.122149 14.508 -50.4243
-0.0192721 14.4495 -50.4052
-0.0778508 14.308 -50.386
-0.0192721 14.1666 -50.3669
0.122149 14.108 -50.3477
0.263571 14.1666 -50.3286
0.322149 14.308 -50.3094
0.263571 14.4495 -50.2903
0.122149 14.508 -50.2711
-0.0192721 14.4495 -50.252
-0.0778508 14.308 -50.2328
-0.0192721 14.1666 -50.2137
0.122149 14.108 -50.1945
0.263571 14.1666 -50.1754
0.322149 14.308 -50.1563
0.263571 14.4495 -50.1371
0.122149 14.508 -50.118
-0.0192721 14.4495 -50.0988
-0.0778508 14.308 -50.0797
-0.0192721 14.1666 -50.0605
0.122149 14.108 -50.0414
0.263571 14.1666 -50.0222
0.322149 14.308 -50.0031
0.263571 14.4495 -49.9839
0.122149 14.508 -49.9648
-0.0192721 14.4495 -49.9456
-0.0778508 14.308 -49.9265
-0.0192721 14.1666 -49.9073
0.122149 14.108 -49.8882
0.263571 14.1666 -49.869
0.322149 14.308 -49.8499
0.263571 14.4495 -49.8307
0.122149 14.508 -49.8116
-0.0192721 14.4495 -49.7924
-0.0778508 14.308 -49.7733
-0.0192721 14.1666 -49.7541
0.122149 14.108 -49.735
0.263571 14.1666 -49.7158
0.322149 14.308 -49.6967
0.263571 14.4495 -49.6775
0.122149 14.508 -49.6584
-0.0192721 14.4495 -49.6392
-0.0778508 14.308 -49.6201
-0.0192721 14.1666 -49.6009
0.122149 14.108 -49.5818
0.263571 14.1666 -49.5626
0.122149 14.308 -49.5626
0.109667 14.0595 -49.5626
0.051771 13.3769 -49.5626
0.0171828 12.8557 -49.5626
-0.00708492 12.2664 -49.5626
-0.020106 11.6807 -49.5626
-0.0484853 11.1654 -49.5626
-0.0938138 10.6998 -49.5626
-0.122747 10.2759 -49.5626
-0.0418283 9.92058 -49.5626
0.176963 9.66302 -49.5626
0.498067 9.53708 -49.5626
0.844775 9.50882 -49.5626
1.20609 9.55606 -49.5626
1.60848 9.59693 -49.5626
2.04206 9.58823 -49.5626
2.45886 9.50928 -49.5626
2.83121 9.423 -49.5626
3.17845 9.38426 -49.5626
3.54335 9.42231 -49.5626
3.9013 9.49559 -49.5626
4.22245 9.58522 -49.5626
4.46135 9.70719 -49.5626
4.62415 9.92576 -49.5626
4.7165 10.2646 -49.5626
4.7523 10.698 -49.5626
4.74994 11.1742 -49.5626
4.72442 11.6585 -49.5626
4.6812 12.1187 -49.5626
4.60162 12.5275 -49.5626
4.45606 12.8642 -49.5626
4.21674 13.1422 -49.5626
3.89283 13.3764 -49.5626
3.52369 13.5768 -49.5626
3.17633 13.7351 -49.5626
2.88098 13.8483 -49.5626
2.61456 13.9274 -49.5626
2.31626 13.9971 -49.5626
1.9154 14.0786 -49.5626
1.42898 14.1698 -49.5626
0.922739 14.2491 -49.5626
0.520525 14.2971 -49.5626
0.26481 14.312 -49.5626
0.122149 14.308 -49.5626
0.122149 14.308 -80.3626
2.52422 6.45161 -80.3626
2.52422 6.45161 -47.8626
2.72422 6.45161 -47.8626
2.72422 6.45161 -47.8626
2.66564 6.59303 -47.8414
2.52422 6.65161 -47.8201
2.3828 6.59303 -47.7988
2.32422 6.45161 -47.7775
2.3828 6.31018 -47.7562
2.52422 6.25161 -47.735
2.66564 6.31018 -47.7137
2.72422 6.45161 -47.6924
2.66564 6.59303 -47.6711
2.52422 6.65161 -47.6499
2.3828 6.59303 -47.6286
2.32422 6.45161 -47.6073
2.3828 6.31018 -47.586
2.52422 6.25161 -47.5648
2.66564 6.31018 -47.5435
2.72422 6.45161 -47.5222
2.66564 6.59303 -47.5009
2.52422 6.65161 -47.4797
2.3828 6.59303 -47.4584
2.32422 6.45161 -47.4371
2.3828 6.31018 -47.4158
2.52422 6.25161 -47.3945
2.66564 6.31018 -47.3733
2.72422 6.45161 -47.352
2.66564 6.59303 -47.3307
2.52422 6.65161 -47.3094
2.3828 6.59303 -47.2882
2.32422 6.45161 -47.2669
2.3828 6.31018 -47.2456
2.52422 6.25161 -47.2243
2.66564 6.31018 -47.2031
2.72422 6.45161 -47.1818
2.66564 6.59303 -47.1605
2.52422 6.65161 -47.1392
2.3828 6.59303 -47.118
2.32422 6.45161 -47.0967
2.3828 6.31018 -47.0754
2.52422 6.25161 -47.0541
2.66564 6.31018 -47.0328
2.72422 6.45161 -47.0116
2.66564 6.59303 -46.9903
2.52422 6.65161 -46.969
2.3828 6.59303 -46.9477
2.32422 6.45161 -46.9265
2.3828 6.31018 -46.9052
2.52422 6.25161 -46.8839
2.66564 6.31018 -46.8626
2.52422 6.45161 -46.8626
2.32148 6.40115 -46.8626
2.13994 6.34835 -46.8626
1.94937 6.28541 -46.8626
1.71658 6.21707 -46.8626
1.39975 6.13599 -46.8626
1.03452 6.05339 -46.8626
0.639053 5.97224 -46.8626
0.262109 5.92744 -46.8626
-0.103159 5.92896 -46.8626
-0.447185 5.97133 -46.8626
-0.778454 6.00332 -46.8626
-1.06792 5.99929 -46.8626
-1.28775 5.9355 -46.8626
-1.40362 5.82426 -46.8626
-1.39773 5.64915 -46.8626
-1.26097 5.43607 -46.8626
-1.00057 5.2025 -46.8626
-0.666358 5.00787 -46.8626
-0.335454 4.87219 -46.8626
-0.0824281 4.81001 -46.8626
0.092513 4.81653 -46.8626
0.240683 4.89792 -46.8626
0.423367 5.06235 -46.8626
0.649819 5.28009 -46.8626
0.894349 5.50076 -46.8626
1.12743 5.6687 -46.8626
1.34635 5.76577 -46.8626
1.56801 5.8016 -46.8626
1.81978 5.80322 -46.8626
2.09167 5.813 -46.8626
2.37074 5.86864 -46.8626
2.61168 5.9789 -46.8626
2.80617 6.11476 -46.8626
2.92224 6.23679 -46.8626
2.95252 6.32718 -46.8626
2.88099 6.38782 -46.8626
2.72706 6.42624 -46.8626
2.52422 6.45161 -46.8626
1.50747 6.69636 -46.8626
1.70747 6.69636 -46.8626
1.70747 6.69636 -46.8626
1.64889 6.83778 -46.8435
1.50747 6.89636 -46.8243
1.36604 6.83778 -46.8052
1.30747 6.69636 -46.786
1.36604 6.55494 -46.7669
1.50747 6.49636 -46.7477
1.64889 6.55494 -46.7286
1.70747 6.69636 -46.7094
1.64889 6.83778 -46.6903
1.50747 6.89636 -46.6711
1.36604 6.83778 -46.652
1.30747 6.69636 -46.6328
1.36604 6.55494 -46.6137
1.50747 6.49636 -46.5945
1.64889 6.55494 -46.5754
1.70747 6.69636 -46.5562
1.64889 6.83778 -46.5371
1.50747 6.89636 -46.518
1.36604 6.83778 -46.4988
1.30747 6.69636 -46.4797
1.36604 6.55494 -46.4605
1.50747 6.49636 -46.4414
1.64889 6.55494 -46.4222
1.70747 6.69636 -46.4031
1.64889 6.83778 -46.3839
1.50747 6.89636 -46.3648
1.36604 6.83778 -46.3456
1.30747 6.69636 -46.3265
1.36604 6.55494 -46.3073
1.50747 6.49636 -46.2882
1.64889 6.55494 -46.269
1.70747 6.69636 -46.2499
1.64889 6.83778 -46.2307
1.50747 6.89636 -46.2116
1.36604 6.83778 -46.1924
1.30747 6.69636 -46.1733
1.36604 6.55494 -46.1541
1.50747 6.49636 -46.135
1.64889 6.55494 -46.1158
1.70747 6.69636 -46.0967
1.64889 6.83778 -46.0775
1.50747 6.89636 -46.0584
1.36604 6.83778 -46.0392
1.30747 6.69636 -46.0201
1.36604 6.55494 -46.0009
1.50747 6.49636 -45.9818
1.64889 6.55494 -45.9626
1.50747 6.69636 -45.9626
0.994251 6.87822 -45.9626
0.525571 6.96548 -45.9626
0.100911 6.93913 -45.9626
-0.72782 6.77806 -45.9626
-1.12413 6.71263 -45.9626
-1.44869 6.62582 -45.9626
-1.60802 6.48465 -45.9626
-1.57785 6.28659 -45.9626
-1.37775 6.0546 -45.9626
-0.861432 5.59782 -45.9626
-0.654853 5.40556 -45.9626
-0.457928 5.25947 -45.9626
-0.212807 5.1641 -45.9626
0.0714646 5.16386 -45.9626
0.379397 5.25077 -45.9626
0.681215 5.41232 -45.9626
1.01973 5.58286 -45.9626
1.37776 5.7344 -45.9626
1.75786 5.86306 -45.9626
2.1267 6.00617 -45.9626
2.48954 6.19988 -45.9626
2.78588 6.43483 -45.9626
2.92158 6.66149 -45.9626
2.85806 6.80638 -45.9626
2.64142 6.84747 -45.9626
2.38601 6.79938 -45.9626
2.1458 6.72378 -45.9626
1.93137 6.66723 -45.9626
1.72068 6.66261 -45.9626
1.50747 6.69636 -45.9626
1.21612 8.68241 -45.9626
1.41612 8.68241 -45.9626
1.41612 8.68241 -45.9626
1.35754 8.82384 -45.9435
1.21612 8.88241 -45.9243
1.0747 8.82384 -45.9052
1.01612 8.68241 -45.886
1.0747 8.54099 -45.8669
1.21612 8.48241 -45.8477
1.35754 8.54099 -45.8286
1.41612 8.68241 -45.8094
1.35754 8.82384 -45.7903
1.21612 8.88241 -45.7711
1.0747 8.82384 -45.752
1.01612 8.68241 -45.7328
1.0747 8.54099 -45.7137
1.21612 8.48241 -45.6945
1.35754 8.54099 -45.6754
1.41612 8.68241 -45.6563
1.35754 8.82384 -45.6371
1.21612 8.88241 -45.618
1.0747 8.82384 -45.5988
1.01612 8.68241 -45.5797
1.0747 8.54099 -45.5605
1.21612 8.48241 -45.5414
1.35754 8.54099 -45.5222
1.41612 8.68241 -45.5031
1.35754 8.82384 -45.4839
1.21612 8.88241 -45.4648
1.0747 8.82384 -45.4456
1.01612 8.68241 -45.4265
1.0747 8.54099 -45.4073
1.21612 8.48241 -45.3882
1.35754 8.54099 -45.369
1.41612 8.68241 -45.3499
1.35754 8.82384 -45.3307
1.21612 8.88241 -45.3116
1.0747 8.82384 -45.2924
1.01612 8.68241 -45.2733
1.0747 8.54099 -45.2541
1.21612 8.48241 -45.235
1.35754 8.54099 -45.2158
1.41612 8.68241 -45.1967
1.35754 8.82384 -45.1775
1.21612 8.88241 -45.1584
1.0747 8.82384 -45.1392
1.01612 8.68241 -45.1201
1.0747 8.54099 -45.1009
1.21612 8.48241 -45.0818
1.35754 8.54099 -45.0626
1.21612 8.68241 -45.0626
0.847213 8.63129 -45.0626
0.0139842 8.50179 -45.0626
-0.390143 8.42912 -45.0626
-0.698326 8.34397 -45.0626
-0.920785 8.21526 -45.0626
-1.07868 8.06296 -45.0626
-1.22877 7.90883 -45.0626
-1.39243 7.79174 -45.0626
-1.56115 7.70966 -45.0626
-1.70948 7.65966 -45.0626
-1.80039 7.61141 -45.0626
-1.81688 7.53004 -45.0626
-1.75582 7.38409 -45.0626
-1.63319 7.17728 -45.0626
-1.3005 6.66319 -45.0626
-1.13591 6.38009 -45.0626
-0.987981 6.09377 -45.0626
-0.731596 5.53084 -45.0626
-0.572337 5.24344 -45.0626
-0.366699 5.02327 -45.0626
-0.113581 4.95612 -45.0626
0.17929 5.10575 -45.0626
0.843586 5.69205 -45.0626
1.20838 5.89666 -45.0626
1.59271 5.99923 -45.0626
1.98511 6.06363 -45.0626
2.39146 6.19329 -45.0626
2.8134 6.45671 -45.0626
3.21614 6.82918 -45.0626
3.51767 7.22623 -45.0626
3.6599 7.5569 -45.0626
3.65918 7.79675 -45.0626
3.56618 7.94624 -45.0626
3.40613 8.01411 -45.0626
3.15212 7.99344 -45.0626
2.42909 7.80404 -45.0626
2.0539 7.77232 -45.0626
1.732 7.87887 -45.0626
1.48806 8.111 -45.0626
1.32719 8.39898 -45.0626
1.21612 8.68241 -45.0626
0.211052 12.9922 -45.0626
0.411052 12.9922 -45.0626
0.411052 12.9922 -45.0626
0.352473 13.1336 -45.0435
0.211052 13.1922 -45.0243
0.0696302 13.1336 -45.0052
0.0110516 12.9922 -44.986
0.0696302 12.8507 -44.9669
0.211052 12.7922 -44.9477
0.352473 12.8507 -44.9286
0.411052 12.9922 -44.9094
0.352473 13.1336 -44.8903
0.211052 13.1922 -44.8711
0.0696302 13.1336 -44.852
0.0110516 12.9922 -44.8328
0.0696302 12.8507 -44.8137
0.211052 12.7922 -44.7945
0.352473 12.8507 -44.7754
0.411052 12.9922 -44.7562
0.352473 13.1336 -44.7371
0.211052 13.1922 -44.718
0.0696302 13.1336 -44.6988
0.0110516 12.9922 -44.6797
0.0696302 12.8507 -44.6605
0.211052 12.7922 -44.6414
0.352473 12.8507 -44.6222
0.411052 12.9922 -44.6031
0.352473 13.1336 -44.5839
0.211052 13.1922 -44.5648
0.0696302 13.1336 -44.5456
0.0110516 12.9922 -44.5265
0.0696302 12.8507 -44.5073
0.211052 12.7922 -44.4882
0.352473 12.8507 -44.469
0.411052 12.9922 -44.4499
0.352473 13.1336 -44.4307
0.211052 13.1922 -44.4116
0.0696302 13.1336 -44.3924
0.0110516 12.9922 -44.3733
0.0696302 12.8507 -44.3541
0.211052 12.7922 -44.335
0.352473 12.8507 -44.3158
0.411052 12.9922 -44.2967
0.352473 13.1336 -44.2775
0.211052 13.1922 -44.2584
0.0696302 13.1336 -44.2392
0.0110516 12.9922 -44.2201
0.0696302 12.8507 -44.2009
0.211052 12.7922 -44.1818
0.352473 12.8507 -44.1626
0.211052 12.9922 -44.1626
0.0600587 12.4233 -44.1626
-0.0633259 11.894 -44.1626
-0.142333 11.4119 -44.1626
-0.174297 10.9527 -44.1626
-0.182426 10.5058 -44.1626
-0.201085 10.0755 -44.1626
-0.268114 9.65358 -44.1626
-0.395068 9.22593 -44.1626
-0.70733 8.40012 -44.1626
-0.803653 8.08127 -44.1626
-0.841255 7.80706 -44.1626
-0.847379 7.5267 -44.1626
-0.836454 6.85609 -44.1626
-0.821334 6.49684 -44.1626
-0.789738 6.15221 -44.1626
-0.72205 5.79723 -44.1626
-0.592713 5.49607 -44.1626
-0.385685 5.27504 -44.1626
-0.133675 5.19693 -44.1626
0.126891 5.22872 -44.1626
0.379359 5.3522 -44.1626
0.673054 5.5178 -44.1626
0.999789 5.69531 -44.1626
1.35834 5.85436 -44.1626
1.69497 5.97684 -44.1626
2.04284 6.07956 -44.1626
2.35922 6.16131 -44.1626
2.63869 6.2286 -44.1626
2.83839 6.28576 -44.1626
3.00394 6.37556 -44.1626
3.15769 6.52758 -44.1626
3.31489 6.73553 -44.1626
3.45819 6.96159 -44.1626
3.58831 7.18906 -44.1626
3.70398 7.41729 -44.1626
3.7801 7.62496 -44.1626
3.76277 7.74251 -44.1626
3.64121 7.73684 -44.1626
3.46801 7.63262 -44.1626
3.32352 7.50255 -44.1626
3.23709 7.37008 -44.1626
3.17826 7.23326 -44.1626
3.09924 7.1174 -44.1626
2.97452 7.08236 -44.1626
2.81374 7.19688 -44.1626
2.65393 7.44075 -44.1626
2.52632 7.77015 -44.1626
2.44242 8.11763 -44.1626
2.38404 8.48601 -44.1626
2.33678 8.87807 -44.1626
2.2931 9.309 -44.1626
2.25823 9.75113 -44.1626
2.2345 10.1874 -44.1626
2.21993 10.5902 -44.1626
2.21201 10.9777 -44.1626
2.21019 11.3665 -44.1626
2.21993 11.7935 -44.1626
2.24093 12.2357 -44.1626
2.2707 12.6694 -44.1626
2.32951 13.3652 -44.1626
2.33488 13.5953 -44.1626
2.29206 13.7303 -44.1626
2.17426 13.7689 -44.1626
1.9654 13.738 -44.1626
1.68038 13.6716 -44.1626
1.34902 13.5882 -44.1626
1.01825 13.4902 -44.1626
0.71277 13.3597 -44.1626
0.449002 13.1909 -44.1626
0.211052 12.9922 -44.1626
0.480613 12.8813 -44.1626
0.680614 12.8813 -44.1626
0.680614 12.8813 -44.1626
0.622035 13.0227 -44.1435
0.480613 13.0813 -44.1243
0.339192 13.0227 -44.1052
0.280613 12.8813 -44.086
0.339192 12.7398 -44.0669
0.480613 12.6813 -44.0477
0.622035 12.7398 -44.0286
0.680614 12.8813 -44.0094
0.622035 13.0227 -43.9903
0.480613 13.0813 -43.9711
0.339192 13.0227 -43.952
0.280613 12.8813 -43.9328
0.339192 12.7398 -43.9137
0.480613 12.6813 -43.8945
0.622035 12.7398 -43.8754
0.680614 12.8813 -43.8563
0.622035 13.0227 -43.8371
0.480613 13.0813 -43.818
0.339192 13.0227 -43.7988
0.280613 12.8813 -43.7797
0.339192 12.7398 -43.7605
0.480613 12.6813 -43.7414
0.622035 12.7398 -43.7222
0.680614 12.8813 -43.7031
0.622035 13.0227 -43.6839
0.480613 13.0813 -43.6648
0.339192 13.0227 -43.6456
0.280613 12.8813 -43.6265
0.339192 12.7398 -43.6073
0.480613 12.6813 -43.5882
0.622035 12.7398 -43.569
0.680614 12.8813 -43.5499
0.622035 13.0227 -43.5307
0.480613 13.0813 -43.5116
0.339192 13.0227 -43.4924
0.280613 12.8813 -43.4733
0.339192 12.7398 -43.4541
0.480613 12.6813 -43.435
0.622035 12.7398 -43.4158
0.680614 12.8813 -43.3967
0.622035 13.0227 -43.3775
0.480613 13.0813 -43.3584
0.339192 13.0227 -43.3392
0.280613 12.8813 -43.3201
0.339192 12.7398 -43.3009
0.480613 12.6813 -43.2818
0.622035 12.7398 -43.2626
0.480613 12.8813 -43.2626
0.323746 12.3676 -43.2626
0.208741 11.8815 -43.2626
0.151227 11.4328 -43.2626
0.132975 11.0295 -43.2626
0.121475 10.6361 -43.2626
0.0893504 10.2485 -43.2626
0.034877 9.87013 -43.2626
-0.0826029 9.21372 -43.2626
-0.230913 8.20633 -43.2626
-0.280651 7.92803 -43.2626
-0.476766 6.9827 -43.2626
-0.55307 6.55785 -43.2626
-0.603386 6.15057 -43.2626
-0.626076 5.74491 -43.2626
-0.618414 5.38059 -43.2626
-0.596211 5.08228 -43.2626
-0.545495 4.8939 -43.2626
-0.454134 4.79678 -43.2626
-0.297165 4.76136 -43.2626
-0.119415 4.77413 -43.2626
0.0335928 4.85864 -43.2626
0.114186 5.02451 -43.2626
0.158583 5.25479 -43.2626
0.216573 5.49222 -43.2626
0.361017 5.71203 -43.2626
0.613637 5.90178 -43.2626
0.94932 6.10232 -43.2626
1.25995 6.339 -43.2626
1.45699 6.65262 -43.2626
1.51275 7.01907 -43.2626
1.49255 7.40572 -43.2626
1.45573 7.76859 -43.2626
1.43135 8.12094 -43.2626
1.41238 8.47521 -43.2626
1.40005 8.83447 -43.2626
1.39624 9.18797 -43.2626
1.41806 9.90252 -43.2626
1.49994 11.6741 -43.2626
1.5256 12.0217 -43.2626
1.56424 12.377 -43.2626
1.6885 13.3315 -43.2626
1.7025 13.475 -43.2626
1.66623 13.5336 -43.2626
1.53549 13.5115 -43.2626
1.29054 13.3983 -43.2626
0.98679 13.2247 -43.2626
0.706734 13.0417 -43.2626
0.480613 12.8813 -43.2626
1.04602 13.1461 -43.2626
1.24602 13.1461 -43.2626
1.24602 13.1461 -43.2626
1.18744 13.2875 -43.2435
1.04602 13.3461 -43.2243
0.904595 13.2875 -43.2052
0.846017 13.1461 -43.186
0.904595 13.0046 -43.1669
1.04602 12.9461 -43.1477
1.18744 13.0046 -43.1286
1.24602 13.1461 -43.1094
1.18744 13.2875 -43.0903
1.04602 13.3461 -43.0711
0.904595 13.2875 -43.052
0.846017 13.1461 -43.0328
0.904595 13.0046 -43.0137
1.04602 12.9461 -42.9945
1.18744 13.0046 -42.9754
1.24602 13.1461 -42.9562
1.18744 13.2875 -42.9371
1.04602 13.3461 -42.918
0.904595 13.2875 -42.8988
0.846017 13.1461 -42.8797
0.904595 13.0046 -42.8605
1.04602 12.9461 -42.8414
1.18744 13.0046 -42.8222
1.24602 13.1461 -42.8031
1.18744 13.2875 -42.7839
1.04602 13.3461 -42.7648
0.904595 13.2875 -42.7456
0.846017 13.1461 -42.7265
0.904595 13.0046 -42.7073
1.04602 12.9461 -42.6882
1.18744 13.0046 -42.669
1.24602 13.1461 -42.6499
1.18744 13.2875 -42.6307
1.04602 13.3461 -42.6116
0.904595 13.2875 -42.5924
0.846017 13.1461 -42.5733
0.904595 13.0046 -42.5541
1.04602 12.9461 -42.535
1.18744 13.0046 -42.5158
1.24602 13.1461 -42.4967
1.18744 13.2875 -42.4775
1.04602 13.3461 -42.4584
0.904595 13.2875 -42.4392
0.846017 13.1461 -42.4201
0.904595 13.0046 -42.4009
1.04602 12.9461 -42.3818
1.18744 13.0046 -42.3626
1.04602 13.1461 -42.3626
0.852752 12.7173 -42.3626
0.70438 12.336 -42.3626
0.613844 11.9945 -42.3626
0.56419 11.6313 -42.3626
0.509724 10.9389 -42.3626
0.485111 10.6834 -42.3626
0.451197 10.4454 -42.3626
0.396267 10.1468 -42.3626
-0.270438 6.96638 -42.3626
-0.321097 6.69428 -42.3626
-0.375238 6.36215 -42.3626
-0.416547 6.02318 -42.3626
-0.431575 5.76866 -42.3626
-0.418936 5.64673 -42.3626
-0.398131 5.62089 -42.3626
-0.379674 5.63818 -42.3626
-0.358988 5.65914 -42.3626
-0.32022 5.68469 -42.3626
-0.241914 5.73082 -42.3626
-0.122435 5.80946 -42.3626
0.0392885 5.92834 -42.3626
0.216512 6.09448 -42.3626
0.384765 6.33273 -42.3626
0.511943 6.66217 -42.3626
0.590491 7.05116 -42.3626
0.630821 7.44499 -42.3626
0.779715 9.56276 -42.3626
1.02227 11.9349 -42.3626
1.06759 12.2986 -42.3626
1.15984 12.893 -42.3626
1.17321 13.0815 -42.3626
1.1317 13.1545 -42.3626
1.04602 13.1461 -42.3626
1.04602 13.1461 -80.3626
