38
1
4
10.0332 50.8 -50.8 50.8 50.8 -50.8 50.8 1.92979e-006 -50.8 10.0341 4.39906e-015 -50.8 
1
4
10.0349 4.32112e-015 -49.9 10.0338 50.8 -49.9 50.8 50.8 -49.9 50.8 4.32112e-015 -49.9 
1
4
10.0357 4.24318e-015 -49 10.0345 50.8 -49 50.8 50.8 -49 50.8 4.24319e-015 -49 
1
4
10.0365 4.16525e-015 -48.1 10.0352 50.8 -48.1 50.8 50.8 -48.1 50.8 4.16525e-015 -48.1 
1
4
10.0375 4.08731e-015 -47.2 10.0359 50.8 -47.2 50.8 50.8 -47.2 50.8 4.08731e-015 -47.2 
1
4
10.0382 4.00938e-015 -46.3 10.0367 50.8 -46.3 50.8 50.8 -46.3 50.8 4.00938e-015 -46.3 
1
4
10.0392 3.93144e-015 -45.4 10.0374 50.8 -45.4 50.8 50.8 -45.4 50.8 3.93144e-015 -45.4 
1
4
10.0401 3.85351e-015 -44.5 10.0381 50.8 -44.5 50.8 50.8 -44.5 50.8 3.8535e-015 -44.5 
1
4
10.0411 3.77557e-015 -43.6 10.0388 50.8 -43.6 50.8 50.8 -43.6 50.8 3.77557e-015 -43.6 
1
4
10.0423 3.69763e-015 -42.7 10.0396 50.8 -42.7 50.8 50.8 -42.7 50.8 3.69763e-015 -42.7 
1
4
10.0434 3.6197e-015 -41.8 10.0403 50.8 -41.8 50.8 50.8 -41.8 50.8 3.61969e-015 -41.8 
1
134
10.9458 3.54177e-015 -40.9 10.984 15 -40.9 11 15.016 -40.9 11.9983 14.0206 -40.9 12 14.0189 -40.9 13 14.0195 -40.9 13.998 13.0254 -40.9 14 13.0235 -40.9 19 13.0273 -40.9 19.9977 12.0323 -40.9 20 12.03 -40.9 24 12.027 -40.9 24.9777 12.9984 -40.9 24.9795 13 -40.9 25 13.0205 -40.9 26 13.0181 -40.9 26.9884 13.999 -40.9 26.9894 14 -40.9 27 14.0106 -40.9 28 14.0082 -40.9 28.9319 14.9319 -40.9 29 14.9168 -40.9 29.7766 14.7766 -40.9 30 14.7501 -40.9 30.2532 14.7468 -40.9 30.9994 14.0062 -40.9 31 14.0056 -40.9 33 14.0079 -40.9 33.9987 13.0136 -40.9 34 13.0124 -40.9 35 13.0107 -40.9 35.9986 12.0161 -40.9 36 12.0147 -40.9 37 12.0143 -40.9 37.9982 11.0213 -40.9 38 11.0196 -40.9 38.9831 11.9986 -40.9 38.9845 12 -40.9 39 12.0155 -40.9 42 12.0197 -40.9 42.9826 13 -40.9 42.9923 15 -40.9 43.9946 16 -40.9 44 17.1113 -40.9 44.8162 18 -40.9 45 18.2649 -40.9 45.4806 19 -40.9 46 19.8712 -40.9 46.0798 20 -40.9 46.1996 20.1996 -40.9 46.7036 21 -40.9 47.2962 22 -40.9 47.5159 22.5159 -40.9 47.7579 23 -40.9 48.046 24 -40.9 48.0525 24.0525 -40.9 48.2058 25 -40.9 48.2028 25.2028 -40.9 48.2028 26 -40.9 48.1794 26.1794 -40.9 48.0587 27 -40.9 48.0587 27.0587 -40.9 48 27.6654 -40.9 47.9749 27.9749 -40.9 47.9713 28 -40.9 47.9713 28.9713 -40.9 47.9696 29 -40.9 47.8532 29.8532 -40.9 47.8195 30 -40.9 47.6328 30.6328 -40.9 47.4726 31 -40.9 47.3249 31.3249 -40.9 47.994 31.9994 -40.9 47.9946 32 -40.9 47.992 33 -40.9 48.9835 33.9985 -40.9 48.9849 34 -40.9 48.9771 37 -40.9 48 37.9783 -40.9 46 37.9856 -40.9 45 38.9846 -40.9 42 38.991 -40.9 41.0022 38.0002 -40.9 41.002 38 -40.9 41 37.998 -40.9 39.8819 38 -40.9 39 38.294 -40.9 38.4626 38.4626 -40.9 38 38.6198 -40.9 37.771 38.771 -40.9 37.2397 39 -40.9 37.081 39.081 -40.9 37 39.109 -40.9 36.4023 39.4023 -40.9 36 39.5321 -40.9 35.6374 39.6374 -40.9 35 39.7499 -40.9 34.7791 39.7791 -40.9 33.857 39.857 -40.9 32.922 39.922 -40.9 32 39.9725 -40.9 31.9696 39.9696 -40.9 31 39.9142 -40.9 30.8866 39.8867 -40.9 30 39.7014 -40.9 29.5554 39.5554 -40.9 29 39.3905 -40.9 28.219 39 -40.9 28 38.8954 -40.9 27.7405 38.7405 -40.9 27 38.3173 -40.9 26 37.6934 -40.9 25.157 37 -40.9 25 36.857 -40.9 22.1609 34 -40.9 22 33.8123 -40.9 21.8523 33.8523 -40.9 21.4701 34 -40.9 21.1249 34.1249 -40.9 21 34.1737 -40.9 20.309 34.309 -40.9 20 34.3615 -40.9 19 34.3403 -40.9 18.088 34.088 -40.9 18 34.0665 -40.9 17.8699 34 -40.9 17 33.4593 -40.9 16 32.5674 -40.9 15.4752 32 -40.9 11 31.9879 -40.9 10.9879 32 -40.9 10.9416 50.8 -40.9 10.041 50.8 -40.9 10.0445 3.54176e-015 -40.9 
1
71
38.0845 12 -40 38 11.9196 -40 37.9143 12 -40 37 12.9143 -40 36 12.9147 -40 35.9107 13 -40 35 13.9107 -40 34 13.9124 -40 33.9079 14 -40 33 14.9079 -40 31 14.9056 -40 30.8981 15 -40 30 15.8981 -40 29 15.8994 -40 28.1006 15 -40 28 14.9082 -40 27 14.9106 -40 26.0894 14 -40 26 13.9181 -40 25 13.9205 -40 24.0795 13 -40 24 12.927 -40 20 12.93 -40 19.9273 13 -40 19 13.9273 -40 14 13.9235 -40 13.9195 14 -40 13 14.9195 -40 12 14.9189 -40 11.916 15 -40 11 15.916 -40 10.084 15 -40 10.0879 32 -40 11 31.0879 -40 17 31.1055 -40 18 32.1042 -40 25 32.125 -40 26 33.1258 -40 27 33.1347 -40 28.867 35 -40 29 35.1278 -40 30 35.1313 -40 30.8687 36 -40 31 36.1235 -40 36 36.1173 -40 36.8827 37 -40 37 37.1064 -40 41 37.098 -40 41.902 38 -40 42 38.091 -40 45 38.0846 -40 46 37.0856 -40 48 37.0783 -40 48.0771 37 -40 48.0849 34 -40 48 33.908 -40 47.092 33 -40 47.0946 32 -40 47 31.8974 -40 46.1026 31 -40 46 30.8883 -40 45.1117 30 -40 45.1143 24 -40 44.1172 23 -40 44.1095 21 -40 43.1113 20 -40 43.0946 16 -40 42.0923 15 -40 42.0826 13 -40 42 12.9197 -40 39 12.9155 -40 
1
71
38.0894 12 -39.1 38 11.9154 -39.1 37.9094 12 -39.1 37 12.9094 -39.1 36 12.9097 -39.1 35.9051 13 -39.1 35 13.9051 -39.1 34 13.9063 -39.1 33.9011 14 -39.1 33 14.9011 -39.1 31 14.9007 -39.1 30.892 15 -39.1 30 15.892 -39.1 29 15.8933 -39.1 28.1067 15 -39.1 28 14.9032 -39.1 27 14.9057 -39.1 26.0943 14 -39.1 26 13.9141 -39.1 25 13.9169 -39.1 24.0831 13 -39.1 24 12.924 -39.1 20 12.9258 -39.1 19.9225 13 -39.1 19 13.9225 -39.1 14 13.9188 -39.1 13.914 14 -39.1 13 14.914 -39.1 12 14.9132 -39.1 11.9097 15 -39.1 11 15.9097 -39.1 10.0903 15 -39.1 10.0938 32 -39.1 11 31.0938 -39.1 17 31.1153 -39.1 18 32.1141 -39.1 25 32.136 -39.1 26 33.1361 -39.1 27 33.1466 -39.1 28.8552 35 -39.1 29 35.1392 -39.1 30 35.1442 -39.1 30.8558 36 -39.1 31 36.1348 -39.1 36 36.1278 -39.1 36.8722 37 -39.1 37 37.115 -39.1 41 37.1056 -39.1 41.8944 38 -39.1 42 38.0968 -39.1 45 38.089 -39.1 46 37.0903 -39.1 48 37.0818 -39.1 48.0805 37 -39.1 48.0898 34 -39.1 48 33.9017 -39.1 47.0983 33 -39.1 47.1015 32 -39.1 47 31.8892 -39.1 46.1108 31 -39.1 46 30.8785 -39.1 45.1215 30 -39.1 45.1247 24 -39.1 44.1287 23 -39.1 44.119 21 -39.1 43.1217 20 -39.1 43.1007 16 -39.1 42.0981 15 -39.1 42.0871 13 -39.1 42 12.9152 -39.1 39 12.9106 -39.1 
1
72
37.9039 12 -38.2 37 12.9038 -38.2 36 12.9041 -38.2 35.8988 13 -38.2 35 13.8988 -38.2 34 13.8995 -38.2 33.8934 14 -38.2 33 14.8934 -38.2 31 14.8943 -38.2 30.8851 15 -38.2 30 15.8851 -38.2 29 15.8864 -38.2 28.1136 15 -38.2 28 14.8975 -38.2 27 14.9003 -38.2 26.0997 14 -38.2 26 13.9098 -38.2 25 13.9131 -38.2 24.0869 13 -38.2 24 12.921 -38.2 20 12.9211 -38.2 19.9171 13 -38.2 19 13.9171 -38.2 14 13.9137 -38.2 13.9079 14 -38.2 13 14.9079 -38.2 12 14.9069 -38.2 11.9025 15 -38.2 11 15.9025 -38.2 10.0975 15 -38.2 10.1001 32 -38.2 11 31.1001 -38.2 17 31.127 -38.2 18 32.1258 -38.2 25 32.1482 -38.2 26 33.1481 -38.2 27 33.1607 -38.2 28.8413 35 -38.2 29 35.1524 -38.2 30 35.1596 -38.2 30.8404 36 -38.2 31 36.1483 -38.2 36 36.1404 -38.2 36.8596 37 -38.2 37 37.1254 -38.2 41 37.1138 -38.2 41.8862 38 -38.2 42 38.1032 -38.2 45 38.0937 -38.2 46 37.095 -38.2 48 37.0853 -38.2 48.0839 37 -38.2 48.0947 34 -38.2 48 33.895 -38.2 47.105 33 -38.2 47.1092 32 -38.2 47 31.8795 -38.2 46.1205 31 -38.2 46 30.8668 -38.2 45.1332 30 -38.2 45.1365 24 -38.2 45 23.8579 -38.2 44.1421 23 -38.2 44.1302 21 -38.2 43.1337 20 -38.2 43.1071 16 -38.2 42.1044 15 -38.2 42.092 13 -38.2 42 12.9104 -38.2 39 12.9054 -38.2 38.0946 12 -38.2 38 11.9107 -38.2 
1
72
37.8977 12 -37.3 38 11.9056 -37.3 38.1005 12 -37.3 39 12.8995 -37.3 42 12.9054 -37.3 42.0971 13 -37.3 42.1112 15 -37.3 43.114 16 -37.3 43.1477 20 -37.3 44.1435 21 -37.3 44.1582 23 -37.3 45 23.8418 -37.3 45.1501 24 -37.3 45.1474 30 -37.3 46 30.8526 -37.3 46.1319 31 -37.3 47 31.8681 -37.3 47.1174 32 -37.3 47.1121 33 -37.3 48 33.8879 -37.3 48.0997 34 -37.3 48.0873 37 -37.3 48 37.089 -37.3 46 37.1001 -37.3 45 38.0986 -37.3 42 38.1105 -37.3 41.8771 38 -37.3 41 37.1229 -37.3 37 37.1383 -37.3 36.8442 37 -37.3 36 36.1558 -37.3 31 36.1649 -37.3 30.8217 36 -37.3 30 35.1783 -37.3 29 35.1681 -37.3 28.8242 35 -37.3 27 33.1778 -37.3 26 33.1625 -37.3 25 32.162 -37.3 18 32.1395 -37.3 17 31.1407 -37.3 11 31.1068 -37.3 10.1068 32 -37.3 10.1058 15 -37.3 11 15.8942 -37.3 11.8942 15 -37.3 12 14.8998 -37.3 13 14.901 -37.3 13.901 14 -37.3 14 13.9083 -37.3 19 13.911 -37.3 19.911 13 -37.3 20 12.9159 -37.3 24 12.9177 -37.3 24.091 13 -37.3 25 13.9091 -37.3 26 13.9054 -37.3 26.1056 14 -37.3 27 14.8944 -37.3 28 14.8911 -37.3 28.1214 15 -37.3 29 15.8786 -37.3 30 15.8773 -37.3 30.8774 15 -37.3 31 14.8865 -37.3 33 14.8846 -37.3 33.8846 14 -37.3 34 13.892 -37.3 35 13.8912 -37.3 35.8912 13 -37.3 36 12.8978 -37.3 37 12.8977 -37.3 
2
73
37.8907 12 -36.4 37 12.8907 -36.4 36 12.8907 -36.4 35.8827 13 -36.4 35 13.8827 -36.4 34 13.8839 -36.4 33.8749 14 -36.4 33 14.8749 -36.4 31 14.878 -36.4 30.8677 15 -36.4 30 15.8677 -36.4 29 15.8697 -36.4 28.1303 15 -36.4 28 14.8844 -36.4 27 14.8883 -36.4 26.1116 14 -36.4 26 13.901 -36.4 25 13.9049 -36.4 24.0951 13 -36.4 24 12.9144 -36.4 20 12.9101 -36.4 19.904 13 -36.4 19 13.904 -36.4 14 13.9024 -36.4 13.8934 14 -36.4 13 14.8934 -36.4 12 14.892 -36.4 11.8847 15 -36.4 11 15.8847 -36.4 10.1153 15 -36.4 10.1141 32 -36.4 11 31.1141 -36.4 17 31.1568 -36.4 18 32.1557 -36.4 25 32.1766 -36.4 26 33.1799 -36.4 27 33.199 -36.4 28.8032 35 -36.4 29 35.1872 -36.4 30 35.2011 -36.4 30.7989 36 -36.4 31 36.1856 -36.4 36 36.175 -36.4 36.825 37 -36.4 37 37.1532 -36.4 41 37.1335 -36.4 41.8665 38 -36.4 42 38.1185 -36.4 45 38.1041 -36.4 46 37.1055 -36.4 48 37.093 -36.4 48.0911 37 -36.4 48.1048 34 -36.4 48 33.8806 -36.4 47.1194 33 -36.4 47.126 32 -36.4 47 31.8553 -36.4 46.1447 31 -36.4 46 30.835 -36.4 45.165 30 -36.4 45.1661 24 -36.4 45 23.8217 -36.4 44.1783 23 -36.4 44.1592 21 -36.4 44 20.8361 -36.4 43.1639 20 -36.4 43.1217 16 -36.4 42.1186 15 -36.4 42.1026 13 -36.4 42 12.9003 -36.4 39 12.8932 -36.4 38.1068 12 -36.4 38 11.9001 -36.4 
34
31 24.5807 -36.4 30.5236 25 -36.4 30.537 25.537 -36.4 30.536 26 -36.4 30.5692 26.5692 -36.4 30.6095 27 -36.4 30.6457 27.6457 -36.4 30.7495 28.7495 -36.4 30.7842 28.9008 -36.4 30.8051 29 -36.4 31 29.2958 -36.4 31.3131 29.3131 -36.4 32 29.2762 -36.4 32.2405 29.2405 -36.4 33 29.1895 -36.4 33.4122 29 -36.4 33.8066 28.8066 -36.4 34 28.7359 -36.4 34.8208 28.1792 -36.4 34.9797 28.0503 -36.4 35 28.0322 -36.4 35.0345 28 -36.4 35.0957 27.9043 -36.4 35.6986 27 -36.4 35.6498 26.6498 -36.4 35.5988 26 -36.4 35.5065 25.5065 -36.4 35.3899 25.1552 -36.4 35.3427 25 -36.4 35 24.7207 -36.4 34.5702 24.5702 -36.4 34 24.5202 -36.4 33.4524 24.4524 -36.4 31.5341 24.5341 -36.4 
2
78
37.8833 12 -35.5 37 12.8833 -35.5 36 12.8831 -35.5 35.8734 13 -35.5 35 13.8734 -35.5 34 13.8753 -35.5 33.8645 14 -35.5 33 14.8645 -35.5 31 14.8693 -35.5 30.857 15 -35.5 30 15.857 -35.5 29 15.8601 -35.5 28.1399 15 -35.5 28 14.8777 -35.5 27 14.8823 -35.5 26.1176 14 -35.5 26 13.8966 -35.5 25 13.9005 -35.5 24.0994 13 -35.5 24 12.911 -35.5 20 12.9036 -35.5 19.8961 13 -35.5 19 13.8961 -35.5 14 13.8954 -35.5 13.8851 14 -35.5 13 14.8851 -35.5 12 14.8834 -35.5 11.8739 15 -35.5 11 15.8739 -35.5 10.1261 15 -35.5 10.1217 32 -35.5 11 31.1217 -35.5 17 31.1766 -35.5 18 32.1744 -35.5 24 32.1694 -35.5 25 32.1925 -35.5 25.8075 33 -35.5 26 33.1995 -35.5 27 33.2258 -35.5 28.7764 35 -35.5 29 35.2113 -35.5 30 35.2296 -35.5 30.7704 36 -35.5 31 36.2122 -35.5 36 36.1997 -35.5 36.8003 37 -35.5 36.9079 37.0904 -35.5 37 37.1704 -35.5 41 37.1459 -35.5 41.8541 38 -35.5 42 38.1272 -35.5 45 38.1102 -35.5 46 37.1115 -35.5 48 37.0973 -35.5 48.0963 37 -35.5 48.1103 34 -35.5 48 33.8732 -35.5 47.1268 33 -35.5 47.1347 32 -35.5 47 31.8415 -35.5 46.1585 31 -35.5 46.0753 30.9 -35.5 46 30.8134 -35.5 45.1866 30 -35.5 45.1849 24 -35.5 45.0868 23.89 -35.5 45 23.796 -35.5 44.204 23 -35.5 44.1768 21 -35.5 44 20.8181 -35.5 43.1819 20 -35.5 43.1306 16 -35.5 42.127 15 -35.5 42.1082 13 -35.5 42 12.8953 -35.5 39 12.8868 -35.5 38.1133 12 -35.5 38 11.8947 -35.5 
47
29.4545 24 -35.5 30 23.2863 -35.5 30.876 23 -35.5 31 22.9697 -35.5 31.0462 22.9829 -35.5 31.2654 23 -35.5 32 23.0937 -35.5 32.1182 23.0945 -35.5 33 23.3765 -35.5 33.5 23.5535 -35.5 34 23.6245 -35.5 35 23.9677 -35.5 35.0929 23.9933 -35.5 35.1074 24 -35.5 36 24.527 -35.5 36.5345 25 -35.5 36.8939 25.8939 -35.5 36.9339 26 -35.5 36.9321 26.0831 -35.5 36.7517 27 -35.5 36.6961 27.1427 -35.5 36.544 27.456 -35.5 36.3685 28 -35.5 36 28.3606 -35.5 35.3267 29 -35.5 35 29.3257 -35.5 34.2794 30 -35.5 34 30.2788 -35.5 33.2404 31 -35.5 33 31.2403 -35.5 32.3817 31.3817 -35.5 32 31.3815 -35.5 31.2699 31.2699 -35.5 31 31.2008 -35.5 30.6987 31 -35.5 30 30.2252 -35.5 29.8032 30 -35.5 29.7041 29.7041 -35.5 29.3896 29 -35.5 29.0069 28.0069 -35.5 29.0052 28 -35.5 29.0047 27.994 -35.5 28.9031 27 -35.5 28.9188 26.902 -35.5 28.878 26 -35.5 28.9272 25.8528 -35.5 29.1334 25 -35.5 
2
85
37.8756 12 -34.6 38 11.8893 -34.6 38.1197 12 -34.6 39 12.8803 -34.6 42 12.8906 -34.6 42.1135 13 -34.6 42.1362 15 -34.6 43 15.8638 -34.6 43.1407 16 -34.6 43.2028 20 -34.6 44.1968 21 -34.6 44.2364 23 -34.6 45 23.7636 -34.6 45.1177 23.8956 -34.6 45.2068 24 -34.6 45.2116 30 -34.6 46 30.7884 -34.6 46.0998 30.9084 -34.6 46.1726 31 -34.6 47 31.8274 -34.6 47.1437 32 -34.6 47.1349 33 -34.6 48 33.8651 -34.6 48.1164 34 -34.6 48.1042 37 -34.6 48 37.1038 -34.6 46 37.118 -34.6 45 38.1166 -34.6 42 38.1366 -34.6 41.84 38 -34.6 41 37.16 -34.6 37 37.1908 -34.6 36.8708 37.0824 -34.6 36.7688 37 -34.6 36 36.2312 -34.6 31 36.2446 -34.6 30.7331 36 -34.6 30 35.2669 -34.6 29 35.242 -34.6 28.7413 35 -34.6 27 33.2589 -34.6 26.4 33.2399 -34.6 26 33.2209 -34.6 25.789 33 -34.6 25 32.211 -34.6 24 32.1854 -34.6 18 32.1965 -34.6 17.7981 32 -34.6 17 31.2019 -34.6 11 31.1301 -34.6 10.1301 32 -34.6 10.188 29 -34.6 10.2151 28 -34.6 10.2299 27.6 -34.6 10.2455 23 -34.6 10.2325 22.6 -34.6 10.1383 15 -34.6 11 15.8617 -34.6 11.8617 15 -34.6 12 14.8739 -34.6 13 14.8761 -34.6 13.8761 14 -34.6 14 13.8866 -34.6 19 13.8871 -34.6 19.8871 13 -34.6 20 12.8963 -34.6 24 12.9072 -34.6 24.1039 13 -34.6 25 13.8961 -34.6 26 13.8919 -34.6 26.1238 14 -34.6 27 14.8762 -34.6 28 14.8707 -34.6 28.1499 15 -34.6 29 15.8501 -34.6 30 15.8461 -34.6 30.8461 15 -34.6 31 14.8604 -34.6 33 14.8537 -34.6 33.8537 14 -34.6 34 13.8665 -34.6 35 13.8637 -34.6 35.8637 13 -34.6 36 12.8754 -34.6 37 12.8756 -34.6 
74
30 22.2507 -34.6 29.8066 22.3687 -34.6 29.6 22.5147 -34.6 29.2385 22.746 -34.6 29 22.9227 -34.6 28.9173 23 -34.6 28.7283 23.3694 -34.6 28.6 23.5802 -34.6 28.4991 23.8108 -34.6 28.4006 24 -34.6 28.0826 24.9007 -34.6 28.0502 25 -34.6 28 25.1449 -34.6 27.8187 25.6975 -34.6 27.6348 26.3652 -34.6 27.5343 27 -34.6 27.6668 27.6668 -34.6 27.7264 27.8374 -34.6 27.7695 28 -34.6 27.9865 28.9839 -34.6 27.9908 29 -34.6 28 29.0275 -34.6 28.2924 29.5353 -34.6 28.4433 30 -34.6 28.8243 30.4 -34.6 28.9803 30.5715 -34.6 29 30.5915 -34.6 29.3747 31 -34.6 29.7851 31.4 -34.6 30 31.6009 -34.6 30.6243 32 -34.6 30.7506 32.0705 -34.6 31 32.2177 -34.6 31.0984 32.2494 -34.6 31.6662 32.4 -34.6 31.9207 32.4804 -34.6 32 32.5007 -34.6 32.4574 32.4785 -34.6 33 32.479 -34.6 33.7256 32.0109 -34.6 33.7416 32 -34.6 36 29.7601 -34.6 36.3995 29.6005 -34.6 37 29.4437 -34.6 37.393 29.393 -34.6 38 29.1478 -34.6 38.1177 29.1177 -34.6 38.2544 29 -34.6 38.6095 28.6095 -34.6 39 28.0981 -34.6 39.0377 28.0377 -34.6 39.0749 28 -34.6 39.4717 27.4717 -34.6 39.5433 27 -34.6 39.3817 26.3817 -34.6 39.2755 26 -34.6 39 25.5885 -34.6 38.582 25 -34.6 38 24.261 -34.6 37.8093 24 -34.6 37 23.3613 -34.6 36.4557 23.4557 -34.6 36.1205 23.3861 -34.6 36 23.3585 -34.6 35.4011 23.3724 -34.6 35 23.2618 -34.6 34.178 23.1162 -34.6 33.8405 23 -34.6 33.4622 22.8232 -34.6 33.4 22.8018 -34.6 33 22.7113 -34.6 31.1283 22.0808 -34.6 31 22.0442 -34.6 30.4079 22.1404 -34.6 
2
99
37.8684 12 -33.7 38 11.8841 -33.7 38.126 12 -33.7 39 12.874 -33.7 42 12.8862 -33.7 42.1185 13 -33.7 42.1455 15 -33.7 43 15.8545 -33.7 43.1518 16 -33.7 43.2288 20 -33.7 44 20.7712 -33.7 44.2194 21 -33.7 44.2736 23 -33.7 45 23.7264 -33.7 45.2318 24 -33.7 45.2379 30 -33.7 46 30.7621 -33.7 46.1273 30.9225 -33.7 46.1871 31 -33.7 47 31.8129 -33.7 47.1536 32 -33.7 47.1441 33 -33.7 48 33.8559 -33.7 48.1231 34 -33.7 48.1148 37 -33.7 48 37.1138 -33.7 46 37.1244 -33.7 45 38.1227 -33.7 42 38.1467 -33.7 41.8809 38.0464 -33.7 41.8242 38 -33.7 41 37.1758 -33.7 37 37.214 -33.7 36.8215 37.0698 -33.7 36.731 37 -33.7 36 36.269 -33.7 31 36.2786 -33.7 30.7925 36.0907 -33.7 30.6874 36 -33.7 30 35.3126 -33.7 29.3 35.2911 -33.7 29 35.2775 -33.7 28.7995 35.0916 -33.7 28.697 35 -33.7 27.7026 34 -33.7 27 33.2974 -33.7 26.3 33.2643 -33.7 26 33.2452 -33.7 25.7667 33 -33.7 25 32.2333 -33.7 24 32.2084 -33.7 18 32.223 -33.7 17.8449 32.074 -33.7 17.7645 32 -33.7 17 31.2355 -33.7 11 31.1395 -33.7 10.1395 32 -33.7 10.1806 30 -33.7 10.2113 29 -33.7 10.2272 28.7 -33.7 10.2514 28 -33.7 10.2731 27.7 -33.7 10.2991 27 -33.7 10.3176 26.7 -33.7 10.3391 25 -33.7 10.3304 24 -33.7 10.3192 23.7 -33.7 10.3101 23 -33.7 10.2935 22.7 -33.7 10.1518 15 -33.7 11 15.8482 -33.7 11.8482 15 -33.7 12 14.8635 -33.7 13 14.8659 -33.7 13.8659 14 -33.7 14 13.8762 -33.7 19 13.8768 -33.7 19.8768 13 -33.7 20 12.8878 -33.7 24 12.9019 -33.7 24.0748 12.969 -33.7 24.1082 13 -33.7 25 13.8919 -33.7 26 13.8868 -33.7 26.1307 14 -33.7 27 14.8693 -33.7 28 14.863 -33.7 28.1607 15 -33.7 29 15.8393 -33.7 30 15.8345 -33.7 30.8345 15 -33.7 31 14.851 -33.7 33 14.8426 -33.7 33.8426 14 -33.7 34 13.8575 -33.7 35 13.8539 -33.7 35.8539 13 -33.7 36 12.868 -33.7 37 12.8684 -33.7 
81
27.7 23.5423 -33.7 27.4622 24 -33.7 27.2612 24.6536 -33.7 27.1388 25 -33.7 27 25.5194 -33.7 26.7421 26.7 -33.7 26.6673 27 -33.7 26.7428 27.3 -33.7 26.9472 28 -33.7 27 28.1515 -33.7 27.0884 28.4396 -33.7 27.2983 29.2217 -33.7 27.3225 29.3 -33.7 27.5727 30 -33.7 28 30.6253 -33.7 28.3471 31 -33.7 28.592 31.3 -33.7 28.8475 31.588 -33.7 29 31.7406 -33.7 29.2683 32 -33.7 29.6052 32.3 -33.7 29.8045 32.4396 -33.7 30 32.5979 -33.7 31 33.188 -33.7 31.042 33.2035 -33.7 31.3381 33.3 -33.7 31.6387 33.4032 -33.7 32 33.515 -33.7 32.3683 33.4866 -33.7 33 33.4526 -33.7 33.7596 33.2404 -33.7 34 33.2178 -33.7 34.2782 33 -33.7 35 32.2786 -33.7 35.1909 32.1909 -33.7 36 31.5104 -33.7 37 31.3815 -33.7 37.2861 31.2861 -33.7 38 31.198 -33.7 38.6262 31 -33.7 38.8215 30.9297 -33.7 39 30.8825 -33.7 39.4253 30.5747 -33.7 40 30.2398 -33.7 40.196 30 -33.7 41 29.0497 -33.7 41.029 29 -33.7 41.0406 28.9594 -33.7 41.402 28.1462 -33.7 41.4706 28 -33.7 41.4503 27.621 -33.7 41.4416 27 -33.7 41.3535 26.3535 -33.7 41.3625 26 -33.7 41.124 25.124 -33.7 41.1528 25 -33.7 41 24.7629 -33.7 39.5603 23 -33.7 39 22.4319 -33.7 38.103 22 -33.7 37 21.6675 -33.7 36.1511 22.0325 -33.7 36 22.0761 -33.7 34.2613 22.1414 -33.7 34 22.1458 -33.7 33.1828 22.102 -33.7 33 22.0606 -33.7 32.8241 22 -33.7 32.3265 21.7574 -33.7 32.3 21.7482 -33.7 32 21.7511 -33.7 31.3 21.5168 -33.7 31 21.4597 -33.7 30.3 21.4967 -33.7 30 21.4321 -33.7 29.9034 21.4935 -33.7 29.7 21.6339 -33.7 29.3616 21.8404 -33.7 29.121 22 -33.7 29 22.0855 -33.7 28.0225 23 -33.7 
2
119
37.8618 12 -32.8 37 12.8618 -32.8 36 12.8609 -32.8 35.8436 13 -32.8 35 13.8436 -32.8 34 13.8478 -32.8 33.8306 14 -32.8 33 14.8306 -32.8 31 14.8403 -32.8 30.8212 15 -32.8 30 15.8212 -32.8 29 15.8267 -32.8 28.1733 15 -32.8 28 14.8543 -32.8 27 14.8618 -32.8 26.1382 14 -32.8 26 13.8818 -32.8 25 13.8879 -32.8 24.1121 13 -32.8 24.089 12.9777 -32.8 24 12.8949 -32.8 20 12.8779 -32.8 19.8647 13 -32.8 19 13.8647 -32.8 14 13.8641 -32.8 13.8536 14 -32.8 13 14.8536 -32.8 12 14.8514 -32.8 11.8335 15 -32.8 11 15.8335 -32.8 10.1665 15 -32.8 10.21 16.8 -32.8 10.218 17 -32.8 10.2351 17.8 -32.8 10.2436 18 -32.8 10.2592 18.8 -32.8 10.2838 19.8 -32.8 10.2919 20 -32.8 10.3112 20.8 -32.8 10.3204 21 -32.8 10.3408 21.8 -32.8 10.3948 22.8 -32.8 10.4128 23 -32.8 10.4427 23.8 -32.8 10.4728 24 -32.8 10.484 24.8 -32.8 10.4921 25 -32.8 10.4832 25.8 -32.8 10.421 26.8 -32.8 10.379 27 -32.8 10.3212 27.8 -32.8 10.2951 28 -32.8 10.2526 28.8 -32.8 10.2379 29 -32.8 10.1992 30 -32.8 10.1502 32 -32.8 11 31.1502 -32.8 15 31.219 -32.8 15.2 31.2272 -32.8 16 31.2477 -32.8 16.2 31.258 -32.8 17 31.2816 -32.8 17.7184 32 -32.8 17.7857 32.0582 -32.8 18 32.2555 -32.8 20 32.2785 -32.8 24 32.2398 -32.8 24.2 32.2414 -32.8 25 32.2592 -32.8 25.7408 33 -32.8 26 33.2727 -32.8 26.2 33.2892 -32.8 27 33.3403 -32.8 27.7358 34.0762 -32.8 28 34.3496 -32.8 28.6504 35 -32.8 28.7266 35.0708 -32.8 29 35.315 -32.8 29.2 35.3275 -32.8 30 35.3637 -32.8 30.6363 36 -32.8 30.7196 36.0679 -32.8 31 36.3098 -32.8 36 36.3106 -32.8 36.6894 37 -32.8 36.7588 37.0517 -32.8 37 37.238 -32.8 41 37.1931 -32.8 41.8069 38 -32.8 42 38.157 -32.8 45 38.1292 -32.8 46 37.1314 -32.8 48 37.1263 -32.8 48.1277 37 -32.8 48.1321 34 -32.8 48.103 33.967 -32.8 48 33.8455 -32.8 47.1545 33 -32.8 47.1646 32 -32.8 47 31.7968 -32.8 46.2032 31 -32.8 46.1593 30.9412 -32.8 46 30.7345 -32.8 45.2655 30 -32.8 45.2825 29 -32.8 45.2603 24 -32.8 45 23.6867 -32.8 44.3133 23 -32.8 44.244 21 -32.8 44 20.7396 -32.8 43.2604 20 -32.8 43.1625 16 -32.8 43 15.8458 -32.8 42.1542 15 -32.8 42.1236 13 -32.8 42 12.8817 -32.8 39 12.8673 -32.8 38.1327 12 -32.8 38 11.8791 -32.8 
89
26.7025 24 -32.8 26.8129 23.8 -32.8 26.9562 23.4625 -32.8 27 23.3649 -32.8 27.2159 23 -32.8 27.2736 22.9375 -32.8 27.8 22.4327 -32.8 27.9039 22.2952 -32.8 28 22.1828 -32.8 28.3152 21.8875 -32.8 28.8976 21.3745 -32.8 29 21.2884 -32.8 29.5424 20.9159 -32.8 29.9844 20.6416 -32.8 30 20.6326 -32.8 30.7441 20.7888 -32.8 30.7996 20.7996 -32.8 31 20.7863 -32.8 31.946 20.946 -32.8 36 20.7937 -32.8 37 20.1117 -32.8 37.2782 20.1923 -32.8 38 20.3693 -32.8 38.5343 20.531 -32.8 39 20.7193 -32.8 39.1185 20.795 -32.8 39.1356 20.8 -32.8 39.2171 20.8438 -32.8 39.8441 21 -32.8 40 21.0633 -32.8 40.8955 22 -32.8 41 22.1356 -32.8 41.1555 22.4363 -32.8 41.378 22.8 -32.8 41.4226 22.8584 -32.8 41.5504 23 -32.8 41.9282 23.6229 -32.8 42 23.7226 -32.8 42.1639 24 -32.8 42.1794 24.1794 -32.8 42.4899 25 -32.8 42.3956 25.7436 -32.8 42.5198 28 -32.8 42.3924 28.6769 -32.8 42.4048 29 -32.8 41.6339 30.3661 -32.8 41.2257 31 -32.8 41 31.3945 -32.8 40.2693 32 -32.8 40 32.1487 -32.8 39.7504 32.2496 -32.8 38.396 32.6765 -32.8 38 32.8247 -32.8 37.454 33 -32.8 37 33.1362 -32.8 36.7854 33.2146 -32.8 36 33.4134 -32.8 35.4032 33.6857 -32.8 35 33.8239 -32.8 34.7526 34 -32.8 34.6656 34.0409 -32.8 34 34.3071 -32.8 33.2106 34.3663 -32.8 33 34.3715 -32.8 32.2171 34.4303 -32.8 32 34.4359 -32.8 31.385 34.2248 -32.8 31.3168 34.2 -32.8 31.1019 34.1346 -32.8 31 34.1015 -32.8 30.8654 34.0291 -32.8 30.8052 34 -32.8 30 33.5205 -32.8 29.2154 33 -32.8 29 32.8289 -32.8 28.7853 32.5674 -32.8 28.4962 32.2 -32.8 28.3491 32 -32.8 28 31.5408 -32.8 27 30.0912 -32.8 26.9453 30 -32.8 26.7254 29.2 -32.8 26.3365 28.2 -32.8 26.2426 28 -32.8 26.0922 27.4022 -32.8 26.0077 27 -32.8 26.2598 26 -32.8 26.4723 25 -32.8 26.536 24.8 -32.8 
3
132
37.8555 12 -31.9 37.9849 11.8873 -31.9 38 11.8737 -31.9 38.1252 11.9863 -31.9 38.1399 12 -31.9 39 12.8601 -31.9 42 12.8765 -31.9 42.1156 12.9867 -31.9 42.129 13 -31.9 42.1628 15 -31.9 43 15.8372 -31.9 43.1723 16 -31.9 43.2904 19.9 -31.9 43.2956 20 -31.9 44 20.7044 -31.9 44.2721 21 -31.9 44.3554 22.9 -31.9 44.3624 23 -31.9 45 23.6376 -31.9 45.2615 23.9572 -31.9 45.2954 24 -31.9 45.3283 29 -31.9 45.3032 29.9 -31.9 45.2988 30 -31.9 46 30.7012 -31.9 46.1977 30.9659 -31.9 46.2222 31 -31.9 47 31.7778 -31.9 47.177 32 -31.9 47.1667 33 -31.9 48 33.8333 -31.9 48.131 33.9816 -31.9 48.1478 34 -31.9 48.1436 37 -31.9 48 37.1416 -31.9 46 37.1432 -31.9 45 38.1395 -31.9 42 38.1673 -31.9 41.7894 38 -31.9 41 37.2106 -31.9 37 37.2618 -31.9 36.6879 37.029 -31.9 36.6473 37 -31.9 36 36.3527 -31.9 35 36.3667 -31.9 32.1 36.3716 -31.9 31 36.344 -31.9 30.6253 36.0386 -31.9 30.5741 36 -31.9 30 35.4259 -31.9 29.1 35.3699 -31.9 29 35.36 -31.9 28.6572 35.0414 -31.9 27.6579 34.0424 -31.9 27.6143 34 -31.9 27 33.3857 -31.9 26.1 33.3112 -31.9 26 33.3012 -31.9 25.7139 33 -31.9 25 32.2861 -31.9 23.1 32.2904 -31.9 21 32.3228 -31.9 20 32.3327 -31.9 18.1 32.2994 -31.9 18 32.296 -31.9 17.6974 32.0343 -31.9 17.6564 32 -31.9 17 31.3436 -31.9 16.1 31.2972 -31.9 16 31.2889 -31.9 15.1 31.2517 -31.9 15 31.2461 -31.9 14 31.2133 -31.9 11 31.1629 -31.9 10.1629 32 -31.9 10.1878 31 -31.9 10.2219 30 -31.9 10.2284 29.9 -31.9 10.271 29 -31.9 10.2819 28.9 -31.9 10.3483 28 -31.9 10.3705 27.9 -31.9 10.4879 27 -31.9 10.6771 26.1 -31.9 10.7306 26 -31.9 10.7729 25.7109 -31.9 10.8187 25 -31.9 10.8049 24.7649 -31.9 10.7737 24 -31.9 10.7353 23.8948 -31.9 10.5982 22.9834 -31.9 10.5807 22.9 -31.9 10.4998 22 -31.9 10.4855 21.9 -31.9 10.4409 21 -31.9 10.429 20.9 -31.9 10.3876 20 -31.9 10.378 19.9 -31.9 10.3417 19 -31.9 10.3334 18.9 -31.9 10.302 18 -31.9 10.2934 17.9 -31.9 10.2497 16.9 -31.9 10.1833 15 -31.9 11 15.8167 -31.9 11.8167 15 -31.9 12 14.8372 -31.9 13 14.8381 -31.9 13.8381 14 -31.9 14 13.8502 -31.9 19 13.8501 -31.9 19.8501 13 -31.9 20 12.8663 -31.9 24 12.8874 -31.9 25 13.8843 -31.9 26 13.8772 -31.9 26.1458 14 -31.9 27 14.8541 -31.9 28 14.8448 -31.9 28.1673 14.9836 -31.9 28.1877 15 -31.9 29 15.8123 -31.9 30 15.8055 -31.9 30.8055 15 -31.9 31 14.8279 -31.9 33 14.8166 -31.9 33.8166 14 -31.9 34 13.8366 -31.9 35 13.8321 -31.9 35.8321 13 -31.9 36 12.8536 -31.9 37 12.8555 -31.9 
116
26.733 23 -31.9 26.1797 24 -31.9 25.8927 24.9 -31.9 25.8303 25 -31.9 25.622 25.9 -31.9 25.5805 26 -31.9 25.4916 26.2756 -31.9 25.3003 27 -31.9 25.3156 27.2386 -31.9 25.4226 28 -31.9 25.9183 28.9183 -31.9 25.9639 29 -31.9 26 29.0521 -31.9 26.0498 29.1622 -31.9 26.3736 30 -31.9 26.4423 30.1 -31.9 26.9868 31 -31.9 27 31.0173 -31.9 27.0475 31.0775 -31.9 27.0647 31.1 -31.9 27.694 32 -31.9 27.7702 32.1 -31.9 28.4126 33 -31.9 28.5189 33.1 -31.9 28.5198 33.1009 -31.9 29 33.6372 -31.9 29.5456 34 -31.9 29.5462 34.0003 -31.9 29.9 34.1953 -31.9 30 34.274 -31.9 30.9 34.7579 -31.9 31 34.8088 -31.9 31.5894 35 -31.9 31.9 35.0877 -31.9 32 35.1094 -31.9 32.1 35.1198 -31.9 34 35.0888 -31.9 34.1 35.082 -31.9 35 35.0557 -31.9 35.1 35.0443 -31.9 35.318 35 -31.9 36 34.7955 -31.9 36.1632 34.7576 -31.9 37 34.4623 -31.9 37.8555 34.1445 -31.9 38 34.0943 -31.9 38.2534 34 -31.9 38.2816 33.9889 -31.9 39 33.7223 -31.9 39.1188 33.6594 -31.9 40 33.3301 -31.9 40.5988 33 -31.9 41 32.7359 -31.9 41.1479 32.5351 -31.9 41.569 32 -31.9 42.8512 30.1 -31.9 42.9231 30 -31.9 43 29.8803 -31.9 43.4748 29 -31.9 43.4807 28.8817 -31.9 43.3883 27 -31.9 43.3809 26.9 -31.9 43.3297 26 -31.9 43.3175 25.9 -31.9 43.2662 25 -31.9 43.2509 24.9 -31.9 43.1831 24 -31.9 43.1343 23.9 -31.9 43.1054 23.8461 -31.9 43 23.6305 -31.9 42.595 23 -31.9 42.5692 22.9638 -31.9 42.5302 22.9 -31.9 42.061 22.2627 -31.9 42 22.1662 -31.9 41.8732 22 -31.9 41.7997 21.9003 -31.9 41.7994 21.9 -31.9 41.1131 21 -31.9 41.0204 20.9 -31.9 41.0132 20.8939 -31.9 41 20.88 -31.9 40.5686 20.5597 -31.9 40 20.1244 -31.9 39.7683 20 -31.9 39.6333 19.9313 -31.9 39.5863 19.9 -31.9 39.053 19.5962 -31.9 39 19.5565 -31.9 38 19.1809 -31.9 37 19.0255 -31.9 36.782 19.1103 -31.9 36 19.5112 -31.9 34 19.5864 -31.9 33.849 19.6188 -31.9 33 19.6507 -31.9 32.8903 19.6824 -31.9 32 19.7185 -31.9 31.9743 19.7264 -31.9 31.9 19.7421 -31.9 31 19.8029 -31.9 30.1 19.8812 -31.9 30 19.9026 -31.9 29.9 19.9458 -31.9 29.8586 19.9671 -31.9 29.7916 20 -31.9 29 20.4977 -31.9 28.9662 20.5216 -31.9 28.9 20.5795 -31.9 28.4391 20.9578 -31.9 28.3974 21 -31.9 28 21.3565 -31.9 27.9704 21.3939 -31.9 27.538 21.9 -31.9 27.4679 22 -31.9 27.0003 22.6186 -31.9 
41
18 25.7547 -31.9 17.9262 25.9262 -31.9 17.8916 26 -31.9 17.7805 26.2195 -31.9 17.5368 26.6441 -31.9 17.303 27 -31.9 17.485 27.1408 -31.9 17.8468 28 -31.9 17.9094 28.1 -31.9 17.9884 28.1998 -31.9 18.5716 29 -31.9 19 29.6194 -31.9 19.5753 30 -31.9 19.8566 30.1 -31.9 19.9006 30.1129 -31.9 20 30.1523 -31.9 20.4054 30.0265 -31.9 20.4766 30 -31.9 21 29.7514 -31.9 21.7454 29.2546 -31.9 22 29.1112 -31.9 22.0699 29.0699 -31.9 22.181 29 -31.9 22.3061 28.9496 -31.9 23 28.6097 -31.9 23.9347 28 -31.9 24 27.5306 -31.9 24.0981 27 -31.9 23.8221 26.8221 -31.9 23 26.3261 -31.9 22.5554 26 -31.9 22.1668 25.7618 -31.9 21 25.0377 -31.9 20.8686 25 -31.9 20.2526 24.9033 -31.9 20.2397 24.9 -31.9 20.0871 24.8693 -31.9 20 24.841 -31.9 19 24.807 -31.9 18.5007 24.9656 -31.9 18.412 25 -31.9 
2
105
37.8486 12 -31 38 11.8634 -31 38.1467 12 -31 39 12.8533 -31 42 12.8675 -31 42.1348 13 -31 42.1724 15 -31 43 15.8276 -31 43.183 16 -31 43.3369 20 -31 44 20.6631 -31 44.3074 21 -31 44.3578 22 -31 44.4282 23 -31 45 23.5718 -31 45.3391 24 -31 45.3983 28 -31 45.3854 29 -31 45.3413 30 -31 46 30.6587 -31 46.245 31 -31 47 31.7549 -31 47.1911 32 -31 47.184 33 -31 48 33.816 -31 48.1689 34 -31 48.1638 37 -31 48 37.1609 -31 46 37.1634 -31 45.1634 38 -31 45 38.1585 -31 42 38.1791 -31 41.7704 38 -31 41 37.2296 -31 37 37.2901 -31 36.5939 37 -31 36 36.4061 -31 33 36.4431 -31 31 36.3863 -31 30.4874 36 -31 30 35.5126 -31 29 35.4137 -31 28 34.4237 -31 27.5639 34 -31 27 33.4361 -31 26 33.3359 -31 25.6826 33 -31 25 32.3174 -31 24 32.3236 -31 21 32.4007 -31 20 32.4079 -31 18 32.3425 -31 17.5894 32 -31 17 31.4106 -31 16 31.3273 -31 15 31.2713 -31 11 31.1786 -31 10.1786 32 -31 10.2503 30 -31 10.3145 29 -31 10.4229 28 -31 10.6453 27 -31 11 26.3258 -31 12 26.2113 -31 12.4626 26 -31 13 25.4716 -31 13.2693 25 -31 13 24.1472 -31 12.9625 24 -31 12.3552 23 -31 12 22.7572 -31 11 22.8339 -31 10.825 22 -31 10.6819 21 -31 10.5628 20 -31 10.2972 17 -31 10.2411 16 -31 10.2028 15 -31 11 15.7972 -31 11.7972 15 -31 12 14.8204 -31 13 14.8177 -31 13.8177 14 -31 14 13.8338 -31 19 13.8325 -31 19.8325 13 -31 20 12.8523 -31 24 12.8793 -31 25 13.8791 -31 26 13.8734 -31 26.1526 14 -31 27 14.8474 -31 28 14.8361 -31 28.2039 15 -31 29 15.7961 -31 30 15.787 -31 30.787 15 -31 31 14.8135 -31 33 14.8001 -31 33.8002 14 -31 34 13.8236 -31 35 13.8196 -31 35.8196 13 -31 36 12.8462 -31 37 12.8486 -31 
75
16.9685 24 -31 15.5259 25 -31 15.2727 26 -31 15.8933 27 -31 16 27.1484 -31 17.8837 30 -31 18 30.1629 -31 19 30.843 -31 19.5745 31 -31 20 31.1024 -31 20.5129 31 -31 21 30.8954 -31 22 30.6619 -31 23 30.3534 -31 23.8762 30 -31 25 29.3201 -31 25.5373 30 -31 26 30.4328 -31 26.4095 31 -31 27.9333 33 -31 28 33.0702 -31 28.9962 34 -31 29 34.0034 -31 30 34.7905 -31 30.4114 35 -31 31 35.2584 -31 32 35.4755 -31 33 35.5796 -31 34 35.5627 -31 35 35.4951 -31 36 35.3814 -31 37 35.2947 -31 38 35.0634 -31 38.194 35 -31 39 34.6957 -31 41 33.5619 -31 41.5621 33 -31 43.5871 30 -31 44 29.1119 -31 44.0459 29 -31 44.1149 28 -31 44.0578 27 -31 43.9843 26 -31 43.8618 25 -31 43.7093 24 -31 43.2214 23 -31 42 21.003 -31 41.9979 21 -31 41.0704 20 -31 41 19.9504 -31 40 19.3134 -31 39.53 19 -31 39 18.6982 -31 38 18.3785 -31 37 18.1732 -31 36 18.2288 -31 35 18.3854 -31 34 18.5256 -31 30 19.3703 -31 29 19.8023 -31 28.6624 20 -31 28 20.5785 -31 26.3021 23 -31 26 23.5102 -31 25.7361 24 -31 25.1125 25 -31 25 25.2352 -31 24 25.0186 -31 23.9685 25 -31 21 24.0328 -31 20.8706 24 -31 20 23.7621 -31 19 23.7209 -31 18 23.6951 -31 17 23.9814 -31 
1
289
37.8352 12 -30.1 37.8503 11.9863 -30.1 38 11.8461 -30.1 38.1633 12 -30.1 39 12.8366 -30.1 42 12.8514 -30.1 42.151 13 -30.1 42.1835 15 -30.1 43 15.8165 -30.1 43.1951 16 -30.1 43.3736 20 -30.1 44 20.6264 -30.1 44.3456 21 -30.1 44.3506 21.1 -30.1 44.4307 22.1 -30.1 44.5266 23 -30.1 45 23.4734 -30.1 45.0339 23.5162 -30.1 45.4003 24 -30.1 45.4283 25 -30.1 45.4804 28 -30.1 45.4581 29 -30.1 45.4537 29.1 -30.1 45.4002 30 -30.1 46 30.5998 -30.1 46.0245 30.634 -30.1 46.2737 31 -30.1 47 31.7263 -30.1 47.2181 32 -30.1 47.2167 33 -30.1 48 33.7833 -30.1 48.1973 34 -30.1 48.191 37 -30.1 48 37.1864 -30.1 46 37.1914 -30.1 45.1914 38 -30.1 45 38.1842 -30.1 42 38.2012 -30.1 41.7471 38 -30.1 41 37.2529 -30.1 39 37.3033 -30.1 37 37.3262 -30.1 36.9594 37.2972 -30.1 36.5153 37 -30.1 36 36.4847 -30.1 35 36.5146 -30.1 34.9 36.5159 -30.1 34 36.5424 -30.1 33 36.5352 -30.1 32.9 36.5327 -30.1 32 36.4848 -30.1 31 36.4422 -30.1 30.9487 36.4036 -30.1 30.3636 36 -30.1 30 35.6364 -30.1 29.9 35.6265 -30.1 29 35.46 -30.1 28 34.4719 -30.1 27.5126 34 -30.1 27 33.4874 -30.1 26.9 33.4774 -30.1 26 33.3701 -30.1 25.6425 33 -30.1 25 32.3574 -30.1 24 32.3628 -30.1 22.9 32.4013 -30.1 22 32.4421 -30.1 21.9 32.4445 -30.1 21 32.4957 -30.1 20 32.5037 -30.1 19.9 32.5007 -30.1 19 32.4478 -30.1 18.9 32.4443 -30.1 18 32.3987 -30.1 17.5188 32 -30.1 17 31.4812 -30.1 16.9 31.4728 -30.1 16 31.3731 -30.1 15.9 31.3675 -30.1 15 31.3024 -30.1 14 31.2539 -30.1 13 31.2189 -30.1 11 31.1999 -30.1 10.1999 32 -30.1 10.2346 31 -30.1 10.2883 30 -30.1 10.3707 29.1 -30.1 10.3771 29 -30.1 10.5346 28.1 -30.1 10.5455 28 -30.1 10.5677 27.9 -30.1 10.98 27 -30.1 11 26.962 -30.1 12 27.0333 -30.1 12.4647 27.0557 -30.1 13.3404 27.1178 -30.1 14 27.3303 -30.1 14.5922 28 -30.1 15 28.3922 -30.1 15.2585 28.6564 -30.1 16 29.3697 -30.1 16.246 29.6219 -30.1 17 30.3471 -30.1 17.4567 30.754 -30.1 17.6335 30.9 -30.1 17.6962 31 -30.1 18 31.2087 -30.1 18.1209 31.2381 -30.1 19 31.522 -30.1 19.0574 31.5344 -30.1 19.1 31.5447 -30.1 20 31.8272 -30.1 20.9 31.7862 -30.1 21.1493 31.7335 -30.1 22 31.4964 -30.1 22.2234 31.4531 -30.1 23 31.2697 -30.1 24.0371 31 -30.1 24.381 30.8573 -30.1 25 30.665 -30.1 25.5311 30.8573 -30.1 25.6113 30.9 -30.1 25.7608 31 -30.1 26 31.1195 -30.1 26.6194 31.9 -30.1 27.0171 32.4104 -30.1 27.4523 32.9 -30.1 27.5285 33 -30.1 27.9933 33.4198 -30.1 28 33.4269 -30.1 29 34.3403 -30.1 29.1 34.419 -30.1 29.1773 34.4881 -30.1 29.7321 35 -30.1 30 35.2333 -30.1 30.0411 35.2552 -30.1 30.1 35.2811 -30.1 31 35.6126 -30.1 32 35.8297 -30.1 32.1 35.8401 -30.1 33 36.0368 -30.1 34 36.0366 -30.1 34.9 35.9412 -30.1 35 35.9344 -30.1 35.9 35.8146 -30.1 36 35.8032 -30.1 37.9 35.6335 -30.1 38 35.6104 -30.1 38.9 35.3607 -30.1 39 35.3292 -30.1 39.5832 35 -30.1 39.6278 34.9696 -30.1 39.9 34.811 -30.1 40 34.755 -30.1 40.9 34.2305 -30.1 41 34.1776 -30.1 41.2215 34 -30.1 42 33.2587 -30.1 42.2415 33 -30.1 43.5948 31 -30.1 43.8883 30.4914 -30.1 44 30.3114 -30.1 44.1549 30 -30.1 44.5651 29 -30.1 44.7605 28.1 -30.1 44.7674 28 -30.1 44.6614 27.1 -30.1 44.6557 27 -30.1 44.545 26.1 -30.1 44.5377 26 -30.1 44.4146 25 -30.1 44.3803 24.799 -30.1 44.2299 24 -30.1 43.9709 23.3785 -30.1 43.7906 23 -30.1 43.1791 22 -30.1 42.5893 21.1 -30.1 42.5281 21 -30.1 42 20.2723 -30.1 41.9998 20.2721 -30.1 41.7505 20 -30.1 41.007 19.429 -30.1 41 19.4241 -30.1 40.9 19.3604 -30.1 40.7709 19.2818 -30.1 39 18.2825 -30.1 38.9 18.2505 -30.1 38.291 18 -30.1 38 17.888 -30.1 37.8619 17.8591 -30.1 37 17.695 -30.1 36.8685 17.6926 -30.1 36 17.6044 -30.1 35 17.7772 -30.1 30 18.834 -30.1 29.5756 19.037 -30.1 29.1 19.2799 -30.1 29 19.323 -30.1 28.2346 19.9802 -30.1 28.2009 20 -30.1 28.1346 20.0578 -30.1 28 20.2091 -30.1 27.4212 20.9578 -30.1 27.3215 21.1 -30.1 26.6258 22 -30.1 26.6255 22.0004 -30.1 26.1 22.6957 -30.1 26.0302 22.7952 -30.1 25.8727 23 -30.1 25.8428 23.051 -30.1 25.8164 23.1 -30.1 25.1846 24.1 -30.1 25.17 24.1174 -30.1 25 24.3505 -30.1 24.8984 24.3389 -30.1 24 24.4836 -30.1 23.9969 24.4827 -30.1 23.9 24.4511 -30.1 23 24.077 -30.1 22.9 24.0444 -30.1 22.8151 24.0077 -30.1 22 23.6852 -30.1 21.8956 23.6541 -30.1 21 23.3301 -30.1 20.9871 23.3268 -30.1 20.291 23.1 -30.1 20.2039 23.0762 -30.1 20 23.0046 -30.1 19.9787 23 -30.1 19.7163 22.9471 -30.1 19 22.7393 -30.1 18.7345 22.7327 -30.1 18 22.692 -30.1 17 22.8384 -30.1 16.4221 23 -30.1 16.1197 23.0981 -30.1 16.1 23.1057 -30.1 16.0968 23.1076 -30.1 15 23.8679 -30.1 14.4977 23.8515 -30.1 14 23.7087 -30.1 13.8543 23.3543 -30.1 13.6982 23 -30.1 13.2132 22.2609 -30.1 13.0641 22 -30.1 13 21.8935 -30.1 12.6349 21.3757 -30.1 12.3958 21 -30.1 12 20.4259 -30.1 11.7612 20.3117 -30.1 11 20.3365 -30.1 10.9682 20.2156 -30.1 10.9257 20.1 -30.1 10.9138 20 -30.1 10.6979 19.1 -30.1 10.6883 19 -30.1 10.4858 18.1 -30.1 10.4775 18 -30.1 10.3568 17.1 -30.1 10.2796 16.1 -30.1 10.2258 15 -30.1 11 15.7742 -30.1 11.7742 15 -30.1 12 14.7986 -30.1 13 14.7921 -30.1 13.7921 14 -30.1 14 13.8128 -30.1 19 13.81 -30.1 19.8099 13 -30.1 20 12.8349 -30.1 24 12.8708 -30.1 25 13.871 -30.1 26 13.8708 -30.1 26.1569 14 -30.1 27 14.8431 -30.1 28 14.8302 -30.1 28.0204 14.8466 -30.1 28.2173 15 -30.1 29 15.7828 -30.1 30 15.7661 -30.1 30.7661 15 -30.1 31 14.7961 -30.1 33 14.78 -30.1 33.78 14 -30.1 34 13.8084 -30.1 35 13.8065 -30.1 35.8065 13 -30.1 36 12.8352 -30.1 37 12.8352 -30.1 
1
289
37.8099 12 -29.2 37 12.8099 -29.2 36 12.8111 -29.2 35.8278 12.9668 -29.2 35.7888 13 -29.2 35 13.7888 -29.2 34 13.7888 -29.2 33.7554 14 -29.2 33 14.7554 -29.2 31 14.7792 -29.2 30.7501 15 -29.2 30 15.75 -29.2 29 15.7729 -29.2 28.2271 15 -29.2 28 14.8249 -29.2 27 14.8393 -29.2 26.1607 14 -29.2 26 13.8683 -29.2 25 13.8623 -29.2 24 12.8613 -29.2 20 12.8137 -29.2 19.7815 13 -29.2 19 13.7815 -29.2 14 13.787 -29.2 13.7603 14 -29.2 13 14.7603 -29.2 12 14.7738 -29.2 11.7472 15 -29.2 11 15.7472 -29.2 10.2528 15 -29.2 10.2627 15.2 -29.2 10.3301 16.2 -29.2 10.4173 17 -29.2 10.4441 17.2 -29.2 10.6646 18.2 -29.2 10.9426 18.7492 -29.2 11 18.8531 -29.2 11.4687 18.7093 -29.2 12 18.5981 -29.2 12.648 18.8991 -29.2 12.8501 19 -29.2 13 19.1473 -29.2 13.7967 20 -29.2 14 20.9013 -29.2 14.0386 21 -29.2 14.0499 21.0134 -29.2 14.1899 21.1899 -29.2 14.8904 22 -29.2 15 22.0998 -29.2 15.0533 22.0533 -29.2 15.7542 22 -29.2 16 21.9709 -29.2 16.068 21.9706 -29.2 17 21.8143 -29.2 17.4297 21.7654 -29.2 18 21.6823 -29.2 18.5819 21.9192 -29.2 18.8535 22 -29.2 19 22.0359 -29.2 19.8 22.3415 -29.2 20 22.3995 -29.2 20.8 22.7126 -29.2 21 22.7792 -29.2 21.4916 23 -29.2 21.648 23.0623 -29.2 21.8 23.1273 -29.2 22 23.1996 -29.2 22.8 23.5356 -29.2 23 23.6148 -29.2 23.8 24.0049 -29.2 24 24.0881 -29.2 24.2 24.0559 -29.2 24.2074 24.0528 -29.2 24.2948 24 -29.2 25 23.6352 -29.2 25.3561 23.2881 -29.2 25.4388 23.2 -29.2 25.5653 23 -29.2 25.6002 22.9545 -29.2 26 22.5462 -29.2 26.3198 22.1545 -29.2 27.9826 20 -29.2 28 19.9789 -29.2 29 19.0784 -29.2 29.0334 19.054 -29.2 29.139 19 -29.2 29.2334 18.9549 -29.2 30 18.4281 -29.2 30.2 18.3859 -29.2 31 18.0875 -29.2 35 17.2411 -29.2 35.8 17.2701 -29.2 36 17.2355 -29.2 37 17.3436 -29.2 37.8 17.4391 -29.2 38 17.4771 -29.2 38.885 17.8282 -29.2 39 17.8746 -29.2 41.1574 19.0731 -29.2 41.3226 19.2 -29.2 41.9652 19.7211 -29.2 42 19.7585 -29.2 42.9174 21.017 -29.2 43.0485 21.217 -29.2 43.6167 22 -29.2 43.739 22.2 -29.2 44.3205 23 -29.2 44.7507 24 -29.2 44.7883 24.2 -29.2 44.9621 25 -29.2 45.0823 26 -29.2 45.0906 26.424 -29.2 45.1217 27 -29.2 45.1195 27.57 -29.2 45.1404 28 -29.2 45.095 28.6694 -29.2 45.0442 29 -29.2 45 29.1305 -29.2 44.7535 29.8 -29.2 44.336 30.8 -29.2 44.2354 31 -29.2 44 31.3944 -29.2 43.5888 32 -29.2 43 32.7226 -29.2 42.9324 32.7973 -29.2 42.9302 32.8 -29.2 42.7954 33 -29.2 42.7322 33.0678 -29.2 41.8372 33.8678 -29.2 41.6973 34 -29.2 41.6372 34.0482 -29.2 41 34.6179 -29.2 40.8 34.7344 -29.2 40.4789 34.9648 -29.2 40 35.2793 -29.2 39.8 35.3933 -29.2 39 35.772 -29.2 38 36.0418 -29.2 37 36.1285 -29.2 36 36.2396 -29.2 35 36.3737 -29.2 34.8 36.3949 -29.2 34 36.5023 -29.2 33.8 36.5016 -29.2 33 36.3966 -29.2 32.2 36.1985 -29.2 32 36.1557 -29.2 31.2 35.9518 -29.2 31 35.9084 -29.2 30.8 35.8347 -29.2 30 35.4771 -29.2 29.9349 35.4204 -29.2 29.3606 35 -29.2 29.1349 34.8015 -29.2 27.0967 32.9458 -29.2 27 32.837 -29.2 26.9285 32.7458 -29.2 26.1285 31.9039 -29.2 26 31.7419 -29.2 25.2 31.2747 -29.2 25.1239 31.2366 -29.2 25 31.1921 -29.2 24.8 31.2521 -29.2 24 31.4031 -29.2 23 31.6797 -29.2 22.8 31.7269 -29.2 22.118 31.9167 -29.2 22 31.9541 -29.2 21.8897 31.9848 -29.2 21.845 32 -29.2 21 32.226 -29.2 20.2699 32.1887 -29.2 20 32.1919 -29.2 19.2577 32.0318 -29.2 19.1413 32 -29.2 19 31.957 -29.2 18.2 31.7517 -29.2 18 31.6871 -29.2 17.2 31.1047 -29.2 17.1211 31.0506 -29.2 17.0606 31 -29.2 17 30.946 -29.2 16 30.007 -29.2 14.7452 28.8 -29.2 14 28.12 -29.2 13.5251 28 -29.2 13.5216 27.9992 -29.2 13 27.8344 -29.2 12.8 27.8194 -29.2 12 27.6695 -29.2 11 27.5982 -29.2 10.8599 27.8065 -29.2 10.7717 28 -29.2 10.7367 28.2 -29.2 10.4714 29 -29.2 10.4531 29.2 -29.2 10.3423 30 -29.2 10.3313 30.2 -29.2 10.2726 31 -29.2 10.2655 31.2 -29.2 10.2244 32 -29.2 11 31.2244 -29.2 13 31.2473 -29.2 14 31.281 -29.2 15 31.3415 -29.2 15.8 31.4161 -29.2 16 31.4306 -29.2 16.8 31.5591 -29.2 17 31.5812 -29.2 17.4188 32 -29.2 17.9022 32.3786 -29.2 18 32.4596 -29.2 20 32.5725 -29.2 20.8 32.5953 -29.2 21 32.5936 -29.2 21.8 32.53 -29.2 22.8 32.4691 -29.2 24 32.4125 -29.2 25 32.4177 -29.2 25.5823 33 -29.2 25.9276 33.3321 -29.2 26 33.4069 -29.2 26.8 33.5286 -29.2 27 33.5525 -29.2 27.4475 34 -29.2 28 34.5327 -29.2 28.4673 35 -29.2 29 35.5112 -29.2 30 35.7 -29.2 30.3 36 -29.2 30.87 36.4082 -29.2 31 36.4978 -29.2 31.8 36.5541 -29.2 32 36.5628 -29.2 32.8 36.6371 -29.2 33.8 36.7008 -29.2 34 36.7025 -29.2 34.8 36.6544 -29.2 35 36.6485 -29.2 35.8 36.6076 -29.2 36 36.6014 -29.2 36.3986 37 -29.2 36.9013 37.3073 -29.2 37 37.3733 -29.2 38 37.3621 -29.2 41 37.2905 -29.2 41.7095 38 -29.2 42 38.2346 -29.2 45 38.2188 -29.2 45.2307 38 -29.2 46 37.2307 -29.2 48 37.22 -29.2 48.2276 37 -29.2 48.2354 34 -29.2 48 33.7364 -29.2 47.2636 33 -29.2 47.2625 32 -29.2 47.0442 31.7498 -29.2 47 31.6945 -29.2 46.3056 31 -29.2 46.0554 30.607 -29.2 46 30.5257 -29.2 45.4743 30 -29.2 45.5352 29.2 -29.2 45.5471 29 -29.2 45.5484 28.2 -29.2 45.5531 28 -29.2 45.5532 26.2 -29.2 45.5361 25 -29.2 45.4806 24.2 -29.2 45.4748 24 -29.2 45.0814 23.4422 -29.2 45 23.3347 -29.2 44.6653 23 -29.2 44.5088 22.2 -29.2 44.3996 21.2 -29.2 44.3833 21 -29.2 44 20.5828 -29.2 43.4172 20 -29.2 43.3514 19.2 -29.2 43.2087 16 -29.2 43.0393 15.8359 -29.2 43 15.799 -29.2 42.201 15 -29.2 42.1721 13 -29.2 42 12.8315 -29.2 39 12.81 -29.2 38.19 12 -29.2 38 11.8248 -29.2 
1
320
37.8348 11.946 -28.3 37.776 12 -28.3 37 12.776 -28.3 36 12.7795 -28.3 35.7519 13 -28.3 35 13.7519 -28.3 34 13.7557 -28.3 33.7987 13.9353 -28.3 33.7237 14 -28.3 33 14.7237 -28.3 32.7 14.727 -28.3 32.46 14.9282 -28.3 32.3572 15 -28.3 32 15.3572 -28.3 31.6428 15 -28.3 31.3 14.7621 -28.3 31 14.7665 -28.3 30.737 15 -28.3 30 15.737 -28.3 29 15.763 -28.3 28.237 15 -28.3 28 14.8197 -28.3 27 14.8355 -28.3 26.1645 14 -28.3 26 13.8638 -28.3 25 13.8523 -28.3 24 12.8507 -28.3 20 12.7897 -28.3 19.8118 12.9427 -28.3 19.7443 13 -28.3 19 13.7443 -28.3 14 13.7583 -28.3 13.7244 14 -28.3 13 14.7244 -28.3 12.7 14.729 -28.3 12.4659 14.9305 -28.3 12.3655 15 -28.3 12 15.3655 -28.3 11.7 15.6882 -28.3 11 15.7139 -28.3 10.2861 15 -28.3 10.3057 15.3 -28.3 10.3689 16 -28.3 10.4016 16.3 -28.3 10.5199 17 -28.3 10.5856 17.3 -28.3 10.8849 18 -28.3 10.8958 18.0142 -28.3 11 18.2202 -28.3 11.3 18.1281 -28.3 11.3304 18.1139 -28.3 11.5368 18 -28.3 12 17.7839 -28.3 12.4843 17.786 -28.3 13 17.9896 -28.3 14.3317 17.7054 -28.3 15 17.5778 -28.3 15.5448 17.4552 -28.3 16 17.6668 -28.3 16.5602 18 -28.3 18 19.4433 -28.3 18.4605 20 -28.3 19 20.5101 -28.3 19.2567 21 -28.3 19.6056 21.2584 -28.3 19.6887 21.3 -28.3 19.7832 21.3766 -28.3 20 21.4957 -28.3 20.5663 21.8234 -28.3 20.9922 22 -28.3 21.5264 22.1978 -28.3 21.754 22.3 -28.3 21.9276 22.3721 -28.3 22 22.4086 -28.3 22.4503 23 -28.3 22.6594 23.1952 -28.3 22.7 23.2361 -28.3 23 23.3621 -28.3 23.7 23.571 -28.3 24 23.7173 -28.3 24.0028 23.7162 -28.3 24.3 23.5624 -28.3 24.9632 23.1463 -28.3 25 23.1164 -28.3 25.1194 23 -28.3 25.2387 22.8782 -28.3 25.3 22.8206 -28.3 26 22.19 -28.3 26.0403 22.1469 -28.3 26.1602 22 -28.3 26.811 21.3 -28.3 26.991 21.067 -28.3 27 21.0566 -28.3 27.8168 20 -28.3 27.833 19.9803 -28.3 28 19.7654 -28.3 28.3 19.4942 -28.3 28.8029 19.0092 -28.3 29 18.8666 -28.3 29.3 18.6601 -28.3 30 18.1939 -28.3 30.1722 18.1024 -28.3 30.4722 17.9905 -28.3 31 17.7289 -28.3 31.7 17.4061 -28.3 34 16.9165 -28.3 34.3183 16.895 -28.3 35 16.8024 -28.3 35.5992 16.8708 -28.3 36 16.8956 -28.3 36.7 17.0875 -28.3 37 17.1204 -28.3 37.7 17.3234 -28.3 38 17.3592 -28.3 38.7 17.5621 -28.3 39 17.6815 -28.3 39.7 17.8844 -28.3 39.821 17.9488 -28.3 39.9319 18 -28.3 40 18.037 -28.3 40.7 18.3871 -28.3 41.059 18.5899 -28.3 41.6882 19 -28.3 41.759 19.0669 -28.3 42 19.2623 -28.3 44.2034 22.3 -28.3 44.5704 23 -28.3 44.6995 23.3 -28.3 44.9599 23.9548 -28.3 44.9794 24 -28.3 45.0423 24.3 -28.3 45.2579 25 -28.3 45.2912 25.3 -28.3 45.3798 26 -28.3 45.3856 26.3 -28.3 45.4222 27 -28.3 45.4182 28 -28.3 45.3979 28.3 -28.3 45.3952 29 -28.3 45.2343 29.7 -28.3 44.8815 30.7 -28.3 44.4526 31.7 -28.3 44.3425 31.8844 -28.3 44.2599 32 -28.3 44 32.2447 -28.3 43.6359 32.6571 -28.3 41 35.0134 -28.3 40.7 35.2178 -28.3 40 35.7914 -28.3 39.7 35.9334 -28.3 39.6278 35.96 -28.3 39 36.1594 -28.3 38.7 36.2391 -28.3 38 36.4522 -28.3 37.7 36.4782 -28.3 36.7 36.5856 -28.3 35.7 36.7191 -28.3 35 36.7537 -28.3 34.7 36.7939 -28.3 34 36.724 -28.3 33.7 36.6846 -28.3 33 36.6437 -28.3 32.7 36.5694 -28.3 32 36.4262 -28.3 31 36.1687 -28.3 30.6926 36 -28.3 30.3329 35.7846 -28.3 30.3 35.7658 -28.3 30 35.6317 -28.3 29.3 35.2127 -28.3 29.0095 35 -28.3 29 34.9916 -28.3 27 33.1933 -28.3 26.7566 33 -28.3 26.4659 32.7 -28.3 26.3901 32.6325 -28.3 26 32.3256 -28.3 25.4645 32 -28.3 25.3675 31.9447 -28.3 25.3 31.9027 -28.3 25 31.7275 -28.3 24.7 31.7841 -28.3 24 31.7834 -28.3 23.7 31.8669 -28.3 23.4236 31.9288 -28.3 21.7 32.394 -28.3 21 32.5651 -28.3 20.7 32.5498 -28.3 20 32.4157 -28.3 19.7 32.351 -28.3 19 32.1806 -28.3 18.9421 32.1678 -28.3 18.2421 31.9975 -28.3 18 31.9348 -28.3 17.7 31.7164 -28.3 17 31.3706 -28.3 16.9783 31.3516 -28.3 16.4706 31 -28.3 16.2783 30.8277 -28.3 16 30.568 -28.3 15 29.6171 -28.3 14.3 29.1421 -28.3 14.2463 29.0904 -28.3 14.141 29 -28.3 14 28.8714 -28.3 13.3217 28.7 -28.3 12.3006 28.4574 -28.3 11.3963 28.2772 -28.3 11 28.2411 -28.3 10.8424 28.5251 -28.3 10.7374 28.7 -28.3 10.6379 29 -28.3 10.5963 29.3 -28.3 10.4253 30 -28.3 10.4032 30.3 -28.3 10.3174 31 -28.3 10.3019 31.3 -28.3 10.2536 32 -28.3 11 31.2536 -28.3 13 31.2856 -28.3 14 31.3144 -28.3 14.7 31.3703 -28.3 15 31.3893 -28.3 15.7 31.4768 -28.3 16 31.5048 -28.3 17 31.6706 -28.3 17.3294 32 -28.3 17.8187 32.356 -28.3 18 32.498 -28.3 18.7 32.5462 -28.3 19 32.5614 -28.3 19.7 32.6247 -28.3 20 32.6436 -28.3 20.7 32.7128 -28.3 21 32.7213 -28.3 21.7 32.6462 -28.3 22.7 32.5594 -28.3 23.7 32.4927 -28.3 24 32.4777 -28.3 24.7 32.5164 -28.3 25 32.5187 -28.3 25.4813 33 -28.3 25.8705 33.3376 -28.3 26 33.4621 -28.3 26.7 33.5919 -28.3 27 33.6376 -28.3 27.3624 34 -28.3 28 34.6114 -28.3 28.3886 35 -28.3 28.8361 35.3924 -28.3 29 35.5492 -28.3 29.7 35.706 -28.3 30 35.7629 -28.3 30.2371 36 -28.3 30.7863 36.4133 -28.3 31 36.5664 -28.3 31.7 36.6338 -28.3 32 36.6549 -28.3 33 36.7474 -28.3 33.7 36.7739 -28.3 34.7 36.8455 -28.3 35 36.8274 -28.3 35.7 36.8095 -28.3 36 36.7942 -28.3 36.2058 37 -28.3 36.8115 37.3229 -28.3 37 37.4381 -28.3 38 37.4201 -28.3 39 37.3861 -28.3 39.7 37.3785 -28.3 40 37.3696 -28.3 41 37.3575 -28.3 41.6425 38 -28.3 41.9102 38.2071 -28.3 42 38.2798 -28.3 43 38.2651 -28.3 45 38.267 -28.3 45.2171 38.068 -28.3 45.2891 38 -28.3 46 37.2891 -28.3 48 37.2639 -28.3 48.2777 37 -28.3 48.286 34 -28.3 48.0732 33.7435 -28.3 48 33.6611 -28.3 47.3389 33 -28.3 47.328 32 -28.3 47.0818 31.7349 -28.3 47 31.6411 -28.3 46.3589 31 -28.3 46.0938 30.5691 -28.3 46 30.4218 -28.3 45.5782 30 -28.3 45.6446 29 -28.3 45.6479 27 -28.3 45.6269 26.3 -28.3 45.6272 26 -28.3 45.5998 25.3 -28.3 45.5966 25 -28.3 45.5316 24.3 -28.3 45.5108 24 -28.3 45 23.2695 -28.3 44.7305 23 -28.3 44.6145 22.3 -28.3 44.5558 22 -28.3 44.4623 21.3 -28.3 44.4294 21 -28.3 44 20.5278 -28.3 43.4722 20 -28.3 43.398 19.3 -28.3 43.2324 16 -28.3 43.0635 15.8275 -28.3 43 15.766 -28.3 42.234 15 -28.3 42.1992 13 -28.3 42 12.8058 -28.3 39 12.7731 -28.3 38.2269 12 -28.3 38.0589 11.8529 -28.3 38 11.7989 -28.3 
2
302
37.8272 11.916 -27.4 37.7328 12 -27.4 37 12.7328 -27.4 36.6 12.7346 -27.4 36.3946 12.9074 -27.4 36.2577 13 -27.4 36 13.2577 -27.4 35.6 13.6898 -27.4 34.6 13.6989 -27.4 34.3631 13.8974 -27.4 34.2051 14 -27.4 34 14.2051 -27.4 33.6 14.6481 -27.4 33 14.6842 -27.4 32.7784 14.885 -27.4 32.6413 15 -27.4 32 15.6413 -27.4 31.3587 15 -27.4 31 14.7546 -27.4 30.7237 15 -27.4 30 15.7237 -27.4 29 15.7527 -27.4 28.2473 15 -27.4 28 14.8147 -27.4 27 14.8315 -27.4 26.1685 14 -27.4 26.0663 13.9105 -27.4 26 13.8554 -27.4 25 13.8408 -27.4 24 12.8388 -27.4 20 12.7658 -27.4 19.8045 12.9126 -27.4 19.697 13 -27.4 19 13.697 -27.4 17 13.6742 -27.4 15.6 13.6823 -27.4 14.6 13.7082 -27.4 14.3724 13.8994 -27.4 14.2207 14 -27.4 14 14.2207 -27.4 13.6 14.6573 -27.4 13 14.679 -27.4 12.6248 15 -27.4 12 15.6248 -27.4 11.6 15.6394 -27.4 11 15.6763 -27.4 10.3237 15 -27.4 10.3598 15.4 -27.4 10.4354 16 -27.4 10.503 16.4 -27.4 10.6675 17 -27.4 10.8385 17.4 -27.4 10.9938 17.6647 -27.4 11 17.6726 -27.4 11.4 17.4862 -27.4 12 17.1619 -27.4 12.2923 17.1631 -27.4 12.5809 17 -27.4 13 16.8315 -27.4 13.3089 16.7271 -27.4 14 16.5826 -27.4 16 16.1894 -27.4 16.2102 16.2066 -27.4 17 16.0933 -27.4 17.0019 16.0949 -27.4 17.3798 16.3798 -27.4 18 16.7452 -27.4 19 18.0534 -27.4 20 18.5475 -27.4 20.3621 19 -27.4 21 20.6854 -27.4 21.0865 21 -27.4 21.3869 21.2753 -27.4 21.6877 21.4 -27.4 21.9008 21.6281 -27.4 22 21.6761 -27.4 22.5627 22.4 -27.4 22.7968 23 -27.4 22.8732 23.0952 -27.4 23 23.2137 -27.4 23.6 23.4348 -27.4 24 23.5542 -27.4 24.3913 23.2378 -27.4 24.7703 23 -27.4 24.7913 22.985 -27.4 25 22.7769 -27.4 25.4 22.4166 -27.4 25.9243 22.0246 -27.4 25.9524 22 -27.4 26 21.9571 -27.4 26.4469 21.4 -27.4 26.8187 21 -27.4 26.8238 20.994 -27.4 27 20.7606 -27.4 27.3128 20.394 -27.4 27.7128 19.8772 -27.4 28 19.5461 -27.4 28.2675 19.2772 -27.4 28.5549 19 -27.4 29 18.6713 -27.4 30 18.0139 -27.4 30.0262 18 -27.4 30.4 17.8121 -27.4 31 17.4883 -27.4 31.9065 17.066 -27.4 32 17.0202 -27.4 32.4 16.9358 -27.4 33 16.6541 -27.4 33.6 16.4936 -27.4 34 16.4089 -27.4 34.6 16.5619 -27.4 35 16.5349 -27.4 35.6 16.6885 -27.4 36 16.7341 -27.4 36.3154 16.8204 -27.4 36.8648 17 -27.4 36.9154 17.0146 -27.4 38 17.3228 -27.4 38.6 17.4674 -27.4 39 17.5834 -27.4 39.6 17.7713 -27.4 40 17.8873 -27.4 40.0691 17.9165 -27.4 40.307 18 -27.4 40.6691 18.099 -27.4 41 18.2647 -27.4 41.6 18.4946 -27.4 41.9596 18.7289 -27.4 42 18.7671 -27.4 43.6227 21 -27.4 43.753 21.2366 -27.4 44 21.5765 -27.4 44.0414 21.6366 -27.4 44.2086 22 -27.4 44.4183 22.4 -27.4 44.8512 23.4371 -27.4 45.0099 23.8371 -27.4 45.0776 24 -27.4 45.2008 24.4 -27.4 45.5255 25 -27.4 45.5761 25.4 -27.4 45.5208 26 -27.4 45.5417 26.4 -27.4 45.5945 27 -27.4 45.5929 27.4 -27.4 45.6458 28 -27.4 45.6442 28.4 -27.4 45.6824 29 -27.4 45.5905 29.4 -27.4 45.5605 30 -27.4 45.4178 30.6 -27.4 45.3082 30.9128 -27.4 45.2691 31 -27.4 45.5041 31.5239 -27.4 45.3098 32 -27.4 45 32.3116 -27.4 44.0462 32.9538 -27.4 44 32.9919 -27.4 43.9849 33.0054 -27.4 43 33.8359 -27.4 41.6477 35.0502 -27.4 41 35.7963 -27.4 40.7624 35.991 -27.4 40.7465 36 -27.4 40 36.4659 -27.4 39.6 36.5961 -27.4 39 36.6562 -27.4 38.6 36.778 -27.4 38.0307 36.8354 -27.4 38 36.8378 -27.4 37.6059 36.8786 -27.4 37 36.9175 -27.4 36.4 36.8523 -27.4 36 36.9056 -27.4 35.6 36.9253 -27.4 34 36.763 -27.4 33.6 36.7396 -27.4 33 36.6906 -27.4 32.6 36.6088 -27.4 32 36.5917 -27.4 31.6 36.4881 -27.4 31 36.3564 -27.4 30.8157 36.2553 -27.4 29 35.1696 -27.4 28.9576 35.1382 -27.4 28.7268 35 -27.4 28.3576 34.7414 -27.4 27.908 34.3414 -27.4 27.308 33.918 -27.4 27 33.6398 -27.4 26.4 33.2017 -27.4 26.2467 33.0799 -27.4 26.1388 33 -27.4 26 32.8908 -27.4 25.8095 32.775 -27.4 25.4086 32.4906 -27.4 25 32.1601 -27.4 24.5094 32.0198 -27.4 24 31.9862 -27.4 23.9383 32 -27.4 23.6 32.0901 -27.4 23 32.1923 -27.4 22.6 32.2986 -27.4 22.234 32.4496 -27.4 22.6 32.3902 -27.4 23 32.3543 -27.4 23.6 32.252 -27.4 24 32.2245 -27.4 24.6 32.3961 -27.4 25 32.4182 -27.4 25.1776 32.5958 -27.4 25.7776 33.0799 -27.4 26 33.2728 -27.4 26.6 33.739 -27.4 27 33.8132 -27.4 27.1868 34 -27.4 27.7329 34.4568 -27.4 28 34.7125 -27.4 28.2875 35 -27.4 28.7443 35.3626 -27.4 29 35.5868 -27.4 29.6 35.748 -27.4 30 35.8375 -27.4 30.1625 36 -27.4 31 36.6386 -27.4 31.6 36.6791 -27.4 32 36.7176 -27.4 32.6 36.7272 -27.4 33 36.7641 -27.4 34 36.8093 -27.4 35.6 36.9329 -27.4 36 36.9226 -27.4 36.0774 37 -27.4 37 37.4948 -27.4 37.6 37.5151 -27.4 38 37.5068 -27.4 38.6 37.5161 -27.4 39 37.5013 -27.4 41 37.4687 -27.4 41.5313 38 -27.4 41.847 38.2252 -27.4 42 38.3436 -27.4 43 38.3295 -27.4 44 38.3438 -27.4 45 38.3324 -27.4 45.2549 38.1137 -27.4 45.379 38 -27.4 46 37.379 -27.4 46.6 37.3533 -27.4 47 37.348 -27.4 47.6 37.3225 -27.4 48 37.3155 -27.4 48.2227 37.1118 -27.4 48.341 37 -27.4 48.3603 36.4 -27.4 48.3652 36 -27.4 48.3567 34 -27.4 48.1216 33.6864 -27.4 48 33.5398 -27.4 47.4602 33 -27.4 47.4255 32.4 -27.4 47.4196 32 -27.4 47.1407 31.674 -27.4 47 31.5225 -27.4 46.4775 31 -27.4 46.1515 30.5057 -27.4 46 30.2595 -27.4 45.7405 30 -27.4 45.7503 29.4 -27.4 45.7752 29 -27.4 45.7474 28.4 -27.4 45.748 28 -27.4 45.7172 27.4 -27.4 45.7179 27 -27.4 45.6908 26.4 -27.4 45.6372 25 -27.4 45.5371 24 -27.4 45 23.2334 -27.4 44.7666 23 -27.4 44.6584 22.4 -27.4 44.5921 22 -27.4 44.5245 21.4 -27.4 44.4711 21 -27.4 44.1782 20.6525 -27.4 44 20.4559 -27.4 43.5441 20 -27.4 43.4591 19.4 -27.4 43.4167 19 -27.4 43.3651 18.4 -27.4 43.3377 18 -27.4 43.2915 17 -27.4 43.2866 16.4 -27.4 43.2748 16 -27.4 43.0965 15.8094 -27.4 42.2892 15 -27.4 42.2695 14.4 -27.4 42.2363 13 -27.4 42 12.7708 -27.4 39 12.7216 -27.4 38.2784 12 -27.4 38.096 11.8528 -27.4 38 11.7688 -27.4 
49
11 28.9126 -27.4 10.9515 29 -27.4 10.651 29.6 -27.4 10.5532 30 -27.4 10.5042 30.4 -27.4 10.3827 31 -27.4 10.355 31.4 -27.4 10.2935 32 -27.4 11 31.2935 -27.4 14 31.359 -27.4 15 31.4317 -27.4 15.6 31.4973 -27.4 16 31.5473 -27.4 17 31.7219 -27.4 17.2781 32 -27.4 18 32.5312 -27.4 19 32.607 -27.4 20 32.6964 -27.4 20.6 32.6671 -27.4 21 32.7066 -27.4 21.147 32.6634 -27.4 21 32.6698 -27.4 20.6 32.5932 -27.4 20 32.6225 -27.4 19.6 32.5251 -27.4 19 32.4719 -27.4 18.4 32.148 -27.4 18 32.0505 -27.4 17.8944 32 -27.4 17.4185 31.8472 -27.4 17.4 31.8409 -27.4 17 31.6432 -27.4 16.4 31.2712 -27.4 16.1099 31.0703 -27.4 16.0046 31 -27.4 16 30.9959 -27.4 15.9866 30.9833 -27.4 15.5481 30.6 -27.4 15.3328 30.4265 -27.4 15 30.1866 -27.4 14.5735 30.009 -27.4 14.5576 30 -27.4 14 29.6651 -27.4 13.791 29.6154 -27.4 13.736 29.6 -27.4 13.5024 29.5447 -27.4 13 29.4068 -27.4 12.4553 29.2404 -27.4 12 29.1457 -27.4 
3
183
13.5 14.5877 -26.5 13 14.6196 -26.5 12.5606 15 -26.5 12 15.5606 -26.5 11.5 15.5913 -26.5 11 15.6393 -26.5 10.3607 15 -26.5 10.4237 15.5 -26.5 10.5058 16 -26.5 10.6429 16.5 -26.5 10.8495 17 -26.5 10.8706 17.0278 -26.5 11 17.2484 -26.5 11.0416 17.2206 -26.5 11.5416 16.9506 -26.5 12 16.6446 -26.5 12.5 16.4212 -26.5 13 16.1192 -26.5 13.2623 16.0306 -26.5 13.329 16 -26.5 14 15.7392 -26.5 14.5 15.6515 -26.5 15 15.4728 -26.5 15.5 15.3763 -26.5 15.5315 15.3652 -26.5 16 15.1698 -26.5 16.2324 15.1487 -26.5 17 15.1061 -26.5 17.1658 15.1435 -26.5 18 15.2765 -26.5 18.0604 15.3195 -26.5 18.7643 15.7643 -26.5 19 15.8401 -26.5 19.2548 16 -26.5 20 16.4402 -26.5 21 17.239 -26.5 21.3501 18 -26.5 21.4622 18.5 -26.5 21.5614 19 -26.5 21.6849 19.4909 -26.5 21.7977 20 -26.5 21.8881 20.3152 -26.5 22 20.652 -26.5 22.0898 21 -26.5 22.4688 21.5 -26.5 22.8652 22.5 -26.5 22.9363 22.9072 -26.5 22.9498 23 -26.5 23 23.0625 -26.5 23.5 23.234 -26.5 24 23.4183 -26.5 24.1546 23.2636 -26.5 24.4807 23 -26.5 25 22.4816 -26.5 25.3097 22.3266 -26.5 25.7467 22 -26.5 25.8097 21.9431 -26.5 26 21.7621 -26.5 26.1636 21.4431 -26.5 26.5168 21 -26.5 26.6636 20.8055 -26.5 27.1618 20.3055 -26.5 28 19.3309 -26.5 28.1845 19.2241 -26.5 28.4074 19 -26.5 28.6845 18.7939 -26.5 29 18.5026 -26.5 29.3044 18.2939 -26.5 30 17.8388 -26.5 30.5 17.5513 -26.5 31 17.2815 -26.5 31.6773 16.9634 -26.5 32 16.801 -26.5 32.5 16.5024 -26.5 33 16.2677 -26.5 33.5 16.1339 -26.5 33.5585 16.0949 -26.5 33.7283 16 -26.5 34 15.816 -26.5 34.3077 15.7608 -26.5 34.8487 16 -26.5 35 16.0326 -26.5 35.0734 16.0514 -26.5 36 16.26 -26.5 36.4467 16.3503 -26.5 36.9045 16.5 -26.5 36.9579 16.5142 -26.5 37 16.5325 -26.5 37.4812 16.6589 -26.5 38 16.8719 -26.5 38.4876 17 -26.5 39 17.103 -26.5 39.1882 17.162 -26.5 40 17.3497 -26.5 40.4518 17.4304 -26.5 40.65 17.5 -26.5 40.6982 17.5104 -26.5 41 17.6383 -26.5 41.3694 17.832 -26.5 41.6741 18 -26.5 42 18.121 -26.5 42.0726 18.2207 -26.5 42.2671 18.5 -26.5 42.5292 19 -26.5 43.028 19.686 -26.5 43.2472 20 -26.5 43.6107 20.5 -26.5 43.8561 21 -26.5 43.8914 21.0306 -26.5 44 21.2277 -26.5 44.1393 21.5306 -26.5 44.4515 22 -26.5 44.6601 22.5 -26.5 44.7299 23 -26.5 44.8479 23.0893 -26.5 45.0564 23.5893 -26.5 45.3414 24 -26.5 45.612 24.5 -26.5 45.5596 24 -26.5 45 23.1987 -26.5 44.8013 23 -26.5 44.7028 22.5 -26.5 44.6125 22 -26.5 44.4958 21 -26.5 44.244 20.6551 -26.5 44 20.3654 -26.5 43.6345 20 -26.5 43.5424 19.5 -26.5 43.4716 19 -26.5 43.3839 18 -26.5 43.3782 17.5 -26.5 43.355 17 -26.5 43.3456 16 -26.5 43.1485 15.7764 -26.5 43 15.6175 -26.5 42.3825 15 -26.5 42.3476 14.5 -26.5 42.3312 14 -26.5 42.3055 13.5 -26.5 42.2904 13 -26.5 42 12.7215 -26.5 39 12.6536 -26.5 38.5 12.6622 -26.5 38.152 12.3143 -26.5 38 12.1285 -26.5 37.5 12.6702 -26.5 37 12.6807 -26.5 36.7763 12.856 -26.5 36.6051 13 -26.5 36 13.6052 -26.5 35.5 13.6109 -26.5 35 13.6291 -26.5 34.5568 14 -26.5 34 14.5568 -26.5 33.5 14.5869 -26.5 33 14.6362 -26.5 32.5976 15 -26.5 32 15.5976 -26.5 31.5 15.6368 -26.5 31.1847 15.3214 -26.5 31 15.1428 -26.5 30.5 15.6802 -26.5 30 15.7079 -26.5 29 15.7427 -26.5 28.2574 15 -26.5 28 14.8096 -26.5 27 14.8277 -26.5 26.1723 14 -26.5 26.0851 13.9189 -26.5 26 13.8443 -26.5 25 13.8273 -26.5 24 12.8253 -26.5 20.5 12.7478 -26.5 20.3192 12.8777 -26.5 20.1384 13 -26.5 20 13.1384 -26.5 19.5 13.6563 -26.5 17 13.6095 -26.5 16.5 13.6115 -26.5 15 13.651 -26.5 14.7592 13.8407 -26.5 14.5695 14 -26.5 14 14.5695 -26.5 
25
11.5 29.7099 -26.5 11 29.5974 -26.5 10.9916 29.6081 -26.5 10.8008 30 -26.5 10.6996 30.5 -26.5 10.4851 31 -26.5 10.4338 31.5 -26.5 10.3498 32 -26.5 11 31.3498 -26.5 13.5 31.3969 -26.5 14 31.4155 -26.5 15 31.4906 -26.5 15.5 31.3901 -26.5 16 31.4447 -26.5 16.5 31.5343 -26.5 16 31.2243 -26.5 15.8902 31.1656 -26.5 15.3901 30.983 -26.5 15 30.7017 -26.5 14.5 30.4935 -26.5 14 30.3141 -26.5 13 30.0438 -26.5 12.8696 30.0205 -26.5 12.7967 30 -26.5 12 29.7932 -26.5 
114
27.5963 34.3773 -26.5 28.3076 34.8773 -26.5 28.4303 35 -26.5 28.8076 35.3027 -26.5 29 35.4179 -26.5 29.5 35.5512 -26.5 30.143 35.9361 -26.5 30.2069 36 -26.5 30.643 36.3196 -26.5 31 36.5324 -26.5 31.5 36.5705 -26.5 32 36.6803 -26.5 33 36.7032 -26.5 33.5 36.7046 -26.5 34 36.7454 -26.5 37 37.0501 -26.5 37.5 37.1268 -26.5 38 37.0985 -26.5 38.5 37.2197 -26.5 39 37.1825 -26.5 39.6174 37.1663 -26.5 40 37.2481 -26.5 40.7001 37.1945 -26.5 41 37.2203 -26.5 41.514 37 -26.5 42 36.3449 -26.5 42.1955 36 -26.5 42.9425 35.0066 -26.5 42.947 35 -26.5 43 34.953 -26.5 43.16 34.84 -26.5 44.5394 34.5394 -26.5 44.7989 34 -26.5 45 33.9225 -26.5 45.8384 33.8384 -26.5 46 33.6322 -26.5 46.5235 33.5235 -26.5 46.6327 33 -26.5 46.8375 32.8375 -26.5 46.4875 32.123 -26.5 46.4195 32 -26.5 46.0109 31.0126 -26.5 46.0047 31 -26.5 46 30.9888 -26.5 45.7569 30.5569 -26.5 45.7362 30.5 -26.5 45.8551 30 -26.5 45.8427 29.5 -26.5 45.8677 29 -26.5 45.821 28.5 -26.5 45.7892 28 -26.5 45.613 26 -26.5 45.632 25.5 -26.5 45.6782 25 -26.5 45.8518 28.5 -26.5 45.887 29 -26.5 45.8788 29.5 -26.5 45.8913 30 -26.5 46 30.1087 -26.5 46.5915 31 -26.5 47 31.4085 -26.5 47.2324 31.6802 -26.5 47.4823 32 -26.5 47.5111 32.5 -26.5 47.5865 33 -26.5 48 33.4135 -26.5 48.4394 34 -26.5 48.4423 34.5 -26.5 48.4786 35 -26.5 48.4891 36 -26.5 48.4729 36.5 -26.5 48.4116 37 -26.5 48.226 37.1698 -26.5 48 37.3703 -26.5 47.5 37.3916 -26.5 47 37.4252 -26.5 46.5 37.4466 -26.5 46 37.4938 -26.5 45.4938 38 -26.5 45.2813 38.1822 -26.5 45 38.4022 -26.5 44.5 38.4099 -26.5 44 38.4398 -26.5 43 38.429 -26.5 42 38.4399 -26.5 41.7369 38.2522 -26.5 41.3148 38 -26.5 41 37.6852 -26.5 40.5 37.6951 -26.5 40 37.6535 -26.5 39.5 37.6638 -26.5 39 37.606 -26.5 38.5 37.5983 -26.5 38 37.5556 -26.5 37.5 37.5387 -26.5 36.5196 37.0196 -26.5 36.0196 36.9716 -26.5 36 36.952 -26.5 34 36.798 -26.5 33 36.7435 -26.5 32 36.7269 -26.5 31 36.655 -26.5 30.5636 36.3196 -26.5 30.1275 36 -26.5 30 35.8725 -26.5 29 35.6049 -26.5 28.242 35 -26.5 28 34.758 -26.5 27.5449 34.3773 -26.5 27.1538 34 -26.5 27 33.8462 -26.5 26.5 33.4576 -26.5 27.0963 33.8911 -26.5 27.2052 34 -26.5 
5
172
13.4 14.4973 -25.6 13 14.555 -25.6 12.4912 15 -25.6 12 15.4912 -25.6 11.4 15.5487 -25.6 11 15.5995 -25.6 10.4005 15 -25.6 10.499 15.6 -25.6 10.5881 16 -25.6 10.836 16.6 -25.6 10.9747 16.868 -25.6 11 16.9014 -25.6 12.0014 16.2327 -25.6 12.6014 15.8705 -25.6 13 15.6044 -25.6 13.6 15.3615 -25.6 14 15.0944 -25.6 14.2643 15 -25.6 15 14.7813 -25.6 15.6 14.5722 -25.6 16 14.494 -25.6 16.4 14.4303 -25.6 17 14.3969 -25.6 17.4 14.4173 -25.6 18 14.5012 -25.6 18.4 14.5669 -25.6 19 14.6449 -25.6 19.4 14.7866 -25.6 19.5316 14.8562 -25.6 19.7632 15 -25.6 20 15.1769 -25.6 20.1647 15.3498 -25.6 20.4119 15.6 -25.6 20.6472 15.8565 -25.6 21 16.2273 -25.6 21.6607 17 -25.6 21.9082 17.504 -25.6 22.1899 18 -25.6 22.5064 19.6 -25.6 22.5613 20 -25.6 22.6961 20.5578 -25.6 22.7234 21 -25.6 22.9278 21.5077 -25.6 22.9395 22 -25.6 23 22.3463 -25.6 23.0237 22.4253 -25.6 23.0548 22.6 -25.6 23.1572 23 -25.6 23.4335 23.1136 -25.6 24 23.2992 -25.6 24.7136 22.5861 -25.6 25 22.3474 -25.6 25.1613 22.1861 -25.6 25.533 22 -25.6 25.7613 21.7827 -25.6 26 21.4942 -25.6 26.1115 21.3827 -25.6 26.3078 21 -25.6 26.7115 20.5941 -25.6 27 20.3223 -25.6 27.3223 20 -25.6 27.7282 19.5281 -25.6 28 19.2409 -25.6 28.4184 19 -25.6 28.797 18.6504 -25.6 29 18.4304 -25.6 29.2191 18.2504 -25.6 29.5844 18 -25.6 29.8191 17.8449 -25.6 30 17.7078 -25.6 30.6 17.3628 -25.6 30.9425 17.1 -25.6 31 17.0602 -25.6 31.1282 17 -25.6 31.6 16.7603 -25.6 32 16.4838 -25.6 32.6 16.1255 -25.6 32.7194 16.0469 -25.6 32.7872 16 -25.6 33 15.8598 -25.6 33.0702 15.8152 -25.6 33.9268 15.2411 -25.6 34 15.1898 -25.6 34.4722 15.105 -25.6 34.5842 15 -25.6 35 14.7703 -25.6 35.3925 14.6075 -25.6 36 14.9172 -25.6 36.1885 15 -25.6 37 15.2888 -25.6 37.4904 15.4904 -25.6 38 15.6324 -25.6 38.6744 16 -25.6 39 16.0893 -25.6 39.1612 16.1311 -25.6 40 16.2688 -25.6 40.3397 16.3397 -25.6 41 16.3002 -25.6 41.7567 16.7567 -25.6 42 16.86 -25.6 42.0674 17 -25.6 42.4556 17.6 -25.6 42.5073 18 -25.6 42.8218 18.6 -25.6 42.8377 18.6688 -25.6 42.8971 19 -25.6 43 19.1414 -25.6 43.1668 19.3802 -25.6 43.3148 19.6 -25.6 43.5516 20 -25.6 43.846 20.6 -25.6 43.9566 21 -25.6 43.9576 21.001 -25.6 44 21.0377 -25.6 44.3746 21.601 -25.6 44.5825 21.6 -25.6 44.5101 21 -25.6 44 20.2977 -25.6 43.7023 20 -25.6 43.4656 19.6 -25.6 43.3551 19 -25.6 43.5139 18.6 -25.6 43.4602 18 -25.6 43.4302 16 -25.6 43.2364 15.7079 -25.6 43 15.4395 -25.6 42.5605 15 -25.6 42.4922 14.6 -25.6 42.4503 14 -25.6 42.4079 13.6 -25.6 42.377 13 -25.6 42.1957 12.8409 -25.6 42 12.6546 -25.6 39 12.5673 -25.6 37.4 12.598 -25.6 37 12.6131 -25.6 36.7673 12.7897 -25.6 36.4989 13 -25.6 36 13.4989 -25.6 35.4 13.5207 -25.6 35 13.5578 -25.6 34.4687 14 -25.6 34 14.4687 -25.6 33.4 14.5279 -25.6 33 14.5833 -25.6 32.5326 15 -25.6 32 15.5326 -25.6 31.4 15.5796 -25.6 31 15.6251 -25.6 30.4 15.6584 -25.6 30 15.6899 -25.6 29.4 15.7133 -25.6 29 15.7348 -25.6 28.2652 15 -25.6 28 14.8059 -25.6 27 14.8256 -25.6 26.1046 13.9291 -25.6 26 13.8318 -25.6 25 13.8116 -25.6 24 12.8113 -25.6 21.4 12.7416 -25.6 21.0107 13 -25.6 20.4 13.6273 -25.6 20 13.6103 -25.6 19 13.5791 -25.6 18.4 13.5671 -25.6 18 13.5527 -25.6 17.4 13.5406 -25.6 15 13.6011 -25.6 14.7478 13.7724 -25.6 14.4589 14 -25.6 14 14.4589 -25.6 
26
11 31.4354 -25.6 10.4354 32 -25.6 10.5686 31.6 -25.6 10.6692 31 -25.6 10.9267 30.4 -25.6 10.9394 30.3828 -25.6 11 30.2904 -25.6 11.6 30.3977 -25.6 12 30.462 -25.6 13 30.6406 -25.6 13.0755 30.6014 -25.6 13.4 30.5019 -25.6 14 30.6648 -25.6 14.6 30.88 -25.6 14.6172 30.9047 -25.6 14.7124 31 -25.6 15 31.19 -25.6 15.056 31.1986 -25.6 15.5759 31.3886 -25.6 15.4 31.4239 -25.6 15 31.2934 -25.6 14.9567 31.3193 -25.6 14.6 31.4953 -25.6 14 31.4461 -25.6 13.4 31.4357 -25.6 13 31.4828 -25.6 
13
45.7245 25 -25.6 45.7017 25.6 -25.6 45.716 26 -25.6 45.7688 26.6 -25.6 45.7727 27 -25.6 45.8255 27.6 -25.6 45.8294 28 -25.6 45.8854 28.6 -25.6 45.8432 28 -25.6 45.8393 27.6 -25.6 45.803 27 -25.6 45.7992 26.6 -25.6 45.7676 26 -25.6 
79
46 30.0694 -25.6 46.3838 30.6446 -25.6 46.6359 31 -25.6 47 31.3641 -25.6 47.2998 31.7478 -25.6 47.5068 32 -25.6 47.5972 32.6 -25.6 47.6736 33 -25.6 48 33.3264 -25.6 48.4999 34 -25.6 48.5435 34.6 -25.6 48.5032 35 -25.6 48.5123 35.6 -25.6 48.6003 36 -25.6 48.5267 36.6 -25.6 48.4963 37 -25.6 48 37.4365 -25.6 47.4 37.4768 -25.6 47 37.3457 -25.6 46.4 37.4023 -25.6 46 37.6217 -25.6 45.6217 38 -25.6 45.2841 38.264 -25.6 45 38.4557 -25.6 44.4 38.4916 -25.6 44 38.5323 -25.6 43.4 38.5299 -25.6 43 38.5494 -25.6 42.4 38.5545 -25.6 42 38.3637 -25.6 41.4935 38.0611 -25.6 41.2414 38 -25.6 41.0935 37.968 -25.6 41 37.8745 -25.6 40.4 37.8246 -25.6 40 37.7591 -25.6 39 37.644 -25.6 38 37.5592 -25.6 37.4 37.2466 -25.6 38 37.3385 -25.6 38.4 37.2858 -25.6 39.4 37.5281 -25.6 40 37.6564 -25.6 40.4 37.7533 -25.6 41 37.8049 -25.6 41.6 37.6609 -25.6 42 37.8154 -25.6 42.6667 37.3333 -25.6 43 37.3617 -25.6 43.3405 37.3405 -25.6 43.9703 37.6422 -25.6 44 37.6669 -25.6 44.2249 37.4415 -25.6 44.4 37.382 -25.6 45 37.3406 -25.6 45.4 37.2185 -25.6 46 37.2038 -25.6 46.5396 37 -25.6 46.5676 36.9529 -25.6 47 36.7114 -25.6 47.5206 36.4794 -25.6 48 36.2191 -25.6 48.2035 36 -25.6 48.1523 35.2384 -25.6 48.0998 35 -25.6 48 34.7708 -25.6 47.829 34.6155 -25.6 47.8222 34.6 -25.6 47.8137 34 -25.6 47.628 33.6 -25.6 47.4529 33 -25.6 47.2453 32.6666 -25.6 46.9163 32.0666 -25.6 46.8743 32 -25.6 46.6553 31.6 -25.6 46.2239 30.7148 -25.6 46 30.183 -25.6 45.9752 30.1148 -25.6 45.9306 30 -25.6 
8
34.4 36.7801 -25.6 34 36.7534 -25.6 33.8538 36.753 -25.6 34 36.7616 -25.6 34.4 36.8138 -25.6 36.3639 36.9692 -25.6 35.4 36.8718 -25.6 35 36.8413 -25.6 
5
174
14 14.6455 -24.7 14.3 14.5313 -24.7 15 14.3444 -24.7 15.7 14.2076 -24.7 16 14.1342 -24.7 17 13.9744 -24.7 17.102 13.9631 -24.7 18 13.9687 -24.7 18.0865 13.985 -24.7 19 14.1442 -24.7 19.3 14.2327 -24.7 20 14.4808 -24.7 20.3 14.6702 -24.7 20.5883 14.9218 -24.7 20.6807 15 -24.7 21 15.3481 -24.7 21.5726 16 -24.7 22 16.5025 -24.7 22.408 17 -24.7 22.8196 17.7 -24.7 22.8236 17.7081 -24.7 22.9529 18 -24.7 22.9899 18.187 -24.7 23 18.2514 -24.7 23.0915 19 -24.7 23.166 19.7 -24.7 23.207 20.7 -24.7 23.2118 21 -24.7 23.1752 21.7 -24.7 23.1434 22 -24.7 23.3226 22.7 -24.7 23.3493 23 -24.7 23.5164 23.0877 -24.7 24 23.2866 -24.7 24.2866 23 -24.7 24.7878 22.5823 -24.7 25 22.4246 -24.7 25.4246 22 -24.7 26 21.304 -24.7 26.304 21 -24.7 26.8089 20.5243 -24.7 27 20.3063 -24.7 27.3063 20 -24.7 27.782 19.4974 -24.7 28 19.2915 -24.7 28.1851 19.1974 -24.7 28.5299 19 -24.7 28.8851 18.6149 -24.7 29 18.476 -24.7 29.1634 18.3149 -24.7 29.5468 18 -24.7 30 17.6565 -24.7 31.3 16.6447 -24.7 32 16.1608 -24.7 32.0292 16.1376 -24.7 32.7292 15.6766 -24.7 33.1068 15.3766 -24.7 33.8068 14.9157 -24.7 34 14.7621 -24.7 34.7 14.3069 -24.7 35 14.0991 -24.7 35.2413 14 -24.7 35.7 13.8238 -24.7 36 13.6992 -24.7 36.3 13.5858 -24.7 37 13.4235 -24.7 37.7 13.3863 -24.7 37.7079 13.3835 -24.7 38 13.2239 -24.7 38.4086 13.2251 -24.7 39 13.0728 -24.7 39.1322 13.1102 -24.7 40 13.4504 -24.7 40.1387 13.5402 -24.7 41 13.9223 -24.7 41.1663 14 -24.7 42 14.5753 -24.7 42.2064 15 -24.7 42.7283 15.7 -24.7 42.7537 16 -24.7 42.8792 16.7 -24.7 42.8816 16.7328 -24.7 42.9228 17 -24.7 42.9818 17.4565 -24.7 43 17.6375 -24.7 43.0219 18 -24.7 43.129 18.7 -24.7 43.407 18 -24.7 43.3876 17.7 -24.7 43.3724 17 -24.7 43.5029 16.7 -24.7 43.4889 16 -24.7 43.3392 15.7221 -24.7 43 15.2109 -24.7 42.7891 15 -24.7 42.771 14.7 -24.7 42.6515 14 -24.7 42.6115 13.7 -24.7 42.5373 13 -24.7 42.3174 12.8511 -24.7 42 12.5726 -24.7 41.3 12.5525 -24.7 41 12.5364 -24.7 40.3 12.5132 -24.7 40 12.4939 -24.7 39.3 12.4669 -24.7 39 12.4444 -24.7 38.3 12.4577 -24.7 37.3 12.4968 -24.7 37 12.5309 -24.7 36.7752 12.691 -24.7 36.368 13 -24.7 36 13.368 -24.7 35.3 13.433 -24.7 35 13.5986 -24.7 34.9105 13.6578 -24.7 34.4967 14 -24.7 34.2105 14.2862 -24.7 34 14.3692 -24.7 33.3 14.4662 -24.7 33 14.5336 -24.7 32.8372 14.6833 -24.7 32.4766 15 -24.7 32 15.4766 -24.7 31.3 15.5563 -24.7 31 15.5973 -24.7 30 15.677 -24.7 29 15.731 -24.7 28.269 15 -24.7 28 14.8047 -24.7 27 14.8227 -24.7 26.1773 14 -24.7 26 13.819 -24.7 25 13.7945 -24.7 24.2055 13 -24.7 24.14 12.9374 -24.7 24 12.799 -24.7 22.3 12.7499 -24.7 22.1961 12.8205 -24.7 22 12.9657 -24.7 21.948 13 -24.7 21.8663 13.0816 -24.7 21.3 13.6236 -24.7 21 13.5995 -24.7 20.3 13.5697 -24.7 20 13.5508 -24.7 19.3 13.523 -24.7 19 13.5014 -24.7 18.3 13.4763 -24.7 18 13.4586 -24.7 17.3 13.4661 -24.7 15.3 13.5382 -24.7 15 13.5561 -24.7 14.7969 13.7002 -24.7 14.3556 14 -24.7 14 14.3556 -24.7 13.3 14.4565 -24.7 13 14.5043 -24.7 12.8017 14.6597 -24.7 12.4114 15 -24.7 12 15.4114 -24.7 11.3 15.5003 -24.7 11 15.5499 -24.7 10.4501 15 -24.7 10.606 15.7 -24.7 10.7021 16 -24.7 10.7573 16.0854 -24.7 11 16.5544 -24.7 11.8304 16 -24.7 12.7 15.4227 -24.7 13 15.251 -24.7 13.0319 15.2342 -24.7 13.3852 15 -24.7 13.7319 14.7849 -24.7 
23
11 30.9986 -24.7 10.9991 31 -24.7 10.8127 31.3 -24.7 10.5796 32 -24.7 11 31.5796 -24.7 11.3 31.596 -24.7 12 31.6181 -24.7 12.3 31.5523 -24.7 13 31.5646 -24.7 14 31.4466 -24.7 14.2145 31.308 -24.7 14.5166 31.1589 -24.7 14.4742 31.1309 -24.7 14.2302 31 -24.7 14 30.7698 -24.7 13.7958 30.8258 -24.7 13.2279 31 -24.7 13.0958 31.0621 -24.7 13 31.1009 -24.7 12.7 31.2666 -24.7 12.316 31.2045 -24.7 12 31.148 -24.7 11.7828 31.1215 -24.7 
25
46 30.1794 -24.7 45.9616 30.141 -24.7 46 30.2397 -24.7 46.2433 30.7389 -24.7 46.4366 31 -24.7 46.8198 31.7 -24.7 46.9208 32 -24.7 46.9265 32.0057 -24.7 47.3632 32.7057 -24.7 47.5886 33 -24.7 47.9136 33.7 -24.7 47.9882 33.9248 -24.7 48.0247 34 -24.7 48.3297 34.7 -24.7 48.4002 34 -24.7 48.3637 33.9248 -24.7 48 33.4289 -24.7 47.7959 33.2248 -24.7 47.6783 33 -24.7 47.6569 32.7 -24.7 47.5233 32 -24.7 47 31.3654 -24.7 46.7413 31.1067 -24.7 46.5451 31 -24.7 46.4413 30.8012 -24.7 
10
39 37.4895 -24.7 38.6075 37.5413 -24.7 39 37.5743 -24.7 39.3 37.6723 -24.7 40.3 37.7899 -24.7 41 37.9046 -24.7 41.2589 37.9606 -24.7 40.3 37.7283 -24.7 40 37.6907 -24.7 39.3 37.5211 -24.7 
20
43 38.3196 -24.7 42.3 38.1748 -24.7 43 38.5086 -24.7 43.3 38.5396 -24.7 44 38.5055 -24.7 44.3 38.42 -24.7 45 38.3487 -24.7 45.0469 38.3354 -24.7 45.5441 38 -24.7 45.7469 37.7972 -24.7 46.3 37.6409 -24.7 47 37.257 -24.7 46.3 37.5261 -24.7 46 37.6108 -24.7 45.3 37.8245 -24.7 45 37.9092 -24.7 44.7325 38 -24.7 44.3 38.1534 -24.7 44 38.2389 -24.7 43.3 38.3505 -24.7 
3
45
39 12.343 -23.8 38.2 12.3765 -23.8 38 12.3887 -23.8 37.2 12.4797 -23.8 37 12.5491 -23.8 36.9431 12.5731 -23.8 36.3436 13 -23.8 36.1431 13.2006 -23.8 36 13.2663 -23.8 35.3587 13.6203 -23.8 36 13.354 -23.8 36.8 13.0515 -23.8 36.9431 13.0074 -23.8 36.9594 13 -23.8 37 12.9828 -23.8 38 12.6236 -23.8 38.2 12.6114 -23.8 39 12.5373 -23.8 39.2 12.5525 -23.8 41 12.9272 -23.8 41.2 12.9756 -23.8 41.3214 12.9999 -23.8 41.3221 13 -23.8 42 13.2264 -23.8 42.5599 13.7991 -23.8 42.5608 13.8 -23.8 42.7256 14 -23.8 42.8909 14.8 -23.8 42.9157 15 -23.8 43.0555 16.8 -23.8 43.4033 16 -23.8 43.399 15.9413 -23.8 43 15.2003 -23.8 42.941 15.1413 -23.8 42.9308 15 -23.8 42.906 14.8 -23.8 42.8578 14 -23.8 42.693 13.8 -23.8 42.5866 13 -23.8 42.5864 12.9999 -23.8 42 12.6028 -23.8 41.2 12.5599 -23.8 41 12.5116 -23.8 40.2 12.4601 -23.8 40 12.4181 -23.8 
116
14 14.4827 -23.8 14.2 14.4359 -23.8 15 14.1315 -23.8 15.0241 14.1238 -23.8 15.8241 13.9283 -23.8 16 13.866 -23.8 16.2 13.8278 -23.8 17 13.6987 -23.8 17.2 13.7101 -23.8 18 13.6216 -23.8 18.2 13.6329 -23.8 19 13.7838 -23.8 20 14.0633 -23.8 20.2 14.1674 -23.8 21 14.6725 -23.8 21.2359 14.8812 -23.8 21.4131 15 -23.8 21.4359 15.0175 -23.8 22.1354 15.8175 -23.8 22.3098 16 -23.8 22.9638 16.8 -23.8 22.9894 16.8676 -23.8 23 16.8921 -23.8 23.0322 17 -23.8 23.314 17.8 -23.8 23.3738 18 -23.8 23.4217 18.8 -23.8 23.4789 19 -23.8 23.5199 20 -23.8 23.5326 20.8 -23.8 23.52 21 -23.8 23.4139 22 -23.8 23.4852 22.8 -23.8 23.464 23 -23.8 23.5543 23.0602 -23.8 24 23.2942 -23.8 24.2942 23 -23.8 24.8602 22.5794 -23.8 25 22.4855 -23.8 25.4855 22 -23.8 26 21.379 -23.8 26.379 21 -23.8 26.8886 20.4188 -23.8 27 20.2822 -23.8 27.2822 20 -23.8 27.8634 19.4508 -23.8 28 19.3044 -23.8 28.6027 19 -23.8 28.909 18.6298 -23.8 29 18.5466 -23.8 29.5572 18 -23.8 29.9215 17.7239 -23.8 30 17.6535 -23.8 30.0675 17.5239 -23.8 30.8675 16.8976 -23.8 31 16.7779 -23.8 31.2 16.71 -23.8 32 16.0743 -23.8 32.0092 16.0619 -23.8 32.8092 15.4262 -23.8 33 15.2653 -23.8 33.0391 15.2262 -23.8 33.8391 14.5905 -23.8 34 14.452 -23.8 34.1563 14.3905 -23.8 34.7176 14 -23.8 34 14.2827 -23.8 33.2 14.4623 -23.8 33 14.5026 -23.8 32.4571 15 -23.8 32 15.4571 -23.8 31 15.594 -23.8 30 15.6758 -23.8 29 15.7302 -23.8 28.2698 15 -23.8 28.2157 14.956 -23.8 28 14.7996 -23.8 27 14.8095 -23.8 26.1905 14 -23.8 26.1469 13.9596 -23.8 26 13.8077 -23.8 25 13.7783 -23.8 24.2217 13 -23.8 24.1746 12.9565 -23.8 24 12.7896 -23.8 23 12.7623 -23.8 22.6486 13 -23.8 22 13.6487 -23.8 21 13.5656 -23.8 20.2 13.515 -23.8 19.2 13.4418 -23.8 19 13.4237 -23.8 18.2 13.3765 -23.8 18 13.3745 -23.8 17.2 13.403 -23.8 17 13.3981 -23.8 16.2 13.4345 -23.8 15.2 13.4943 -23.8 15 13.5147 -23.8 14.3128 14 -23.8 14 14.3128 -23.8 13.2 14.4401 -23.8 13 14.4768 -23.8 12.3302 15 -23.8 12 15.3302 -23.8 11 15.4972 -23.8 10.5028 15 -23.8 10.759 15.8 -23.8 10.8525 16 -23.8 10.8528 16.0003 -23.8 11 16.228 -23.8 11.0007 16.2277 -23.8 11.8007 15.7025 -23.8 12 15.5977 -23.8 12.8 15.1399 -23.8 13.8 14.6183 -23.8 
21
11 31.7932 -23.8 11.2 31.7514 -23.8 12 31.7952 -23.8 12.2 31.6862 -23.8 13 31.5109 -23.8 13.2 31.5623 -23.8 14 31.4676 -23.8 14.4785 31.1575 -23.8 14.3491 31.088 -23.8 14.1679 31 -23.8 14 30.8321 -23.8 13.9813 30.8509 -23.8 13.4366 31 -23.8 13.1813 31.1034 -23.8 13 31.2199 -23.8 12.2 31.6617 -23.8 12 31.7008 -23.8 11.2 31.603 -23.8 11 31.6435 -23.8 10.9973 31.6475 -23.8 10.7932 32 -23.8 
2
17
13 14.4973 -22.9 13.9 14.3323 -22.9 13 14.9425 -22.9 12.9791 14.9554 -22.9 12.0791 15.4285 -22.9 12 15.4579 -22.9 11.9 15.477 -22.9 11 15.9492 -22.9 10.9986 15.9485 -22.9 10.9501 15.9 -22.9 10.5295 15 -22.9 11 15.4705 -22.9 11.1 15.4514 -22.9 12 15.2954 -22.9 12.0791 15.266 -22.9 12.3451 15 -22.9 12.9791 14.5102 -22.9 
101
14.0835 14.2452 -22.9 14.9835 14.0346 -22.9 15.0917 14 -22.9 15.9 13.714 -22.9 16 13.661 -22.9 16.1 13.6526 -22.9 17 13.4807 -22.9 17.1 13.481 -22.9 18 13.5321 -22.9 18.1 13.5522 -22.9 19 13.6032 -22.9 19.1 13.6172 -22.9 20 13.8671 -22.9 20.2869 14 -22.9 21 14.3815 -22.9 21.922 15 -22.9 22 15.0597 -22.9 22.0312 15.0787 -22.9 22.8161 15.9 -22.9 22.8849 15.9605 -22.9 22.911 16 -22.9 23 16.2353 -22.9 23.1997 16.9 -22.9 23.2147 17 -22.9 23.7709 18.9 -22.9 23.8205 19 -22.9 23.8543 19.8254 -22.9 23.8582 20 -22.9 23.8076 20.8034 -22.9 23.7906 21 -22.9 23.7778 21.1 -22.9 23.587 22.9 -22.9 23.6986 23 -22.9 24 23.2008 -22.9 24.2008 23 -22.9 24.6676 22.6863 -22.9 24.9 22.4832 -22.9 25 22.5282 -22.9 25.5282 22 -22.9 25.9511 21.4989 -22.9 26.4494 21 -22.9 27 20.326 -22.9 27.326 20 -22.9 27.9408 19.3414 -22.9 28 19.2677 -22.9 28.0264 19.2414 -22.9 28.5169 19 -22.9 28.9264 18.6254 -22.9 29.0263 18.5254 -22.9 29.5732 18 -22.9 29.9263 17.6831 -22.9 30 17.6188 -22.9 30.0357 17.5831 -22.9 30.3396 17 -22.9 30.9357 16.4613 -22.9 31 16.405 -22.9 31.1 16.3846 -22.9 32 16.0789 -22.9 32.0156 16.0556 -22.9 32.0572 16 -22.9 33 15.2036 -22.9 33.2037 15 -22.9 33.9449 14.3617 -22.9 33.1 14.5319 -22.9 33.0652 14.5579 -22.9 33 14.5769 -22.9 32.5308 15 -22.9 32.1386 15.3922 -22.9 32.1 15.4376 -22.9 32 15.4592 -22.9 31.1 15.5826 -22.9 31 15.5941 -22.9 30.1 15.6683 -22.9 30 15.6723 -22.9 29.1 15.7216 -22.9 29 15.7248 -22.9 28.2753 15 -22.9 28 14.7761 -22.9 27 14.7776 -22.9 26.2225 14 -22.9 26.1962 13.977 -22.9 26 13.7952 -22.9 25 13.7629 -22.9 24.2371 13 -22.9 24 12.7807 -22.9 23 12.7518 -22.9 22.6254 13 -22.9 22 13.6254 -22.9 21.1 13.5403 -22.9 21 13.5291 -22.9 20.1 13.459 -22.9 19.1 13.3679 -22.9 19 13.3635 -22.9 17.1 13.3316 -22.9 17 13.3313 -22.9 16.1 13.386 -22.9 16 13.3944 -22.9 15.1 13.4861 -22.9 15 13.5391 -22.9 14.9835 13.5449 -22.9 14.3287 14 -22.9 
1
48
19 13.345 -22 18 13.3326 -22 19 13.5333 -22 20 13.6727 -22 20.6991 14 -22 21 14.1632 -22 22 14.8341 -22 22.3123 15 -22 23 15.6045 -22 23.2164 16 -22 23.3664 17 -22 23.6652 18 -22 24.1619 19 -22 24.1672 20 -22 24.0611 21 -22 23.9333 22 -22 24 22.0611 -22 24.3518 22.2194 -22 24.4889 22 -22 24.5278 21 -22 25 20.5278 -22 25.3961 20 -22 26 19.3961 -22 27 19.5917 -22 27.5273 19.852 -22 28 19.2636 -22 29.2628 18 -22 30 17.3572 -22 30.3572 17 -22 31 16.4372 -22 32 16.233 -22 32.156 16 -22 33 15.2784 -22 32 15.4944 -22 31 15.6096 -22 29 15.6819 -22 28.3181 15 -22 28 14.7395 -22 27 14.7369 -22 26.2631 14 -22 26 13.7704 -22 25 13.7453 -22 24.2547 13 -22 24 12.7657 -22 23 12.7405 -22 22.5989 13 -22 22 13.5989 -22 20 13.3882 -22 
1
87
19.9 13.3056 -21.1 19 13.3348 -21.1 18.9 13.3336 -21.1 19 13.3537 -21.1 19.9 13.4644 -21.1 20 13.4784 -21.1 20.9699 13.9286 -21.1 21 13.9449 -21.1 21.09 14 -21.1 21.9 14.4709 -21.1 22 14.538 -21.1 22.9 14.9516 -21.1 22.9312 14.9682 -21.1 22.9942 15 -21.1 23 15.0051 -21.1 23.0018 15.0084 -21.1 23.0562 15.1 -21.1 23.5486 16 -21.1 23.6961 17 -21.1 23.726 17.1 -21.1 23.8169 18 -21.1 23.9665 18.479 -21.1 24.0162 18.579 -21.1 24.1794 19 -21.1 24.18 19.1 -21.1 24.3259 20 -21.1 24.3153 20.1 -21.1 24.1351 21 -21.1 24.129 21.0472 -21.1 24 21.5556 -21.1 23.9121 21.9472 -21.1 23.9054 22 -21.1 23.9504 22.045 -21.1 24 22.002 -21.1 24.0012 22 -21.1 24.1779 21.1 -21.1 24.1817 21 -21.1 24.6003 20.1 -21.1 24.6476 20.0528 -21.1 24.7084 20 -21.1 24.7158 19 -21.1 25 18.7158 -21.1 26 18.4904 -21.1 27 18.5095 -21.1 27.4905 19 -21.1 27.5315 19.0592 -21.1 27.6142 19.1 -21.1 27.8407 19.5684 -21.1 28 19.3725 -21.1 28.4461 18.9263 -21.1 29 18.0991 -21.1 29.0991 18 -21.1 29.1728 17.9357 -21.1 30.1225 17 -21.1 31 16.2143 -21.1 31.9 16.0807 -21.1 32 16.0603 -21.1 32.037 16.0233 -21.1 32.0526 16 -21.1 32.137 15.9278 -21.1 33 15.2386 -21.1 32.9 15.2602 -21.1 32 15.4085 -21.1 31 15.5158 -21.1 30.9 15.5198 -21.1 30 15.5869 -21.1 29 15.6195 -21.1 28.3805 15 -21.1 28.0318 14.7274 -21.1 28 14.7013 -21.1 27 14.6888 -21.1 26.3112 14 -21.1 26 13.7226 -21.1 25 13.7026 -21.1 24.2974 13 -21.1 24.0255 12.7589 -21.1 24 12.7355 -21.1 23.9 12.7329 -21.1 23.565 12.9741 -21.1 23.5278 13 -21.1 23 13.5278 -21.1 22.9 13.6249 -21.1 22 13.5672 -21.1 21.9 13.556 -21.1 21 13.4342 -21.1 20.9 13.4244 -21.1 20 13.3099 -21.1 
1
65
20.8 13.3448 -20.2 20 13.289 -20.2 19.8 13.2955 -20.2 20 13.3201 -20.2 20.8 13.6166 -20.2 21 13.7094 -20.2 21.0259 13.7253 -20.2 21.8259 14.0986 -20.2 22 14.1996 -20.2 23 14.6592 -20.2 23.0077 14.6662 -20.2 23.3507 15 -20.2 23.4601 15.2 -20.2 23.8438 16 -20.2 23.8733 16.2 -20.2 24.1205 17 -20.2 24.138 17.5542 -20.2 24.1642 18 -20.2 24.4883 18.8998 -20.2 25 18.6114 -20.2 26 18.3908 -20.2 26.8 18.4828 -20.2 27 18.4866 -20.2 27.5134 19 -20.2 27.8885 19.4786 -20.2 28 19.2826 -20.2 28.2826 19 -20.2 28.3847 18.2 -20.2 28.5078 18.0162 -20.2 28.553 18 -20.2 28.2736 17.4459 -20.2 28.2192 17.2192 -20.2 28.3175 17 -20.2 29 16.6112 -20.2 29.6158 16.5669 -20.2 30 16.4611 -20.2 30.0193 16.4373 -20.2 30.2 16.2752 -20.2 30.8824 16.0379 -20.2 31 16.0082 -20.2 31.0434 16.0018 -20.2 31.049 16 -20.2 32 15.6595 -20.2 32.2 15.497 -20.2 32.8888 15.2051 -20.2 32 15.3532 -20.2 31.8 15.3745 -20.2 31 15.4748 -20.2 30 15.5439 -20.2 29.8 15.5504 -20.2 29 15.5416 -20.2 28.4584 15 -20.2 28 14.6361 -20.2 27.8 14.6333 -20.2 27 14.6033 -20.2 26.3967 14 -20.2 26.0633 13.7213 -20.2 26 13.6647 -20.2 24.2 13.6018 -20.2 24.0604 13.4622 -20.2 24 13.3778 -20.2 23.8 13.5878 -20.2 22 13.4844 -20.2 21.8 13.4574 -20.2 21 13.3702 -20.2 
1
83
21.7 13.252 -19.3 21 13.2578 -19.3 20.7 13.2369 -19.3 21 13.3481 -19.3 21.7 13.4586 -19.3 21.9196 13.5617 -19.3 22 13.607 -19.3 22.6277 13.7914 -19.3 23 13.9699 -19.3 23.089 14 -19.3 23.6873 14.1748 -19.3 23.8159 14.3 -19.3 23.8286 14.3097 -19.3 24 14.7469 -19.3 24.2567 14.8922 -19.3 24.549 15 -19.3 24.4986 15.4986 -19.3 24.8165 16 -19.3 24.6072 16.579 -19.3 24.7652 16.9675 -19.3 24.7549 17 -19.3 24.7644 17.3 -19.3 24.4785 18 -19.3 24.5869 18.3 -19.3 24.6124 18.8411 -19.3 25 18.6199 -19.3 25.7 18.5269 -19.3 26 18.4611 -19.3 26.7 18.6162 -19.3 27 18.6507 -19.3 27.1482 18.799 -19.3 27.841 19 -19.3 27.8483 19.0051 -19.3 27.921 19.098 -19.3 28 19.075 -19.3 28.075 19 -19.3 28.1122 18.7084 -19.3 28 18.6478 -19.3 27.2674 18 -19.3 27 17.6191 -19.3 26.4909 17 -19.3 26.4884 16.9974 -19.3 26 16.4393 -19.3 25.5585 16.4211 -19.3 25.3052 16 -19.3 25.264 15.264 -19.3 26 15.4775 -19.3 26.2678 15.2678 -19.3 27 15.4065 -19.3 27.6639 15.6059 -19.3 28 15.626 -19.3 28.6301 15.7974 -19.3 29 15.8675 -19.3 29.412 15.909 -19.3 30 15.9354 -19.3 30.3 15.8305 -19.3 31 15.7725 -19.3 31.7 15.57 -19.3 32 15.4537 -19.3 32.3471 15.4059 -19.3 32 15.3874 -19.3 31.7 15.4251 -19.3 31 15.6276 -19.3 30.7 15.6479 -19.3 30 15.7058 -19.3 29.7 15.7025 -19.3 29 15.396 -19.3 28.604 15 -19.3 28.1428 14.6514 -19.3 28 14.5376 -19.3 27.7 14.5264 -19.3 27 14.4766 -19.3 26.5234 14 -19.3 26.125 13.6885 -19.3 26 13.584 -19.3 25.7 13.574 -19.3 25 13.5348 -19.3 24.7 13.5227 -19.3 24 13.4723 -19.3 23.7 13.4573 -19.3 23 13.39 -19.3 22.7 13.371 -19.3 22 13.2847 -19.3 
2
39
21 13.2206 -18.4 21.6 13.1983 -18.4 22 13.2614 -18.4 22.6 13.2481 -18.4 23 13.3656 -18.4 23.6 13.3799 -18.4 24.5971 13.7039 -18.4 25.322 13.953 -18.4 25.4718 14 -18.4 26 14.2337 -18.4 26.2066 14.3572 -18.4 26.4022 14.4 -18.4 26.7955 14.5608 -18.4 27 14.5914 -18.4 27.5582 14.8545 -18.4 28 14.9638 -18.4 28.0728 15 -18.4 28.6 15.3595 -18.4 29 15.4684 -18.4 29.4157 15.5228 -18.4 29.4 15.5086 -18.4 29 15.3335 -18.4 28.8635 15.197 -18.4 28.5777 15 -18.4 28.2635 14.8436 -18.4 28 14.6444 -18.4 27.6 14.6159 -18.4 27 14.2814 -18.4 26.7186 14 -18.4 26.2276 13.6432 -18.4 26 13.4652 -18.4 25.6 13.4429 -18.4 25 13.3628 -18.4 24.6 13.334 -18.4 24 13.246 -18.4 23.6 13.2075 -18.4 23 13.2168 -18.4 22.6 13.1675 -18.4 21.6 13.1805 -18.4 
20
24.6136 18.7347 -18.4 24.6836 18.4 -18.4 24.6647 18 -18.4 24.8281 17.6 -18.4 24.836 17.5929 -18.4 25 17.3357 -18.4 25.6086 17.6086 -18.4 26 17.6138 -18.4 26.0019 17.6156 -18.4 26.3463 18 -18.4 26.3604 18.0115 -18.4 26.4 18.0675 -18.4 27 18.3725 -18.4 27.3959 18.7165 -18.4 27.4278 18.7658 -18.4 27 18.6016 -18.4 26.6 18.513 -18.4 26 18.2079 -18.4 25.6 18.2611 -18.4 25 18.5582 -18.4 
1
23
21.5 13.1898 -17.5 22 13.1712 -17.5 22.5 13.139 -17.5 23.5 13.1215 -17.5 24 13.1334 -17.5 24.5 13.228 -17.5 25 13.3859 -17.5 26 13.7344 -17.5 26.1722 13.8075 -17.5 26.6722 14.0456 -17.5 27 14.1796 -17.5 27.5 14.5159 -17.5 28 14.7515 -17.5 27.5 14.4728 -17.5 27 14.1365 -17.5 26.9092 14.0456 -17.5 26.4091 13.8075 -17.5 26 13.5102 -17.5 25.5 13.4434 -17.5 25 13.2364 -17.5 24.5 13.163 -17.5 24 13.0991 -17.5 22.5 13.1243 -17.5 
