38
0
0
0
0
0
0
0
0
0
0
0
0
0
0
0
0
0
0
0
0
0
0
0
0
0
0
0
1
11
17.1314 31.8988 -26.5 17 31.7674 -26.5 17.7211 32 -26.5 17.9093 32.0854 -26.5 18 32.1288 -26.5 18.5 32.3776 -26.5 18.8094 32.5446 -26.5 18.5 32.5197 -26.5 18 32.3585 -26.5 17.6314 32.0854 -26.5 17.4432 32 -26.5 
0
2
11
44 20.5058 -24.7 44.3563 21 -24.7 44.3639 21.014 -24.7 44.1605 21.0139 -24.7 44.1515 21 -24.7 44 20.7921 -24.7 43.9992 20.7916 -24.7 43.9982 20.7909 -24.7 43.9073 20.7 -24.7 43.7985 20.3063 -24.7 43.8088 20.3147 -24.7 
10
47.6265 37 -24.7 48 36.8143 -24.7 48.0291 36.7813 -24.7 48.4762 36.3 -24.7 48.5034 36 -24.7 48.4502 36.7 -24.7 48.423 37 -24.7 48.0291 37.3427 -24.7 48 37.3706 -24.7 47.3 37.1413 -24.7 
1
9
47 31.4657 -23.8 46.764 31.3374 -23.8 46.9197 31.8 -23.8 46.9848 31.9813 -23.8 46.9946 32 -23.8 47 32.0054 -23.8 47.4867 32.6368 -23.8 47.4413 32 -23.8 47.4294 31.9813 -23.8 
1
7
13.9866 31.4408 -22.9 14 31.4382 -22.9 14.3729 31.1948 -22.9 14.0843 31.0547 -22.9 14 31.0038 -22.9 13.4403 31.3614 -22.9 13.9 31.4794 -22.9 
0
0
0
0
0
0
