10
0
1
38
-6.75344 29.2747 26.2488 -6.44972 29.3421 26.2488 -5.84266 29.8035 26.2488 -5.5236 30 26.2488 -5.03898 30.9976 26.2488 -5.03916 31 26.2488 -5.03774 31.0016 26.2488 -5.03551 31.0043 26.2488 -4.86398 31.0043 26.2488 -4.8623 31.0036 26.2488 -4.27988 31.4161 26.2488 -4.27927 31.4166 26.2488 -4.25943 31.4306 26.2488 -4.25915 31.4308 26.2488 -4.24493 31.441 26.2488 -4.23441 31.5312 26.2488 -4.23419 31.5334 26.2488 -4.1825 31.976 26.2488 -4.53915 31.8171 26.2488 -4.86396 31.3036 26.2488 -5.03556 31.1212 26.2488 -5.15085 31.0815 26.2488 -5.21254 31 26.2488 -5.84792 30.7666 26.2488 -6.27821 30.1278 26.2488 -6.38884 30.0194 26.2488 -6.44972 29.9753 26.2488 -7.18174 29.7231 26.2488 -7.18542 29.719 26.2488 -7.18564 29.7188 26.2488 -7.69242 29.1562 26.2488 -7.77817 29.1207 26.2488 -7.84173 29.0992 26.2488 -7.74143 29.0001 26.2488 -7.74128 29 26.2488 -7.6924 28.9858 26.2488 -7.63159 29 26.2488 -6.87491 29.3006 26.2488 
0
0
1
14
21.3508 10.8033 28.9488 21.8369 10.6257 28.9488 21.2689 11 28.9488 21.3077 12 28.9488 21.068 12.3672 28.9488 21.0662 13 28.9488 20.5487 13.9107 28.9488 20.5192 13.9473 28.9488 20.5487 13.853 28.9488 20.7817 13 28.9488 20.784 12.1663 28.9488 20.8402 12 28.9488 20.6789 11.092 28.9488 20.6683 11 28.9488 
1
13
22.253 10.939 29.8488 22.4771 10.8467 29.8488 22.6306 10.7661 29.8488 22.4771 10.9027 29.8488 22.3263 11 29.8488 21.9971 11.6605 29.8488 22.0053 12 29.8488 21.8355 12.5463 29.8488 21.6311 12.9112 29.8488 21.7408 12.4793 29.8488 21.9233 12 29.8488 21.8864 11.5822 29.8488 22.0652 11 29.8488 
0
0
0
0
