40
0 2 0 2 1 3 1 3 2 4 2 4 3 5 3 5 4 6 4 6 5 7 5 7 6 8 6 8 7 9 7 9 8 10 8 10 10 11 10 11 
10
0 
0 
2 0 1 
2 2 3 
2 4 5 
2 6 7 
2 8 9 
1 10 
1 11 
0 
12
2 0 0 27.1488
1 2 
1
33
-7.34978 28.5544 27.1488 -6.79241 28.5834 27.1488 -6.49314 28.7634 27.1488 -6.12968 29 27.1488 -5.3782 29.5653 27.1488 -4.72176 30 27.1488 -4.67295 30.1072 27.1488 -4.52131 30.1527 27.1488 -3.96398 30.5695 27.1488 -3.31422 31 27.1488 -3.02406 31.8753 27.1488 -3.10716 31.8371 27.1488 -3.35587 31.6629 27.1488 -3.51043 31.6629 27.1488 -3.51125 31.6629 27.1488 -3.58131 31.6629 27.1488 -3.58382 31.6629 27.1488 -3.5649 31.9762 27.1488 -3.6384 31.9295 27.1488 -3.96398 31.6398 27.1488 -4.24264 31.4179 27.1488 -5.0012 30.9019 27.1488 -5.65685 30.392 27.1488 -5.93555 30.2041 27.1488 -6.79241 29.5829 27.1488 -7.07107 29.4002 27.1488 -7.34975 29.3166 27.1488 -7.77817 29.1394 27.1488 -7.93232 29.0872 27.1488 -8.18566 29.0271 27.1488 -8.13728 29 27.1488 -8.20661 28.9612 27.1488 -8.33209 28.8175 27.1488 
2 1 0 27.1488
1 3 
1
38
17.2806 10.935 27.1488 17.4314 10.902 27.1488 18.1061 10.8124 27.1488 18.6611 11 27.1488 18.6632 11.0009 27.1488 18.6635 11.0011 27.1488 18.6665 11 27.1488 19.111 10.8862 27.1488 19.1153 10.8856 27.1488 19.5047 10.8412 27.1488 19.2694 11 27.1488 19.2944 11.8402 27.1488 19.2948 12 27.1488 19.3231 12.8606 27.1488 19.3334 13.8678 27.1488 19.3317 14 27.1488 19.2278 14.7932 27.1488 19.2172 15 27.1488 18.6635 15.417 27.1488 17.7881 16 27.1488 17.7096 16.7197 27.1488 17.6862 17 27.1488 17.6544 17.0197 27.1488 17.6529 17 27.1488 17.4977 16.1757 27.1488 17.4816 16 27.1488 17.2345 15.0104 27.1488 17.2244 15.0025 27.1488 17.2209 15 27.1488 17.2493 14.976 27.1488 17.7486 14.3531 27.1488 17.7384 14 27.1488 17.6025 13.2498 27.1488 17.597 13 27.1488 17.4899 12.1701 27.1488 17.4874 12 27.1488 17.5134 11.1868 27.1488 17.514 11 27.1488 
3 2 0 28.0488
2 0 4 
1
56
-5.89236 28.6351 28.0488 -5.74446 28.7284 28.0488 -5.35454 28.9847 28.0488 -5.33192 29 28.0488 -4.47819 29.6311 28.0488 -3.92252 30 28.0488 -3.06394 30.6352 28.0488 -2.51591 31 28.0488 -1.64976 31.6402 28.0488 -1.11786 32 28.0488 -1.11247 32.0468 28.0488 -0.981756 33 28.0488 -0.955265 33.158 28.0488 -1.17871 33.652 28.0488 -1.26517 33.9388 28.0488 -1.28096 33.9628 28.0488 -1.29008 33.9212 28.0488 -1.64186 33.3455 28.0488 -1.64973 33.3341 28.0488 -1.97804 33 28.0488 -2.09839 32.9144 28.0488 -2.12132 32.8975 28.0488 -2.59288 32.5327 28.0488 -2.82843 32.3847 28.0488 -2.99206 32.2216 28.0488 -3.06396 32.1683 28.0488 -3.18243 32 28.0488 -3.38983 31.8497 28.0488 -3.53553 31.7073 28.0488 -4.00709 31.4084 28.0488 -4.24264 31.2209 28.0488 -4.38802 31.1237 28.0488 -4.47817 31.0806 28.0488 -4.56815 31 28.0488 -4.73977 30.8763 28.0488 -4.94975 30.6781 28.0488 -5.4213 30.3836 28.0488 -5.65685 30.2001 28.0488 -5.7892 30.1109 28.0488 -5.89237 30.0608 28.0488 -5.96018 30 28.0488 -6.09828 29.9125 28.0488 -6.36396 29.6823 28.0488 -6.83552 29.4714 28.0488 -7.07107 29.317 28.0488 -7.30662 29.2463 28.0488 -7.76743 29.1789 28.0488 -7.71071 29.1021 28.0488 -7.64237 29 28.0488 -7.69339 28.9315 28.0488 -7.77817 28.8066 28.0488 -8.04873 28.8695 28.0488 -8.24979 28.6897 28.0488 -8.44568 28.5895 28.0488 -8.47274 28.5712 28.0488 -8.24978 28.5121 28.0488 
3 3 0 28.0488
2 1 5 
1
48
15.8119 15.4777 28.0488 16.7351 15.4163 28.0488 17.2061 15.2657 28.0488 18.1279 15 28.0488 18.1493 14.985 28.0488 18.3082 14.8476 28.0488 18.3495 14.8085 28.0488 18.6203 14.6935 28.0488 19.1399 14.3674 28.0488 19.4829 14 28.0488 19.5635 13.3888 28.0488 19.5794 13.2299 28.0488 19.6099 13 28.0488 19.5635 12.7618 28.0488 19.4722 12.3578 28.0488 19.4472 12 28.0488 19.5635 11.9531 28.0488 19.5763 11.9474 28.0488 19.7188 11.7768 28.0488 20.0345 11.3298 28.0488 20.211 11.1249 28.0488 20.1976 11 28.0488 20.538 10.6718 28.0488 20.9473 10.5373 28.0488 20.2554 11 28.0488 20.2935 12 28.0488 20.2928 12.1826 28.0488 20.325 13 28.0488 20.2196 13.1309 28.0488 20.0345 13.3956 28.0488 19.7376 13.79 28.0488 19.7391 14 28.0488 19.7212 14.2215 28.0488 19.6033 15 28.0488 19.5635 15.0491 28.0488 19.3733 15.2131 28.0488 18.8652 15.8268 28.0488 18.8106 16 28.0488 18.7859 16.1171 28.0488 18.6576 17 28.0488 18.1493 17.3018 28.0488 17.1336 18 28.0488 16.8142 18.1987 28.0488 16.7984 18 28.0488 16.6551 17 28.0488 16.6182 16.9174 28.0488 16.3187 16 28.0488 16.1379 15.8357 28.0488 
4 4 0 28.9488
2 2 6 
1
76
-6.32131 28.6246 28.9488 -5.65686 28.6316 28.9488 -4.9924 28.6748 28.9488 -4.96806 28.6904 28.9488 -4.90712 28.7316 28.9488 -4.6005 28.9072 28.9488 -4.50695 29 28.9488 -3.57818 29.6813 28.9488 -3.49289 29.7382 28.9488 -3.18991 29.9147 28.9488 -3.09853 30 28.9488 -2.16396 30.6852 28.9488 -2.07868 30.7421 28.9488 -1.77954 30.9212 28.9488 -1.69033 31 28.9488 -0.749752 31.6889 28.9488 -0.664459 31.7463 28.9488 -0.371553 31.9275 28.9488 -0.2854 32 28.9488 -0.256897 32.2882 28.9488 -0.175346 33 28.9488 -0.125267 33.3813 28.9488 -0.0230697 34 28.9488 -0.129839 34.3781 28.9488 -0.349954 34.9769 28.9488 -0.402056 34.9184 28.9488 -0.664472 34.2434 28.9488 -0.749537 34 28.9488 -0.749694 33.9997 28.9488 -1.41421 33.3437 28.9488 -1.56015 33.2193 28.9488 -1.76652 33 28.9488 -2.07868 32.7682 28.9488 -2.12028 32.7386 28.9488 -2.12132 32.7379 28.9488 -2.82843 32.1989 28.9488 -2.9092 32.031 28.9488 -2.92957 32 28.9488 -3.49289 31.3967 28.9488 -3.52894 31.3706 28.9488 -3.53553 31.3642 28.9488 -3.57818 31.3371 28.9488 -4.24264 31.1093 28.9488 -4.31196 31.0175 28.9488 -4.32343 31 28.9488 -4.9071 30.38 28.9488 -4.94025 30.3561 28.9488 -4.94975 30.3472 28.9488 -4.9924 30.3205 28.9488 -5.65685 30.175 28.9488 -5.71759 30.0868 28.9488 -5.78097 30 28.9488 -6.32131 29.4415 28.9488 -6.35194 29.422 28.9488 -6.36396 29.4116 28.9488 -6.40661 29.3926 28.9488 -7.07107 29.3515 28.9488 -7.73552 29.239 28.9488 -7.76814 29.2342 28.9488 -7.73552 29.19 28.9488 -7.60117 29 28.9488 -7.73552 28.81 28.9488 -7.77433 28.7579 28.9488 -7.77817 28.7523 28.9488 -7.82081 28.7622 28.9488 -8.18474 28.795 28.9488 -8.48528 28.5294 28.9488 -8.60666 28.5213 28.9488 -8.73839 28.1949 28.9488 -8.84223 28 28.9488 -9.01243 27.7593 28.9488 -8.73542 27.8889 28.9488 -8.56231 28 28.9488 -7.82082 28.5545 28.9488 -7.07107 28.6016 28.9488 -6.40661 28.6207 28.9488 
4 5 0 28.9488
2 3 7 
1
27
14.9204 16.0661 28.9488 14.9197 16.0656 28.9488 17.6351 15.8898 28.9488 17.7203 15.8688 28.9488 19.0493 15.7176 28.9488 19.7034 15.4023 28.9488 20.1305 15 28.9488 20.2751 14.832 28.9488 20.3329 14.6251 28.9488 20.2861 14.8286 28.9488 20.2125 15 28.9488 19.775 15.4529 28.9488 19.6556 16 28.9488 19.7788 16.4556 28.9488 19.6656 17 28.9488 19.0493 17.3681 28.9488 16.5973 19 28.9488 16.5875 20 28.9488 16.2209 20.3103 28.9488 15.9267 20.5065 28.9488 15.9292 20 28.9488 15.9138 19 28.9488 15.8969 18.7709 28.9488 15.8231 18 28.9488 15.73 17.6529 28.9488 15.5982 17 28.9488 15.4033 16.5781 28.9488 
5 6 0 29.8488
2 4 8 
1
78
-7.22131 28.409 29.8488 -6.92081 28.5977 29.8488 -6.36396 28.5542 29.8488 -5.8071 28.5911 29.8488 -5.5066 28.5824 29.8488 -4.94975 28.5503 29.8488 -4.3929 28.55 29.8488 -4.09238 28.5287 29.8488 -3.82467 28.7461 29.8488 -3.57819 29 29.8488 -2.97866 29.3892 29.8488 -2.67817 29.5654 29.8488 -2.41291 29.7722 29.8488 -2.18874 30 29.8488 -1.56448 30.415 29.8488 -1.26396 30.5966 29.8488 -1.00113 30.7937 29.8488 -0.795705 31 29.8488 -0.150243 31.4377 29.8488 0.150256 31.6236 29.8488 0.409853 31.8118 29.8488 0.610395 32 29.8488 0.610169 32.5377 29.8488 0.717228 33.6134 29.8488 0.767477 34 29.8488 0.88773 34.734 29.8488 0.775527 35 29.8488 0.775149 35.0015 29.8488 0.660645 35.5378 29.8488 0.395465 35.0381 29.8488 0.372102 35 29.8488 0.150258 34.6729 29.8488 -0.404725 34 29.8488 -0.714105 33.7435 29.8488 -1.26396 33.2414 29.8488 -1.39628 33.0682 29.8488 -1.43955 33 29.8488 -1.48508 32.9666 29.8488 -1.56445 32.9157 29.8488 -1.85937 32.7016 29.8488 -2.12132 32.4641 29.8488 -2.67817 32.1209 29.8488 -2.81877 32 29.8488 -2.87765 31.9617 29.8488 -2.97869 31.9017 29.8488 -3.53553 31.3425 29.8488 -4.09238 31.1047 29.8488 -4.20651 31 29.8488 -4.26943 30.9571 29.8488 -4.39294 30.9055 29.8488 -4.43731 30.8709 29.8488 -4.94975 30.4158 29.8488 -5.5066 30.2602 29.8488 -5.65685 30.2439 29.8488 -5.79993 30.003 29.8488 -5.80269 30 29.8488 -5.80711 29.9949 29.8488 -5.99532 29.8458 29.8488 -6.36396 29.4927 29.8488 -7.07107 29.432 29.8488 -7.22133 29.4304 29.8488 -7.76905 29.3889 29.8488 -7.49428 29.0483 29.8488 -7.46687 29 29.8488 -7.6985 28.7264 29.8488 -7.77817 28.5998 29.8488 -8.42807 28.6397 29.8488 -8.48528 28.5717 29.8488 -8.51645 28.5732 29.8488 -8.63553 28.3071 29.8488 -8.77861 28 29.8488 -9.00914 27.7103 29.8488 -9.07405 27.6133 29.8488 -8.63554 27.6137 29.8488 -8.48528 27.5977 29.8488 -8.33501 27.589 29.8488 -7.99367 27.7599 29.8488 -7.76525 28 29.8488 
5 7 0 29.8488
2 5 9 
1
36
14.0168 16.6422 29.8488 14.2924 16.6334 29.8488 15.4061 16.571 29.8488 16.2635 16.5411 29.8488 16.8203 16.4865 29.8488 17.1209 16.5049 29.8488 18.2345 16.4423 29.8488 18.5699 16.4649 29.8488 19.6487 16.4253 29.8488 19.9493 16.4267 29.8488 19.9725 16.4191 29.8488 20.1853 16.4012 29.8488 20.3338 17 29.8488 19.9646 17.3773 29.8488 19.9493 17.401 29.8488 19.8181 17.5474 29.8488 19.6487 17.6983 29.8488 18.5351 18.4079 29.8488 18.2345 18.594 29.8488 17.6136 19 29.8488 17.6102 20 29.8488 17.1209 20.4153 29.8488 16.215 21 29.8488 15.7067 21.4251 29.8488 14.8652 21.9687 29.8488 14.8938 21.4252 29.8488 14.9051 21 29.8488 14.8856 20.4194 29.8488 14.8811 20 29.8488 14.8582 19.4001 29.8488 14.8493 19 29.8488 14.822 18.3745 29.8488 14.7937 18 29.8488 14.4525 17.1132 29.8488 14.4184 17 29.8488 14.2924 16.8765 29.8488 
6 8 0 30.7488
2 6 10 
1
91
-8.48528 27.4593 30.7488 -8.1213 27.4382 30.7488 -7.43502 27.3033 30.7488 -7.23516 27.452 30.7488 -6.74551 28 30.7488 -6.7071 28.0241 30.7488 -6.0208 28.383 30.7488 -5.65685 28.3427 30.7488 -5.2929 28.3619 30.7488 -4.60659 28.297 30.7488 -4.24264 28.2329 30.7488 -3.87869 28.2454 30.7488 -3.77756 28.2158 30.7488 -3.1924 28.1368 30.7488 -3.05429 28.2451 30.7488 -2.84567 28.2451 30.7488 -2.85157 28.1884 30.7488 -2.65163 28.1323 30.7488 -2.46451 28.7115 30.7488 -2.32997 29 30.7488 -2.32875 29.0002 30.7488 -1.77817 29.2228 30.7488 -1.58062 29.3764 30.7488 -1.05031 29.9936 30.7488 -1.04123 29.9976 30.7488 -1.04513 30 30.7488 -1.04123 30.001 30.7488 -0.363949 30.3209 30.7488 -0.175327 30.4741 30.7488 0.300002 31 30.7488 0.363913 31.0395 30.7488 1.05024 31.8795 30.7488 1.13092 32 30.7488 1.23649 32.2158 30.7488 1.67833 32.9294 30.7488 1.6783 33 30.7488 1.74116 33.9738 30.7488 1.74408 34 30.7488 1.77818 34.4571 30.7488 1.83008 34.9629 30.7488 1.80203 34.963 30.7488 1.77819 34.9485 30.7488 1.76595 34.9434 30.7488 1.05029 34.6488 30.7488 1.01551 34.6488 30.7488 0.803818 34.689 30.7488 0.363943 34.536 30.7488 -0.108641 34 30.7488 -0.112765 33.9948 30.7488 -0.363949 33.7766 30.7488 -0.690524 33.2523 30.7488 -0.875504 33 30.7488 -0.902887 32.8958 30.7488 -0.903643 32.8958 30.7488 -1.05024 32.8487 30.7488 -1.43462 32.5667 30.7488 -1.77816 32.3464 30.7488 -2.21802 32 30.7488 -2.30384 31.9038 30.7488 -2.46448 31.8533 30.7488 -2.8426 31.6075 30.7488 -3.19237 31.3998 30.7488 -3.53553 31.327 30.7488 -3.75415 31.0255 30.7488 -3.77153 31 30.7488 -3.87872 30.8913 30.7488 -4.25035 30.6379 30.7488 -4.60659 30.4891 30.7488 -4.94975 30.4589 30.7488 -5.2929 30.526 30.7488 -5.65685 30.4866 30.7488 -5.69805 30.4173 30.7488 -6.02079 30.0701 30.7488 -6.07034 30 30.7488 -6.08332 29.9729 30.7488 -6.36396 29.513 30.7488 -6.70712 29.5642 30.7488 -7.07107 29.5341 30.7488 -7.435 29.5302 30.7488 -7.77141 29.506 30.7488 -7.64117 29.3286 30.7488 -7.43504 29.0122 30.7488 -7.42639 29 30.7488 -7.43504 28.9878 30.7488 -7.77817 28.4848 30.7488 -8.12133 28.4595 30.7488 -8.48528 28.4798 30.7488 -8.57408 28.2814 30.7488 -8.76266 28 30.7488 -9.11261 27.516 30.7488 -8.84924 27.4981 30.7488 
6 9 0 30.7488
1 7 
1
88
13.5668 20 30.7488 13.567 19.9997 30.7488 13.6098 19.881 30.7488 13.7782 19.8109 30.7488 14.1774 19.2823 30.7488 14.1697 19 30.7488 14.0407 18.1856 30.7488 14.0345 18 30.7488 13.8231 17.7072 30.7488 14.1308 17.7224 30.7488 14.506 17.6693 30.7488 14.5507 17.6929 30.7488 15.3473 17.5484 30.7488 15.9203 17.5054 30.7488 16.0181 17.5199 30.7488 16.6066 17.4306 30.7488 16.6485 17.4333 30.7488 17.3527 17.5071 30.7488 18.0209 17.5372 30.7488 19.4351 17.6751 30.7488 19.677 17.6932 30.7488 20.1266 17.6998 30.7488 19.9327 17.9163 30.7488 19.8387 18 30.7488 19.6353 18.1887 30.7488 19.4351 18.3965 30.7488 19.298 18.6976 30.7488 18.7487 18.9909 30.7488 18.734 19 30.7488 18.7056 19.9696 30.7488 18.7055 20 30.7488 18.0371 20.554 30.7488 18.1164 20.1586 30.7488 18.3557 20.005 30.7488 18.3632 20 30.7488 18.0208 19.9739 30.7488 17.9861 19.9755 30.7488 17.9941 20 30.7488 18.0181 20.5691 30.7488 17.3345 20.9805 30.7488 17.304 21 30.7488 17.0562 21.2062 30.7488 17.2123 21.0105 30.7488 17.2215 21 30.7488 16.6067 20.9166 30.7488 16.4978 20.923 30.7488 16.503 21 30.7488 16.5671 21.6047 30.7488 15.9223 21.9874 30.7488 15.9037 21.9992 30.7488 15.1924 21.866 30.7488 15.0316 21.8863 30.7488 14.9747 22 30.7488 15.1733 22.9866 30.7488 15.179 23 30.7488 15.1924 23.1006 30.7488 15.2194 23.0504 30.7488 15.25 23.0008 30.7488 15.2505 23 30.7488 15.2513 22.9989 30.7488 15.5546 22.5762 30.7488 15.9012 22.0113 30.7488 15.8051 22.9186 30.7488 15.7996 23 30.7488 15.1924 23.4892 30.7488 14.4417 23.9694 30.7488 14.4415 23.9694 30.7488 14.3947 24 30.7488 14.3219 24.0584 30.7488 14.3214 24.0589 30.7488 13.8235 24.4694 30.7488 13.7919 24.1963 30.7488 13.8427 24.116 30.7488 13.9053 24.0019 30.7488 13.9052 24.0017 30.7488 13.9061 24 30.7488 13.8396 23.9861 30.7488 13.7782 23.973 30.7488 13.7645 23.9845 30.7488 13.5997 23.1262 30.7488 13.5391 23.0972 30.7488 13.5012 23 30.7488 13.6107 22.8816 30.7488 13.6955 22 30.7488 13.6732 21.9258 30.7488 13.6957 21 30.7488 13.6088 20.1197 30.7488 13.5833 20.0791 30.7488 
7 10 0 31.6488
2 8 11 
1
77
-7.9492 27.0655 31.6488 -7.71955 27.0204 31.6488 -7.69188 27.0113 31.6488 -6.535 27.7036 31.6488 -6.52544 27.7065 31.6488 -6.52525 27.7065 31.6488 -6.24902 27.7903 31.6488 -5.92139 27.9947 31.6488 -5.91038 27.9999 31.6488 -5.91032 28 31.6488 -5.4074 28.196 31.6488 -5.1208 28.4489 31.6488 -4.7787 28.5471 31.6488 -4.72008 28.5682 31.6488 -4.71925 28.5684 31.6488 -4.57952 28.6172 31.6488 -3.70654 28.969 31.6488 -1.40806 30 31.6488 -1.20606 30.2319 31.6488 -0.901226 30.3413 31.6488 -0.878143 30.3509 31.6488 -0.446267 30.6368 31.6488 -0.406782 30.6667 31.6488 0.404002 31 31.6488 0.536083 31.1356 31.6488 0.552842 31.1488 31.6488 0.878184 31.49 31.6488 1.06754 31.6782 31.6488 1.40449 32 31.6488 0.878189 32.8237 31.6488 0.864259 32.8389 31.6488 -0.36152 32.8685 31.6488 -0.536089 32.8964 31.6488 -0.734746 32.1405 31.6488 -0.740982 32.1405 31.6488 -0.878163 32.0964 31.6488 -1.1081 32 31.6488 -1.17345 31.4507 31.6488 -1.80027 31.5848 31.6488 -1.95025 31.4975 31.6488 -2.15047 31.2731 31.6488 -2.29237 31.2285 31.6488 -3.36448 31.3318 31.6488 -3.53553 31.2955 31.6488 -3.57044 31.2473 31.6488 -3.70659 31.0476 31.6488 -3.74025 31 31.6488 -3.75879 30.9647 31.6488 -4.24264 30.3328 31.6488 -4.7787 30.4434 31.6488 -4.94975 30.4283 31.6488 -5.1208 30.4618 31.6488 -5.65685 30.5323 31.6488 -6.0197 30.0546 31.6488 -6.05282 30 31.6488 -6.1929 29.7437 31.6488 -6.31914 29.4798 31.6488 -6.36396 29.4064 31.6488 -7.07107 29.513 31.6488 -7.60713 29.5652 31.6488 -7.77206 29.5534 31.6488 -7.60714 29.3287 31.6488 -7.3747 29 31.6488 -7.60714 28.6713 31.6488 -7.72153 28.5213 31.6488 -7.77817 28.4382 31.6488 -7.94922 28.4256 31.6488 -8.48528 28.4138 31.6488 -8.80405 28 31.6488 -9.02133 27.6927 31.6488 -9.11773 27.5462 31.6488 -9.19239 27.4437 31.6488 -9.36341 27.4297 31.6488 -9.60876 27.4136 31.6488 -9.36341 27.3718 31.6488 -9.19239 27.3487 31.6488 -9.02134 27.337 31.6488 
8 11 0 32.5488
1 10 
1
44
-9.92135 27.3704 32.5488 -9.87764 27.3121 32.5488 -8.9122 27.009 32.5488 -8.8296 27.0593 32.5488 -8.50713 27.2458 32.5488 -8.46343 27.2695 32.5488 -7.77817 27.5835 32.5488 -7.25807 27.9995 32.5488 -7.09292 28.1041 32.5488 -5.6787 28.964 32.5488 -5.63497 28.9915 32.5488 -5.61805 29 32.5488 -4.8992 29.3835 32.5488 -4.26449 29.9273 32.5488 -4.22078 29.9728 32.5488 -4.17676 30 32.5488 -4.17184 30.0346 32.5488 -4.19401 30.0266 32.5488 -4.22078 30.0176 32.5488 -4.25848 30.0432 32.5488 -4.26449 30.0468 32.5488 -4.94975 30.2684 32.5488 -5.635 30.4362 32.5488 -5.6787 30.4153 32.5488 -5.97236 30 32.5488 -6.10155 29.7031 32.5488 -6.36396 29.2387 32.5488 -7.09292 29.4117 32.5488 -7.77101 29.4979 32.5488 -7.56626 29.191 32.5488 -7.41464 29 32.5488 -7.50462 28.8549 32.5488 -7.77817 28.4913 32.5488 -8.45604 28.4187 32.5488 -8.46345 28.4053 32.5488 -8.50715 28.3705 32.5488 -8.52543 28.3726 32.5488 -8.85815 28 32.5488 -8.933 27.8742 32.5488 -9.19239 27.5385 32.5488 -9.87764 27.4503 32.5488 -9.89949 27.4427 32.5488 -9.92134 27.4257 32.5488 -9.94568 27.3989 32.5488 
