1467
-5.0012 30.9019 26.1488
-4.8012 30.9019 26.1488
-4.8012 30.9019 26.1488
-4.85978 31.0433 26.17
-5.0012 31.1019 26.1913
-5.14262 31.0433 26.2126
-5.2012 30.9019 26.2339
-5.14262 30.7605 26.2551
-5.0012 30.7019 26.2764
-4.85978 30.7605 26.2977
-4.8012 30.9019 26.319
-4.85978 31.0433 26.3402
-5.0012 31.1019 26.3615
-5.14262 31.0433 26.3828
-5.2012 30.9019 26.4041
-5.14262 30.7605 26.4253
-5.0012 30.7019 26.4466
-4.85978 30.7605 26.4679
-4.8012 30.9019 26.4892
-4.85978 31.0433 26.5105
-5.0012 31.1019 26.5317
-5.14262 31.0433 26.553
-5.2012 30.9019 26.5743
-5.14262 30.7605 26.5956
-5.0012 30.7019 26.6168
-4.85978 30.7605 26.6381
-4.8012 30.9019 26.6594
-4.85978 31.0433 26.6807
-5.0012 31.1019 26.7019
-5.14262 31.0433 26.7232
-5.2012 30.9019 26.7445
-5.14262 30.7605 26.7658
-5.0012 30.7019 26.7871
-4.85978 30.7605 26.8083
-4.8012 30.9019 26.8296
-4.85978 31.0433 26.8509
-5.0012 31.1019 26.8722
-5.14262 31.0433 26.8934
-5.2012 30.9019 26.9147
-5.14262 30.7605 26.936
-5.0012 30.7019 26.9573
-4.85978 30.7605 26.9785
-4.8012 30.9019 26.9998
-4.85978 31.0433 27.0211
-5.0012 31.1019 27.0424
-5.14262 31.0433 27.0636
-5.2012 30.9019 27.0849
-5.14262 30.7605 27.1062
-5.0012 30.7019 27.1275
-4.85978 30.7605 27.1488
-5.0012 30.9019 27.1488
-6.02809 30.1389 27.1488
-6.44884 29.8384 27.1488
-6.805 29.6029 27.1488
-7.10327 29.4355 27.1488
-7.3944 29.3003 27.1488
-7.66072 29.195 27.1488
-7.89067 29.1082 27.1488
-8.05013 29.0426 27.1488
-8.12045 28.9756 27.1488
-8.08148 28.8901 27.1488
-7.89631 28.7821 27.1488
-7.60302 28.6866 27.1488
-7.23006 28.6458 27.1488
-6.84452 28.7056 27.1488
-6.4169 28.8801 27.1488
-5.95189 29.1624 27.1488
-5.46548 29.4928 27.1488
-4.65332 30.0767 27.1488
-4.29559 30.3544 27.1488
-3.91411 30.6921 27.1488
-3.55711 31.0892 27.1488
-3.32178 31.4319 27.1488
-3.25848 31.6411 27.1488
-3.32215 31.7007 27.1488
-3.50446 31.681 27.1488
-3.55036 31.7076 27.1488
-3.58842 31.7613 27.1488
-3.65472 31.7917 27.1488
-3.80385 31.7411 27.1488
-4.07689 31.5647 27.1488
-5.0012 30.9019 27.1488
-4.94975 30.6781 27.1488
-4.74975 30.6781 27.1488
-4.74975 30.6781 27.1488
-4.80833 30.8195 27.1679
-4.94975 30.8781 27.187
-5.09117 30.8195 27.2062
-5.14975 30.6781 27.2253
-5.09117 30.5367 27.2445
-4.94975 30.4781 27.2636
-4.80833 30.5367 27.2828
-4.74975 30.6781 27.3019
-4.80833 30.8195 27.3211
-4.94975 30.8781 27.3402
-5.09117 30.8195 27.3594
-5.14975 30.6781 27.3785
-5.09117 30.5367 27.3977
-4.94975 30.4781 27.4168
-4.80833 30.5367 27.436
-4.74975 30.6781 27.4551
-4.80833 30.8195 27.4743
-4.94975 30.8781 27.4934
-5.09117 30.8195 27.5126
-5.14975 30.6781 27.5317
-5.09117 30.5367 27.5509
-4.94975 30.4781 27.57
-4.80833 30.5367 27.5892
-4.74975 30.6781 27.6083
-4.80833 30.8195 27.6275
-4.94975 30.8781 27.6466
-5.09117 30.8195 27.6658
-5.14975 30.6781 27.6849
-5.09117 30.5367 27.7041
-4.94975 30.4781 27.7232
-4.80833 30.5367 27.7424
-4.74975 30.6781 27.7615
-4.80833 30.8195 27.7807
-4.94975 30.8781 27.7998
-5.09117 30.8195 27.819
-5.14975 30.6781 27.8381
-5.09117 30.5367 27.8573
-4.94975 30.4781 27.8764
-4.80833 30.5367 27.8956
-4.74975 30.6781 27.9147
-4.80833 30.8195 27.9339
-4.94975 30.8781 27.953
-5.09117 30.8195 27.9722
-5.14975 30.6781 27.9913
-5.09117 30.5367 28.0105
-4.94975 30.4781 28.0296
-4.80833 30.5367 28.0488
-4.94975 30.6781 28.0488
-6.21025 29.8335 28.0488
-6.46086 29.6792 28.0488
-6.7556 29.5167 28.0488
-7.05754 29.3749 28.0488
-7.32675 29.263 28.0488
-7.5239 29.174 28.0488
-7.64011 29.0906 28.0488
-7.70049 29.0102 28.0488
-7.76565 28.9312 28.0488
-7.87899 28.8597 28.0488
-8.2004 28.7096 28.0488
-8.27332 28.6373 28.0488
-8.15874 28.5872 28.0488
-7.78994 28.5681 28.0488
-7.22433 28.5799 28.0488
-6.60883 28.6218 28.0488
-6.0973 28.6916 28.0488
-5.71203 28.8083 28.0488
-5.40486 28.9703 28.0488
-5.07779 29.1922 28.0488
-1.99084 31.3907 28.0488
-1.60951 31.6972 28.0488
-1.33149 32.0023 28.0488
-1.1515 32.3692 28.0488
-1.07716 32.769 28.0488
-1.08079 33.1829 28.0488
-1.13942 33.5186 28.0488
-1.22125 33.7349 28.0488
-1.30981 33.792 28.0488
-1.42478 33.6951 28.0488
-1.56565 33.5071 28.0488
-1.73464 33.2881 28.0488
-1.90769 33.099 28.0488
-2.09196 32.9303 28.0488
-2.29845 32.7658 28.0488
-2.74612 32.4197 28.0488
-2.93096 32.2672 28.0488
-3.2377 31.9884 28.0488
-3.42535 31.8283 28.0488
-3.66138 31.6465 28.0488
-3.91529 31.4603 28.0488
-4.48105 31.0624 28.0488
-4.61853 30.9573 28.0488
-4.77477 30.8283 28.0488
-4.94975 30.6781 28.0488
-4.9924 30.3205 28.0488
-4.7924 30.3205 28.0488
-4.7924 30.3205 28.0488
-4.85098 30.462 28.0679
-4.9924 30.5205 28.0871
-5.13382 30.462 28.1062
-5.1924 30.3205 28.1253
-5.13382 30.1791 28.1445
-4.9924 30.1205 28.1636
-4.85098 30.1791 28.1828
-4.7924 30.3205 28.2019
-4.85098 30.462 28.2211
-4.9924 30.5205 28.2402
-5.13382 30.462 28.2594
-5.1924 30.3205 28.2785
-5.13382 30.1791 28.2977
-4.9924 30.1205 28.3168
-4.85098 30.1791 28.336
-4.7924 30.3205 28.3551
-4.85098 30.462 28.3743
-4.9924 30.5205 28.3934
-5.13382 30.462 28.4126
-5.1924 30.3205 28.4317
-5.13382 30.1791 28.4509
-4.9924 30.1205 28.47
-4.85098 30.1791 28.4892
-4.7924 30.3205 28.5083
-4.85098 30.462 28.5275
-4.9924 30.5205 28.5466
-5.13382 30.462 28.5658
-5.1924 30.3205 28.5849
-5.13382 30.1791 28.6041
-4.9924 30.1205 28.6232
-4.85098 30.1791 28.6424
-4.7924 30.3205 28.6615
-4.85098 30.462 28.6807
-4.9924 30.5205 28.6998
-5.13382 30.462 28.719
-5.1924 30.3205 28.7381
-5.13382 30.1791 28.7573
-4.9924 30.1205 28.7764
-4.85098 30.1791 28.7956
-4.7924 30.3205 28.8147
-4.85098 30.462 28.8339
-4.9924 30.5205 28.853
-5.13382 30.462 28.8722
-5.1924 30.3205 28.8913
-5.13382 30.1791 28.9105
-4.9924 30.1205 28.9296
-4.85098 30.1791 28.9488
-4.9924 30.3205 28.9488
-5.36197 30.1875 28.9488
-5.67671 30.0308 28.9488
-5.929 29.8405 28.9488
-6.12425 29.655 28.9488
-6.29358 29.507 28.9488
-6.4738 29.4217 28.9488
-6.73364 29.3698 28.9488
-7.06793 29.3259 28.9488
-7.39168 29.2721 28.9488
-7.606 29.2026 28.9488
-7.68974 29.1108 28.9488
-7.71021 28.9988 28.9488
-7.7234 28.8904 28.9488
-7.76625 28.813 28.9488
-7.84686 28.7678 28.9488
-7.98682 28.7338 28.9488
-8.17766 28.6699 28.9488
-8.38679 28.564 28.9488
-8.57418 28.4038 28.9488
-8.7139 28.2238 28.9488
-8.79535 28.055 28.9488
-8.77343 27.9744 28.9488
-8.60722 28.0088 28.9488
-8.25085 28.1616 28.9488
-7.75207 28.3483 28.9488
-7.18167 28.5058 28.9488
-6.6366 28.5902 28.9488
-6.13368 28.6281 28.9488
-5.68824 28.6476 28.9488
-5.31069 28.676 28.9488
-5.02866 28.7227 28.9488
-4.80062 28.8131 28.9488
-4.56536 28.9608 28.9488
-0.843968 31.613 28.9488
-0.623453 31.7772 28.9488
-0.458478 31.9442 28.9488
-0.339368 32.1705 28.9488
-0.249657 32.507 28.9488
-0.18323 32.9379 28.9488
-0.143071 33.4313 28.9488
-0.145444 33.9146 28.9488
-0.206252 34.3204 28.9488
-0.317721 34.5455 28.9488
-0.455994 34.5513 28.9488
-0.60755 34.3654 28.9488
-0.781135 34.0904 28.9488
-1.0027 33.7914 28.9488
-1.26111 33.5086 28.9488
-1.53187 33.2459 28.9488
-1.76567 33.0337 28.9488
-1.96884 32.8601 28.9488
-2.37782 32.5255 28.9488
-2.61864 32.3106 28.9488
-2.86682 32.0712 28.9488
-3.29415 31.6193 28.9488
-3.46475 31.456 28.9488
-3.62369 31.3456 28.9488
-4.03897 31.1383 28.9488
-4.27821 30.987 28.9488
-4.50574 30.795 28.9488
-4.70192 30.6045 28.9488
-4.85249 30.4492 28.9488
-4.94217 30.3629 28.9488
-4.9924 30.3205 28.9488
-4.94975 30.4158 28.9488
-4.74975 30.4158 28.9488
-4.74975 30.4158 28.9488
-4.80833 30.5573 28.9679
-4.94975 30.6158 28.9871
-5.09117 30.5573 29.0062
-5.14975 30.4158 29.0253
-5.09117 30.2744 29.0445
-4.94975 30.2158 29.0636
-4.80833 30.2744 29.0828
-4.74975 30.4158 29.1019
-4.80833 30.5573 29.1211
-4.94975 30.6158 29.1402
-5.09117 30.5573 29.1594
-5.14975 30.4158 29.1785
-5.09117 30.2744 29.1977
-4.94975 30.2158 29.2168
-4.80833 30.2744 29.236
-4.74975 30.4158 29.2551
-4.80833 30.5573 29.2743
-4.94975 30.6158 29.2934
-5.09117 30.5573 29.3126
-5.14975 30.4158 29.3317
-5.09117 30.2744 29.3509
-4.94975 30.2158 29.37
-4.80833 30.2744 29.3892
-4.74975 30.4158 29.4083
-4.80833 30.5573 29.4275
-4.94975 30.6158 29.4466
-5.09117 30.5573 29.4658
-5.14975 30.4158 29.4849
-5.09117 30.2744 29.5041
-4.94975 30.2158 29.5232
-4.80833 30.2744 29.5424
-4.74975 30.4158 29.5615
-4.80833 30.5573 29.5807
-4.94975 30.6158 29.5998
-5.09117 30.5573 29.619
-5.14975 30.4158 29.6381
-5.09117 30.2744 29.6573
-4.94975 30.2158 29.6764
-4.80833 30.2744 29.6956
-4.74975 30.4158 29.7147
-4.80833 30.5573 29.7339
-4.94975 30.6158 29.753
-5.09117 30.5573 29.7722
-5.14975 30.4158 29.7913
-5.09117 30.2744 29.8105
-4.94975 30.2158 29.8296
-4.80833 30.2744 29.8488
-4.94975 30.4158 29.8488
-5.28925 30.2997 29.8488
-5.55165 30.1889 29.8488
-5.7127 30.093 29.8488
-5.81808 30.0003 29.8488
-5.95028 29.8964 29.8488
-6.17171 29.7621 29.8488
-6.50382 29.6215 29.8488
-6.87421 29.493 29.8488
-7.20841 29.3855 29.8488
-7.42049 29.2633 29.8488
-7.53645 29.1176 29.8488
-7.61911 28.9513 29.8488
-7.75486 28.804 29.8488
-7.9657 28.6938 29.8488
-8.1972 28.619 29.8488
-8.39934 28.5454 29.8488
-8.5462 28.4264 29.8488
-8.67424 28.2477 29.8488
-8.78558 28.0314 29.8488
-8.85166 27.8365 29.8488
-8.82032 27.701 29.8488
-8.68924 27.6378 29.8488
-8.48881 27.6381 29.8488
-8.24876 27.7086 29.8488
-7.9716 27.855 29.8488
-7.63938 28.0639 29.8488
-7.25483 28.2804 29.8488
-6.82128 28.4474 29.8488
-6.36348 28.5384 29.8488
-5.89255 28.5689 29.8488
-4.96046 28.5669 29.8488
-4.53267 28.5889 29.8488
-4.14893 28.6704 29.8488
-3.79773 28.827 29.8488
-3.44388 29.0525 29.8488
-0.272288 31.3414 29.8488
0.0615765 31.5998 29.8488
0.323191 31.8846 29.8488
0.501417 32.2451 29.8488
0.610658 32.6985 29.8488
0.680001 33.1919 29.8488
0.731863 33.678 29.8488
0.771911 34.1193 29.8488
0.789597 34.5205 29.8488
0.770482 34.8399 29.8488
0.704898 35.0575 29.8488
0.597373 35.1262 29.8488
0.448584 35.0562 29.8488
0.248439 34.8379 29.8488
-0.0260428 34.5124 29.8488
-0.36639 34.1233 29.8488
-0.733938 33.7361 29.8488
-1.4231 33.0417 29.8488
-1.53969 32.9361 29.8488
-1.69537 32.8148 29.8488
-2.7319 32.0606 29.8488
-3.2203 31.6879 29.8488
-3.53762 31.4548 29.8488
-3.85607 31.2308 29.8488
-4.27989 30.9562 29.8488
-4.44498 30.8378 29.8488
-4.6676 30.6557 29.8488
-4.94975 30.4158 29.8488
-4.94975 30.4589 29.8488
-4.74975 30.4589 29.8488
-4.74975 30.4589 29.8488
-4.80833 30.6004 29.8679
-4.94975 30.6589 29.8871
-5.09117 30.6004 29.9062
-5.14975 30.4589 29.9253
-5.09117 30.3175 29.9445
-4.94975 30.2589 29.9636
-4.80833 30.3175 29.9828
-4.74975 30.4589 30.0019
-4.80833 30.6004 30.0211
-4.94975 30.6589 30.0402
-5.09117 30.6004 30.0594
-5.14975 30.4589 30.0785
-5.09117 30.3175 30.0977
-4.94975 30.2589 30.1168
-4.80833 30.3175 30.136
-4.74975 30.4589 30.1551
-4.80833 30.6004 30.1743
-4.94975 30.6589 30.1934
-5.09117 30.6004 30.2126
-5.14975 30.4589 30.2317
-5.09117 30.3175 30.2509
-4.94975 30.2589 30.27
-4.80833 30.3175 30.2892
-4.74975 30.4589 30.3083
-4.80833 30.6004 30.3275
-4.94975 30.6589 30.3466
-5.09117 30.6004 30.3658
-5.14975 30.4589 30.3849
-5.09117 30.3175 30.4041
-4.94975 30.2589 30.4232
-4.80833 30.3175 30.4424
-4.74975 30.4589 30.4615
-4.80833 30.6004 30.4807
-4.94975 30.6589 30.4998
-5.09117 30.6004 30.519
-5.14975 30.4589 30.5381
-5.09117 30.3175 30.5573
-4.94975 30.2589 30.5764
-4.80833 30.3175 30.5956
-4.74975 30.4589 30.6147
-4.80833 30.6004 30.6339
-4.94975 30.6589 30.653
-5.09117 30.6004 30.6722
-5.14975 30.4589 30.6913
-5.09117 30.3175 30.7105
-4.94975 30.2589 30.7296
-4.80833 30.3175 30.7488
-4.94975 30.4589 30.7488
-5.25434 30.455 30.7488
-5.52342 30.4091 30.7488
-5.74352 30.3063 30.7488
-5.91234 30.1634 30.7488
-6.06174 30.0037 30.7488
-6.22748 29.8423 30.7488
-6.45076 29.7043 30.7488
-6.73914 29.6018 30.7488
-7.05484 29.5431 30.7488
-7.33125 29.4872 30.7488
-7.50032 29.4036 30.7488
-7.54878 29.2786 30.7488
-7.52901 29.1316 30.7488
-7.5317 28.978 30.7488
-7.63215 28.8165 30.7488
-7.83443 28.6596 30.7488
-8.36072 28.3616 30.7488
-8.5865 28.1762 30.7488
-8.74329 27.9495 30.7488
-8.78683 27.7311 30.7488
-8.67381 27.5644 30.7488
-8.40226 27.472 30.7488
-8.01786 27.4448 30.7488
-7.60861 27.495 30.7488
-7.21187 27.6375 30.7488
-6.47969 28.0562 30.7488
-6.08468 28.2117 30.7488
-5.64479 28.2987 30.7488
-5.18545 28.3144 30.7488
-4.73572 28.2967 30.7488
-3.96356 28.234 30.7488
-3.6375 28.2141 30.7488
-3.35575 28.208 30.7488
-3.11208 28.2073 30.7488
-2.9307 28.2241 30.7488
-2.77865 28.2811 30.7488
-2.64325 28.4187 30.7488
-2.32559 28.8482 30.7488
-2.10324 29.064 30.7488
-1.53779 29.5158 30.7488
-1.29345 29.7359 30.7488
-1.10626 29.9119 30.7488
-0.955903 30.0291 30.7488
-0.746039 30.1608 30.7488
-0.472581 30.3383 30.7488
-0.136718 30.5992 30.7488
0.190321 30.9025 30.7488
0.508113 31.2423 30.7488
0.770942 31.5519 30.7488
0.996173 31.842 30.7488
1.17422 32.1052 30.7488
1.34942 32.4264 30.7488
1.50547 32.8001 30.7488
1.63392 33.2416 30.7488
1.70957 33.6724 30.7488
1.75297 34.0876 30.7488
1.77697 34.4347 30.7488
1.79132 34.7046 30.7488
1.76632 34.8541 30.7488
1.67741 34.8896 30.7488
1.497 34.8398 30.7488
0.973795 34.665 30.7488
0.6808 34.5487 30.7488
0.374565 34.3793 30.7488
0.0885621 34.166 30.7488
-0.173197 33.914 30.7488
-0.402176 33.6426 30.7488
-0.604801 33.3701 30.7488
-0.764992 33.1389 30.7488
-0.88948 32.9738 30.7488
-1.01642 32.8532 30.7488
-1.20437 32.7201 30.7488
-1.46609 32.5416 30.7488
-2.32264 31.9361 30.7488
-2.58055 31.7746 30.7488
-3.16099 31.4424 30.7488
-3.43013 31.2744 30.7488
-3.64547 31.1207 30.7488
-3.82795 30.9735 30.7488
-4.03148 30.8295 30.7488
-4.29168 30.6881 30.7488
-4.60675 30.5646 30.7488
-4.94975 30.4589 30.7488
-5.1208 30.4618 30.7488
-4.9208 30.4618 30.7488
-4.9208 30.4618 30.7488
-4.97938 30.6032 30.7679
-5.1208 30.6618 30.7871
-5.26222 30.6032 30.8062
-5.3208 30.4618 30.8253
-5.26222 30.3203 30.8445
-5.1208 30.2618 30.8636
-4.97938 30.3203 30.8828
-4.9208 30.4618 30.9019
-4.97938 30.6032 30.9211
-5.1208 30.6618 30.9402
-5.26222 30.6032 30.9594
-5.3208 30.4618 30.9785
-5.26222 30.3203 30.9977
-5.1208 30.2618 31.0168
-4.97938 30.3203 31.036
-4.9208 30.4618 31.0551
-4.97938 30.6032 31.0743
-5.1208 30.6618 31.0934
-5.26222 30.6032 31.1126
-5.3208 30.4618 31.1317
-5.26222 30.3203 31.1509
-5.1208 30.2618 31.17
-4.97938 30.3203 31.1892
-4.9208 30.4618 31.2083
-4.97938 30.6032 31.2275
-5.1208 30.6618 31.2466
-5.26222 30.6032 31.2658
-5.3208 30.4618 31.2849
-5.26222 30.3203 31.3041
-5.1208 30.2618 31.3232
-4.97938 30.3203 31.3424
-4.9208 30.4618 31.3615
-4.97938 30.6032 31.3807
-5.1208 30.6618 31.3998
-5.26222 30.6032 31.419
-5.3208 30.4618 31.4381
-5.26222 30.3203 31.4573
-5.1208 30.2618 31.4764
-4.97938 30.3203 31.4956
-4.9208 30.4618 31.5147
-4.97938 30.6032 31.5339
-5.1208 30.6618 31.553
-5.26222 30.6032 31.5722
-5.3208 30.4618 31.5913
-5.26222 30.3203 31.6105
-5.1208 30.2618 31.6296
-4.97938 30.3203 31.6488
-5.1208 30.4618 31.6488
-5.50994 30.3189 31.6488
-5.82374 30.1505 31.6488
-6.03919 29.9517 31.6488
-6.20226 29.7598 31.6488
-6.39162 29.6081 31.6488
-6.67089 29.529 31.6488
-7.33022 29.483 31.6488
-7.51846 29.402 31.6488
-7.57652 29.2358 31.6488
-7.58425 29.0084 31.6488
-7.61869 28.7817 31.6488
-7.71951 28.6046 31.6488
-7.88621 28.4816 31.6488
-8.12705 28.3711 31.6488
-8.41312 28.2189 31.6488
-8.69775 28.0162 31.6488
-8.92687 27.7983 31.6488
-9.1001 27.6207 31.6488
-9.23301 27.5057 31.6488
-9.33362 27.4425 31.6488
-9.36724 27.4061 31.6488
-9.28701 27.3708 31.6488
-8.36955 27.1684 31.6488
-8.01626 27.1129 31.6488
-7.70729 27.1294 31.6488
-7.37752 27.2391 31.6488
-7.05212 27.4043 31.6488
-6.5519 27.6799 31.6488
-6.06095 27.9158 31.6488
-4.93948 28.4756 31.6488
-4.74975 28.5568 31.6488
-4.14127 28.8044 31.6488
-2.85098 29.3644 31.6488
-2.17051 29.6794 31.6488
-1.63162 29.948 31.6488
-1.25252 30.1519 31.6488
-0.743502 30.4452 31.6488
-0.481299 30.5909 31.6488
-0.165764 30.7569 31.6488
0.145318 30.9264 31.6488
0.427004 31.0973 31.6488
0.658067 31.2776 31.6488
0.850869 31.5045 31.6488
0.994898 31.7992 31.6488
1.00557 32.1485 31.6488
0.854546 32.4734 31.6488
0.524689 32.7101 31.6488
0.13942 32.7995 31.6488
-0.223486 32.7607 31.6488
-0.480497 32.6028 31.6488
-0.658083 32.406 31.6488
-0.790069 32.2005 31.6488
-0.937132 32.0286 31.6488
-1.125 31.8554 31.6488
-1.37189 31.6985 31.6488
-1.64038 31.5528 31.6488
-1.93146 31.4441 31.6488
-2.23374 31.3621 31.6488
-2.59096 31.3167 31.6488
-3.25691 31.2885 31.6488
-3.45829 31.2551 31.6488
-3.58543 31.1879 31.6488
-3.67779 31.0838 31.6488
-3.80472 30.9464 31.6488
-4.00685 30.774 31.6488
-4.28966 30.6138 31.6488
-4.60282 30.498 31.6488
-4.88409 30.4577 31.6488
-5.1208 30.4618 31.6488
-4.94975 30.2684 31.6488
-4.74975 30.2684 31.6488
-4.74975 30.2684 31.6488
-4.80833 30.4098 31.6679
-4.94975 30.4684 31.687
-5.09117 30.4098 31.7062
-5.14975 30.2684 31.7253
-5.09117 30.127 31.7445
-4.94975 30.0684 31.7636
-4.80833 30.127 31.7828
-4.74975 30.2684 31.8019
-4.80833 30.4098 31.8211
-4.94975 30.4684 31.8402
-5.09117 30.4098 31.8594
-5.14975 30.2684 31.8785
-5.09117 30.127 31.8977
-4.94975 30.0684 31.9168
-4.80833 30.127 31.936
-4.74975 30.2684 31.9551
-4.80833 30.4098 31.9743
-4.94975 30.4684 31.9934
-5.09117 30.4098 32.0126
-5.14975 30.2684 32.0317
-5.09117 30.127 32.0509
-4.94975 30.0684 32.07
-4.80833 30.127 32.0892
-4.74975 30.2684 32.1083
-4.80833 30.4098 32.1275
-4.94975 30.4684 32.1466
-5.09117 30.4098 32.1658
-5.14975 30.2684 32.1849
-5.09117 30.127 32.2041
-4.94975 30.0684 32.2232
-4.80833 30.127 32.2424
-4.74975 30.2684 32.2615
-4.80833 30.4098 32.2807
-4.94975 30.4684 32.2998
-5.09117 30.4098 32.319
-5.14975 30.2684 32.3381
-5.09117 30.127 32.3573
-4.94975 30.0684 32.3764
-4.80833 30.127 32.3956
-4.74975 30.2684 32.4147
-4.80833 30.4098 32.4339
-4.94975 30.4684 32.453
-5.09117 30.4098 32.4722
-5.14975 30.2684 32.4913
-5.09117 30.127 32.5105
-4.94975 30.0684 32.5296
-4.80833 30.127 32.5488
-4.94975 30.2684 32.5488
-5.34254 30.2697 32.5488
-5.67324 30.177 32.5488
-5.94547 29.9783 32.5488
-6.23887 29.7322 32.5488
-6.59962 29.5355 32.5488
-6.99447 29.4068 32.5488
-7.30719 29.3102 32.5488
-7.48195 29.1798 32.5488
-7.57497 29.0027 32.5488
-7.70335 28.8024 32.5488
-7.92292 28.6244 32.5488
-8.17101 28.4948 32.5488
-8.38136 28.4081 32.5488
-8.52359 28.329 32.5488
-8.65584 28.2084 32.5488
-8.82212 28.0394 32.5488
-9.05371 27.8382 32.5488
-9.33075 27.6609 32.5488
-9.59487 27.5311 32.5488
-9.79107 27.4597 32.5488
-9.88842 27.4201 32.5488
-9.88179 27.3814 32.5488
-9.76799 27.3195 32.5488
-9.53843 27.2293 32.5488
-9.25591 27.1462 32.5488
-8.97939 27.104 32.5488
-8.74593 27.1365 32.5488
-8.50225 27.2401 32.5488
-8.19348 27.413 32.5488
-7.80165 27.6456 32.5488
-5.28964 29.2045 32.5488
-4.92639 29.4483 32.5488
-4.5838 29.6909 32.5488
-4.34141 29.8761 32.5488
-4.2255 29.9743 32.5488
-4.19538 30.0127 32.5488
-4.20388 30.024 32.5488
-4.248 30.0391 32.5488
-4.94975 30.2684 32.5488
-4.94975 30.2684 32.5488
-4.74975 30.2684 32.5488
-4.74975 30.2684 32.5488
-4.80833 30.4098 32.5679
-4.94975 30.4684 32.5871
-5.09117 30.4098 32.6062
-5.14975 30.2684 32.6253
-5.09117 30.127 32.6445
-4.94975 30.0684 32.6636
-4.80833 30.127 32.6828
-4.74975 30.2684 32.7019
-4.80833 30.4098 32.7211
-4.94975 30.4684 32.7402
-5.09117 30.4098 32.7594
-5.14975 30.2684 32.7785
-5.09117 30.127 32.7977
-4.94975 30.0684 32.8168
-4.80833 30.127 32.836
-4.74975 30.2684 32.8551
-4.80833 30.4098 32.8743
-4.94975 30.4684 32.8934
-5.09117 30.4098 32.9126
-5.14975 30.2684 32.9317
-5.09117 30.127 32.9509
-4.94975 30.0684 32.97
-4.80833 30.127 32.9892
-4.74975 30.2684 33.0083
-4.80833 30.4098 33.0275
-4.94975 30.4684 33.0466
-5.09117 30.4098 33.0658
-5.14975 30.2684 33.0849
-5.09117 30.127 33.1041
-4.94975 30.0684 33.1232
-4.80833 30.127 33.1424
-4.74975 30.2684 33.1615
-4.80833 30.4098 33.1807
-4.94975 30.4684 33.1998
-5.09117 30.4098 33.219
-5.14975 30.2684 33.2381
-5.09117 30.127 33.2573
-4.94975 30.0684 33.2764
-4.80833 30.127 33.2956
-4.74975 30.2684 33.3147
-4.80833 30.4098 33.3339
-4.94975 30.4684 33.353
-5.09117 30.4098 33.3722
-5.14975 30.2684 33.3913
-5.09117 30.127 33.4105
-4.94975 30.0684 33.4296
-4.80833 30.127 33.4488
-4.94975 30.2684 33.4488
-5.34254 30.2697 33.4488
-5.67324 30.177 33.4488
-5.94547 29.9783 33.4488
-6.23887 29.7322 33.4488
-6.59962 29.5355 33.4488
-6.99447 29.4068 33.4488
-7.30719 29.3102 33.4488
-7.48195 29.1798 33.4488
-7.57497 29.0027 33.4488
-7.70335 28.8024 33.4488
-7.92292 28.6244 33.4488
-8.17101 28.4948 33.4488
-8.38136 28.4081 33.4488
-8.52359 28.329 33.4488
-8.65584 28.2084 33.4488
-8.82212 28.0394 33.4488
-9.05371 27.8382 33.4488
-9.33075 27.6609 33.4488
-9.59487 27.5311 33.4488
-9.79107 27.4597 33.4488
-9.88842 27.4201 33.4488
-9.88179 27.3814 33.4488
-9.76799 27.3195 33.4488
-9.53843 27.2293 33.4488
-9.25591 27.1462 33.4488
-8.97939 27.104 33.4488
-8.74593 27.1365 33.4488
-8.50225 27.2401 33.4488
-8.19348 27.413 33.4488
-7.80165 27.6456 33.4488
-5.28964 29.2045 33.4488
-4.92639 29.4483 33.4488
-4.5838 29.6909 33.4488
-4.34141 29.8761 33.4488
-4.2255 29.9743 33.4488
-4.19538 30.0127 33.4488
-4.20388 30.024 33.4488
-4.248 30.0391 33.4488
-4.94975 30.2684 33.4488
-4.94975 30.2684 5.34875
17.6862 17 5.34875
17.6862 17 26.1488
17.8862 17 26.1488
17.8862 17 26.1488
17.8276 17.1414 26.17
17.6862 17.2 26.1913
17.5447 17.1414 26.2126
17.4862 17 26.2339
17.5447 16.8586 26.2551
17.6862 16.8 26.2764
17.8276 16.8586 26.2977
17.8862 17 26.319
17.8276 17.1414 26.3402
17.6862 17.2 26.3615
17.5447 17.1414 26.3828
17.4862 17 26.4041
17.5447 16.8586 26.4253
17.6862 16.8 26.4466
17.8276 16.8586 26.4679
17.8862 17 26.4892
17.8276 17.1414 26.5105
17.6862 17.2 26.5317
17.5447 17.1414 26.553
17.4862 17 26.5743
17.5447 16.8586 26.5956
17.6862 16.8 26.6168
17.8276 16.8586 26.6381
17.8862 17 26.6594
17.8276 17.1414 26.6807
17.6862 17.2 26.7019
17.5447 17.1414 26.7232
17.4862 17 26.7445
17.5447 16.8586 26.7658
17.6862 16.8 26.7871
17.8276 16.8586 26.8083
17.8862 17 26.8296
17.8276 17.1414 26.8509
17.6862 17.2 26.8722
17.5447 17.1414 26.8934
17.4862 17 26.9147
17.5447 16.8586 26.936
17.6862 16.8 26.9573
17.8276 16.8586 26.9785
17.8862 17 26.9998
17.8276 17.1414 27.0211
17.6862 17.2 27.0424
17.5447 17.1414 27.0636
17.4862 17 27.0849
17.5447 16.8586 27.1062
17.6862 16.8 27.1275
17.8276 16.8586 27.1488
17.6862 17 27.1488
17.6468 16.8743 27.1488
17.5905 16.6364 27.1488
17.3338 15.4372 27.1488
17.2696 15.1636 27.1488
17.2592 15.0167 27.1488
17.308 14.8886 27.1488
17.4181 14.6748 27.1488
17.5355 14.3363 27.1488
17.6121 13.8783 27.1488
17.6179 13.3813 27.1488
17.4793 11.4639 27.1488
17.4709 11.1637 27.1488
17.5423 10.9983 27.1488
17.7423 10.9254 27.1488
18.0484 10.9225 27.1488
18.3509 10.9453 27.1488
18.5722 10.9718 27.1488
18.7096 10.9767 27.1488
18.8449 10.9565 27.1488
18.9965 10.9276 27.1488
19.158 10.9409 27.1488
19.26 11.0512 27.1488
19.3091 11.3145 27.1488
19.3212 13.4084 27.1488
19.3144 13.8592 27.1488
19.2714 14.2528 27.1488
19.1497 14.6385 27.1488
18.9066 15.0386 27.1488
18.5564 15.4387 27.1488
18.1934 15.8242 27.1488
17.9145 16.2103 27.1488
17.7608 16.6004 27.1488
17.6862 17 27.1488
17.1336 18 27.1488
17.3336 18 27.1488
17.3336 18 27.1488
17.2751 18.1414 27.1679
17.1336 18.2 27.187
16.9922 18.1414 27.2062
16.9336 18 27.2253
16.9922 17.8586 27.2445
17.1336 17.8 27.2636
17.2751 17.8586 27.2828
17.3336 18 27.3019
17.2751 18.1414 27.3211
17.1336 18.2 27.3402
16.9922 18.1414 27.3594
16.9336 18 27.3785
16.9922 17.8586 27.3977
17.1336 17.8 27.4168
17.2751 17.8586 27.436
17.3336 18 27.4551
17.2751 18.1414 27.4743
17.1336 18.2 27.4934
16.9922 18.1414 27.5126
16.9336 18 27.5317
16.9922 17.8586 27.5509
17.1336 17.8 27.57
17.2751 17.8586 27.5892
17.3336 18 27.6083
17.2751 18.1414 27.6275
17.1336 18.2 27.6466
16.9922 18.1414 27.6658
16.9336 18 27.6849
16.9922 17.8586 27.7041
17.1336 17.8 27.7232
17.2751 17.8586 27.7424
17.3336 18 27.7615
17.2751 18.1414 27.7807
17.1336 18.2 27.7998
16.9922 18.1414 27.819
16.9336 18 27.8381
16.9922 17.8586 27.8573
17.1336 17.8 27.8764
17.2751 17.8586 27.8956
17.3336 18 27.9147
17.2751 18.1414 27.9339
17.1336 18.2 27.953
16.9922 18.1414 27.9722
16.9336 18 27.9913
16.9922 17.8586 28.0105
17.1336 17.8 28.0296
17.2751 17.8586 28.0488
17.1336 18 28.0488
16.9535 17.8824 28.0488
16.8093 17.6656 28.0488
16.7062 17.3488 28.0488
16.6125 16.9852 28.0488
16.4876 16.6088 28.0488
16.3541 16.2362 28.0488
16.2841 15.8883 28.0488
16.4163 15.6137 28.0488
16.7599 15.4025 28.0488
17.2574 15.2381 28.0488
17.7155 15.0956 28.0488
18.0624 14.9746 28.0488
18.2867 14.867 28.0488
18.4998 14.7394 28.0488
18.7542 14.5491 28.0488
19.0454 14.2741 28.0488
19.3022 13.9302 28.0488
19.4723 13.58 28.0488
19.5499 13.2575 28.0488
19.5616 12.97 28.0488
19.5202 12.4116 28.0488
19.5219 12.1767 28.0488
19.5651 11.9945 28.0488
19.6613 11.8327 28.0488
20.1542 11.1735 28.0488
20.3258 10.9688 28.0488
20.4579 10.8752 28.0488
20.4952 10.9598 28.0488
20.4525 11.2377 28.0488
20.3678 11.6232 28.0488
20.3141 12.0281 28.0488
20.2811 12.4098 28.0488
20.2357 12.7725 28.0488
20.1414 13.1188 28.0488
19.8724 13.7393 28.0488
19.7638 14.0532 28.0488
19.682 14.3954 28.0488
19.5878 14.7363 28.0488
19.4486 15.0654 28.0488
19.2568 15.3735 28.0488
19.0544 15.6876 28.0488
18.8662 16.0242 28.0488
18.6686 16.418 28.0488
18.3934 16.8498 28.0488
18.0168 17.2891 28.0488
17.5806 17.6703 28.0488
17.1336 18 28.0488
16.2209 20.3103 28.0488
16.4209 20.3103 28.0488
16.4209 20.3103 28.0488
16.3623 20.4517 28.0679
16.2209 20.5103 28.0871
16.0794 20.4517 28.1062
16.0209 20.3103 28.1253
16.0794 20.1689 28.1445
16.2209 20.1103 28.1636
16.3623 20.1689 28.1828
16.4209 20.3103 28.2019
16.3623 20.4517 28.2211
16.2209 20.5103 28.2402
16.0794 20.4517 28.2594
16.0209 20.3103 28.2785
16.0794 20.1689 28.2977
16.2209 20.1103 28.3168
16.3623 20.1689 28.336
16.4209 20.3103 28.3551
16.3623 20.4517 28.3743
16.2209 20.5103 28.3934
16.0794 20.4517 28.4126
16.0209 20.3103 28.4317
16.0794 20.1689 28.4509
16.2209 20.1103 28.47
16.3623 20.1689 28.4892
16.4209 20.3103 28.5083
16.3623 20.4517 28.5275
16.2209 20.5103 28.5466
16.0794 20.4517 28.5658
16.0209 20.3103 28.5849
16.0794 20.1689 28.6041
16.2209 20.1103 28.6232
16.3623 20.1689 28.6424
16.4209 20.3103 28.6615
16.3623 20.4517 28.6807
16.2209 20.5103 28.6998
16.0794 20.4517 28.719
16.0209 20.3103 28.7381
16.0794 20.1689 28.7573
16.2209 20.1103 28.7764
16.3623 20.1689 28.7956
16.4209 20.3103 28.8147
16.3623 20.4517 28.8339
16.2209 20.5103 28.853
16.0794 20.4517 28.8722
16.0209 20.3103 28.8913
16.0794 20.1689 28.9105
16.2209 20.1103 28.9296
16.3623 20.1689 28.9488
16.2209 20.3103 28.9488
16.0778 20.0878 28.9488
15.9764 19.7724 28.9488
15.9248 19.3757 28.9488
15.8953 18.955 28.9488
15.8577 18.5317 28.9488
15.7917 18.0786 28.9488
15.6804 17.5809 28.9488
15.5198 17.0897 28.9488
15.3564 16.6518 28.9488
15.3175 16.3303 28.9488
15.5428 16.122 28.9488
16.0454 16.0123 28.9488
16.7141 15.9453 28.9488
17.375 15.8931 28.9488
17.9871 15.8267 28.9488
18.5436 15.7267 28.9488
19.0856 15.5667 28.9488
19.5564 15.3474 28.9488
19.9234 15.1118 28.9488
20.1458 14.9254 28.9488
20.2298 14.859 28.9488
20.193 14.9409 28.9488
20.0694 15.1797 28.9488
19.9195 15.5425 28.9488
19.7734 15.9869 28.9488
19.603 16.4657 28.9488
19.3113 16.9495 28.9488
18.8289 17.4409 28.9488
18.1953 17.9621 28.9488
17.5459 18.5174 28.9488
17.0257 19.0852 28.9488
16.6707 19.589 28.9488
16.428 19.9933 28.9488
16.2209 20.3103 28.9488
14.8667 21.9677 28.9488
15.0667 21.9677 28.9488
15.0667 21.9677 28.9488
15.0081 22.1091 28.9679
14.8667 22.1677 28.9871
14.7252 22.1091 29.0062
14.6667 21.9677 29.0253
14.7252 21.8263 29.0445
14.8667 21.7677 29.0636
15.0081 21.8263 29.0828
15.0667 21.9677 29.1019
15.0081 22.1091 29.1211
14.8667 22.1677 29.1402
14.7252 22.1091 29.1594
14.6667 21.9677 29.1785
14.7252 21.8263 29.1977
14.8667 21.7677 29.2168
15.0081 21.8263 29.236
15.0667 21.9677 29.2551
15.0081 22.1091 29.2743
14.8667 22.1677 29.2934
14.7252 22.1091 29.3126
14.6667 21.9677 29.3317
14.7252 21.8263 29.3509
14.8667 21.7677 29.37
15.0081 21.8263 29.3892
15.0667 21.9677 29.4083
15.0081 22.1091 29.4275
14.8667 22.1677 29.4466
14.7252 22.1091 29.4658
14.6667 21.9677 29.4849
14.7252 21.8263 29.5041
14.8667 21.7677 29.5232
15.0081 21.8263 29.5424
15.0667 21.9677 29.5615
15.0081 22.1091 29.5807
14.8667 22.1677 29.5998
14.7252 22.1091 29.619
14.6667 21.9677 29.6381
14.7252 21.8263 29.6573
14.8667 21.7677 29.6764
15.0081 21.8263 29.6956
15.0667 21.9677 29.7147
15.0081 22.1091 29.7339
14.8667 22.1677 29.753
14.7252 22.1091 29.7722
14.6667 21.9677 29.7913
14.7252 21.8263 29.8105
14.8667 21.7677 29.8296
15.0081 21.8263 29.8488
14.8667 21.9677 29.8488
14.8846 21.3673 29.8488
14.888 20.9386 29.8488
14.8744 19.9525 29.8488
14.8597 19.4512 29.8488
14.8292 18.9326 29.8488
14.772 18.4134 29.8488
14.6725 17.8964 29.8488
14.5426 17.4514 29.8488
14.4053 17.1064 29.8488
14.3325 16.8817 29.8488
14.393 16.7397 29.8488
14.6544 16.6532 29.8488
15.0807 16.5993 29.8488
15.6165 16.5635 29.8488
17.8137 16.4684 29.8488
19.5815 16.4297 29.8488
19.8348 16.4447 29.8488
20.0036 16.5179 29.8488
20.0917 16.6874 29.8488
20.1026 16.9298 29.8488
20.0401 17.1856 29.8488
19.8993 17.4106 29.8488
19.685 17.6176 29.8488
19.3679 17.8513 29.8488
18.98 18.1152 29.8488
18.563 18.425 29.8488
18.1866 18.7782 29.8488
17.8787 19.2014 29.8488
17.611 19.6442 29.8488
17.3256 20.0725 29.8488
16.9625 20.4473 29.8488
16.5336 20.794 29.8488
14.8667 21.9677 29.8488
15.1924 23.4892 29.8488
15.3924 23.4892 29.8488
15.3924 23.4892 29.8488
15.3338 23.6306 29.8679
15.1924 23.6892 29.8871
15.0509 23.6306 29.9062
14.9924 23.4892 29.9253
15.0509 23.3478 29.9445
15.1924 23.2892 29.9636
15.3338 23.3478 29.9828
15.3924 23.4892 30.0019
15.3338 23.6306 30.0211
15.1924 23.6892 30.0402
15.0509 23.6306 30.0594
14.9924 23.4892 30.0785
15.0509 23.3478 30.0977
15.1924 23.2892 30.1168
15.3338 23.3478 30.136
15.3924 23.4892 30.1551
15.3338 23.6306 30.1743
15.1924 23.6892 30.1934
15.0509 23.6306 30.2126
14.9924 23.4892 30.2317
15.0509 23.3478 30.2509
15.1924 23.2892 30.27
15.3338 23.3478 30.2892
15.3924 23.4892 30.3083
15.3338 23.6306 30.3275
15.1924 23.6892 30.3466
15.0509 23.6306 30.3658
14.9924 23.4892 30.3849
15.0509 23.3478 30.4041
15.1924 23.2892 30.4232
15.3338 23.3478 30.4424
15.3924 23.4892 30.4615
15.3338 23.6306 30.4807
15.1924 23.6892 30.4998
15.0509 23.6306 30.519
14.9924 23.4892 30.5381
15.0509 23.3478 30.5573
15.1924 23.2892 30.5764
15.3338 23.3478 30.5956
15.3924 23.4892 30.6147
15.3338 23.6306 30.6339
15.1924 23.6892 30.653
15.0509 23.6306 30.6722
14.9924 23.4892 30.6913
15.0509 23.3478 30.7105
15.1924 23.2892 30.7296
15.3338 23.3478 30.7488
15.1924 23.4892 30.7488
14.5524 23.9005 30.7488
14.2807 24.0831 30.7488
14.1469 24.1575 30.7488
14.0088 24.1979 30.7488
13.9054 24.19 30.7488
13.8702 24.1287 30.7488
13.8734 24.0653 30.7488
13.8823 24.0185 30.7488
13.8692 23.9982 30.7488
13.8332 23.9566 30.7488
13.779 23.856 30.7488
13.7097 23.6569 30.7488
13.641 23.4133 30.7488
13.5918 23.1485 30.7488
13.5826 22.8949 30.7488
13.6411 22.1504 30.7488
13.6594 21.6135 30.7488
13.651 21.0516 30.7488
13.6266 20.5589 30.7488
13.6003 20.2251 30.7488
13.5926 20.0476 30.7488
13.6259 19.9391 30.7488
13.7158 19.8132 30.7488
13.8514 19.5867 30.7488
13.9808 19.2608 30.7488
14.0507 18.8455 30.7488
14.0526 18.4371 30.7488
14.0374 18.0917 30.7488
14.0783 17.8719 30.7488
14.2235 17.7455 30.7488
14.4851 17.6833 30.7488
14.8507 17.6321 30.7488
15.7134 17.5341 30.7488
16.1178 17.4963 30.7488
16.4975 17.4762 30.7488
16.9388 17.4804 30.7488
17.4743 17.5097 30.7488
18.7301 17.6092 30.7488
19.2567 17.6602 30.7488
19.6228 17.7145 30.7488
19.8155 17.7927 30.7488
19.8566 17.9011 30.7488
19.7755 18.0485 30.7488
19.6169 18.2308 30.7488
19.4102 18.4438 30.7488
19.1793 18.6942 30.7488
18.9702 18.9781 30.7488
18.7906 19.3261 30.7488
18.6425 19.677 30.7488
18.4834 19.9857 30.7488
18.3508 20.139 30.7488
18.2631 20.1632 30.7488
18.2309 20.0943 30.7488
18.1904 20.0307 30.7488
18.1269 20.0153 30.7488
18.0306 20.0876 30.7488
17.9154 20.2641 30.7488
17.7424 20.5175 30.7488
17.5416 20.7735 30.7488
17.3474 20.9578 30.7488
17.2142 21.0346 30.7488
17.1006 21.0357 30.7488
16.9605 20.9982 30.7488
16.7901 20.9925 30.7488
16.6164 21.0657 30.7488
16.4675 21.2547 30.7488
16.2787 21.5076 30.7488
16.0332 21.7386 30.7488
15.7144 21.8736 30.7488
15.4218 21.9601 30.7488
15.2054 22.0856 30.7488
15.1194 22.3243 30.7488
15.1152 22.6077 30.7488
15.1508 22.8528 30.7488
15.1795 22.9858 30.7488
15.2011 23.0352 30.7488
15.2186 23.0351 30.7488
15.2457 23.0068 30.7488
15.3028 22.9256 30.7488
15.4099 22.7946 30.7488
15.5561 22.6612 30.7488
15.669 22.6494 30.7488
15.6636 22.8026 30.7488
15.488 23.113 30.7488
15.1924 23.4892 30.7488
15.1924 23.4892 30.7488
15.3924 23.4892 30.7488
15.3924 23.4892 30.7488
15.3338 23.6306 30.7679
15.1924 23.6892 30.7871
15.0509 23.6306 30.8062
14.9924 23.4892 30.8253
15.0509 23.3478 30.8445
15.1924 23.2892 30.8636
15.3338 23.3478 30.8828
15.3924 23.4892 30.9019
15.3338 23.6306 30.9211
15.1924 23.6892 30.9402
15.0509 23.6306 30.9594
14.9924 23.4892 30.9785
15.0509 23.3478 30.9977
15.1924 23.2892 31.0168
15.3338 23.3478 31.036
15.3924 23.4892 31.0551
15.3338 23.6306 31.0743
15.1924 23.6892 31.0934
15.0509 23.6306 31.1126
14.9924 23.4892 31.1317
15.0509 23.3478 31.1509
15.1924 23.2892 31.17
15.3338 23.3478 31.1892
15.3924 23.4892 31.2083
15.3338 23.6306 31.2275
15.1924 23.6892 31.2466
15.0509 23.6306 31.2658
14.9924 23.4892 31.2849
15.0509 23.3478 31.3041
15.1924 23.2892 31.3232
15.3338 23.3478 31.3424
15.3924 23.4892 31.3615
15.3338 23.6306 31.3807
15.1924 23.6892 31.3998
15.0509 23.6306 31.419
14.9924 23.4892 31.4381
15.0509 23.3478 31.4573
15.1924 23.2892 31.4764
15.3338 23.3478 31.4956
15.3924 23.4892 31.5147
15.3338 23.6306 31.5339
15.1924 23.6892 31.553
15.0509 23.6306 31.5722
14.9924 23.4892 31.5913
15.0509 23.3478 31.6105
15.1924 23.2892 31.6296
15.3338 23.3478 31.6488
15.1924 23.4892 31.6488
14.5524 23.9005 31.6488
14.2807 24.0831 31.6488
14.1469 24.1575 31.6488
14.0088 24.1979 31.6488
13.9054 24.19 31.6488
13.8702 24.1287 31.6488
13.8734 24.0653 31.6488
13.8823 24.0185 31.6488
13.8692 23.9982 31.6488
13.8332 23.9566 31.6488
13.779 23.856 31.6488
13.7097 23.6569 31.6488
13.641 23.4133 31.6488
13.5918 23.1485 31.6488
13.5826 22.8949 31.6488
13.6411 22.1504 31.6488
13.6594 21.6135 31.6488
13.651 21.0516 31.6488
13.6266 20.5589 31.6488
13.6003 20.2251 31.6488
13.5926 20.0476 31.6488
13.6259 19.9391 31.6488
13.7158 19.8132 31.6488
13.8514 19.5867 31.6488
13.9808 19.2608 31.6488
14.0507 18.8455 31.6488
14.0526 18.4371 31.6488
14.0374 18.0917 31.6488
14.0783 17.8719 31.6488
14.2235 17.7455 31.6488
14.4851 17.6833 31.6488
14.8507 17.6321 31.6488
15.7134 17.5341 31.6488
16.1178 17.4963 31.6488
16.4975 17.4762 31.6488
16.9388 17.4804 31.6488
17.4743 17.5097 31.6488
18.7301 17.6092 31.6488
19.2567 17.6602 31.6488
19.6228 17.7145 31.6488
19.8155 17.7927 31.6488
19.8566 17.9011 31.6488
19.7755 18.0485 31.6488
19.6169 18.2308 31.6488
19.4102 18.4438 31.6488
19.1793 18.6942 31.6488
18.9702 18.9781 31.6488
18.7906 19.3261 31.6488
18.6425 19.677 31.6488
18.4834 19.9857 31.6488
18.3508 20.139 31.6488
18.2631 20.1632 31.6488
18.2309 20.0943 31.6488
18.1904 20.0307 31.6488
18.1269 20.0153 31.6488
18.0306 20.0876 31.6488
17.9154 20.2641 31.6488
17.7424 20.5175 31.6488
17.5416 20.7735 31.6488
17.3474 20.9578 31.6488
17.2142 21.0346 31.6488
17.1006 21.0357 31.6488
16.9605 20.9982 31.6488
16.7901 20.9925 31.6488
16.6164 21.0657 31.6488
16.4675 21.2547 31.6488
16.2787 21.5076 31.6488
16.0332 21.7386 31.6488
15.7144 21.8736 31.6488
15.4218 21.9601 31.6488
15.2054 22.0856 31.6488
15.1194 22.3243 31.6488
15.1152 22.6077 31.6488
15.1508 22.8528 31.6488
15.1795 22.9858 31.6488
15.2011 23.0352 31.6488
15.2186 23.0351 31.6488
15.2457 23.0068 31.6488
15.3028 22.9256 31.6488
15.4099 22.7946 31.6488
15.5561 22.6612 31.6488
15.669 22.6494 31.6488
15.6636 22.8026 31.6488
15.488 23.113 31.6488
15.1924 23.4892 31.6488
15.1924 23.4892 5.34875
