38
0
0
0
0
0
0
0
0
0
0
0
0
0
0
0
0
0
0
0
0
0
0
0
0
0
0
0
1
16
30.1135 36.9487 -26.5 30.1649 37 -26.5 30.6135 37.3254 -26.5 31 37.4954 -26.5 31.5 37.5867 -26.5 32 37.7552 -26.5 33 37.7981 -26.5 35.9427 37.8832 -26.5 35.5 37.877 -26.5 32.5 37.8048 -26.5 32 37.7846 -26.5 31.5 37.7151 -26.5 31 37.6257 -26.5 30.5506 37.3191 -26.5 30.1107 37 -26.5 30.0135 36.9028 -26.5 
0
2
23
11 33.4263 -24.7 11.3 33.4356 -24.7 12 33.4392 -24.7 12.6179 33 -24.7 13 32.6179 -24.7 13.3 32.421 -24.7 14 32.3438 -24.7 14.038 32.3298 -24.7 14.5878 32 -24.7 14.7379 31.8498 -24.7 14.8958 31.7923 -24.7 14.3 31.7483 -24.7 14.0567 31.8091 -24.7 14 31.8301 -24.7 13 32.2951 -24.7 12.3 32.4172 -24.7 12 32.5323 -24.7 11.3 32.5571 -24.7 11 32.5291 -24.7 10.9592 32.5816 -24.7 10.7186 33 -24.7 10.5481 33.7 -24.7 10.4399 33.9863 -24.7 
15
46.3602 38.959 -24.7 46.7995 38.8836 -24.7 47 38.788 -24.7 47.3 38.5972 -24.7 48 38.4054 -24.7 48.0205 38.3918 -24.7 48.4392 38 -24.7 48.4394 37.9996 -24.7 48.6957 37.3633 -24.7 48.0315 37.987 -24.7 48.0136 38 -24.7 48 38.0091 -24.7 47.3 38.56 -24.7 47 38.7814 -24.7 46.8148 38.8391 -24.7 
3
13
38.2 11.8162 -23.8 38 11.8388 -23.8 37.8498 11.8802 -23.8 37.0769 12.0558 -23.8 37.1327 12 -23.8 37.8645 11.569 -23.8 38 11.5316 -23.8 38.2 11.509 -23.8 39 11.4648 -23.8 39.2 11.4804 -23.8 39.9293 11.6118 -23.8 39.2 11.6913 -23.8 39 11.6757 -23.8 
11
11 14.5032 -23.8 10.5121 14.0153 -23.8 10.8601 15 -23.8 10.8858 15.0257 -23.8 11 15.19 -23.8 11.0257 15.1643 -23.8 11.8257 14.6212 -23.8 12 14.4809 -23.8 12.1911 14.4212 -23.8 12.8708 14.0321 -23.8 12 14.3128 -23.8 
20
10.7934 33.2 -23.8 10.5214 33.9202 -23.8 10.5813 33.8 -23.8 10.9999 33.3814 -23.8 11.8 33.4061 -23.8 12 33.4032 -23.8 12.5582 33 -23.8 12.7941 32.7641 -23.8 12.8 32.7566 -23.8 13 32.6996 -23.8 13.3787 32.4511 -23.8 13.2 32.5342 -23.8 13 32.5679 -23.8 12.2 32.8747 -23.8 12.14 32.9347 -23.8 12.101 33 -23.8 12 33.0747 -23.8 11.8557 33.0737 -23.8 11 33.0378 -23.8 10.9638 33.074 -23.8 
0
0
0
1
18
25.0044 17.0801 -20.2 25.811 17.6976 -20.2 25.271 18 -20.2 25.2874 18.2 -20.2 25.4778 19 -20.2 25.8274 19.3497 -20.2 26 19.441 -20.2 26.8 19.2824 -20.2 27 19.2752 -20.2 27.2752 19 -20.2 27.287 18.8 -20.2 27.096 18.4034 -20.2 26.6219 18 -20.2 26.362 17.7588 -20.2 26 17.396 -20.2 25.1659 17 -20.2 25 16.784 -20.2 24.9945 17 -20.2 
0
1
38
22.6 12.2731 -18.4 22 12.3078 -18.4 21.6 12.2956 -18.4 21.1374 12.327 -18.4 21.6 12.3403 -18.4 22 12.4971 -18.4 22.6 12.4375 -18.4 23 12.412 -18.4 24.6 12.5956 -18.4 25 12.7 -18.4 25.547 12.8254 -18.4 26 12.9768 -18.4 26.0726 13.0184 -18.4 26.6 13.3671 -18.4 27 13.4219 -18.4 27.6 13.769 -18.4 27.9049 13.899 -18.4 28 13.9317 -18.4 28.6 14.2796 -18.4 29 14.4946 -18.4 29.4981 14.5165 -18.4 29.4 14.4588 -18.4 29 14.4001 -18.4 28.8599 14.26 -18.4 28.2599 13.913 -18.4 28 13.7053 -18.4 27.6 13.644 -18.4 27 13.2461 -18.4 26.869 13.1151 -18.4 26.5821 13 -18.4 26.2689 12.8222 -18.4 26 12.6292 -18.4 25.6 12.6055 -18.4 25 12.3649 -18.4 24.6 12.3526 -18.4 24 12.3147 -18.4 23.6 12.301 -18.4 23 12.264 -18.4 
1
15
21.6568 12.2321 -17.5 22 12.242 -17.5 22.5 12.2144 -17.5 23 12.1647 -17.5 24 12.2721 -17.5 24.5 12.4022 -17.5 25 12.4635 -17.5 25.5 12.6414 -17.5 25.8665 12.7255 -17.5 25.5 12.5785 -17.5 25 12.3147 -17.5 24.5 12.2831 -17.5 24 12.235 -17.5 23.5 12.2042 -17.5 23 12.1528 -17.5 
