164
0 1 0 1 1 2 1 2 2 3 2 3 3 4 3 4 4 5 4 5 5 6 5 6 6 7 6 7 7 8 7 8 8 9 8 9 9 10 9 10 10 11 10 11 11 12 11 12 12 13 12 13 13 14 13 14 14 15 14 15 15 16 15 16 16 17 16 17 17 18 17 18 18 19 18 19 19 20 19 20 20 21 20 21 21 22 21 22 22 23 22 23 23 24 23 24 24 25 24 25 25 26 25 26 25 27 25 27 26 28 26 28 27 29 27 29 26 30 26 30 28 31 28 31 29 32 29 32 30 33 30 33 31 34 31 34 31 35 31 35 35 36 35 36 36 37 36 37 37 38 37 38 38 39 38 39 39 40 39 40 40 41 40 41 
38
1 0 
1 1 
1 2 
1 3 
1 4 
1 5 
1 6 
1 7 
1 8 
1 9 
1 10 
1 11 
1 12 
1 13 
1 14 
1 15 
1 16 
1 17 
1 18 
1 19 
1 20 
1 21 
1 22 
1 23 
1 24 
1 25 
2 26 27 
3 28 29 30 
3 31 32 33 
2 34 35 
1 36 
1 37 
1 38 
1 39 
1 40 
1 41 
0 
0 
42
0 0 0 -50.8
1 1 
1
4
50.8 4.39906e-015 -50.8 50.8 50.8 -50.8 10.0349 50.8 -50.8 10.036 4.39906e-015 -50.8 
1 1 0 -49.9
2 0 2 
1
4
50.8 4.32112e-015 -49.9 50.8 50.8 -49.9 10.0357 50.8 -49.9 10.0369 4.32112e-015 -49.9 
2 2 0 -49
2 1 3 
1
4
50.8 4.24319e-015 -49 50.8 50.8 -49 10.0365 50.8 -49 10.0378 4.24318e-015 -49 
3 3 0 -48.1
2 2 4 
1
4
50.8 4.16525e-015 -48.1 50.8 50.8 -48.1 10.0371 50.8 -48.1 10.0387 4.16525e-015 -48.1 
4 4 0 -47.2
2 3 5 
1
4
50.8 4.08731e-015 -47.2 50.8 50.8 -47.2 10.038 50.8 -47.2 10.0397 4.08731e-015 -47.2 
5 5 0 -46.3
2 4 6 
1
4
50.8 4.00938e-015 -46.3 50.8 50.8 -46.3 10.0388 50.8 -46.3 10.0406 4.00938e-015 -46.3 
6 6 0 -45.4
2 5 7 
1
4
50.8 3.93144e-015 -45.4 50.8 50.8 -45.4 10.0396 50.8 -45.4 10.0415 3.93144e-015 -45.4 
7 7 0 -44.5
2 6 8 
1
4
10.0427 3.8535e-015 -44.5 50.8 3.85351e-015 -44.5 50.8 50.8 -44.5 10.0403 50.8 -44.5 
8 8 0 -43.6
2 7 9 
1
4
10.0437 3.77557e-015 -43.6 50.8 3.77557e-015 -43.6 50.8 50.8 -43.6 10.0411 50.8 -43.6 
9 9 0 -42.7
2 8 10 
1
4
50.8 3.69763e-015 -42.7 50.8 50.8 -42.7 10.0419 50.8 -42.7 10.0449 3.69763e-015 -42.7 
10 10 0 -41.8
2 9 11 
1
4
50.8 3.6197e-015 -41.8 50.8 50.8 -41.8 10.0427 50.8 -41.8 10.0462 3.6197e-015 -41.8 
11 11 0 -40.9
2 10 12 
1
4
50.8 3.54176e-015 -40.9 50.8 50.8 -40.9 10.0435 50.8 -40.9 10.0475 3.54176e-015 -40.9 
12 12 0 -40
2 11 13 
1
4
50.8 3.46382e-015 -40 50.8 50.8 -40 10.0444 50.8 -40 10.0489 3.46382e-015 -40 
13 13 0 -39.1
2 12 14 
1
4
50.8 3.38589e-015 -39.1 50.8 50.8 -39.1 10.0452 50.8 -39.1 10.0503 3.38589e-015 -39.1 
14 14 0 -38.2
2 13 15 
1
4
50.8 3.30795e-015 -38.2 50.8 50.8 -38.2 10.046 50.8 -38.2 10.0518 3.30795e-015 -38.2 
15 15 0 -37.3
2 14 16 
2
4
50.8 3.23002e-015 -37.3 50.8 50.8 -37.3 10.0467 50.8 -37.3 10.0533 3.23002e-015 -37.3 
39
31.2398 24.2398 -37.3 31 24.3102 -37.3 30.244 25 -37.3 30.2218 25.2218 -37.3 30.2127 26 -37.3 30.2463 26.2463 -37.3 30.3323 27 -37.3 30.3863 27.3863 -37.3 30.4582 28 -37.3 30.535 28.535 -37.3 30.591 29 -37.3 30.9163 29.9694 -37.3 30.9256 30 -37.3 31 30.0552 -37.3 31.7324 30.1764 -37.3 32 30.2424 -37.3 32.7746 30 -37.3 32.8987 29.8987 -37.3 33 29.9105 -37.3 33.1643 29.8357 -37.3 33.8952 29.3511 -37.3 34.4559 29 -37.3 34.7096 28.7096 -37.3 35 28.6372 -37.3 35.5988 28 -37.3 35.7304 27.7304 -37.3 35.9325 27 -37.3 35.8351 26 -37.3 35.7871 25.7871 -37.3 35.6503 25 -37.3 35 24.3657 -37.3 34.2337 24 -37.3 34.1912 23.987 -37.3 34 23.9103 -37.3 33.3859 23.8189 -37.3 33 23.6651 -37.3 32.1936 23.832 -37.3 32 23.8145 -37.3 31.6365 24 -37.3 
16 16 0 -36.4
2 15 17 
2
107
10.4543 3.15208e-015 -36.4 10.5249 14 -36.4 10.5264 14.0014 -36.4 11 14.475 -36.4 11.9316 13.5475 -36.4 12 13.4839 -36.4 13 13.4855 -36.4 13.9366 12.5537 -36.4 14 12.4963 -36.4 18 12.494 -36.4 18.941 11.5561 -36.4 19 11.5012 -36.4 23 11.5079 -36.4 24 12.5069 -36.4 26 12.4981 -36.4 26.4523 12.9442 -36.4 26.5157 13 -36.4 27 13.4843 -36.4 28 13.4805 -36.4 28.463 13.9358 -36.4 28.5361 14 -36.4 29 14.4639 -36.4 31 14.4582 -36.4 31.9235 13.5397 -36.4 32 13.469 -36.4 33 13.4673 -36.4 33.9278 12.5444 -36.4 34 12.4779 -36.4 35 12.4779 -36.4 35.9329 11.5497 -36.4 36 11.4882 -36.4 42 11.4995 -36.4 42.4467 11.9444 -36.4 42.5045 12 -36.4 43.4488 12.9424 -36.4 43.5087 13 -36.4 43.518 14 -36.4 44.4559 14.9358 -36.4 44.5226 15 -36.4 44.5516 18 -36.4 44.0777 18.4873 -36.4 44 18.5792 -36.4 43.5792 19 -36.4 44.5748 20 -36.4 44.5894 21 -36.4 45.5837 22 -36.4 45.5966 23 -36.4 46.4864 23.899 -36.4 46.5777 24 -36.4 46.58 30 -36.4 47.4741 30.9053 -36.4 47.5563 31 -36.4 48.4621 31.9159 -36.4 48.5343 32 -36.4 48.5273 33 -36.4 49.4496 33.9299 -36.4 49.5103 34 -36.4 49.4977 37 -36.4 48 38.4975 -36.4 47 38.5045 -36.4 46 39.5046 -36.4 41 39.5275 -36.4 40.5312 39.0677 -36.4 40.4532 39 -36.4 40 38.5468 -36.4 37 38.5632 -36.4 36.5051 38.0824 -36.4 36.4083 38 -36.4 36 37.5917 -36.4 31 37.603 -36.4 30.4817 37.0978 -36.4 30.3718 37 -36.4 30 36.6282 -36.4 29 36.61 -36.4 28.486 36.1021 -36.4 28.3782 36 -36.4 27.4771 35.1058 -36.4 27.365 35 -36.4 25.4817 33.1149 -36.4 25.3718 33 -36.4 25 32.6282 -36.4 24 32.5949 -36.4 23.1006 33.4837 -36.4 23 33.573 -36.4 18 33.5718 -36.4 17.423 33 -36.4 17 32.577 -36.4 16 32.5659 -36.4 15 31.5684 -36.4 14.0897 32.4671 -36.4 14 32.5437 -36.4 13 32.5328 -36.4 12.0727 33.4529 -36.4 12 33.5168 -36.4 11 33.5136 -36.4 10.5136 34 -36.4 10.5135 34.0013 -36.4 10.4467 50.8 -36.4 10.0474 50.8 -36.4 10.1129 34.0014 -36.4 10.113 34 -36.4 10.113 33.9986 -36.4 10.1253 14.4015 -36.4 10.1252 14.4 -36.4 10.1226 14.0007 -36.4 10.1227 14 -36.4 10.0548 3.15208e-015 -36.4 
51
30.1744 22.8569 -36.4 30 22.8831 -36.4 29.7947 23 -36.4 29.3987 23.3987 -36.4 29 23.9372 -36.4 28.9943 23.9481 -36.4 28.9535 24 -36.4 28.9453 24.0547 -36.4 28.6372 25 -36.4 28.5827 25.5827 -36.4 28.5358 26 -36.4 28.5773 26.5773 -36.4 28.5759 27 -36.4 28.659 28 -36.4 28.763 28.763 -36.4 28.8366 29 -36.4 29 29.386 -36.4 29.2441 30 -36.4 30 30.915 -36.4 31 31.6676 -36.4 31.6766 31.6766 -36.4 32 31.7389 -36.4 32.5956 31.5956 -36.4 33 31.4062 -36.4 34 30.7668 -36.4 34.8656 29.9743 -36.4 35 29.888 -36.4 35.7922 29 -36.4 36 28.7759 -36.4 36.6307 28 -36.4 36.6559 27.3684 -36.4 36.7169 27 -36.4 36.7596 26.3129 -36.4 36.7499 26 -36.4 36.7974 25.2535 -36.4 36.7707 25 -36.4 36.6381 24.6535 -36.4 36.4134 24.4 -36.4 36.3754 24.3386 -36.4 36 24.0771 -36.4 35.9205 24 -36.4 35.6506 23.8471 -36.4 35.6 23.8198 -36.4 35 23.4336 -36.4 34.6 23.2732 -36.4 33.5481 22.8264 -36.4 33 22.641 -36.4 32.5913 22.6128 -36.4 32 22.4897 -36.4 31.4468 22.6143 -36.4 31 22.6333 -36.4 
17 17 0 -35.5
2 16 18 
2
93
19 11.8973 -35.5 23 11.9043 -35.5 24 12.9031 -35.5 26 12.8957 -35.5 26.119 13 -35.5 27 13.881 -35.5 28 13.8768 -35.5 28.1417 14 -35.5 29 14.8583 -35.5 31 14.8507 -35.5 31.8507 14 -35.5 32 13.8628 -35.5 33 13.8603 -35.5 33.8603 13 -35.5 34 12.8727 -35.5 35 12.8726 -35.5 35.8727 12 -35.5 36 11.8841 -35.5 42 11.8966 -35.5 42.1077 12 -35.5 43 12.8924 -35.5 43.1122 13 -35.5 43.1224 14 -35.5 44 14.8776 -35.5 44.1276 15 -35.5 44.1604 18 -35.5 44 18.1918 -35.5 43.1918 19 -35.5 44.1868 20 -35.5 44.2035 21 -35.5 45 21.7964 -35.5 45.1975 22 -35.5 45.2131 23 -35.5 46 23.7869 -35.5 46.1903 24 -35.5 46.1929 30 -35.5 47 30.8071 -35.5 47.0782 30.897 -35.5 47.164 31 -35.5 48 31.836 -35.5 48.1389 32 -35.5 48.1314 33 -35.5 49 33.8686 -35.5 49.1133 34 -35.5 49.1027 37 -35.5 48 38.1021 -35.5 47 38.1071 -35.5 46 39.1072 -35.5 41 39.1326 -35.5 40.8465 39 -35.5 40 38.1535 -35.5 37 38.1731 -35.5 36.7943 38 -35.5 36 37.2057 -35.5 31 37.2199 -35.5 30.7521 37 -35.5 30 36.2479 -35.5 29 36.2253 -35.5 28.7609 36 -35.5 28 35.2391 -35.5 27.7455 35 -35.5 26.7395 34 -35.5 26 33.2605 -35.5 25.8859 33.1413 -35.5 25.7566 33 -35.5 25 32.2434 -35.5 24 32.2057 -35.5 23.2057 33 -35.5 23.1082 33.0865 -35.5 23 33.186 -35.5 18 33.1836 -35.5 17.8094 33 -35.5 17 32.1906 -35.5 16 32.1777 -35.5 15 31.1794 -35.5 14.1795 32 -35.5 14 32.1515 -35.5 13 32.1394 -35.5 12.1394 33 -35.5 12 33.1218 -35.5 11 33.1174 -35.5 10.1198 33.9976 -35.5 10.2598 23 -35.5 10.2394 22 -35.5 10.1343 14.0027 -35.5 11 14.8683 -35.5 11.8683 14 -35.5 12 13.8787 -35.5 13 13.8805 -35.5 13.8805 13 -35.5 14 12.8924 -35.5 18 12.889 -35.5 18.889 12 -35.5 
76
27.9234 23.5372 -35.5 27.6597 24 -35.5 27.6323 24.349 -35.5 27.5 24.7338 -35.5 27.4828 24.8848 -35.5 27.4255 25 -35.5 27.1543 25.8402 -35.5 27.1364 26 -35.5 27 26.6678 -35.5 26.9673 26.9136 -35.5 26.9445 27 -35.5 27 27.3262 -35.5 27.1366 27.8365 -35.5 27.1512 28 -35.5 27.2296 28.2296 -35.5 27.5326 29 -35.5 27.9651 29.9802 -35.5 27.974 30 -35.5 29 31.2033 -35.5 29.637 32 -35.5 29.6486 32.0137 -35.5 30 32.3391 -35.5 30.0228 32.3514 -35.5 30.285 32.5 -35.5 30.9204 32.8391 -35.5 31 32.8832 -35.5 31.9342 32.9523 -35.5 32 32.9525 -35.5 32.8354 32.8812 -35.5 33 32.8428 -35.5 33.7861 32.2139 -35.5 34 32.0359 -35.5 34.0377 32 -35.5 34.0509 31.9867 -35.5 34.9852 31.006 -35.5 34.9908 31 -35.5 35.9374 30.0223 -35.5 36 29.9523 -35.5 36.2892 29.7108 -35.5 37 29.1972 -35.5 37.1654 29.1654 -35.5 37.7546 29 -35.5 38 28.9138 -35.5 38.6331 28.6331 -35.5 39 28.3996 -35.5 39.2659 28.2659 -35.5 39.5961 28 -35.5 39.697 27.697 -35.5 39.5226 27 -35.5 39.3956 26.3957 -35.5 39.0225 25 -35.5 38.5871 24 -35.5 38 23.4199 -35.5 37.4322 23.4322 -35.5 37 23.2944 -35.5 36.3675 23.3675 -35.5 36.1912 23.3056 -35.5 36 23.2277 -35.5 35.6265 23 -35.5 35.4246 22.8176 -35.5 35 22.7001 -35.5 34.8787 22.6468 -35.5 34.1497 22.3416 -35.5 34 22.2818 -35.5 33.0407 22.0278 -35.5 33 22.014 -35.5 32 21.8037 -35.5 31.3681 21.8058 -35.5 31 21.7497 -35.5 30 21.8515 -35.5 29.6167 22 -35.5 29.3573 22.1178 -35.5 29 22.3136 -35.5 28.5 22.837 -35.5 28.3519 23 -35.5 28 23.4314 -35.5 
18 18 0 -34.6
2 17 19 
2
110
23 11.8974 -34.6 24 12.896 -34.6 26 12.8912 -34.6 26.1252 13 -34.6 27 13.8748 -34.6 28 13.8698 -34.6 28.1518 14 -34.6 29 14.8482 -34.6 31 14.837 -34.6 31.837 14 -34.6 32 13.8513 -34.6 33 13.8474 -34.6 33.8474 13 -34.6 34 12.8633 -34.6 35 12.8629 -34.6 35.863 12 -34.6 36 11.8767 -34.6 42 11.8915 -34.6 42.1132 12 -34.6 43 12.8868 -34.6 43.1183 13 -34.6 43.1302 14 -34.6 44 14.8698 -34.6 44.1365 15 -34.6 44.1779 18 -34.6 44.0764 18.1226 -34.6 44 18.2178 -34.6 43.2178 19 -34.6 44.2114 20 -34.6 44.2331 21 -34.6 45 21.7669 -34.6 45.2247 22 -34.6 45.2471 23 -34.6 46 23.7529 -34.6 46.1217 23.8906 -34.6 46.2142 24 -34.6 46.2165 30 -34.6 47 30.7834 -34.6 47.103 30.907 -34.6 47.1775 31 -34.6 48 31.8225 -34.6 48.1473 32 -34.6 48.1391 33 -34.6 49 33.8609 -34.6 49.1191 34 -34.6 49.1127 37 -34.6 48 38.1116 -34.6 47 38.1138 -34.6 46 39.1128 -34.6 41 39.1425 -34.6 40.8334 39 -34.6 40 38.1666 -34.6 37 38.1924 -34.6 36.8682 38.0826 -34.6 36.7653 38 -34.6 36 37.2347 -34.6 31 37.2514 -34.6 30.8394 37.1093 -34.6 30.712 37 -34.6 30 36.288 -34.6 29.4 36.2719 -34.6 29 36.2543 -34.6 28.7292 36 -34.6 28 35.2708 -34.6 27.7104 35 -34.6 27 34.2896 -34.6 26 33.2978 -34.6 25.7262 33 -34.6 25 32.2738 -34.6 24 32.2305 -34.6 23.2305 33 -34.6 23 33.2104 -34.6 22 33.2242 -34.6 18 33.2065 -34.6 17.8775 33.0893 -34.6 17.7809 33 -34.6 17 32.2191 -34.6 16 32.2021 -34.6 15 31.2019 -34.6 14.2019 32 -34.6 14 32.1671 -34.6 13 32.1525 -34.6 12.1525 33 -34.6 12 33.1313 -34.6 11 33.1243 -34.6 10.1269 33.9975 -34.6 10.2116 30 -34.6 10.2282 29.6 -34.6 10.2428 29 -34.6 10.2609 28.6 -34.6 10.2763 28 -34.6 10.2944 27.6 -34.6 10.3094 27 -34.6 10.3293 26.6 -34.6 10.3431 26 -34.6 10.3452 24 -34.6 10.3343 23 -34.6 10.3111 22.6 -34.6 10.2947 22 -34.6 10.2764 21.6 -34.6 10.1474 14.0029 -34.6 11 14.8556 -34.6 11.8556 14 -34.6 12 13.8691 -34.6 13 13.8713 -34.6 13.8713 13 -34.6 14 12.8842 -34.6 18 12.8796 -34.6 18.8796 12 -34.6 19 11.8897 -34.6 
86
28 22.3255 -34.6 27.864 22.4777 -34.6 27.7647 22.6 -34.6 27.5042 23 -34.6 27.1623 23.6 -34.6 27.0002 23.9788 -34.6 27 23.9792 -34.6 26.9911 24 -34.6 26.7849 24.6 -34.6 26.6257 25 -34.6 26.3259 26 -34.6 26.2016 26.6756 -34.6 26.1161 27 -34.6 26.1906 27.4676 -34.6 26.304 28 -34.6 26.3425 28.144 -34.6 26.4057 28.4 -34.6 26.8883 30 -34.6 27 30.2092 -34.6 27.6573 31 -34.6 28 31.5086 -34.6 28.4157 32 -34.6 28.8192 32.4 -34.6 28.9849 32.5532 -34.6 29 32.5706 -34.6 29.4685 33 -34.6 30 33.3311 -34.6 30.0828 33.3793 -34.6 30.1263 33.4 -34.6 30.7223 33.703 -34.6 31 33.8278 -34.6 32 33.9542 -34.6 32.9256 34.0421 -34.6 33 34.0404 -34.6 33.1238 34 -34.6 34 33.3966 -34.6 35 32.4472 -34.6 35.5543 32 -34.6 36 31.586 -34.6 36.5186 31.5186 -34.6 37 31.3586 -34.6 38 31.2338 -34.6 38.1858 31.1858 -34.6 39 30.8993 -34.6 39.6045 30.6045 -34.6 40 30.4717 -34.6 40.2658 30.2658 -34.6 40.6367 30 -34.6 41 29.6632 -34.6 41.3363 29 -34.6 41.4511 28.4512 -34.6 41.4983 28 -34.6 41.5126 27.5126 -34.6 41.5704 27 -34.6 41.5031 26.5031 -34.6 41.5786 26 -34.6 41.4851 25.4851 -34.6 41.5299 25 -34.6 41.2043 24.2043 -34.6 41 23.8438 -34.6 40.4534 23 -34.6 40 22.1714 -34.6 39.8307 22 -34.6 39 21.5868 -34.6 38 21.5449 -34.6 37.5855 21.5855 -34.6 37 21.6173 -34.6 36 21.825 -34.6 35.2042 21.7958 -34.6 35.0129 21.8408 -34.6 35 21.8445 -34.6 34.5797 21.6093 -34.6 34.4 21.5453 -34.6 34 21.5951 -34.6 33.4 21.4689 -34.6 33 21.4181 -34.6 32 21.2077 -34.6 31.0575 21.0272 -34.6 31 21.0184 -34.6 30.1857 21.0595 -34.6 30 21.0784 -34.6 29 21.467 -34.6 28.9721 21.4857 -34.6 28.6 21.7573 -34.6 28.4584 21.8716 -34.6 28.3123 22 -34.6 
19 19 0 -33.7
2 18 20 
2
118
18.8689 12 -33.7 19 11.881 -33.7 23 11.8901 -33.7 24 12.8883 -33.7 26 12.8863 -33.7 26.132 13 -33.7 27 13.868 -33.7 28 13.8621 -33.7 28.1625 14 -33.7 29 14.8375 -33.7 31 14.8229 -33.7 31.8229 14 -33.7 32 13.8396 -33.7 33 13.8343 -33.7 33.8343 13 -33.7 34 12.854 -33.7 35 12.8534 -33.7 35.8534 12 -33.7 36 11.8697 -33.7 42 11.8867 -33.7 42.1183 12 -33.7 43 12.8817 -33.7 43.1238 13 -33.7 43.1376 14 -33.7 44 14.8624 -33.7 44.1448 15 -33.7 44.1975 18 -33.7 44.0639 18.1665 -33.7 44 18.2516 -33.7 43.2516 19 -33.7 44 19.7484 -33.7 44.1611 19.9149 -33.7 44.2408 20 -33.7 44.2701 21 -33.7 45 21.7299 -33.7 45.1714 21.9092 -33.7 45.2544 22 -33.7 45.286 23 -33.7 46 23.714 -33.7 46.2402 24 -33.7 46.2413 30 -33.7 47 30.7587 -33.7 47.1303 30.9216 -33.7 47.191 31 -33.7 48 31.809 -33.7 48.1563 32 -33.7 48.1475 33 -33.7 49 33.8525 -33.7 49.0862 33.9537 -33.7 49.1275 34 -33.7 49.1246 37 -33.7 48 38.1232 -33.7 47 38.1248 -33.7 46 39.1215 -33.7 41 39.154 -33.7 40.8177 39 -33.7 40 38.1823 -33.7 37 38.2146 -33.7 36.8199 38.0702 -33.7 36.727 38 -33.7 36 37.273 -33.7 31 37.2839 -33.7 30.6662 37 -33.7 30 36.3338 -33.7 29.3 36.303 -33.7 29 36.2851 -33.7 28.6955 36 -33.7 28 35.3045 -33.7 27.6731 35 -33.7 26 33.3323 -33.7 25.692 33 -33.7 25 32.3079 -33.7 24 32.2642 -33.7 23.2642 33 -33.7 23 33.237 -33.7 21 33.2606 -33.7 18 33.2332 -33.7 17.831 33.0769 -33.7 17.7428 33 -33.7 17 32.2571 -33.7 16 32.2339 -33.7 15 31.2304 -33.7 14.2304 32 -33.7 14.0772 32.1251 -33.7 14 32.1859 -33.7 13 32.1679 -33.7 12.1679 33 -33.7 12.0543 33.0965 -33.7 12 33.1412 -33.7 11 33.1313 -33.7 10.134 33.9973 -33.7 10.203 31 -33.7 10.2177 30.7 -33.7 10.242 30 -33.7 10.263 29.7 -33.7 10.2922 29 -33.7 10.3202 28.7 -33.7 10.3519 28 -33.7 10.3846 27.7 -33.7 10.4164 27 -33.7 10.4537 26.7 -33.7 10.5002 25.7 -33.7 10.5005 24 -33.7 10.4752 23.7 -33.7 10.4625 23 -33.7 10.4239 22.7 -33.7 10.3833 22 -33.7 10.3564 21.7 -33.7 10.2806 19.7 -33.7 10.205 16 -33.7 10.1613 14.0032 -33.7 11 14.8419 -33.7 11.8419 14 -33.7 12 13.859 -33.7 13 13.8616 -33.7 13.8616 13 -33.7 14 12.8737 -33.7 18 12.8689 -33.7 
100
27.8961 21.4753 -33.7 27.4619 21.8817 -33.7 27.363 22 -33.7 27 22.5602 -33.7 26.9275 22.7084 -33.7 26.3755 24 -33.7 25.994 24.9417 -33.7 25.9691 25 -33.7 25.6691 26 -33.7 25.6056 26.7 -33.7 25.639 27 -33.7 25.8049 28.3 -33.7 25.9643 29 -33.7 26 29.1344 -33.7 26.0881 29.4416 -33.7 26.2601 30 -33.7 26.7965 31 -33.7 26.967 31.3 -33.7 26.9999 31.3611 -33.7 27 31.3613 -33.7 27.4193 32 -33.7 27.6488 32.3 -33.7 27.8629 32.6013 -33.7 28 32.7862 -33.7 28.2386 33 -33.7 28.7025 33.3 -33.7 28.7259 33.3172 -33.7 29.8021 34 -33.7 29.8145 34.0072 -33.7 30 34.1352 -33.7 30.0779 34.1855 -33.7 30.2788 34.3 -33.7 30.6139 34.5061 -33.7 31 34.723 -33.7 32 34.843 -33.7 32.5416 34.8011 -33.7 33 34.7908 -33.7 33.4648 34.7557 -33.7 34 34.6429 -33.7 34.9335 34.0665 -33.7 35.1426 34 -33.7 36 33.6448 -33.7 37 33.5203 -33.7 37.4063 33.4063 -33.7 38 33.3424 -33.7 38.2172 33.2172 -33.7 39 33.1218 -33.7 39.2579 33 -33.7 40 32.4883 -33.7 40.2487 32.2487 -33.7 40.6771 32 -33.7 41 31.758 -33.7 41.7008 31.0255 -33.7 41.727 31 -33.7 42 30.5662 -33.7 42.251 30 -33.7 42.3618 29.6382 -33.7 42.6036 29 -33.7 42.7079 28 -33.7 42.7463 27.3648 -33.7 42.7844 27 -33.7 42.7928 26.3506 -33.7 42.8195 26 -33.7 42.8042 25.3804 -33.7 42.8173 25 -33.7 42.7338 24.5542 -33.7 42.5276 24 -33.7 41.8463 23 -33.7 41.6163 22.7 -33.7 41.1248 22 -33.7 41 21.8354 -33.7 40.2312 21 -33.7 40.186 20.9605 -33.7 40 20.8294 -33.7 39.8157 20.7249 -33.7 39.2581 20.3995 -33.7 39 20.2418 -33.7 38.3136 20 -33.7 38 19.8687 -33.7 37.8632 19.8632 -33.7 37 19.9672 -33.7 36.8904 20 -33.7 36.3691 20.1843 -33.7 36 20.2718 -33.7 35.6189 20.3811 -33.7 35 20.5859 -33.7 34.6669 20.6669 -33.7 34 20.7767 -33.7 33.7884 20.7884 -33.7 33 20.6897 -33.7 32.7011 20.7011 -33.7 32 20.5531 -33.7 31.6689 20.5421 -33.7 31 20.4014 -33.7 30.5423 20.3255 -33.7 30 20.3053 -33.7 29.768 20.394 -33.7 29.7 20.4231 -33.7 29 20.6963 -33.7 28.547 21 -33.7 
20 20 0 -32.8
2 19 21 
3
134
42 11.88 -32.8 43 12.8756 -32.8 43.1023 12.9732 -32.8 43.1292 13 -32.8 43.1445 14 -32.8 44 14.8555 -32.8 44.1524 15 -32.8 44.2168 18 -32.8 44.0465 18.2269 -32.8 44 18.2928 -32.8 43.2928 19 -32.8 44 19.7072 -32.8 44.2123 19.9341 -32.8 44.272 20 -32.8 44.3114 21 -32.8 45 21.6886 -32.8 45.2836 22 -32.8 45.3233 23 -32.8 46 23.6767 -32.8 46.2683 24 -32.8 46.2682 30 -32.8 47 30.7318 -32.8 47.2063 31 -32.8 48 31.7937 -32.8 48.1664 32 -32.8 48.1573 33 -32.8 49 33.8427 -32.8 49.1102 33.9663 -32.8 49.1417 34 -32.8 49.139 37 -32.8 48 38.1371 -32.8 47 38.1395 -32.8 46.1395 39 -32.8 46 39.1352 -32.8 41 39.1671 -32.8 40.843 39.0359 -32.8 40.7987 39 -32.8 40 38.2013 -32.8 37 38.241 -32.8 36.7522 38.0539 -32.8 36.677 38 -32.8 36 37.323 -32.8 35 37.3397 -32.8 31 37.3164 -32.8 30.62 37 -32.8 30 36.38 -32.8 29 36.3187 -32.8 28.6568 36 -32.8 28 35.3432 -32.8 27.6296 35 -32.8 26 33.3691 -32.8 25.6563 33 -32.8 25 32.3437 -32.8 24 32.3046 -32.8 23.3046 33 -32.8 23.0698 33.2075 -32.8 23 33.267 -32.8 21 33.296 -32.8 18 33.2653 -32.8 17.7649 33.0602 -32.8 17.6922 33 -32.8 17 32.3078 -32.8 16.2 32.2838 -32.8 16 32.2738 -32.8 15 31.2682 -32.8 14.2682 32 -32.8 14.0623 32.1622 -32.8 14 32.2077 -32.8 13 32.1849 -32.8 12.1849 33 -32.8 12.04 33.1191 -32.8 12 33.1509 -32.8 11 33.1385 -32.8 10.1413 33.9972 -32.8 10.1875 32 -32.8 10.2237 31 -32.8 10.2367 30.8 -32.8 10.2758 30 -32.8 10.2982 29.8 -32.8 10.3543 29 -32.8 10.3959 28.8 -32.8 10.4707 28 -32.8 10.5578 27.2 -32.8 10.6354 27 -32.8 10.7049 26.642 -32.8 10.7847 26 -32.8 10.8183 25.5418 -32.8 10.8392 25 -32.8 10.8287 24 -32.8 10.7774 23.7305 -32.8 10.7158 23 -32.8 10.6887 22.8989 -32.8 10.6531 22.8 -32.8 10.5501 22 -32.8 10.5094 21.8 -32.8 10.4376 21 -32.8 10.4164 20.8 -32.8 10.3832 20 -32.8 10.3682 19.8 -32.8 10.3389 19 -32.8 10.3277 18.8 -32.8 10.3038 18 -32.8 10.2938 17.8 -32.8 10.2739 17 -32.8 10.2621 16.8 -32.8 10.2388 16 -32.8 10.2291 15.8 -32.8 10.1761 14.0036 -32.8 11 14.8275 -32.8 11.8275 14 -32.8 12 13.8479 -32.8 13 13.85 -32.8 13.85 13 -32.8 14 12.8612 -32.8 18 12.8564 -32.8 18.8564 12 -32.8 19 11.8708 -32.8 23 11.8823 -32.8 24 12.8801 -32.8 26 12.8811 -32.8 26.1394 13 -32.8 27 13.8606 -32.8 28 13.8535 -32.8 28.1747 14 -32.8 29 14.8253 -32.8 31 14.8083 -32.8 31.8083 14 -32.8 32 13.8282 -32.8 33 13.8217 -32.8 33.8217 13 -32.8 34 12.8453 -32.8 35 12.8443 -32.8 35.8443 12 -32.8 36 11.8629 -32.8 
106
27 21.3692 -32.8 26.9173 21.4846 -32.8 26.7185 21.8 -32.8 26.6155 22 -32.8 26 23.438 -32.8 25.9313 23.6065 -32.8 25.3348 25 -32.8 25.1608 25.6572 -32.8 25.0585 26 -32.8 25.1089 26.3626 -32.8 25.1799 27 -32.8 25.3063 28 -32.8 25.3213 28.2141 -32.8 25.4242 29 -32.8 25.427 29.209 -32.8 25.6251 30 -32.8 25.7788 30.2 -32.8 26 30.6297 -32.8 26.2033 31 -32.8 26.3387 31.2 -32.8 26.7932 32 -32.8 26.9123 32.1646 -32.8 27 32.2952 -32.8 27.5053 32.9646 -32.8 27.5339 33 -32.8 27.7053 33.1757 -32.8 28 33.4462 -32.8 28.7558 33.9757 -32.8 28.7871 34 -32.8 29.8 34.7013 -32.8 30 34.8437 -32.8 30.242 35 -32.8 30.3359 35.0583 -32.8 30.8 35.3667 -32.8 31 35.4833 -32.8 31.8 35.5343 -32.8 32 35.5858 -32.8 32.2717 35.5989 -32.8 33 35.5456 -32.8 33.2561 35.5359 -32.8 34.2331 35.4643 -32.8 35 35.3959 -32.8 36 35.1389 -32.8 36.5035 35 -32.8 36.5732 34.9743 -32.8 37 34.8623 -32.8 37.2616 34.7618 -32.8 38 34.5719 -32.8 39 34.2334 -32.8 39.2 34.1764 -32.8 39.7056 34 -32.8 40 33.8656 -32.8 40.2418 33.7384 -32.8 41 33.2575 -32.8 41.2561 33.0154 -32.8 42 32.5334 -32.8 42.03 32.4982 -32.8 42.4275 32 -32.8 42.876 31.2 -32.8 42.9966 31.0633 -32.8 43 31.0583 -32.8 43.0633 30.9624 -32.8 43.1059 30.8941 -32.8 43.3046 30.4734 -32.8 43.5144 30 -32.8 43.7381 29 -32.8 43.7293 28.5764 -32.8 43.7468 28 -32.8 43.6835 24.6445 -32.8 43.609 24 -32.8 43.5146 23.8698 -32.8 43.4697 23.8 -32.8 43.155 23.327 -32.8 43 23.0648 -32.8 42.9551 23 -32.8 41.3601 20.8968 -32.8 41.1075 20.6302 -32.8 41 20.5396 -32.8 40.2191 20 -32.8 40.1324 19.9505 -32.8 39.8882 19.8195 -32.8 39.8493 19.8 -32.8 39.1611 19.4001 -32.8 38.4117 19 -32.8 38 18.8021 -32.8 37.2 18.7685 -32.8 37 18.7449 -32.8 36.8 18.7456 -32.8 35.8406 19 -32.8 35 19.2781 -32.8 34.6695 19.3807 -32.8 34 19.5514 -32.8 31.7249 19.6772 -32.8 31 19.6668 -32.8 30.7582 19.6975 -32.8 30 19.5517 -32.8 29.9331 19.5821 -32.8 29.8 19.6473 -32.8 29.1814 19.8652 -32.8 29 19.934 -32.8 28.8946 20 -32.8 28.7865 20.0762 -32.8 28 20.6035 -32.8 27.9854 20.6139 -32.8 27.523 20.9223 -32.8 27.3984 21 -32.8 
44
17 25.6916 -32.8 16.8479 25.8479 -32.8 16.727 26 -32.8 16.8553 27 -32.8 17 27.9548 -32.8 17.0077 28 -32.8 17.3132 28.3806 -32.8 17.5165 29 -32.8 17.7177 29.2 -32.8 17.8999 29.3975 -32.8 18 29.4953 -32.8 18.8343 30 -32.8 19 30.1051 -32.8 19.2235 30.2235 -32.8 20 30.4457 -32.8 20.3843 30.3843 -32.8 21 30.3931 -32.8 21.2725 30.2725 -32.8 22 30.0004 -32.8 22.0003 30.0003 -32.8 22.0008 30 -32.8 23 29.4705 -32.8 23.4936 29 -32.8 23.499 28.5237 -32.8 23.5906 28 -32.8 23.5951 27.518 -32.8 23.5894 27 -32.8 23.1023 26.1023 -32.8 23.086 26 -32.8 23 25.9409 -32.8 22.0004 25.001 -32.8 22 25.0006 -32.8 21.9992 25 -32.8 21.3568 24.8312 -32.8 21.2902 24.8 -32.8 21.1334 24.7309 -32.8 21 24.6261 -32.8 20.6226 24.5688 -32.8 20 24.5566 -32.8 19.3233 24.6767 -32.8 19 24.6896 -32.8 18 24.8793 -32.8 17.9253 24.9253 -32.8 17.8189 25 -32.8 
21 21 0 -31.9
2 20 22 
2
148
23 11.8742 -31.9 24 12.8715 -31.9 26 12.8763 -31.9 26.1471 13 -31.9 27 13.8529 -31.9 28 13.8442 -31.9 28.1683 13.9836 -31.9 28.1887 14 -31.9 29 14.8113 -31.9 31 14.792 -31.9 31.792 14 -31.9 32 13.8163 -31.9 33 13.8091 -31.9 33.8091 13 -31.9 34 12.8359 -31.9 35 12.8349 -31.9 35.8349 12 -31.9 36 11.8557 -31.9 42 11.8663 -31.9 43.1359 13 -31.9 43.1517 14 -31.9 44 14.8483 -31.9 44.1603 15 -31.9 44.2344 18 -31.9 44.0251 18.2966 -31.9 44 18.3344 -31.9 43.3344 19 -31.9 44 19.6656 -31.9 44.3025 20 -31.9 44.3458 20.9 -31.9 44.3521 21 -31.9 45 21.6479 -31.9 45.3166 22 -31.9 45.3609 23 -31.9 46 23.6391 -31.9 46.3006 24 -31.9 46.3095 24.9 -31.9 46.3121 25 -31.9 46.3234 28.9 -31.9 46.2993 30 -31.9 47 30.7007 -31.9 47.1997 30.9662 -31.9 47.2243 31 -31.9 48 31.7757 -31.9 48.1784 32 -31.9 48.1718 33 -31.9 49 33.8282 -31.9 49.1604 34 -31.9 49.1565 37 -31.9 48.1593 38 -31.9 48 38.154 -31.9 47 38.1578 -31.9 46.1578 39 -31.9 46 39.1517 -31.9 41 39.1819 -31.9 40.7753 39 -31.9 40 38.2247 -31.9 37 38.2729 -31.9 36.6612 38.0305 -31.9 36.6166 38 -31.9 36 37.3834 -31.9 35 37.4045 -31.9 34.1 37.3955 -31.9 34 37.3963 -31.9 31.1 37.3564 -31.9 31 37.3514 -31.9 30.5695 37 -31.9 30 36.4305 -31.9 29 36.3609 -31.9 28.6072 36 -31.9 28 35.3928 -31.9 27.5792 35 -31.9 26 33.4137 -31.9 25.6117 33 -31.9 25 32.3883 -31.9 24.1 32.3587 -31.9 24 32.3571 -31.9 23.3571 33 -31.9 23.043 33.2678 -31.9 23 33.3022 -31.9 21 33.3389 -31.9 20 33.3399 -31.9 18 33.3073 -31.9 17.6295 33 -31.9 17 32.3705 -31.9 16.1 32.3255 -31.9 16 32.3176 -31.9 15.7195 32.0355 -31.9 15.6824 32 -31.9 15 31.3176 -31.9 14.3176 32 -31.9 14.037 32.2048 -31.9 14 32.2298 -31.9 13 32.2017 -31.9 12.2017 33 -31.9 12 33.16 -31.9 11 33.1466 -31.9 10.1496 33.997 -31.9 10.202 32 -31.9 10.2452 31 -31.9 10.2535 30.9 -31.9 10.3121 30 -31.9 10.3279 29.9 -31.9 10.4288 29 -31.9 10.47 28.9 -31.9 10.6571 28 -31.9 10.9924 27.1417 -31.9 11 27.1317 -31.9 11.1 27.1207 -31.9 12 26.7571 -31.9 12.1341 26.6903 -31.9 13 26.1837 -31.9 13.2574 26 -31.9 13.2934 25.7671 -31.9 13.5434 25 -31.9 13.4806 24.8725 -31.9 13.1629 24 -31.9 13 23.6305 -31.9 12.5769 23 -31.9 12.4526 22.9232 -31.9 12.4101 22.9 -31.9 12.0575 22.6823 -31.9 12 22.6509 -31.9 11.6508 22.4934 -31.9 11 22.3219 -31.9 10.8842 22 -31.9 10.848 21.8538 -31.9 10.6567 20.9145 -31.9 10.6521 20.9 -31.9 10.557 20 -31.9 10.5339 19.9 -31.9 10.4665 19 -31.9 10.4519 18.9 -31.9 10.4016 18 -31.9 10.3865 17.9 -31.9 10.3415 17 -31.9 10.3307 16.9 -31.9 10.2712 15.9 -31.9 10.1923 14.0039 -31.9 11 14.8116 -31.9 11.8116 14 -31.9 12 13.8346 -31.9 13 13.8333 -31.9 13.8333 13 -31.9 14 12.846 -31.9 18 12.8413 -31.9 18.8414 12 -31.9 19 11.8588 -31.9 
141
17 23.7305 -31.9 16.7223 23.9366 -31.9 15.4844 25 -31.9 15 25.6233 -31.9 14.8061 25.9512 -31.9 14.7727 26 -31.9 14.8746 26.1 -31.9 14.9743 26.3814 -31.9 15 26.4306 -31.9 15.2074 27 -31.9 15.289 27.138 -31.9 15.7451 28 -31.9 16 28.4544 -31.9 16.3116 29 -31.9 17 29.8724 -31.9 17.1171 30 -31.9 17.5989 30.463 -31.9 18 30.8373 -31.9 18.2304 31 -31.9 18.4561 31.1 -31.9 18.4934 31.1126 -31.9 19 31.3759 -31.9 19.1639 31.412 -31.9 20 31.6446 -31.9 21 31.7427 -31.9 22 31.4808 -31.9 22.0219 31.4729 -31.9 22.1 31.4467 -31.9 23 31.1089 -31.9 23.2585 31 -31.9 24.0753 30.53 -31.9 25 30.1335 -31.9 25.6597 30.9896 -31.9 25.6719 31 -31.9 25.7516 31.1 -31.9 26.3559 32 -31.9 27 32.8818 -31.9 27.0957 33 -31.9 27.1898 33.1 -31.9 28 33.9306 -31.9 28.22 34.1 -31.9 29.9 35.2769 -31.9 30 35.3443 -31.9 30.9 35.8687 -31.9 31 35.9123 -31.9 31.9 36.1252 -31.9 32 36.1611 -31.9 33.1 36.245 -31.9 34 36.2393 -31.9 34.1 36.2407 -31.9 35 36.1919 -31.9 35.1 36.1768 -31.9 36 35.9538 -31.9 36.157 35.8942 -31.9 39 34.8988 -31.9 40 34.6134 -31.9 40.1 34.5647 -31.9 41 34.2349 -31.9 41.2841 34 -31.9 41.9964 33.2638 -31.9 42 33.2599 -31.9 42.2153 33 -31.9 43 32.0155 -31.9 43.0121 32 -31.9 44.0254 30.4655 -31.9 44.2369 30.1 -31.9 44.2871 30 -31.9 44.4563 29.1 -31.9 44.4863 29 -31.9 44.4911 28.8821 -31.9 44.458 26 -31.9 44.4485 25.9 -31.9 44.4383 25 -31.9 44.4139 24.9 -31.9 44.366 24 -31.9 44.3236 23.9 -31.9 44 23.2548 -31.9 43.8359 23 -31.9 43.7977 22.9444 -31.9 43.7713 22.9 -31.9 43.1842 22 -31.9 43.1248 21.9 -31.9 43.1066 21.8682 -31.9 43 21.6969 -31.9 42.4715 21 -31.9 42.4521 20.9759 -31.9 42.407 20.9 -31.9 42.0549 20.4357 -31.9 42 20.3374 -31.9 41.6776 20 -31.9 41.5838 19.9382 -31.9 41.5233 19.9 -31.9 41.0395 19.5637 -31.9 41 19.5373 -31.9 40 19.0103 -31.9 39.9795 19 -31.9 39.8248 18.9277 -31.9 39.0441 18.5515 -31.9 39 18.529 -31.9 38 18.0482 -31.9 37.0855 17.9397 -31.9 37 17.9273 -31.9 36 17.929 -31.9 35.0096 17.9919 -31.9 35 17.9919 -31.9 34.9597 18 -31.9 34.6745 18.078 -31.9 34 18.296 -31.9 33.737 18.3234 -31.9 33 18.3815 -31.9 32.8185 18.4237 -31.9 32 18.4689 -31.9 31.8955 18.5131 -31.9 31 18.6054 -31.9 30.992 18.6084 -31.9 30.9 18.6364 -31.9 30 18.7941 -31.9 29.8272 18.8769 -31.9 29.5507 19 -31.9 29 19.2697 -31.9 28 19.8979 -31.9 27.9179 19.9587 -31.9 27.8522 20 -31.9 27.0179 20.5502 -31.9 27 20.5635 -31.9 26.9189 20.6502 -31.9 26.5469 21 -31.9 26.0831 21.9 -31.9 26.0142 22 -31.9 26 22.0331 -31.9 25 24.4167 -31.9 24.9451 24.4909 -31.9 24.9 24.5193 -31.9 24.1859 24.9283 -31.9 24 24.9777 -31.9 21 23.6043 -31.9 20.7851 23.537 -31.9 20 23.3797 -31.9 18.7129 23.3015 -31.9 18 23.3165 -31.9 17.8008 23.3555 -31.9 
22 22 0 -31
2 21 23 
1
191
23 11.8653 -31 24 12.8622 -31 26 12.8727 -31 26.1535 13 -31 27 13.8464 -31 28 13.8364 -31 28.2035 14 -31 29 14.7965 -31 31 14.7744 -31 31.7743 14 -31 32 13.8026 -31 33 13.7946 -31 33.7946 13 -31 34 12.8256 -31 35 12.8243 -31 35.8243 12 -31 36 11.8479 -31 42 11.8495 -31 43.1511 13 -31 43.1597 14 -31 44 14.8403 -31 44.1689 15 -31 44.251 18 -31 44 18.3776 -31 43.3775 19 -31 44 19.6224 -31 44.34 20 -31 44.4039 21 -31 45 21.5961 -31 45.3577 22 -31 45.4081 23 -31 46 23.5919 -31 46.3346 24 -31 46.3606 25 -31 46.388 28 -31 46.3383 30 -31 47 30.6617 -31 47.2455 31 -31 48 31.7544 -31 48.1958 32 -31 48.1999 33 -31 49 33.8001 -31 49.1838 34 -31 49.1779 37 -31 48.1822 38 -31 48 38.1747 -31 47 38.1806 -31 46.1806 39 -31 46 39.172 -31 41 39.2015 -31 40.7462 39 -31 40 38.2538 -31 37 38.3048 -31 36.554 38 -31 36 37.446 -31 34 37.4658 -31 32 37.4406 -31 31 37.3906 -31 30.5093 37 -31 30 36.4907 -31 29 36.415 -31 28.5416 36 -31 28 35.4584 -31 27.5208 35 -31 26 33.47 -31 25.5544 33 -31 25 32.4456 -31 24 32.4304 -31 23.4304 33 -31 23 33.3436 -31 21 33.3956 -31 19 33.3923 -31 18 33.3644 -31 17.5667 33 -31 17 32.4333 -31 16 32.3549 -31 15.6296 32 -31 15 31.3704 -31 14.3704 32 -31 14 32.2501 -31 13 32.2173 -31 12.2173 33 -31 12 33.1695 -31 11 33.1579 -31 10.1611 33.9968 -31 10.2186 32 -31 10.2702 31 -31 10.3536 30 -31 10.5115 29 -31 10.924 28 -31 11 27.9003 -31 12 27.7898 -31 13 27.3182 -31 13.7149 27 -31 14 26.8302 -31 14.1199 27 -31 15 28.5952 -31 15.233 29 -31 16.8334 31 -31 17 31.1643 -31 18 31.7971 -31 18.6987 32 -31 19 32.0824 -31 20 32.2659 -31 21 32.282 -31 22 32.0653 -31 22.2186 32 -31 23 31.7385 -31 25 30.8963 -31 25.1223 31 -31 25.9185 32 -31 26 32.12 -31 26.6682 33 -31 27.6092 34 -31 28 34.3929 -31 28.7949 35 -31 29 35.1437 -31 30 35.818 -31 30.3943 36 -31 31 36.2453 -31 32 36.6041 -31 34 36.7566 -31 35 36.7707 -31 36 36.6195 -31 39 35.5646 -31 40 35.2791 -31 41 34.7924 -31 41.9645 34 -31 42 33.9608 -31 43 32.7631 -31 43.5946 32 -31 44.2536 31 -31 44.755 30 -31 45.0526 29 -31 45.105 28 -31 45.0743 26 -31 44.9834 25 -31 44.7401 24 -31 44.3166 23 -31 44 22.4437 -31 42.5493 20 -31 42 19.3821 -31 41.3952 19 -31 41 18.7876 -31 38 17.2943 -31 37 17.1493 -31 35 17.1527 -31 34 17.2122 -31 33 17.3824 -31 32 17.6711 -31 30 18.2801 -31 29 18.7632 -31 28 19.3919 -31 27 20.1335 -31 26.1891 21 -31 25.5273 22 -31 25 23.2573 -31 24.4511 24 -31 24 24.2831 -31 23 23.8331 -31 21 22.887 -31 20 22.4464 -31 19 22.3835 -31 18 22.3566 -31 17 22.5102 -31 16 22.7538 -31 15.5302 23 -31 15 23.459 -31 14 23.3926 -31 13.8252 23 -31 13 22.2323 -31 12.575 22 -31 12.5302 21 -31 12.433 20 -31 12 19.5711 -31 11 20.1455 -31 10.9538 20 -31 10.7234 19 -31 10.4261 17 -31 10.3184 16 -31 10.254 15 -31 10.2113 14.0043 -31 11 14.7931 -31 11.7931 14 -31 12 13.8162 -31 13 13.8111 -31 13.8111 13 -31 14 12.8273 -31 18 12.8229 -31 18.8229 12 -31 19 11.8448 -31 
23 23 0 -30.1
2 22 24 
1
303
23 11.8549 -30.1 24 12.8516 -30.1 26 12.8703 -30.1 26.1576 13 -30.1 27 13.8424 -30.1 28 13.8309 -30.1 28.0203 13.8473 -30.1 28.2162 14 -30.1 29 14.7838 -30.1 31 14.753 -30.1 31.753 14 -30.1 32 13.7864 -30.1 33 13.7775 -30.1 33.7775 13 -30.1 34 12.809 -30.1 35 12.8088 -30.1 35.8088 12 -30.1 35.8264 11.9848 -30.1 36 11.828 -30.1 42 11.8278 -30.1 42.1771 12 -30.1 43.173 13 -30.1 43.1796 14 -30.1 44 14.8204 -30.1 44.0169 14.8364 -30.1 44.1785 15 -30.1 44.2699 18 -30.1 44.2448 18.0378 -30.1 44 18.4222 -30.1 43.4222 19 -30.1 44 19.5778 -30.1 44.3898 20 -30.1 44.3962 20.1 -30.1 44.4763 21 -30.1 45 21.5236 -30.1 45.0358 21.564 -30.1 45.4075 22 -30.1 45.4125 22.1 -30.1 45.4716 23 -30.1 46 23.5284 -30.1 46.0335 23.5692 -30.1 46.3759 24 -30.1 46.3785 24.1 -30.1 46.4267 25 -30.1 46.4654 28 -30.1 46.4636 28.1 -30.1 46.3907 30 -30.1 47 30.6093 -30.1 47.0246 30.6432 -30.1 47.2719 31 -30.1 48 31.7281 -30.1 48.0196 31.7527 -30.1 48.2331 32 -30.1 48.2407 33 -30.1 49 33.7593 -30.1 49.0184 33.7793 -30.1 49.2143 34 -30.1 49.2059 37 -30.1 49 37.212 -30.1 48.212 38 -30.1 48 38.2024 -30.1 47 38.2107 -30.1 46.2107 39 -30.1 46 39.1988 -30.1 41 39.2308 -30.1 40.7038 39 -30.1 40 38.2962 -30.1 37 38.3383 -30.1 36.9554 38.3078 -30.1 36.4856 38 -30.1 36 37.5144 -30.1 34 37.5371 -30.1 33.9 37.5359 -30.1 33 37.5469 -30.1 32 37.522 -30.1 31.9 37.5171 -30.1 31 37.4412 -30.1 30.9509 37.4021 -30.1 30.4264 37 -30.1 30 36.5735 -30.1 29.9 36.5659 -30.1 29 36.476 -30.1 28.9542 36.4345 -30.1 28.4456 36 -30.1 28 35.5545 -30.1 27.9521 35.5087 -30.1 26 33.5469 -30.1 25.4742 33 -30.1 25 32.5258 -30.1 24.9 32.5243 -30.1 24 32.5415 -30.1 23.5415 33 -30.1 23.4985 33.0344 -30.1 23 33.4001 -30.1 21.9 33.4399 -30.1 21 33.4788 -30.1 19 33.4872 -30.1 18.9 33.4844 -30.1 18 33.4277 -30.1 17.9567 33.3912 -30.1 17.5079 33 -30.1 17 32.4921 -30.1 16.9 32.4842 -30.1 16 32.3932 -30.1 15.963 32.3577 -30.1 15.5732 32 -30.1 15 31.4268 -30.1 14.4268 32 -30.1 14.3898 32.025 -30.1 14 32.2745 -30.1 13 32.2355 -30.1 12.2355 33 -30.1 12 33.1808 -30.1 11 33.177 -30.1 10.1805 33.9963 -30.1 10.2414 32 -30.1 10.3017 31 -30.1 10.4014 30.1 -30.1 10.4098 30 -30.1 10.6231 29.1 -30.1 10.6389 29 -30.1 10.6802 28.9 -30.1 10.6961 28.8759 -30.1 11 28.3429 -30.1 11.1272 28.3417 -30.1 12 28.4811 -30.1 12.2176 28.4313 -30.1 13.2288 28.4069 -30.1 14 28.7285 -30.1 14.0248 28.7712 -30.1 14.1524 29 -30.1 14.9511 30 -30.1 16.0021 30.9186 -30.1 16.0678 31 -30.1 16.0833 31.0126 -30.1 16.1 31.029 -30.1 17 31.712 -30.1 17.1 31.7753 -30.1 17.1456 31.806 -30.1 18 32.3501 -30.1 18.1 32.377 -30.1 19 32.7409 -30.1 19.9 32.7735 -30.1 20 32.7919 -30.1 20.9 32.7704 -30.1 21 32.772 -30.1 21.9 32.5538 -30.1 22 32.5321 -30.1 22.9 32.312 -30.1 23 32.2821 -30.1 23.866 32 -30.1 23.9219 31.9796 -30.1 25 31.5253 -30.1 25.0122 31.5358 -30.1 25.3883 31.9 -30.1 25.4679 32 -30.1 25.9918 32.6899 -30.1 26 32.7019 -30.1 26.0668 32.7899 -30.1 26.2407 33 -30.1 27.9609 34.828 -30.1 28 34.8673 -30.1 28.0795 34.928 -30.1 28.1611 35 -30.1 28.9795 35.6266 -30.1 29 35.6409 -30.1 29.1 35.7084 -30.1 29.634 36 -30.1 30 36.1702 -30.1 31 36.5752 -30.1 31.1 36.6111 -30.1 32 36.9753 -30.1 32.2852 37.0121 -30.1 33 37.1189 -30.1 33.2621 37.1227 -30.1 36 37.0197 -30.1 36.1832 37 -30.1 36.9 36.9091 -30.1 37 36.874 -30.1 37.9 36.6117 -30.1 39 36.2303 -30.1 39.9 35.8581 -30.1 40 35.8295 -30.1 40.9 35.1811 -30.1 41 35.1324 -30.1 41.1838 35 -30.1 41.778 34.5485 -30.1 42 34.3746 -30.1 42.4259 34 -30.1 42.8927 33.5392 -30.1 43 33.4149 -30.1 43.3946 33 -30.1 44 32.242 -30.1 44.1825 32 -30.1 44.2481 31.9 -30.1 44.786 31 -30.1 44.8362 30.9 -30.1 44.8746 30.8098 -30.1 45 30.5278 -30.1 45.2136 30 -30.1 45.504 29 -30.1 45.7237 28.1 -30.1 45.729 28 -30.1 45.6642 27.1 -30.1 45.663 27 -30.1 45.5812 26.1 -30.1 45.5793 26 -30.1 45.4801 25 -30.1 45.3918 24.7318 -30.1 44.7689 23.1 -30.1 44.7266 23 -30.1 44.2666 22.1 -30.1 43.6149 21 -30.1 43.0324 20.1 -30.1 43.0088 20.0616 -30.1 42.9722 20 -30.1 42.9549 19.9769 -30.1 42.1356 19.0382 -30.1 42.0961 19 -30.1 42 18.921 -30.1 41 18.3835 -30.1 40.9 18.3324 -30.1 40.7742 18.2621 -30.1 40 17.846 -30.1 39.9441 17.821 -30.1 39.9 17.7993 -30.1 39 17.3155 -30.1 38.9 17.2667 -30.1 38.7875 17.2076 -30.1 38.3666 17 -30.1 38 16.8405 -30.1 37.8688 16.824 -30.1 37 16.6772 -30.1 35.8611 16.6813 -30.1 34 16.7643 -30.1 33 16.9185 -30.1 32.7039 17 -30.1 32.5755 17.0382 -30.1 32 17.1981 -30.1 31.9 17.2285 -30.1 30 17.7697 -30.1 29.4729 18.028 -30.1 29.1 18.2324 -30.1 29 18.2807 -30.1 28.1 18.9723 -30.1 28 19.0351 -30.1 27.1 19.7266 -30.1 27 19.8007 -30.1 26.7654 20.0133 -30.1 26.1 20.846 -30.1 26.0189 20.9327 -30.1 25.907 21.1 -30.1 25.2958 22 -30.1 25.2539 22.1 -30.1 25 22.4741 -30.1 24.59 23 -30.1 24.5774 23.0257 -30.1 24.1 23.4821 -30.1 24.0451 23.5564 -30.1 24 23.585 -30.1 21 22.1698 -30.1 20.9 22.1257 -30.1 20.7897 22.0711 -30.1 20 21.697 -30.1 19.8415 21.6771 -30.1 19 21.4482 -30.1 18.8371 21.4511 -30.1 18 21.526 -30.1 17.7762 21.5605 -30.1 17 21.6312 -30.1 16.6422 21.6948 -30.1 16 21.6818 -30.1 15.2169 21.8925 -30.1 15 21.8628 -30.1 14.6305 21.2318 -30.1 14.5113 21 -30.1 14 20.1517 -30.1 13.9557 20 -30.1 13.8917 19.8917 -30.1 13.5194 19 -30.1 13 18.6653 -30.1 12 18.0923 -30.1 11.8771 18.1229 -30.1 11.5681 18.1738 -30.1 11 18.2472 -30.1 10.9723 18.18 -30.1 10.929 18.1 -30.1 10.9143 18 -30.1 10.5468 17.1 -30.1 10.3839 16.1 -30.1 10.3731 16 -30.1 10.2939 15.1 -30.1 10.234 14.0048 -30.1 11 14.7708 -30.1 11.7708 14 -30.1 12 13.7933 -30.1 13 13.7827 -30.1 13.7827 13 -30.1 14 12.8034 -30.1 18 12.799 -30.1 18.799 12 -30.1 18.8167 11.9845 -30.1 19 11.8293 -30.1 
24 24 0 -29.2
2 23 25 
1
307
19 11.8117 -29.2 23 11.8427 -29.2 24 12.8392 -29.2 26 12.8622 -29.2 26.0316 12.8882 -29.2 26.1614 13 -29.2 27 13.8386 -29.2 28 13.8257 -29.2 28.2253 14 -29.2 29 14.7746 -29.2 31 14.7287 -29.2 31.7287 14 -29.2 32 13.7673 -29.2 33 13.7509 -29.2 33.7509 13 -29.2 33.7958 12.9614 -29.2 34 12.7796 -29.2 35 12.7774 -29.2 35.7774 12 -29.2 36 11.8021 -29.2 42 11.8002 -29.2 42.2079 12 -29.2 43.2023 13 -29.2 43.2109 14 -29.2 44.0359 14.8254 -29.2 44.2033 15 -29.2 44.2084 15.2 -29.2 44.2171 16 -29.2 44.2919 18 -29.2 44.2375 18.0854 -29.2 44 18.479 -29.2 43.479 19 -29.2 44 19.521 -29.2 44.4436 20 -29.2 44.4614 20.2 -29.2 44.5807 21 -29.2 45 21.4194 -29.2 45.0826 21.5162 -29.2 45.4709 22 -29.2 45.4841 22.2 -29.2 45.5587 23 -29.2 46 23.4413 -29.2 46.0761 23.537 -29.2 46.429 24 -29.2 46.4397 24.2 -29.2 46.4998 25 -29.2 46.5037 25.2 -29.2 46.5382 26 -29.2 46.5416 26.2 -29.2 46.5305 27 -29.2 46.5313 27.2 -29.2 46.5206 28 -29.2 46.5139 28.2 -29.2 46.5038 29 -29.2 46.4624 30 -29.2 47 30.5376 -29.2 47.3129 31 -29.2 48 31.687 -29.2 48.0474 31.742 -29.2 48.284 32 -29.2 48.3013 33 -29.2 49 33.6987 -29.2 49.0435 33.7478 -29.2 49.254 34 -29.2 49.2442 37 -29.2 49 37.2526 -29.2 48.2526 38 -29.2 48 38.2393 -29.2 47 38.2526 -29.2 46.2526 39 -29.2 46 39.2339 -29.2 41 39.2678 -29.2 40.9398 39.221 -29.2 40.645 39 -29.2 40 38.355 -29.2 39.8 38.3581 -29.2 37 38.3769 -29.2 36.8956 38.3085 -29.2 36.3968 38 -29.2 36 37.6032 -29.2 33.8 37.6299 -29.2 33 37.6245 -29.2 32 37.5894 -29.2 31.8 37.5726 -29.2 31 37.4915 -29.2 30.8834 37.4022 -29.2 30.3112 37 -29.2 30 36.6888 -29.2 29.8 36.6688 -29.2 29 36.5538 -29.2 28.887 36.4572 -29.2 28.3125 36 -29.2 27.8864 35.5745 -29.2 27.3281 35 -29.2 26 33.6539 -29.2 25 32.6353 -29.2 24.8 32.6391 -29.2 24 32.701 -29.2 23.701 33 -29.2 23.5902 33.0813 -29.2 23 33.4788 -29.2 22.8 33.4865 -29.2 22 33.5338 -29.2 21.8 33.5424 -29.2 21 33.6019 -29.2 20.8 33.6029 -29.2 20 33.5867 -29.2 19.8 33.5877 -29.2 18 33.4742 -29.2 17.9003 33.3873 -29.2 17.4306 33 -29.2 17 32.5694 -29.2 16.8 32.5492 -29.2 16 32.4409 -29.2 15.9134 32.3614 -29.2 15.4971 32 -29.2 15 31.5029 -29.2 14.5029 32 -29.2 14.4163 32.0554 -29.2 14 32.3027 -29.2 13 32.2569 -29.2 12.2569 33 -29.2 12.2094 33.0364 -29.2 12 33.205 -29.2 11 33.2012 -29.2 10.2054 33.9958 -29.2 10.2366 33 -29.2 10.2804 32 -29.2 10.3509 31 -29.2 10.465 30.2 -29.2 10.4872 30 -29.2 10.8058 29.2 -29.2 10.8532 29 -29.2 10.9226 28.8783 -29.2 11 28.7801 -29.2 12.4912 29.0202 -29.2 13 29.1306 -29.2 13.2063 29.2037 -29.2 14 29.6661 -29.2 14.0064 29.6714 -29.2 14.1544 29.8 -29.2 14.3155 30 -29.2 15.4658 31 -29.2 15.9967 31.4062 -29.2 16 31.409 -29.2 16.2 31.5608 -29.2 18 32.6989 -29.2 18.2 32.7798 -29.2 18.6616 33 -29.2 19 33.1326 -29.2 19.2756 33.1468 -29.2 20 33.2607 -29.2 20.3002 33.2519 -29.2 21 33.243 -29.2 23.8 32.5586 -29.2 24 32.494 -29.2 24.8 32.256 -29.2 25 32.1661 -29.2 25.6582 32.8 -29.2 25.8133 33 -29.2 28 35.3238 -29.2 28.5457 35.7623 -29.2 28.5908 35.8 -29.2 28.8597 36 -29.2 29 36.0832 -29.2 29.2 36.1763 -29.2 30 36.4983 -29.2 30.8 36.8023 -29.2 31.1917 36.961 -29.2 31.9917 37.2506 -29.2 32 37.254 -29.2 33 37.3973 -29.2 33.8 37.4016 -29.2 36.8 37.2759 -29.2 37 37.2542 -29.2 37.4745 37.1738 -29.2 38 37.1118 -29.2 38.5036 37 -29.2 38.8 36.9212 -29.2 39 36.8521 -29.2 39.8 36.2757 -29.2 40 36.1929 -29.2 41.6557 35 -29.2 41.8085 34.8839 -29.2 42 34.7456 -29.2 42.7914 34.0839 -29.2 42.8868 34 -29.2 42.9914 33.8968 -29.2 43.8 33.1353 -29.2 43.9305 33 -29.2 44 32.9135 -29.2 44.041 32.8656 -29.2 44.0905 32.8 -29.2 44.7661 32 -29.2 44.8857 31.8 -29.2 44.9248 31.722 -29.2 45 31.582 -29.2 45.275 31 -29.2 45.3047 30.9303 -29.2 45.3575 30.8 -29.2 45.6651 30 -29.2 45.9556 29 -29.2 46.0257 28.5075 -29.2 46.0592 28 -29.2 46.0584 27.5005 -29.2 46.0818 27 -29.2 46.0701 26.4289 -29.2 46.0781 26 -29.2 46 25.6577 -29.2 45.8874 25.2 -29.2 45.8674 25 -29.2 44.9544 22.6071 -29.2 44.7819 22.2 -29.2 44.6796 22 -29.2 44.0868 21 -29.2 43.9335 20.7912 -29.2 43.4787 20.2 -29.2 43.3493 20 -29.2 43 19.5545 -29.2 42.8301 19.3596 -29.2 42.5422 19 -29.2 42.0301 18.5417 -29.2 42 18.5169 -29.2 39.8 17.3344 -29.2 39.0667 17 -29.2 39 16.9725 -29.2 38.8 16.8843 -29.2 38 16.6132 -29.2 37.8 16.5794 -29.2 37 16.4738 -29.2 36.8 16.4741 -29.2 36 16.3685 -29.2 35.8 16.3775 -29.2 35 16.3181 -29.2 34 16.363 -29.2 33.8 16.3931 -29.2 33 16.4832 -29.2 31 17.0341 -29.2 30.2 17.3484 -29.2 30 17.4063 -29.2 29.2 17.8826 -29.2 29 17.9819 -29.2 28.9728 18 -29.2 28.2 18.5494 -29.2 27 19.4683 -29.2 26.525 19.9528 -29.2 26.4728 20 -29.2 26.325 20.185 -29.2 26 20.6427 -29.2 25.0382 22.0795 -29.2 25 22.1399 -29.2 24.2096 22.8795 -29.2 24.1157 23 -29.2 24.0096 23.1014 -29.2 24 23.1077 -29.2 23.8 23.0139 -29.2 23.7781 23 -29.2 23 22.558 -29.2 22.9841 22.5513 -29.2 22.281 22.2 -29.2 22.097 22.1128 -29.2 22 22.0584 -29.2 21.8795 22 -29.2 21.7714 21.9533 -29.2 21 21.5679 -29.2 20.962 21.5518 -29.2 20.2579 21.2 -29.2 20.0959 21.1233 -29.2 20 21.0695 -29.2 19.8195 21 -29.2 19.1498 20.1498 -29.2 19.0822 20.0693 -29.2 19.0356 20 -29.2 19 19.9031 -29.2 18.3382 19 -29.2 18 18.1487 -29.2 17.8834 18 -29.2 16.7276 17.2724 -29.2 16.0904 17.4538 -29.2 16 17.4771 -29.2 15.54 17.483 -29.2 14 17.8363 -29.2 13.5544 17.7229 -29.2 13 17.7704 -29.2 12.8136 17.6687 -29.2 12.8 17.6623 -29.2 12 17.3305 -29.2 11.2 17.5318 -29.2 11 17.5509 -29.2 10.9904 17.5382 -29.2 10.7888 17.2 -29.2 10.7071 17 -29.2 10.4835 16.2 -29.2 10.4506 16 -29.2 10.348 15.2 -29.2 10.3304 15 -29.2 10.2719 14.2 -29.2 10.2612 14.0054 -29.2 11 14.7441 -29.2 11.7441 14 -29.2 12 13.7701 -29.2 13 13.7503 -29.2 13.7503 13 -29.2 14 12.776 -29.2 18 12.7694 -29.2 18.7694 12 -29.2 18.8102 11.9655 -29.2 
25 25 0 -28.3
3 24 26 27 
1
325
23 11.8285 -28.3 24 12.8246 -28.3 26 12.8536 -28.3 26.0487 12.8955 -28.3 26.1651 13 -28.3 27 13.8349 -28.3 28 13.8203 -28.3 28.2345 14 -28.3 29 14.7655 -28.3 31.7 14.6826 -28.3 32 14.3652 -28.3 32.3652 14 -28.3 32.4656 13.9289 -28.3 32.7 13.7165 -28.3 33 13.711 -28.3 33.711 13 -28.3 34 12.742 -28.3 35 12.7321 -28.3 35.7321 12 -28.3 36 11.7671 -28.3 42 11.7654 -28.3 42.249 12 -28.3 43 12.751 -28.3 43.2418 13 -28.3 43.2564 14 -28.3 44 14.7436 -28.3 44.0628 14.8091 -28.3 44.2401 15 -28.3 44.2464 16 -28.3 44.2562 16.3 -28.3 44.2678 17 -28.3 44.3178 18 -28.3 44.2288 18.1476 -28.3 44 18.5535 -28.3 43.5535 19 -28.3 44 19.4465 -28.3 44.5079 20 -28.3 44.5526 20.3 -28.3 44.7202 21 -28.3 45 21.2798 -28.3 45.1456 21.4612 -28.3 45.5435 22 -28.3 45.5715 22.3 -28.3 45.6532 23 -28.3 46 23.3468 -28.3 46.1323 23.5204 -28.3 46.4645 24 -28.3 46.5421 25 -28.3 46.5855 26 -28.3 46.5814 26.3 -28.3 46.5854 27 -28.3 46.5693 29 -28.3 46.5571 29.3 -28.3 46.5464 30 -28.3 47 30.4536 -28.3 47.0967 30.5973 -28.3 47.3876 31 -28.3 48 31.6124 -28.3 48.0887 31.7092 -28.3 48.3458 32 -28.3 48.3517 32.3 -28.3 48.3875 33 -28.3 49 33.6125 -28.3 49.0789 33.7071 -28.3 49.3045 34 -28.3 49.2994 37 -28.3 49 37.312 -28.3 48.312 38 -28.3 48 38.292 -28.3 47 38.3155 -28.3 46.3155 39 -28.3 46.2369 39.0726 -28.3 46 39.2789 -28.3 41 39.3102 -28.3 40.8895 39.2274 -28.3 40.576 39 -28.3 40 38.424 -28.3 38 38.4219 -28.3 37.7 38.4255 -28.3 37 38.4156 -28.3 36.813 38.2999 -28.3 36.2986 38 -28.3 36 37.7014 -28.3 35.7 37.7062 -28.3 35 37.7008 -28.3 34.7 37.7033 -28.3 33 37.6827 -28.3 32 37.6552 -28.3 31.7 37.6248 -28.3 31 37.5375 -28.3 30.7854 37.3867 -28.3 30.2111 37 -28.3 30 36.7889 -28.3 29.7 36.7458 -28.3 29 36.6218 -28.3 28.2055 36 -28.3 28 35.7945 -28.3 26.2415 34 -28.3 25.2645 33 -28.3 25 32.7355 -28.3 24.7 32.7587 -28.3 24 32.8304 -28.3 23.8304 33 -28.3 23.6091 33.1491 -28.3 23 33.5145 -28.3 21 33.6581 -28.3 20.7 33.6521 -28.3 20 33.6229 -28.3 19 33.5717 -28.3 18.7 33.5513 -28.3 18 33.5195 -28.3 17.8239 33.3743 -28.3 17.3526 33 -28.3 17 32.6474 -28.3 16.7 32.6068 -28.3 16 32.4927 -28.3 15.8439 32.3572 -28.3 15.4108 32 -28.3 15 31.5892 -28.3 14.5892 32 -28.3 14.4331 32.0927 -28.3 14 32.3315 -28.3 13 32.2937 -28.3 12.2937 33 -28.3 12 33.2377 -28.3 11 33.2332 -28.3 10.2382 33.9951 -28.3 10.2713 33.3 -28.3 10.2812 33 -28.3 10.3305 32.3 -28.3 10.3442 32 -28.3 10.424 31.3 -28.3 10.4459 31 -28.3 10.6013 30.3 -28.3 10.6442 30 -28.3 10.7636 29.7 -28.3 10.8192 29.6102 -28.3 11 29.2806 -28.3 11.3 29.3338 -28.3 12.7 29.695 -28.3 13 29.7601 -28.3 13.3 29.9349 -28.3 13.42 29.986 -28.3 13.4573 30 -28.3 14 30.2329 -28.3 14.8831 31 -28.3 15.3 31.32 -28.3 16.2283 31.9251 -28.3 16.3543 32 -28.3 16.9283 32.3204 -28.3 17.3 32.5518 -28.3 18 32.9391 -28.3 18.1284 33 -28.3 18.1447 33.0074 -28.3 18.3 33.0682 -28.3 19 33.2643 -28.3 19.7 33.3543 -28.3 20 33.4014 -28.3 20.7 33.4695 -28.3 21 33.4656 -28.3 21.7 33.3142 -28.3 22 33.2408 -28.3 23.0967 33 -28.3 23.2716 32.9574 -28.3 23.7 32.8648 -28.3 24 32.7914 -28.3 24.7 32.6677 -28.3 25 32.5785 -28.3 25.2155 32.7837 -28.3 25.4893 33 -28.3 27.3739 35 -28.3 27.8801 35.5142 -28.3 28 35.6416 -28.3 28.2147 35.8142 -28.3 28.4546 36 -28.3 28.9147 36.2828 -28.3 29 36.3334 -28.3 29.7 36.6002 -28.3 30 36.721 -28.3 32 37.4486 -28.3 32.7 37.5059 -28.3 33 37.5485 -28.3 33.7 37.5722 -28.3 34.7 37.5863 -28.3 35 37.5764 -28.3 35.7 37.5868 -28.3 36 37.5741 -28.3 36.7 37.5784 -28.3 37.7 37.5239 -28.3 38 37.4885 -28.3 38.7 37.4914 -28.3 39 37.4247 -28.3 39.9582 37 -28.3 39.959 36.9995 -28.3 40 36.97 -28.3 40.7823 36.0585 -28.3 41 35.9016 -28.3 42 35.1148 -28.3 42.1277 35 -28.3 42.448 34.7527 -28.3 43 34.3107 -28.3 43.3477 34 -28.3 44 33.3857 -28.3 44.647 33.0145 -28.3 44.6624 33 -28.3 44.9157 32.7 -28.3 44.9515 32.6402 -28.3 45 32.5934 -28.3 45.4542 32 -28.3 45.4966 31.9418 -28.3 45.6109 31.7 -28.3 45.7515 31 -28.3 45.8668 30.7 -28.3 46 30.3311 -28.3 46.1062 30 -28.3 46.1856 29.7 -28.3 46.2306 29 -28.3 46.2528 28.3 -28.3 46.2726 28 -28.3 46.2835 27.3 -28.3 46.2976 27 -28.3 46.2883 26.3 -28.3 46.2939 26 -28.3 46.1725 25.3 -28.3 46.1042 25 -28.3 46 24.6704 -28.3 45.9851 24.6272 -28.3 45.8817 24.3 -28.3 45.7672 24 -28.3 45.5459 23.3 -28.3 45.4314 23 -28.3 45.2007 22.3 -28.3 45.0899 22 -28.3 45 21.8224 -28.3 44.9353 21.7146 -28.3 44.6743 21.3 -28.3 44.4965 21 -28.3 44.0575 20.4401 -28.3 44 20.3618 -28.3 42.892 18.9474 -28.3 42.2144 18.3 -28.3 42.0224 18.1281 -28.3 42 18.1128 -28.3 40.7 17.416 -28.3 40 17.1194 -28.3 39.7684 17.0137 -28.3 39.0684 16.7454 -28.3 39 16.7172 -28.3 38.7 16.6155 -28.3 38 16.4318 -28.3 36 16.168 -28.3 35.7 16.1457 -28.3 35 16.0523 -28.3 34.1998 15.9956 -28.3 34 15.9693 -28.3 33.124 16.034 -28.3 33 16.0479 -28.3 32.3 16.2575 -28.3 31.7 16.4227 -28.3 30.4762 16.9812 -28.3 30.1762 17.0989 -28.3 30 17.1817 -28.3 29.7 17.3603 -28.3 29 17.7924 -28.3 28.6873 18 -28.3 28.4212 18.189 -28.3 27.3667 18.889 -28.3 27.0667 19.1183 -28.3 27 19.1675 -28.3 26.4312 19.8183 -28.3 26.253 20 -28.3 26.1312 20.1716 -28.3 25.6987 20.8716 -28.3 25.413 21.3 -28.3 25 21.9677 -28.3 24.9531 22.0226 -28.3 24.0036 22.9111 -28.3 24 22.9138 -28.3 23.9962 22.9111 -28.3 23.331 22.3 -28.3 23.0348 22.1317 -28.3 23 22.1062 -28.3 22.7 21.9559 -28.3 22 21.5534 -28.3 21.7 21.4035 -28.3 21.2011 21.078 -28.3 21.088 21 -28.3 21 20.7155 -28.3 20.672 20 -28.3 20.177 18 -28.3 20 17.3296 -28.3 19.8757 17 -28.3 19 16.2351 -28.3 18.2651 16 -28.3 18 15.9563 -28.3 17.2489 15.9064 -28.3 17 15.8733 -28.3 16.2366 16 -28.3 13 16.6092 -28.3 12.6154 16.4871 -28.3 12 16.6652 -28.3 11.0428 16.9767 -28.3 11 16.9918 -28.3 10.9244 16.8662 -28.3 10.6484 16.3 -28.3 10.5645 16 -28.3 10.4256 15.3 -28.3 10.3871 15 -28.3 10.3167 14.3 -28.3 10.2953 14.0063 -28.3 11 14.7109 -28.3 11.7 14.6871 -28.3 12 14.3653 -28.3 12.3653 14 -28.3 12.4657 13.9295 -28.3 12.7 13.7239 -28.3 13 13.7173 -28.3 13.7173 13 -28.3 14 12.7478 -28.3 14.7 12.7284 -28.3 16 12.7094 -28.3 18 12.7351 -28.3 18.7351 12 -28.3 18.8062 11.9423 -28.3 19 11.7902 -28.3 
26 26 0 -27.4
3 25 28 30 
1
298
23 11.8117 -27.4 24 12.8078 -27.4 26 12.8457 -27.4 26.0666 12.9054 -27.4 26.169 13 -27.4 27 13.831 -27.4 28 13.8148 -27.4 28.2444 14 -27.4 29 14.7556 -27.4 30 14.727 -27.4 30.6 14.699 -27.4 31 14.6863 -27.4 31.6 14.647 -27.4 32 14.631 -27.4 32.631 14 -27.4 33 13.6648 -27.4 33.6 13.6251 -27.4 34 13.1775 -27.4 34.1775 13 -27.4 34.3465 12.8915 -27.4 34.6 12.6751 -27.4 35.6 12.663 -27.4 36 12.2278 -27.4 37 12.2285 -27.4 37.2285 12 -27.4 37.3771 11.9019 -27.4 37.6 11.7163 -27.4 42 11.7241 -27.4 42.1054 11.8228 -27.4 42.3009 12 -27.4 43 12.6991 -27.4 43.2939 13 -27.4 43.3006 13.4 -27.4 43.3268 14 -27.4 44 14.6732 -27.4 44.1013 14.7823 -27.4 44.2878 15 -27.4 44.288 16 -27.4 44.2946 16.4 -27.4 44.2926 17 -27.4 44.3437 18 -27.4 44.2129 18.232 -27.4 44 18.6487 -27.4 43.6487 19 -27.4 44 19.3513 -27.4 44.2121 19.5832 -27.4 44.5672 20 -27.4 44.663 20.4 -27.4 44.8264 21 -27.4 45 21.1736 -27.4 45.2274 21.4815 -27.4 45.5876 22 -27.4 45.6343 22.4 -27.4 45.7189 23 -27.4 46 23.2811 -27.4 46.4903 24 -27.4 46.5745 25 -27.4 46.5919 25.4 -27.4 46.6084 26 -27.4 46.6107 26.4 -27.4 46.6261 27 -27.4 46.6096 30 -27.4 47 30.3904 -27.4 47.1662 30.6205 -27.4 47.4828 31 -27.4 48 31.5172 -27.4 48.4224 32 -27.4 48.4428 32.4 -27.4 48.4929 33 -27.4 49 33.5071 -27.4 49.1289 33.6745 -27.4 49.3691 34 -27.4 49.3693 34.4 -27.4 49.3782 35 -27.4 49.3765 37 -27.4 49.2488 37.1334 -27.4 49 37.4031 -27.4 48.4031 38 -27.4 48.2697 38.1244 -27.4 48 38.3643 -27.4 47.6 38.3753 -27.4 47 38.4186 -27.4 46.4186 39 -27.4 46.2833 39.1179 -27.4 46 39.3399 -27.4 41 39.3642 -27.4 40.8209 39.2343 -27.4 40.4703 39 -27.4 40 38.5297 -27.4 39.6 38.5294 -27.4 38.6 38.5179 -27.4 38 38.4782 -27.4 37.6 38.4726 -27.4 37 38.4464 -27.4 36.7061 38.275 -27.4 36.2094 38 -27.4 36 37.7906 -27.4 32 37.7222 -27.4 31 37.5889 -27.4 30.1325 37 -27.4 30 36.8675 -27.4 29.6 36.7967 -27.4 29 36.6394 -27.4 28.167 36 -27.4 27.6722 35.502 -27.4 27.1512 35 -27.4 27 34.8488 -27.4 26.6829 34.5209 -27.4 26 33.8415 -27.4 25.1868 33 -27.4 25 32.8132 -27.4 24.7233 32.8415 -27.4 25 32.7926 -27.4 25.1565 32.9162 -27.4 25.2402 33 -27.4 26.1336 33.9348 -27.4 26.7336 34.5314 -27.4 27.1107 34.9314 -27.4 27.1794 35 -27.4 27.7108 35.5121 -27.4 28 35.8059 -27.4 28.137 35.9121 -27.4 28.225 36 -27.4 28.7371 36.3897 -27.4 29 36.5512 -27.4 29.6 36.6992 -27.4 30 36.8517 -27.4 30.238 36.9376 -27.4 30.3743 37 -27.4 30.838 37.2039 -27.4 31 37.2624 -27.4 31.6 37.4646 -27.4 32 37.6088 -27.4 32.6 37.6355 -27.4 33 37.6683 -27.4 34.6 37.7225 -27.4 37 37.7593 -27.4 37.6 37.8453 -27.4 38 37.8235 -27.4 38.4 37.8251 -27.4 39 37.9503 -27.4 39.8884 37.9566 -27.4 40 37.9312 -27.4 40.2401 37.7599 -27.4 41 37.6031 -27.4 41.4889 37.4889 -27.4 41.8211 37 -27.4 42 36.4544 -27.4 42.1686 36.1686 -27.4 42.1862 36 -27.4 42.5697 35.4303 -27.4 42.9483 35.0132 -27.4 42.963 35 -27.4 43 34.9715 -27.4 43.1529 34.8471 -27.4 44 34.436 -27.4 44.5368 34.5368 -27.4 45 34.5685 -27.4 46 34.9177 -27.4 46.5265 35 -27.4 47 35.0943 -27.4 47.0374 35.0628 -27.4 47.0579 35 -27.4 47.0671 34.9329 -27.4 47.2257 33.2257 -27.4 47.2071 33 -27.4 47 32.34 -27.4 46.8839 32 -27.4 46.8964 31.8964 -27.4 46.5478 31.1758 -27.4 46.4373 31 -27.4 46.479 30.9034 -27.4 46.5764 30.6 -27.4 46.358 30 -27.4 46.3674 29.4 -27.4 46.3931 29 -27.4 46.4025 28.4 -27.4 46.4152 28 -27.4 46.4118 27.4 -27.4 46.4181 27 -27.4 46.5191 26.4 -27.4 46.5138 26 -27.4 46.3077 25.4 -27.4 46.2384 25 -27.4 45.6063 23 -27.4 45.3907 22.4 -27.4 45.2588 22 -27.4 45.0825 21.6028 -27.4 45 21.4397 -27.4 44.8508 21.2028 -27.4 44.7535 21 -27.4 44.3572 20.4 -27.4 44.0486 20 -27.4 44 19.9299 -27.4 43.9372 19.8466 -27.4 43.6109 19.4 -27.4 43.2973 19 -27.4 43.0236 18.64 -27.4 43 18.6099 -27.4 42.6128 18.24 -27.4 42.3858 18 -27.4 42.0128 17.7289 -27.4 42 17.7201 -27.4 41.6 17.5062 -27.4 40.6 17.0878 -27.4 39 16.4745 -27.4 38.6 16.3695 -27.4 38 16.2579 -27.4 36.0456 16 -27.4 35.6666 15.8664 -27.4 35.6 15.8576 -27.4 35 15.5717 -27.4 34.6 15.519 -27.4 34 15.3411 -27.4 33.6 15.3642 -27.4 33 15.5922 -27.4 32.4 15.9532 -27.4 32.3631 15.9651 -27.4 32 16.0734 -27.4 30 16.9861 -27.4 29.9008 17.0474 -27.4 29.4 17.3751 -27.4 29 17.622 -27.4 28.1898 18.1598 -27.4 28 18.29 -27.4 27.4084 18.7598 -27.4 27.0465 19 -27.4 27.0084 19.0281 -27.4 27 19.0362 -27.4 26.5009 19.6281 -27.4 26.1759 20 -27.4 26.1009 20.1213 -27.4 26 20.1895 -27.4 25.5697 20.7213 -27.4 25.1697 21.3686 -27.4 25 21.8292 -27.4 24.8524 22 -27.4 24 22.7914 -27.4 23.6199 22.4422 -27.4 23.2332 22 -27.4 23.0199 21.4433 -27.4 23 21.4284 -27.4 22.6 21.1984 -27.4 22.4069 21.0293 -27.4 22.3928 21 -27.4 22.171 20 -27.4 22 19.3795 -27.4 21.8845 19 -27.4 21.8486 18.8486 -27.4 21.5747 18 -27.4 21.4159 17.4159 -27.4 21.2881 17 -27.4 21 16.4237 -27.4 20.8789 16.2113 -27.4 20.8016 16 -27.4 20.6243 15.8579 -27.4 20.6 15.8414 -27.4 20 15.4805 -27.4 19.6 15.4125 -27.4 19 15.2293 -27.4 18.1145 15 -27.4 18.0736 14.9908 -27.4 18 14.9698 -27.4 17.3168 14.87 -27.4 17 14.7949 -27.4 16.2251 14.8542 -27.4 16 14.8457 -27.4 15 15.0186 -27.4 14.3396 15.2769 -27.4 14 15.3356 -27.4 13.9064 15.3953 -27.4 13.4 15.6374 -27.4 13.3728 15.6422 -27.4 13 15.6905 -27.4 12.271 16 -27.4 12.2109 16.0351 -27.4 12 16.0962 -27.4 11 16.4549 -27.4 10.8423 16.1313 -27.4 10.7558 16 -27.4 10.5465 15.4 -27.4 10.4671 15 -27.4 10.379 14.4 -27.4 10.3395 14.0074 -27.4 11 14.6679 -27.4 12 14.6281 -27.4 12.6281 14 -27.4 13 13.6782 -27.4 13.6 13.6477 -27.4 14 13.2087 -27.4 14.2087 13 -27.4 14.3652 12.8953 -27.4 14.6 12.6947 -27.4 16 12.6582 -27.4 18 12.6904 -27.4 18.6904 12 -27.4 18.8011 11.9131 -27.4 19 11.7645 -27.4 
26 27 0 -27.4
2 25 29 
1
55
11 30.0195 -27.4 11.6245 30.1758 -27.4 12 30.2283 -27.4 12.4139 30.3564 -27.4 13 30.451 -27.4 13.4 30.6223 -27.4 14 30.7414 -27.4 14.2756 30.9808 -27.4 14.3042 31 -27.4 14.8756 31.3487 -27.4 15 31.4445 -27.4 15.4 31.7059 -27.4 16.4 32.2635 -27.4 17 32.658 -27.4 17.3923 32.8749 -27.4 17.7321 33 -27.4 17.9923 33.1356 -27.4 17.9995 33.1396 -27.4 18 33.1398 -27.4 18.6 33.3782 -27.4 19 33.4902 -27.4 19.6 33.5127 -27.4 20 33.5641 -27.4 20.6 33.5842 -27.4 21 33.6231 -27.4 21.1838 33.6071 -27.4 21 33.6764 -27.4 18.6 33.5805 -27.4 18 33.3363 -27.4 17.7306 33.1224 -27.4 17.4958 33 -27.4 17.1306 32.8656 -27.4 17 32.7349 -27.4 16.6 32.6697 -27.4 16 32.5444 -27.4 15.7525 32.3403 -27.4 15.3175 32 -27.4 15 31.6825 -27.4 14.6825 32 -27.4 14.435 32.1364 -27.4 14 32.3577 -27.4 13.6 32.3442 -27.4 13 32.3496 -27.4 12.3496 33 -27.4 12.2267 33.0997 -27.4 12 33.2761 -27.4 11 33.2762 -27.4 10.2822 33.994 -27.4 10.3279 33.4 -27.4 10.3469 33 -27.4 10.4209 32.4 -27.4 10.4491 32 -27.4 10.594 31.4 -27.4 10.6396 31 -27.4 10.7285 30.6 -27.4 
27 28 0 -26.5
2 26 31 
1
190
23 11.7928 -26.5 24 12.7914 -26.5 26 12.8379 -26.5 26.0854 12.9167 -26.5 26.1726 13 -26.5 27 13.8273 -26.5 28 13.8084 -26.5 28.1245 13.9023 -26.5 28.2584 14 -26.5 29 14.7416 -26.5 29.5 14.7169 -26.5 30 14.7015 -26.5 30.5 14.6696 -26.5 31 14.6462 -26.5 31.5 14.5999 -26.5 32 14.5672 -26.5 32.5672 14 -26.5 33 13.6076 -26.5 33.5 13.556 -26.5 34 13.5229 -26.5 34.5229 13 -26.5 35 12.5981 -26.5 35.5 12.5582 -26.5 36.5 12.545 -26.5 37 12.5454 -26.5 37.5454 12 -26.5 37.7311 11.8454 -26.5 38 11.6446 -26.5 41 11.6556 -26.5 41.5 11.6689 -26.5 42 11.6729 -26.5 42.1629 11.8205 -26.5 42.3671 12 -26.5 43.3605 13 -26.5 43.3824 13.5 -26.5 43.4344 14 -26.5 44 14.5655 -26.5 44.1554 14.747 -26.5 44.3456 15 -26.5 44.3354 17 -26.5 44.3604 17.5 -26.5 44.3641 18 -26.5 44.1866 18.3473 -26.5 44 18.7316 -26.5 43.7317 19 -26.5 44 19.2684 -26.5 44.6161 20 -26.5 44.7523 20.5 -26.5 44.8648 21 -26.5 45 21.1351 -26.5 45.6007 22 -26.5 45.6712 22.5 -26.5 45.7681 23 -26.5 46 23.2318 -26.5 46.5155 24 -26.5 46.6002 25 -26.5 46.6129 25.4612 -26.5 46.4545 25 -26.5 46.1857 24.5 -26.5 46.0279 24 -26.5 45.9846 23.8721 -26.5 45.89 23.5 -26.5 45.7319 23 -26.5 45.633 22.5 -26.5 45.4534 22 -26.5 45.1469 21.5586 -26.5 45 21.2276 -26.5 44.9189 21.0586 -26.5 44.8448 21 -26.5 44.5906 20.5 -26.5 44.2603 20 -26.5 44 19.6211 -26.5 43.7281 19.249 -26.5 43.2281 18.5273 -26.5 43 18.2273 -26.5 42.8108 18.0273 -26.5 42.7904 18 -26.5 42.7454 17.5 -26.5 42.0793 17.1276 -26.5 42 17.0699 -26.5 41.7795 17 -26.5 41 16.5087 -26.5 40.4632 16.4632 -26.5 40.2012 16.3084 -26.5 40 16.2313 -26.5 39.0412 16.0309 -26.5 39 16.0151 -26.5 38.9138 16 -26.5 38 15.4065 -26.5 37.04 15 -26.5 37 14.9679 -26.5 36.9645 14.9645 -26.5 36 14.4611 -26.5 35.4483 14.4483 -26.5 35 14.2948 -26.5 34.7477 14.2523 -26.5 34.1371 14.5013 -26.5 34 14.5707 -26.5 33.2214 15 -26.5 33.2206 15.001 -26.5 33 15.0848 -26.5 32.5 15.4326 -26.5 32 15.7335 -26.5 31.6268 15.9931 -26.5 31.6131 16 -26.5 31.1268 16.222 -26.5 31 16.3013 -26.5 30.5 16.5295 -26.5 30 16.8041 -26.5 29.7801 16.9501 -26.5 29.6975 17 -26.5 29.2802 17.2731 -26.5 29 17.4765 -26.5 28.6158 17.7731 -26.5 28.274 18 -26.5 28.1159 18.1085 -26.5 28 18.2005 -26.5 27.5458 18.6086 -26.5 27.0529 19 -26.5 27.0459 19.0068 -26.5 27 19.0361 -26.5 26.5874 19.5068 -26.5 26.1715 20 -26.5 26.0874 20.0568 -26.5 26 20.1442 -26.5 25.6328 20.5568 -26.5 25.2742 21 -26.5 25.1328 21.3838 -26.5 24.626 21.8838 -26.5 24.5254 22 -26.5 24.1261 22.3685 -26.5 24 22.6525 -26.5 23.6778 22.284 -26.5 23.4835 22 -26.5 23.4376 21.5 -26.5 23.248 21 -26.5 23.0995 20 -26.5 23 19.4139 -26.5 22.9471 19.2005 -26.5 22.8857 19 -26.5 22.7565 18.4271 -26.5 22.6253 18 -26.5 22.5613 17.7002 -26.5 22.5261 17.5 -26.5 22.4649 17.3007 -26.5 22.389 17 -26.5 22 16.2686 -26.5 21.9614 16.209 -26.5 21.8527 16 -26.5 21 15.3159 -26.5 20.3689 14.9515 -26.5 20 14.7723 -26.5 17.1784 13.9674 -26.5 17 13.9287 -26.5 16 13.8651 -26.5 15.5649 14 -26.5 15.345 14.1085 -26.5 15 14.1855 -26.5 14.8552 14.2688 -26.5 14.5 14.4387 -26.5 14 14.6325 -26.5 13 15.1108 -26.5 12.5 15.3296 -26.5 12 15.5562 -26.5 11.5 15.8384 -26.5 11.0538 16 -26.5 11 16.0198 -26.5 10.9279 15.91 -26.5 10.7351 15.5 -26.5 10.5606 15 -26.5 10.4624 14.5 -26.5 10.3903 14.0089 -26.5 11 14.6186 -26.5 11.5 14.5796 -26.5 12 14.5578 -26.5 12.5578 14 -26.5 12.7561 13.8298 -26.5 13 13.6273 -26.5 13.5 13.591 -26.5 14 13.5655 -26.5 14.5655 13 -26.5 14.7612 12.8328 -26.5 15 12.6471 -26.5 16 12.6174 -26.5 18.5 12.6501 -26.5 19 12.1317 -26.5 20 12.1511 -26.5 20.1511 12 -26.5 20.3256 11.8817 -26.5 20.5 11.7534 -26.5 
27 29 0 -26.5
2 27 32 
1
35
11 33.3242 -26.5 10.332 33.9922 -26.5 10.4121 33.5 -26.5 10.4506 33 -26.5 10.5891 32.5 -26.5 10.6508 32 -26.5 10.7715 31.5 -26.5 10.9875 31.0621 -26.5 11 31.0377 -26.5 12.642 31.2668 -26.5 13 31.2424 -26.5 13.5376 31.3131 -26.5 14 31.178 -26.5 14.5 31.483 -26.5 15 31.6833 -26.5 15.3788 31.8927 -26.5 15.655 32 -26.5 15.8788 32.1309 -26.5 16 32.1979 -26.5 16.5 32.5096 -26.5 16.9634 32.8143 -26.5 16.5 32.7175 -26.5 16 32.4029 -26.5 15.6375 32.1193 -26.5 15.4335 32 -26.5 15.1375 31.885 -26.5 15 31.7475 -26.5 14.7475 32 -26.5 14.385 32.1843 -26.5 14 32.3911 -26.5 13.5 32.3956 -26.5 13 32.4196 -26.5 12.4196 33 -26.5 12.2307 33.147 -26.5 12 33.3182 -26.5 
27 30 0 -26.5
2 26 33 
1
91
46.6531 27 -26.5 46.6548 27.5 -26.5 46.6698 28 -26.5 46.6597 30 -26.5 47 30.3403 -26.5 47.2639 30.6565 -26.5 47.5797 31 -26.5 48 31.4203 -26.5 48.2295 31.6842 -26.5 48.5219 32 -26.5 48.5636 32.5 -26.5 48.6517 33 -26.5 49 33.3483 -26.5 49.2001 33.6195 -26.5 49.4535 34 -26.5 49.4609 34.5 -26.5 49.4863 35 -26.5 49.4868 35.5 -26.5 49.4992 36 -26.5 49.4985 36.5 -26.5 49.4556 37 -26.5 49 37.4972 -26.5 48.4972 38 -26.5 48 38.4405 -26.5 47.5 38.4766 -26.5 47 38.5489 -26.5 46.5489 39 -26.5 46.3129 39.185 -26.5 46 39.4079 -26.5 45.5 39.4121 -26.5 45 39.4361 -26.5 41 39.4402 -26.5 40.7079 39.2449 -26.5 40.3189 39 -26.5 40 38.6811 -26.5 39.5 38.673 -26.5 39 38.6135 -26.5 38.5 38.5805 -26.5 38 38.5367 -26.5 37.5 38.5149 -26.5 37 38.4814 -26.5 36.116 38 -26.5 36.0004 37.8844 -26.5 37 37.9025 -26.5 37.5 37.9743 -26.5 37.5711 37.9916 -26.5 37.6085 38 -26.5 38 38.0965 -26.5 38.5 38.2004 -26.5 39.5 38.447 -26.5 40 38.4539 -26.5 40.5 38.4977 -26.5 41.5 38.5117 -26.5 42 38.4892 -26.5 42.5 38.498 -26.5 43 38.4299 -26.5 43.5 38.4259 -26.5 44.7141 38.2387 -26.5 45 38.2019 -26.5 45.9549 38.0318 -26.5 46 38.0263 -26.5 46.087 38 -26.5 47 37.5853 -26.5 47.8661 37.1339 -26.5 48 37.0437 -26.5 48.0562 37 -26.5 48.0774 36.9226 -26.5 48.4595 36 -26.5 48.5001 35.5001 -26.5 48.496 35 -26.5 48.4775 34.9182 -26.5 48.5173 34.4143 -26.5 48.4459 34 -26.5 48.3389 33.5 -26.5 48.3124 33 -26.5 48 32.4648 -26.5 47.986 32.4506 -26.5 47.7354 32 -26.5 47.3218 31.5 -26.5 47.0183 31 -26.5 47 30.9779 -26.5 46.8992 30.8603 -26.5 46.7495 30.5 -26.5 46.5675 30 -26.5 46.5791 29 -26.5 46.5791 28.5 -26.5 46.587 28 -26.5 46.5717 27.5 -26.5 46.5689 27 -26.5 46.5549 26.5 -26.5 46.6282 26.0646 -26.5 
28 31 0 -25.6
3 28 34 35 
1
181
24 12.7762 -25.6 26 12.8296 -25.6 26.1047 12.9295 -25.6 27 13.8251 -25.6 28 13.8038 -25.6 28.2701 14 -25.6 29 14.7299 -25.6 30 14.6768 -25.6 30.4 14.6407 -25.6 31 14.6024 -25.6 31.4 14.5395 -25.6 32 14.484 -25.6 32.484 14 -25.6 33 13.5323 -25.6 33.4 13.4562 -25.6 34 13.3941 -25.6 34.3985 13.281 -25.6 34.6794 13 -25.6 34.9984 12.7341 -25.6 35 12.7334 -25.6 35.4 12.4584 -25.6 36 12.4106 -25.6 36.4 12.3234 -25.6 37 12.3144 -25.6 37.3144 12 -25.6 37.637 11.7591 -25.6 38 11.5516 -25.6 38.4 11.5413 -25.6 40 11.5467 -25.6 40.4 11.5633 -25.6 41 11.5671 -25.6 41.4 11.5856 -25.6 42 11.6016 -25.6 42.4575 12 -25.6 43.2411 12.7876 -25.6 43.457 13 -25.6 43.5196 13.6 -25.6 43.5711 14 -25.6 44 14.4289 -25.6 44.2282 14.7325 -25.6 44.4212 15 -25.6 44.4021 17 -25.6 44.4065 17.6 -25.6 44.3993 18 -25.6 44.1753 18.4612 -25.6 44 18.8055 -25.6 43.8055 19 -25.6 44 19.1945 -25.6 44.3842 19.6557 -25.6 44.6408 20 -25.6 44.866 21 -25.6 44.8667 21.0019 -25.6 44.8648 21 -25.6 44.7728 20.6 -25.6 44.4677 20 -25.6 44.206 19.6488 -25.6 43.793 19.0489 -25.6 43.7442 19 -25.6 43.5886 18.6 -25.6 43.1735 18 -25.6 43.1649 17.3371 -25.6 43.2016 17 -25.6 43.1956 16.3269 -25.6 43.2258 16 -25.6 43.0908 15.1314 -25.6 43.0966 15 -25.6 43 14.7303 -25.6 42.5211 14 -25.6 42 13.3427 -25.6 41.4407 13 -25.6 41.1548 12.9359 -25.6 41 12.8851 -25.6 40.1518 12.8873 -25.6 40 12.8737 -25.6 39.1351 12.8877 -25.6 39 12.8827 -25.6 38.1118 12.9029 -25.6 38 12.8986 -25.6 37 12.9243 -25.6 36.0389 13.02 -25.6 36 13.0198 -25.6 35.5796 13.2956 -25.6 35 13.3497 -25.6 34.9782 13.362 -25.6 34.6 13.5617 -25.6 34.1649 13.7998 -25.6 34 13.8839 -25.6 33.6 14.1579 -25.6 33 14.5454 -25.6 32.6 14.84 -25.6 32 15.2562 -25.6 31.963 15.2885 -25.6 31.6 15.594 -25.6 31.1522 15.9055 -25.6 31.0112 16 -25.6 31 16.007 -25.6 30.8878 16.0953 -25.6 30.6 16.3332 -25.6 30 16.6626 -25.6 29.7934 16.8247 -25.6 29.5296 17 -25.6 29.1934 17.2441 -25.6 29 17.3934 -25.6 28.691 17.6441 -25.6 28.091 18.1103 -25.6 28 18.1604 -25.6 27.651 18.5103 -25.6 27.106 19 -25.6 27.051 19.0352 -25.6 27 19.0861 -25.6 26.1962 20 -25.6 26 20.1962 -25.6 25.2826 21 -25.6 24.5513 21.7232 -25.6 24.1423 21.5645 -25.6 24.1172 22 -25.6 24 22.264 -25.6 23.8193 22 -25.6 23.7288 21 -25.6 23.6833 20.6 -25.6 23.3072 18 -25.6 23.2384 17.6 -25.6 23.1513 17 -25.6 23 16.6962 -25.6 22.9579 16.6267 -25.6 22.9411 16.6 -25.6 22.6017 16 -25.6 22.2416 15.6 -25.6 22.2047 15.5623 -25.6 22 15.3772 -25.6 21.4982 14.9743 -25.6 21.1092 14.6 -25.6 21.011 14.5212 -25.6 21 14.5108 -25.6 20.1863 14.1618 -25.6 20 14.0713 -25.6 19.7483 14 -25.6 19.3122 13.8866 -25.6 19 13.8315 -25.6 18.7967 13.7841 -25.6 18.4 13.6745 -25.6 18 13.6322 -25.6 17.4 13.5021 -25.6 17 13.4599 -25.6 16.4 13.4191 -25.6 16 13.4265 -25.6 15.4 13.6312 -25.6 15 13.733 -25.6 14.6 13.8654 -25.6 14.2863 14 -25.6 14 14.1369 -25.6 13.6 14.2967 -25.6 13 14.5837 -25.6 12.6 14.7828 -25.6 12 15.0506 -25.6 11.8446 15.1534 -25.6 11.6 15.3233 -25.6 11 15.6619 -25.6 10.7686 15.1699 -25.6 10.6704 15 -25.6 10.5599 14.6 -25.6 10.444 14.0108 -25.6 11 14.5667 -25.6 11.4 14.5027 -25.6 12 14.4559 -25.6 12.4559 14 -25.6 12.7485 13.7571 -25.6 13 13.5662 -25.6 14 13.4906 -25.6 14.4906 13 -25.6 14.7772 12.7772 -25.6 15 12.6107 -25.6 16 12.5815 -25.6 17 12.5803 -25.6 20.4 12.6367 -25.6 21 12.0151 -25.6 22 12.0578 -25.6 22.0578 12 -25.6 22.2631 11.8542 -25.6 22.4 11.7606 -25.6 23 11.7755 -25.6 
28 32 0 -25.6
1 29 
1
25
11 33.3725 -25.6 10.3824 33.9901 -25.6 10.4774 33.6 -25.6 10.5752 33 -25.6 10.7414 32.4 -25.6 10.9914 32 -25.6 11 31.9832 -25.6 11.2439 32 -25.6 11.9153 32.0341 -25.6 12 32.0311 -25.6 12.1978 32 -25.6 12.6399 31.9083 -25.6 13 31.8837 -25.6 13.4 31.6972 -25.6 14 31.5219 -25.6 14.4 31.5514 -25.6 14.9889 31.7873 -25.6 14.7762 32 -25.6 14.3142 32.2481 -25.6 14 32.4366 -25.6 13.4 32.4653 -25.6 13 32.5094 -25.6 12.5094 33 -25.6 12.2326 33.2055 -25.6 12 33.3694 -25.6 
28 33 0 -25.6
1 30 
1
101
47 30.2837 -25.6 47.379 30.6958 -25.6 47.6167 31 -25.6 47.779 31.2419 -25.6 48 31.463 -25.6 48.3509 31.8419 -25.6 48.4473 32 -25.6 48.553 32.6 -25.6 48.8115 33 -25.6 48.8566 33.1742 -25.6 49 33.3176 -25.6 49.304 33.7742 -25.6 49.3728 34 -25.6 49.4033 34.6 -25.6 49.5117 35 -25.6 49.5359 36 -25.6 49.4844 36.6 -25.6 49.2988 37 -25.6 49.0008 37.327 -25.6 49 37.328 -25.6 48.8393 37.7269 -25.6 48.5662 38 -25.6 48.2393 38.2887 -25.6 48 38.5125 -25.6 47.4 38.5993 -25.6 47 38.7089 -25.6 46.6127 38.7754 -25.6 46.3881 39 -25.6 46.0126 39.2675 -25.6 46 39.2701 -25.6 45.4 39.2989 -25.6 45 39.3504 -25.6 44.4 39.3557 -25.6 44 39.5191 -25.6 43.4 39.5165 -25.6 43 39.3727 -25.6 42.4 39.3701 -25.6 42 39.3752 -25.6 41.4 39.3727 -25.6 41 39.3194 -25.6 40.5333 39.0255 -25.6 40.4413 39 -25.6 40.1333 38.9323 -25.6 40 38.799 -25.6 39.4 38.7276 -25.6 39 38.6677 -25.6 38.4 38.6153 -25.6 38 38.435 -25.6 37.4 38.3948 -25.6 37 38.2863 -25.6 36.4664 38 -25.6 36.4132 37.9474 -25.6 36.6 37.9514 -25.6 36.6119 37.9641 -25.6 36.6478 38 -25.6 37 38.197 -25.6 37.0524 38.2031 -25.6 37.6 38.3381 -25.6 38 38.2355 -25.6 38.4 38.4129 -25.6 39 38.5608 -25.6 39.4 38.6219 -25.6 40 38.7698 -25.6 40.6 38.8224 -25.6 41 38.9214 -25.6 41.9768 38.9955 -25.6 42.987 39.0028 -25.6 43 39.0027 -25.6 43.9937 39.0013 -25.6 44 39.0011 -25.6 44.0212 39 -25.6 44.6947 38.9496 -25.6 45 38.9103 -25.6 45.4331 38.8334 -25.6 46 38.7641 -25.6 46.4 38.6584 -25.6 47 38.464 -25.6 47.3909 38.1559 -25.6 47.6445 38 -25.6 47.9909 37.7682 -25.6 48 37.7608 -25.6 48.4 37.3811 -25.6 48.8891 37 -25.6 49 36.5809 -25.6 49.0099 36.522 -25.6 49.0347 36.4 -25.6 49.2196 36 -25.6 49.204 35 -25.6 49.0957 34.6 -25.6 49.0028 34 -25.6 49 33.9908 -25.6 48.8639 33.6 -25.6 48.7356 33 -25.6 48.4917 32.6 -25.6 48.1405 32 -25.6 48.0347 31.8265 -25.6 47.5386 31.2265 -25.6 47.3866 31 -25.6 47.1386 30.6826 -25.6 47 30.5149 -25.6 46.8356 30.1193 -25.6 
29 34 0 -24.7
1 31 
1
67
39 11.4406 -24.7 39.3 11.4947 -24.7 40 11.4941 -24.7 40.3 11.519 -24.7 41 11.548 -24.7 41.3 11.5993 -24.7 42 11.6316 -24.7 42.3718 11.9519 -24.7 42.4559 12 -24.7 42.6717 12.1504 -24.7 43.3779 12.8504 -24.7 43.5161 13 -24.7 43.6063 13.7 -24.7 43.7381 14 -24.7 43.7682 14.1058 -24.7 44 14.3377 -24.7 44.3377 14.8058 -24.7 44.4024 15 -24.7 44.398 15.7 -24.7 44.4094 16 -24.7 44.3955 16.7 -24.7 44.361 17 -24.7 44.3483 17.7 -24.7 44.3139 18 -24.7 44.0071 18.6025 -24.7 43.9799 18.9025 -24.7 43.8951 18.9873 -24.7 43.6279 18.3 -24.7 43.6579 18 -24.7 43.7133 17.5612 -24.7 43.8466 16.3817 -24.7 43.8819 16 -24.7 43.8798 15.3886 -24.7 43.8971 15 -24.7 43.8146 14.7868 -24.7 43.7834 14.7 -24.7 43.5141 14 -24.7 43.391 13.7 -24.7 43.0877 13.2504 -24.7 43 13.1252 -24.7 42.8812 13 -24.7 42.668 12.8422 -24.7 42.4639 12.7 -24.7 42.0959 12.41 -24.7 42 12.3388 -24.7 41.1604 12.0939 -24.7 41 12.0414 -24.7 40.5936 12 -24.7 40 11.9536 -24.7 39.1091 11.9526 -24.7 39 11.9645 -24.7 38.0274 11.9911 -24.7 38 11.9959 -24.7 37.9817 12 -24.7 37.7996 12.0648 -24.7 37.7 12.0881 -24.7 37 12.1146 -24.7 36.3 12.3888 -24.7 36 12.4963 -24.7 35.3 12.8124 -24.7 35.1498 12.8665 -24.7 35.3 12.7889 -24.7 36 12.3078 -24.7 37 12.0904 -24.7 37.0904 12 -24.7 38 11.4753 -24.7 38.3 11.4587 -24.7 
29 35 0 -24.7
2 31 36 
1
88
24 12.761 -24.7 26 12.8208 -24.7 26.1228 12.9442 -24.7 26.181 13 -24.7 27 13.819 -24.7 27.3 13.8177 -24.7 28 13.8023 -24.7 28.2741 14 -24.7 29 14.7259 -24.7 30 14.6672 -24.7 31 14.5764 -24.7 32 14.4177 -24.7 32.4177 14 -24.7 33 13.4682 -24.7 33.3 13.3968 -24.7 34 13.2636 -24.7 34.186 13.198 -24.7 34.778 13.0299 -24.7 34.1727 13.3496 -24.7 34 13.4455 -24.7 33.7172 13.6496 -24.7 33.0172 14.1301 -24.7 33 14.1433 -24.7 32.3 14.6588 -24.7 30 16.5843 -24.7 29.1321 17.2613 -24.7 29 17.3675 -24.7 28.7828 17.5613 -24.7 28.2421 18 -24.7 28 18.1342 -24.7 27.756 18.3877 -24.7 27 19.1452 -24.7 26.2423 20 -24.7 25.7827 20.4597 -24.7 25.2984 21 -24.7 25 21.2984 -24.7 24.3534 21.0827 -24.7 24.2219 21 -24.7 24.1949 20.7 -24.7 23.7973 18 -24.7 23.7325 17.7 -24.7 23.6121 17 -24.7 23.1032 16 -24.7 22 14.7773 -24.7 21.3192 14.1223 -24.7 21.207 14 -24.7 21.0192 13.8475 -24.7 21 13.831 -24.7 20.3 13.5932 -24.7 20 13.5154 -24.7 19.3 13.3919 -24.7 17.3 13.1806 -24.7 17 13.1658 -24.7 16.7 13.1775 -24.7 16 13.1905 -24.7 15.3 13.3687 -24.7 15 13.4265 -24.7 14 13.7576 -24.7 13.7 13.8844 -24.7 13.3711 14 -24.7 13 14.1483 -24.7 12.9759 14.1626 -24.7 12.7 14.3206 -24.7 12 14.669 -24.7 11 15.359 -24.7 10.8281 15.0616 -24.7 10.7853 15 -24.7 10.6799 14.7 -24.7 10.4901 14.0132 -24.7 11 14.5231 -24.7 11.3 14.4657 -24.7 12 14.3537 -24.7 12.2885 14.2598 -24.7 12.5484 14 -24.7 12.9885 13.666 -24.7 13 13.6599 -24.7 13.3 13.4668 -24.7 14 13.4108 -24.7 14.4108 13 -24.7 14.8007 12.7087 -24.7 15 12.5668 -24.7 16 12.5383 -24.7 20 12.5824 -24.7 20.3 12.5946 -24.7 21 12.6054 -24.7 22 12.649 -24.7 22.649 12 -24.7 23 11.7617 -24.7 
30 36 0 -23.8
2 35 37 
1
96
16.2 12.4829 -23.8 17.2 12.4727 -23.8 18 12.4775 -23.8 19 12.503 -23.8 19.2 12.5153 -23.8 20 12.5329 -23.8 20.2 12.5446 -23.8 22 12.6232 -23.8 22.2 12.6361 -23.8 22.5992 12.252 -23.8 22.8511 12 -23.8 23 11.9004 -23.8 23.1007 12 -23.8 23.2009 12.1332 -23.8 23.8 12.7324 -23.8 24 12.7449 -23.8 25 12.7834 -23.8 26 12.8089 -23.8 26.1552 12.9577 -23.8 26.201 13 -23.8 27 13.799 -23.8 28 13.7964 -23.8 28.2205 13.9552 -23.8 28.2763 14 -23.8 29 14.7237 -23.8 30 14.6644 -23.8 31 14.5731 -23.8 31.2 14.5457 -23.8 32 14.4161 -23.8 32.2 14.3629 -23.8 32.2413 14.3117 -23.8 32.553 14 -23.8 33 13.588 -23.8 33.0724 13.5655 -23.8 33.2 13.4798 -23.8 34 13.2892 -23.8 34.0743 13.2492 -23.8 34.0627 13.2557 -23.8 34 13.3184 -23.8 33.8309 13.4557 -23.8 33.0769 14 -23.8 33.0309 14.0352 -23.8 33 14.0817 -23.8 32.2 14.7549 -23.8 32 14.7937 -23.8 31.8684 14.9085 -23.8 31.0684 15.5818 -23.8 31 15.7201 -23.8 29.887 16.6479 -23.8 29.087 17.283 -23.8 29 17.3603 -23.8 28.8673 17.483 -23.8 28.2881 18 -23.8 28 18.1607 -23.8 27.8477 18.3241 -23.8 27.1972 19 -23.8 27 19.1972 -23.8 26.2835 20 -23.8 26 20.2835 -23.8 25.8371 20.4201 -23.8 25 21.2578 -23.8 24.6492 21.0371 -23.8 24.6017 21 -23.8 24.6312 20.8 -23.8 24.5593 20 -23.8 24.552 19.8 -23.8 24.4404 19 -23.8 24.3978 18.8 -23.8 24.2677 18 -23.8 24.0541 17 -23.8 23.9647 16.8247 -23.8 23.9488 16.8 -23.8 23.5374 16 -23.8 23.3534 15.8033 -23.8 22.6333 15.0033 -23.8 21.7009 13.9896 -23.8 21.2 13.583 -23.8 21 13.4509 -23.8 20.2 13.2435 -23.8 20 13.1885 -23.8 19.2 13.104 -23.8 19 13.0602 -23.8 18 12.9548 -23.8 17.2 12.916 -23.8 16 12.9596 -23.8 15 13.1545 -23.8 14.9837 13.1626 -23.8 14 13.4855 -23.8 13.2939 13.7841 -23.8 14 13.3294 -23.8 14.1924 13.2686 -23.8 14.4611 13 -23.8 14.9925 12.6214 -23.8 15 12.6176 -23.8 15.2 12.5765 -23.8 16 12.5547 -23.8 
31 37 0 -22.9
2 36 38 
1
64
16.1619 12.7137 -22.9 17 12.4129 -22.9 17.1 12.408 -22.9 18 12.3963 -22.9 19 12.4277 -22.9 19.1 12.4368 -22.9 24 12.7264 -22.9 24.1 12.7294 -22.9 25 12.7682 -22.9 26 12.7851 -22.9 26.2334 13 -22.9 27 13.7666 -22.9 28 13.7714 -22.9 28.2836 14 -22.9 29 14.7164 -22.9 29.1 14.7144 -22.9 30.1 14.6559 -22.9 31 14.5771 -22.9 31.1 14.5654 -22.9 31.985 14.4444 -22.9 31.3483 15 -22.9 31.0405 15.6223 -22.9 31 15.7087 -22.9 30.9711 15.7223 -22.9 30.0711 16.4724 -22.9 30 16.5119 -22.9 29.4188 17 -22.9 29.0274 17.3478 -22.9 29 17.3754 -22.9 28.9397 17.4478 -22.9 28.3428 18 -22.9 28 18.1856 -22.9 27.9305 18.2647 -22.9 27.2454 19 -22.9 27 19.2454 -22.9 26.9427 19.3148 -22.9 26.3283 20 -22.9 26 20.3283 -22.9 25.2671 20.9427 -22.9 25.1571 20.8461 -22.9 25.0857 21 -22.9 25 21.0857 -22.9 24.8905 21 -22.9 24.7992 20.8461 -22.9 24.9239 20 -22.9 24.9248 19.836 -22.9 24.8944 19 -22.9 24.8796 18.9 -22.9 24.4734 17 -22.9 24.4278 16.9 -22.9 24 16.067 -22.9 23.9568 16 -22.9 23.8688 15.9 -22.9 22.0907 14 -22.9 22.0436 13.9542 -22.9 22 13.9076 -22.9 21.1 13.3131 -22.9 21 13.2722 -22.9 20 12.9969 -22.9 19.1 12.7998 -22.9 19 12.7723 -22.9 18 12.6694 -22.9 17.1 12.6927 -22.9 17 12.6814 -22.9 
32 38 0 -22
2 37 39 
1
40
17.0756 12.3798 -22 18 12.3337 -22 19 12.3649 -22 20 12.4557 -22 21 12.5237 -22 23 12.6338 -22 24 12.7053 -22 26 12.754 -22 26.2716 13 -22 27 13.7284 -22 28 13.7315 -22 28.3262 14 -22 29 14.6738 -22 30 14.654 -22 31 14.6028 -22 31.9866 14.4878 -22 31.4049 15 -22 31 15.864 -22 30.7112 16 -22 30 16.3947 -22 29.2744 17 -22 29 17.2762 -22 28.3973 18 -22 28 18.209 -22 27.3054 19 -22 27 19.3054 -22 26.4271 20 -22 26 20.4271 -22 25.0579 20 -22 25.0713 19 -22 24.9326 18 -22 24.7146 17 -22 24.259 16 -22 24 15.6752 -22 23.4066 15 -22 22.4709 14 -22 22 13.5419 -22 21 13.1322 -22 19 12.5816 -22 18 12.4844 -22 
33 39 0 -21.1
2 38 40 
1
61
18 12.344 -21.1 17.9803 12.3417 -21.1 18.9 12.2984 -21.1 19 12.3014 -21.1 19.9 12.4012 -21.1 23 12.6037 -21.1 23.9 12.6417 -21.1 24 12.6489 -21.1 26 12.7107 -21.1 26.0272 12.7353 -21.1 26.3297 13 -21.1 27 13.6703 -21.1 28 13.6686 -21.1 28.0326 13.6954 -21.1 28.4196 14 -21.1 29 14.5804 -21.1 29.9 14.5845 -21.1 30 14.5825 -21.1 31 14.5302 -21.1 31.9 14.4644 -21.1 31.9816 14.4549 -21.1 31.2892 14.9476 -21.1 31.2297 15 -21.1 31.1892 15.0864 -21.1 31 15.2756 -21.1 30.1 15.6795 -21.1 30 15.7267 -21.1 28.3089 15.9316 -21.1 28 15.9509 -21.1 27.9101 16 -21.1 27.8239 16.3946 -21.1 27.5347 17 -21.1 27.3807 17.1943 -21.1 27.581 18 -21.1 27.5319 18.0209 -21.1 27.4625 18.1 -21.1 27.4094 19 -21.1 27 19.4094 -21.1 26.1 19.4416 -21.1 26 19.5515 -21.1 25.9058 19.511 -21.1 25.1293 19.1 -21.1 25.1306 19 -21.1 25.0566 18.1 -21.1 25.042 18 -21.1 24.9314 17.1 -21.1 24.9096 17 -21.1 24.5238 16.1 -21.1 24.4782 16 -21.1 24 15.3979 -21.1 23.9407 15.3304 -21.1 23.0407 14.2082 -21.1 22.9471 14.1082 -21.1 22.8511 14 -21.1 22.0471 13.3505 -21.1 22 13.3047 -21.1 21.9 13.2637 -21.1 21.0279 13 -21.1 19.9 12.6845 -21.1 19 12.3104 -21.1 18.9 12.3007 -21.1 
34 40 0 -20.2
2 39 41 
1
49
19.8438 12.3377 -20.2 20.8 12.4336 -20.2 22 12.5204 -20.2 22.8 12.5253 -20.2 23 12.5357 -20.2 23.8 12.5538 -20.2 25.8 12.6431 -20.2 26 12.6488 -20.2 26.0672 12.7076 -20.2 26.4305 13 -20.2 27 13.5695 -20.2 27.8 13.5838 -20.2 28 13.5834 -20.2 28.5171 14 -20.2 29 14.4829 -20.2 29.8 14.5395 -20.2 30 14.5404 -20.2 30.8 14.7195 -20.2 31 14.709 -20.2 31.8 14.2918 -20.2 31.9672 14.2796 -20.2 31.2 14.6739 -20.2 31 14.8481 -20.2 30.717 15 -20.2 30.602 15.042 -20.2 30.2 15.2576 -20.2 30 15.3474 -20.2 29.8 15.3713 -20.2 29 15.1558 -20.2 28.8 15.1683 -20.2 28 15.0574 -20.2 27.8905 15.1095 -20.2 27 15.1423 -20.2 26.7363 15 -20.2 26.5248 14.9284 -20.2 26 14.7422 -20.2 25.5364 14.7365 -20.2 25 14.5168 -20.2 24.3449 14.0342 -20.2 24.2912 14 -20.2 24 13.8718 -20.2 23.7543 13.7196 -20.2 23 13.4999 -20.2 22.9787 13.4696 -20.2 22.8 13.3253 -20.2 22 13.1272 -20.2 21.8169 13.0715 -20.2 20.8 12.7858 -20.2 20 12.4026 -20.2 
35 41 0 -19.3
1 40 
1
43
21.7 12.4236 -19.3 22 12.4454 -19.3 22.7 12.4295 -19.3 23 12.4313 -19.3 24.7 12.4835 -19.3 26 12.5525 -19.3 26.1362 12.6622 -19.3 26.6069 13 -19.3 27 13.3931 -19.3 27.7 13.5003 -19.3 28 13.5056 -19.3 28.6165 14 -19.3 29 14.3835 -19.3 29.7 14.4863 -19.3 30 14.5075 -19.3 30.968 14.7146 -19.3 30.5171 14.9199 -19.3 30.2171 15.0808 -19.3 30 15.1615 -19.3 29.6999 15.0806 -19.3 29.4929 15 -19.3 29 14.7351 -19.3 28.9997 14.735 -19.3 28.7 14.6834 -19.3 28 14.3071 -19.3 27.7 14.3178 -19.3 27 14.0107 -19.3 26.9524 14 -19.3 26.3697 13.8798 -19.3 26 13.8291 -19.3 24.9533 13.3682 -19.3 24.7549 13.3 -19.3 24.5016 13.1885 -19.3 24 13.0159 -19.3 23.9457 13 -19.3 23.5139 12.9033 -19.3 23 12.8468 -19.3 22.58 12.8271 -19.3 22 12.864 -19.3 21.7 12.7783 -19.3 21 12.5038 -19.3 20.7329 12.3759 -19.3 21 12.4021 -19.3 
