56
0 1 0 1 1 2 1 2 2 3 2 3 3 4 3 4 4 5 4 5 5 6 5 6 6 7 6 7 7 8 7 8 8 9 8 9 9 10 9 10 10 11 10 11 11 12 11 12 12 13 12 13 13 14 13 14 
16
0 
1 0 
1 1 
1 2 
1 3 
1 4 
1 5 
1 6 
1 7 
1 8 
1 9 
1 10 
1 11 
1 12 
1 13 
1 14 
15
1 0 0 15.1235
1 1 
1
13
19.9542 26.2248 15.1235 19.758 26.3901 15.1235 19.4232 26.6838 15.1235 19.2243 26.3302 15.1235 19.0908 26.0678 15.1235 18.9265 25.6996 15.1235 18.7925 25.2897 15.1235 19.2392 25.3007 15.1235 19.8296 25.2614 15.1235 20.4745 25.1675 15.1235 20.9961 25.0596 15.1235 21.8622 24.8462 15.1235 20.7602 25.6229 15.1235 
2 1 0 16.0235
2 0 2 
1
13
19.9542 26.2248 16.0235 19.758 26.3901 16.0235 19.4232 26.6838 16.0235 19.2243 26.3302 16.0235 19.0908 26.0678 16.0235 18.9265 25.6996 16.0235 18.7925 25.2897 16.0235 19.2392 25.3007 16.0235 19.8296 25.2614 16.0235 20.4745 25.1675 16.0235 20.9961 25.0596 16.0235 21.8622 24.8462 16.0235 20.7602 25.6229 16.0235 
3 2 0 16.9235
2 1 3 
1
13
19.9542 26.2248 16.9235 19.758 26.3901 16.9235 19.4232 26.6838 16.9235 19.2243 26.3302 16.9235 19.0908 26.0678 16.9235 18.9265 25.6996 16.9235 18.7925 25.2897 16.9235 19.2392 25.3007 16.9235 19.8296 25.2614 16.9235 20.4745 25.1675 16.9235 20.9961 25.0596 16.9235 21.8622 24.8462 16.9235 20.7602 25.6229 16.9235 
4 3 0 17.8235
2 2 4 
1
13
19.9542 26.2248 17.8235 19.758 26.3901 17.8235 19.4232 26.6838 17.8235 19.2243 26.3302 17.8235 19.0908 26.0678 17.8235 18.9265 25.6996 17.8235 18.7925 25.2897 17.8235 19.2392 25.3007 17.8235 19.8296 25.2614 17.8235 20.4745 25.1675 17.8235 20.9961 25.0596 17.8235 21.8622 24.8462 17.8235 20.7602 25.6229 17.8235 
5 4 0 18.7235
2 3 5 
1
13
19.9542 26.2248 18.7235 19.758 26.3901 18.7235 19.4232 26.6838 18.7235 19.2243 26.3302 18.7235 19.0908 26.0678 18.7235 18.9265 25.6996 18.7235 18.7925 25.2897 18.7235 19.2392 25.3007 18.7235 19.8296 25.2614 18.7235 20.4745 25.1675 18.7235 20.9961 25.0596 18.7235 21.8622 24.8462 18.7235 20.7602 25.6229 18.7235 
6 5 0 19.6235
2 4 6 
1
13
19.9542 26.2248 19.6235 19.758 26.3901 19.6235 19.4232 26.6838 19.6235 19.2243 26.3302 19.6235 19.0908 26.0678 19.6235 18.9265 25.6996 19.6235 18.7925 25.2897 19.6235 19.2392 25.3007 19.6235 19.8296 25.2614 19.6235 20.4745 25.1675 19.6235 20.9961 25.0596 19.6235 21.8622 24.8462 19.6235 20.7602 25.6229 19.6235 
7 6 0 20.5235
2 5 7 
1
13
19.9542 26.2248 20.5235 19.758 26.3901 20.5235 19.4232 26.6838 20.5235 19.2243 26.3302 20.5235 19.0908 26.0678 20.5235 18.9265 25.6996 20.5235 18.7925 25.2897 20.5235 19.2392 25.3007 20.5235 19.8296 25.2614 20.5235 20.4745 25.1675 20.5235 20.9961 25.0596 20.5235 21.8622 24.8462 20.5235 20.7602 25.6229 20.5235 
8 7 0 21.4235
2 6 8 
1
13
19.9542 26.2248 21.4235 19.758 26.3901 21.4235 19.4232 26.6838 21.4235 19.2243 26.3302 21.4235 19.0908 26.0678 21.4235 18.9265 25.6996 21.4235 18.7925 25.2897 21.4235 19.2392 25.3007 21.4235 19.8296 25.2614 21.4235 20.4745 25.1675 21.4235 20.9961 25.0596 21.4235 21.8622 24.8462 21.4235 20.7602 25.6229 21.4235 
9 8 0 22.3235
2 7 9 
1
13
19.9542 26.2248 22.3235 19.758 26.3901 22.3235 19.4232 26.6838 22.3235 19.2243 26.3302 22.3235 19.0908 26.0678 22.3235 18.9265 25.6996 22.3235 18.7925 25.2897 22.3235 19.2392 25.3007 22.3235 19.8296 25.2614 22.3235 20.4745 25.1675 22.3235 20.9961 25.0596 22.3235 21.8622 24.8462 22.3235 20.7602 25.6229 22.3235 
10 9 0 23.2235
2 8 10 
1
13
19.9542 26.2248 23.2235 19.758 26.3901 23.2235 19.4232 26.6838 23.2235 19.2243 26.3302 23.2235 19.0908 26.0678 23.2235 18.9265 25.6996 23.2235 18.7925 25.2897 23.2235 19.2392 25.3007 23.2235 19.8296 25.2614 23.2235 20.4745 25.1675 23.2235 20.9961 25.0596 23.2235 21.8622 24.8462 23.2235 20.7602 25.6229 23.2235 
11 10 0 24.1235
2 9 11 
1
13
19.9542 26.2248 24.1235 19.758 26.3901 24.1235 19.4232 26.6838 24.1235 19.2243 26.3302 24.1235 19.0908 26.0678 24.1235 18.9265 25.6996 24.1235 18.7925 25.2897 24.1235 19.2392 25.3007 24.1235 19.8296 25.2614 24.1235 20.4745 25.1675 24.1235 20.9961 25.0596 24.1235 21.8622 24.8462 24.1235 20.7602 25.6229 24.1235 
12 11 0 25.0235
2 10 12 
1
13
19.9542 26.2248 25.0235 19.758 26.3901 25.0235 19.4232 26.6838 25.0235 19.2243 26.3302 25.0235 19.0908 26.0678 25.0235 18.9265 25.6996 25.0235 18.7925 25.2897 25.0235 19.2392 25.3007 25.0235 19.8296 25.2614 25.0235 20.4745 25.1675 25.0235 20.9961 25.0596 25.0235 21.8622 24.8462 25.0235 20.7602 25.6229 25.0235 
13 12 0 25.9235
2 11 13 
1
13
19.9542 26.2248 25.9235 19.758 26.3901 25.9235 19.4232 26.6838 25.9235 19.2243 26.3302 25.9235 19.0908 26.0678 25.9235 18.9265 25.6996 25.9235 18.7925 25.2897 25.9235 19.2392 25.3007 25.9235 19.8296 25.2614 25.9235 20.4745 25.1675 25.9235 20.9961 25.0596 25.9235 21.8622 24.8462 25.9235 20.7602 25.6229 25.9235 
14 13 0 26.8235
2 12 14 
1
13
19.9542 26.2248 26.8235 19.758 26.3901 26.8235 19.4232 26.6838 26.8235 19.2243 26.3302 26.8235 19.0908 26.0678 26.8235 18.9265 25.6996 26.8235 18.7925 25.2897 26.8235 19.2392 25.3007 26.8235 19.8296 25.2614 26.8235 20.4745 25.1675 26.8235 20.9961 25.0596 26.8235 21.8622 24.8462 26.8235 20.7602 25.6229 26.8235 
15 14 0 27.7235
1 13 
1
13
19.9542 26.2248 27.7235 19.758 26.3901 27.7235 19.4232 26.6838 27.7235 19.2243 26.3302 27.7235 19.0908 26.0678 27.7235 18.9265 25.6996 27.7235 18.7925 25.2897 27.7235 19.2392 25.3007 27.7235 19.8296 25.2614 27.7235 20.4745 25.1675 27.7235 20.9961 25.0596 27.7235 21.8622 24.8462 27.7235 20.7602 25.6229 27.7235 
