1089
19.4232 26.6838 14.1235
19.6232 26.6838 14.1235
19.6232 26.6838 14.1235
19.5646 26.8252 14.1447
19.4232 26.8838 14.166
19.2818 26.8252 14.1873
19.2232 26.6838 14.2086
19.2818 26.5424 14.2299
19.4232 26.4838 14.2511
19.5646 26.5424 14.2724
19.6232 26.6838 14.2937
19.5646 26.8252 14.315
19.4232 26.8838 14.3362
19.2818 26.8252 14.3575
19.2232 26.6838 14.3788
19.2818 26.5424 14.4001
19.4232 26.4838 14.4213
19.5646 26.5424 14.4426
19.6232 26.6838 14.4639
19.5646 26.8252 14.4852
19.4232 26.8838 14.5064
19.2818 26.8252 14.5277
19.2232 26.6838 14.549
19.2818 26.5424 14.5703
19.4232 26.4838 14.5916
19.5646 26.5424 14.6128
19.6232 26.6838 14.6341
19.5646 26.8252 14.6554
19.4232 26.8838 14.6767
19.2818 26.8252 14.6979
19.2232 26.6838 14.7192
19.2818 26.5424 14.7405
19.4232 26.4838 14.7618
19.5646 26.5424 14.783
19.6232 26.6838 14.8043
19.5646 26.8252 14.8256
19.4232 26.8838 14.8469
19.2818 26.8252 14.8682
19.2232 26.6838 14.8894
19.2818 26.5424 14.9107
19.4232 26.4838 14.932
19.5646 26.5424 14.9533
19.6232 26.6838 14.9745
19.5646 26.8252 14.9958
19.4232 26.8838 15.0171
19.2818 26.8252 15.0384
19.2232 26.6838 15.0596
19.2818 26.5424 15.0809
19.4232 26.4838 15.1022
19.5646 26.5424 15.1235
19.4232 26.6838 15.1235
19.2243 26.3302 15.1235
19.0908 26.0678 15.1235
18.9265 25.6996 15.1235
18.7925 25.2897 15.1235
19.2392 25.3007 15.1235
19.8296 25.2614 15.1235
20.4745 25.1675 15.1235
20.9961 25.0596 15.1235
21.8622 24.8462 15.1235
20.7602 25.6229 15.1235
19.9542 26.2248 15.1235
19.758 26.3901 15.1235
19.4232 26.6838 15.1235
19.4232 26.6838 15.1235
19.6232 26.6838 15.1235
19.6232 26.6838 15.1235
19.5646 26.8252 15.1426
19.4232 26.8838 15.1618
19.2818 26.8252 15.1809
19.2232 26.6838 15.2001
19.2818 26.5424 15.2192
19.4232 26.4838 15.2384
19.5646 26.5424 15.2575
19.6232 26.6838 15.2767
19.5646 26.8252 15.2958
19.4232 26.8838 15.315
19.2818 26.8252 15.3341
19.2232 26.6838 15.3533
19.2818 26.5424 15.3724
19.4232 26.4838 15.3916
19.5646 26.5424 15.4107
19.6232 26.6838 15.4299
19.5646 26.8252 15.449
19.4232 26.8838 15.4682
19.2818 26.8252 15.4873
19.2232 26.6838 15.5065
19.2818 26.5424 15.5256
19.4232 26.4838 15.5447
19.5646 26.5424 15.5639
19.6232 26.6838 15.583
19.5646 26.8252 15.6022
19.4232 26.8838 15.6213
19.2818 26.8252 15.6405
19.2232 26.6838 15.6596
19.2818 26.5424 15.6788
19.4232 26.4838 15.6979
19.5646 26.5424 15.7171
19.6232 26.6838 15.7362
19.5646 26.8252 15.7554
19.4232 26.8838 15.7745
19.2818 26.8252 15.7937
19.2232 26.6838 15.8128
19.2818 26.5424 15.832
19.4232 26.4838 15.8511
19.5646 26.5424 15.8703
19.6232 26.6838 15.8894
19.5646 26.8252 15.9086
19.4232 26.8838 15.9277
19.2818 26.8252 15.9469
19.2232 26.6838 15.966
19.2818 26.5424 15.9852
19.4232 26.4838 16.0043
19.5646 26.5424 16.0235
19.4232 26.6838 16.0235
19.2243 26.3302 16.0235
19.0908 26.0678 16.0235
18.9265 25.6996 16.0235
18.7925 25.2897 16.0235
19.2392 25.3007 16.0235
19.8296 25.2614 16.0235
20.4745 25.1675 16.0235
20.9961 25.0596 16.0235
21.8622 24.8462 16.0235
20.7602 25.6229 16.0235
19.9542 26.2248 16.0235
19.758 26.3901 16.0235
19.4232 26.6838 16.0235
19.4232 26.6838 16.0235
19.6232 26.6838 16.0235
19.6232 26.6838 16.0235
19.5646 26.8252 16.0426
19.4232 26.8838 16.0618
19.2818 26.8252 16.0809
19.2232 26.6838 16.1001
19.2818 26.5424 16.1192
19.4232 26.4838 16.1384
19.5646 26.5424 16.1575
19.6232 26.6838 16.1767
19.5646 26.8252 16.1958
19.4232 26.8838 16.215
19.2818 26.8252 16.2341
19.2232 26.6838 16.2533
19.2818 26.5424 16.2724
19.4232 26.4838 16.2916
19.5646 26.5424 16.3107
19.6232 26.6838 16.3299
19.5646 26.8252 16.349
19.4232 26.8838 16.3682
19.2818 26.8252 16.3873
19.2232 26.6838 16.4065
19.2818 26.5424 16.4256
19.4232 26.4838 16.4447
19.5646 26.5424 16.4639
19.6232 26.6838 16.483
19.5646 26.8252 16.5022
19.4232 26.8838 16.5213
19.2818 26.8252 16.5405
19.2232 26.6838 16.5596
19.2818 26.5424 16.5788
19.4232 26.4838 16.5979
19.5646 26.5424 16.6171
19.6232 26.6838 16.6362
19.5646 26.8252 16.6554
19.4232 26.8838 16.6745
19.2818 26.8252 16.6937
19.2232 26.6838 16.7128
19.2818 26.5424 16.732
19.4232 26.4838 16.7511
19.5646 26.5424 16.7703
19.6232 26.6838 16.7894
19.5646 26.8252 16.8086
19.4232 26.8838 16.8277
19.2818 26.8252 16.8469
19.2232 26.6838 16.866
19.2818 26.5424 16.8852
19.4232 26.4838 16.9043
19.5646 26.5424 16.9235
19.4232 26.6838 16.9235
19.2243 26.3302 16.9235
19.0908 26.0678 16.9235
18.9265 25.6996 16.9235
18.7925 25.2897 16.9235
19.2392 25.3007 16.9235
19.8296 25.2614 16.9235
20.4745 25.1675 16.9235
20.9961 25.0596 16.9235
21.8622 24.8462 16.9235
20.7602 25.6229 16.9235
19.9542 26.2248 16.9235
19.758 26.3901 16.9235
19.4232 26.6838 16.9235
19.4232 26.6838 16.9235
19.6232 26.6838 16.9235
19.6232 26.6838 16.9235
19.5646 26.8252 16.9426
19.4232 26.8838 16.9618
19.2818 26.8252 16.9809
19.2232 26.6838 17.0001
19.2818 26.5424 17.0192
19.4232 26.4838 17.0384
19.5646 26.5424 17.0575
19.6232 26.6838 17.0767
19.5646 26.8252 17.0958
19.4232 26.8838 17.115
19.2818 26.8252 17.1341
19.2232 26.6838 17.1533
19.2818 26.5424 17.1724
19.4232 26.4838 17.1916
19.5646 26.5424 17.2107
19.6232 26.6838 17.2299
19.5646 26.8252 17.249
19.4232 26.8838 17.2682
19.2818 26.8252 17.2873
19.2232 26.6838 17.3064
19.2818 26.5424 17.3256
19.4232 26.4838 17.3447
19.5646 26.5424 17.3639
19.6232 26.6838 17.383
19.5646 26.8252 17.4022
19.4232 26.8838 17.4213
19.2818 26.8252 17.4405
19.2232 26.6838 17.4596
19.2818 26.5424 17.4788
19.4232 26.4838 17.4979
19.5646 26.5424 17.5171
19.6232 26.6838 17.5362
19.5646 26.8252 17.5554
19.4232 26.8838 17.5745
19.2818 26.8252 17.5937
19.2232 26.6838 17.6128
19.2818 26.5424 17.632
19.4232 26.4838 17.6511
19.5646 26.5424 17.6703
19.6232 26.6838 17.6894
19.5646 26.8252 17.7086
19.4232 26.8838 17.7277
19.2818 26.8252 17.7469
19.2232 26.6838 17.766
19.2818 26.5424 17.7852
19.4232 26.4838 17.8043
19.5646 26.5424 17.8235
19.4232 26.6838 17.8235
19.2243 26.3302 17.8235
19.0908 26.0678 17.8235
18.9265 25.6996 17.8235
18.7925 25.2897 17.8235
19.2392 25.3007 17.8235
19.8296 25.2614 17.8235
20.4745 25.1675 17.8235
20.9961 25.0596 17.8235
21.8622 24.8462 17.8235
20.7602 25.6229 17.8235
19.9542 26.2248 17.8235
19.758 26.3901 17.8235
19.4232 26.6838 17.8235
19.4232 26.6838 17.8235
19.6232 26.6838 17.8235
19.6232 26.6838 17.8235
19.5646 26.8252 17.8426
19.4232 26.8838 17.8618
19.2818 26.8252 17.8809
19.2232 26.6838 17.9001
19.2818 26.5424 17.9192
19.4232 26.4838 17.9384
19.5646 26.5424 17.9575
19.6232 26.6838 17.9767
19.5646 26.8252 17.9958
19.4232 26.8838 18.015
19.2818 26.8252 18.0341
19.2232 26.6838 18.0533
19.2818 26.5424 18.0724
19.4232 26.4838 18.0916
19.5646 26.5424 18.1107
19.6232 26.6838 18.1299
19.5646 26.8252 18.149
19.4232 26.8838 18.1682
19.2818 26.8252 18.1873
19.2232 26.6838 18.2064
19.2818 26.5424 18.2256
19.4232 26.4838 18.2447
19.5646 26.5424 18.2639
19.6232 26.6838 18.283
19.5646 26.8252 18.3022
19.4232 26.8838 18.3213
19.2818 26.8252 18.3405
19.2232 26.6838 18.3596
19.2818 26.5424 18.3788
19.4232 26.4838 18.3979
19.5646 26.5424 18.4171
19.6232 26.6838 18.4362
19.5646 26.8252 18.4554
19.4232 26.8838 18.4745
19.2818 26.8252 18.4937
19.2232 26.6838 18.5128
19.2818 26.5424 18.532
19.4232 26.4838 18.5511
19.5646 26.5424 18.5703
19.6232 26.6838 18.5894
19.5646 26.8252 18.6086
19.4232 26.8838 18.6277
19.2818 26.8252 18.6469
19.2232 26.6838 18.666
19.2818 26.5424 18.6852
19.4232 26.4838 18.7043
19.5646 26.5424 18.7235
19.4232 26.6838 18.7235
19.2243 26.3302 18.7235
19.0908 26.0678 18.7235
18.9265 25.6996 18.7235
18.7925 25.2897 18.7235
19.2392 25.3007 18.7235
19.8296 25.2614 18.7235
20.4745 25.1675 18.7235
20.9961 25.0596 18.7235
21.8622 24.8462 18.7235
20.7602 25.6229 18.7235
19.9542 26.2248 18.7235
19.758 26.3901 18.7235
19.4232 26.6838 18.7235
19.4232 26.6838 18.7235
19.6232 26.6838 18.7235
19.6232 26.6838 18.7235
19.5646 26.8252 18.7426
19.4232 26.8838 18.7618
19.2818 26.8252 18.7809
19.2232 26.6838 18.8001
19.2818 26.5424 18.8192
19.4232 26.4838 18.8384
19.5646 26.5424 18.8575
19.6232 26.6838 18.8767
19.5646 26.8252 18.8958
19.4232 26.8838 18.915
19.2818 26.8252 18.9341
19.2232 26.6838 18.9533
19.2818 26.5424 18.9724
19.4232 26.4838 18.9916
19.5646 26.5424 19.0107
19.6232 26.6838 19.0299
19.5646 26.8252 19.049
19.4232 26.8838 19.0682
19.2818 26.8252 19.0873
19.2232 26.6838 19.1064
19.2818 26.5424 19.1256
19.4232 26.4838 19.1447
19.5646 26.5424 19.1639
19.6232 26.6838 19.183
19.5646 26.8252 19.2022
19.4232 26.8838 19.2213
19.2818 26.8252 19.2405
19.2232 26.6838 19.2596
19.2818 26.5424 19.2788
19.4232 26.4838 19.2979
19.5646 26.5424 19.3171
19.6232 26.6838 19.3362
19.5646 26.8252 19.3554
19.4232 26.8838 19.3745
19.2818 26.8252 19.3937
19.2232 26.6838 19.4128
19.2818 26.5424 19.432
19.4232 26.4838 19.4511
19.5646 26.5424 19.4703
19.6232 26.6838 19.4894
19.5646 26.8252 19.5086
19.4232 26.8838 19.5277
19.2818 26.8252 19.5469
19.2232 26.6838 19.566
19.2818 26.5424 19.5852
19.4232 26.4838 19.6043
19.5646 26.5424 19.6235
19.4232 26.6838 19.6235
19.2243 26.3302 19.6235
19.0908 26.0678 19.6235
18.9265 25.6996 19.6235
18.7925 25.2897 19.6235
19.2392 25.3007 19.6235
19.8296 25.2614 19.6235
20.4745 25.1675 19.6235
20.9961 25.0596 19.6235
21.8622 24.8462 19.6235
20.7602 25.6229 19.6235
19.9542 26.2248 19.6235
19.758 26.3901 19.6235
19.4232 26.6838 19.6235
19.4232 26.6838 19.6235
19.6232 26.6838 19.6235
19.6232 26.6838 19.6235
19.5646 26.8252 19.6426
19.4232 26.8838 19.6618
19.2818 26.8252 19.6809
19.2232 26.6838 19.7001
19.2818 26.5424 19.7192
19.4232 26.4838 19.7384
19.5646 26.5424 19.7575
19.6232 26.6838 19.7767
19.5646 26.8252 19.7958
19.4232 26.8838 19.815
19.2818 26.8252 19.8341
19.2232 26.6838 19.8533
19.2818 26.5424 19.8724
19.4232 26.4838 19.8916
19.5646 26.5424 19.9107
19.6232 26.6838 19.9299
19.5646 26.8252 19.949
19.4232 26.8838 19.9682
19.2818 26.8252 19.9873
19.2232 26.6838 20.0065
19.2818 26.5424 20.0256
19.4232 26.4838 20.0447
19.5646 26.5424 20.0639
19.6232 26.6838 20.083
19.5646 26.8252 20.1022
19.4232 26.8838 20.1213
19.2818 26.8252 20.1405
19.2232 26.6838 20.1596
19.2818 26.5424 20.1788
19.4232 26.4838 20.1979
19.5646 26.5424 20.2171
19.6232 26.6838 20.2362
19.5646 26.8252 20.2554
19.4232 26.8838 20.2745
19.2818 26.8252 20.2937
19.2232 26.6838 20.3128
19.2818 26.5424 20.332
19.4232 26.4838 20.3511
19.5646 26.5424 20.3703
19.6232 26.6838 20.3894
19.5646 26.8252 20.4086
19.4232 26.8838 20.4277
19.2818 26.8252 20.4469
19.2232 26.6838 20.466
19.2818 26.5424 20.4852
19.4232 26.4838 20.5043
19.5646 26.5424 20.5235
19.4232 26.6838 20.5235
19.2243 26.3302 20.5235
19.0908 26.0678 20.5235
18.9265 25.6996 20.5235
18.7925 25.2897 20.5235
19.2392 25.3007 20.5235
19.8296 25.2614 20.5235
20.4745 25.1675 20.5235
20.9961 25.0596 20.5235
21.8622 24.8462 20.5235
20.7602 25.6229 20.5235
19.9542 26.2248 20.5235
19.758 26.3901 20.5235
19.4232 26.6838 20.5235
19.4232 26.6838 20.5235
19.6232 26.6838 20.5235
19.6232 26.6838 20.5235
19.5646 26.8252 20.5426
19.4232 26.8838 20.5618
19.2818 26.8252 20.5809
19.2232 26.6838 20.6001
19.2818 26.5424 20.6192
19.4232 26.4838 20.6384
19.5646 26.5424 20.6575
19.6232 26.6838 20.6767
19.5646 26.8252 20.6958
19.4232 26.8838 20.715
19.2818 26.8252 20.7341
19.2232 26.6838 20.7533
19.2818 26.5424 20.7724
19.4232 26.4838 20.7916
19.5646 26.5424 20.8107
19.6232 26.6838 20.8299
19.5646 26.8252 20.849
19.4232 26.8838 20.8682
19.2818 26.8252 20.8873
19.2232 26.6838 20.9065
19.2818 26.5424 20.9256
19.4232 26.4838 20.9447
19.5646 26.5424 20.9639
19.6232 26.6838 20.983
19.5646 26.8252 21.0022
19.4232 26.8838 21.0213
19.2818 26.8252 21.0405
19.2232 26.6838 21.0596
19.2818 26.5424 21.0788
19.4232 26.4838 21.0979
19.5646 26.5424 21.1171
19.6232 26.6838 21.1362
19.5646 26.8252 21.1554
19.4232 26.8838 21.1745
19.2818 26.8252 21.1937
19.2232 26.6838 21.2128
19.2818 26.5424 21.232
19.4232 26.4838 21.2511
19.5646 26.5424 21.2703
19.6232 26.6838 21.2894
19.5646 26.8252 21.3086
19.4232 26.8838 21.3277
19.2818 26.8252 21.3469
19.2232 26.6838 21.366
19.2818 26.5424 21.3852
19.4232 26.4838 21.4043
19.5646 26.5424 21.4235
19.4232 26.6838 21.4235
19.2243 26.3302 21.4235
19.0908 26.0678 21.4235
18.9265 25.6996 21.4235
18.7925 25.2897 21.4235
19.2392 25.3007 21.4235
19.8296 25.2614 21.4235
20.4745 25.1675 21.4235
20.9961 25.0596 21.4235
21.8622 24.8462 21.4235
20.7602 25.6229 21.4235
19.9542 26.2248 21.4235
19.758 26.3901 21.4235
19.4232 26.6838 21.4235
19.4232 26.6838 21.4235
19.6232 26.6838 21.4235
19.6232 26.6838 21.4235
19.5646 26.8252 21.4426
19.4232 26.8838 21.4618
19.2818 26.8252 21.4809
19.2232 26.6838 21.5001
19.2818 26.5424 21.5192
19.4232 26.4838 21.5384
19.5646 26.5424 21.5575
19.6232 26.6838 21.5767
19.5646 26.8252 21.5958
19.4232 26.8838 21.615
19.2818 26.8252 21.6341
19.2232 26.6838 21.6533
19.2818 26.5424 21.6724
19.4232 26.4838 21.6916
19.5646 26.5424 21.7107
19.6232 26.6838 21.7299
19.5646 26.8252 21.749
19.4232 26.8838 21.7682
19.2818 26.8252 21.7873
19.2232 26.6838 21.8064
19.2818 26.5424 21.8256
19.4232 26.4838 21.8447
19.5646 26.5424 21.8639
19.6232 26.6838 21.883
19.5646 26.8252 21.9022
19.4232 26.8838 21.9213
19.2818 26.8252 21.9405
19.2232 26.6838 21.9596
19.2818 26.5424 21.9788
19.4232 26.4838 21.9979
19.5646 26.5424 22.0171
19.6232 26.6838 22.0362
19.5646 26.8252 22.0554
19.4232 26.8838 22.0745
19.2818 26.8252 22.0937
19.2232 26.6838 22.1128
19.2818 26.5424 22.132
19.4232 26.4838 22.1511
19.5646 26.5424 22.1703
19.6232 26.6838 22.1894
19.5646 26.8252 22.2086
19.4232 26.8838 22.2277
19.2818 26.8252 22.2469
19.2232 26.6838 22.266
19.2818 26.5424 22.2852
19.4232 26.4838 22.3043
19.5646 26.5424 22.3235
19.4232 26.6838 22.3235
19.2243 26.3302 22.3235
19.0908 26.0678 22.3235
18.9265 25.6996 22.3235
18.7925 25.2897 22.3235
19.2392 25.3007 22.3235
19.8296 25.2614 22.3235
20.4745 25.1675 22.3235
20.9961 25.0596 22.3235
21.8622 24.8462 22.3235
20.7602 25.6229 22.3235
19.9542 26.2248 22.3235
19.758 26.3901 22.3235
19.4232 26.6838 22.3235
19.4232 26.6838 22.3235
19.6232 26.6838 22.3235
19.6232 26.6838 22.3235
19.5646 26.8252 22.3426
19.4232 26.8838 22.3618
19.2818 26.8252 22.3809
19.2232 26.6838 22.4001
19.2818 26.5424 22.4192
19.4232 26.4838 22.4384
19.5646 26.5424 22.4575
19.6232 26.6838 22.4767
19.5646 26.8252 22.4958
19.4232 26.8838 22.515
19.2818 26.8252 22.5341
19.2232 26.6838 22.5533
19.2818 26.5424 22.5724
19.4232 26.4838 22.5916
19.5646 26.5424 22.6107
19.6232 26.6838 22.6299
19.5646 26.8252 22.649
19.4232 26.8838 22.6682
19.2818 26.8252 22.6873
19.2232 26.6838 22.7064
19.2818 26.5424 22.7256
19.4232 26.4838 22.7447
19.5646 26.5424 22.7639
19.6232 26.6838 22.783
19.5646 26.8252 22.8022
19.4232 26.8838 22.8213
19.2818 26.8252 22.8405
19.2232 26.6838 22.8596
19.2818 26.5424 22.8788
19.4232 26.4838 22.8979
19.5646 26.5424 22.9171
19.6232 26.6838 22.9362
19.5646 26.8252 22.9554
19.4232 26.8838 22.9745
19.2818 26.8252 22.9937
19.2232 26.6838 23.0128
19.2818 26.5424 23.032
19.4232 26.4838 23.0511
19.5646 26.5424 23.0703
19.6232 26.6838 23.0894
19.5646 26.8252 23.1086
19.4232 26.8838 23.1277
19.2818 26.8252 23.1469
19.2232 26.6838 23.166
19.2818 26.5424 23.1852
19.4232 26.4838 23.2043
19.5646 26.5424 23.2235
19.4232 26.6838 23.2235
19.2243 26.3302 23.2235
19.0908 26.0678 23.2235
18.9265 25.6996 23.2235
18.7925 25.2897 23.2235
19.2392 25.3007 23.2235
19.8296 25.2614 23.2235
20.4745 25.1675 23.2235
20.9961 25.0596 23.2235
21.8622 24.8462 23.2235
20.7602 25.6229 23.2235
19.9542 26.2248 23.2235
19.758 26.3901 23.2235
19.4232 26.6838 23.2235
19.4232 26.6838 23.2235
19.6232 26.6838 23.2235
19.6232 26.6838 23.2235
19.5646 26.8252 23.2426
19.4232 26.8838 23.2618
19.2818 26.8252 23.2809
19.2232 26.6838 23.3001
19.2818 26.5424 23.3192
19.4232 26.4838 23.3384
19.5646 26.5424 23.3575
19.6232 26.6838 23.3767
19.5646 26.8252 23.3958
19.4232 26.8838 23.415
19.2818 26.8252 23.4341
19.2232 26.6838 23.4533
19.2818 26.5424 23.4724
19.4232 26.4838 23.4916
19.5646 26.5424 23.5107
19.6232 26.6838 23.5299
19.5646 26.8252 23.549
19.4232 26.8838 23.5682
19.2818 26.8252 23.5873
19.2232 26.6838 23.6064
19.2818 26.5424 23.6256
19.4232 26.4838 23.6447
19.5646 26.5424 23.6639
19.6232 26.6838 23.683
19.5646 26.8252 23.7022
19.4232 26.8838 23.7213
19.2818 26.8252 23.7405
19.2232 26.6838 23.7596
19.2818 26.5424 23.7788
19.4232 26.4838 23.7979
19.5646 26.5424 23.8171
19.6232 26.6838 23.8362
19.5646 26.8252 23.8554
19.4232 26.8838 23.8745
19.2818 26.8252 23.8937
19.2232 26.6838 23.9128
19.2818 26.5424 23.932
19.4232 26.4838 23.9511
19.5646 26.5424 23.9703
19.6232 26.6838 23.9894
19.5646 26.8252 24.0086
19.4232 26.8838 24.0277
19.2818 26.8252 24.0469
19.2232 26.6838 24.066
19.2818 26.5424 24.0852
19.4232 26.4838 24.1043
19.5646 26.5424 24.1235
19.4232 26.6838 24.1235
19.2243 26.3302 24.1235
19.0908 26.0678 24.1235
18.9265 25.6996 24.1235
18.7925 25.2897 24.1235
19.2392 25.3007 24.1235
19.8296 25.2614 24.1235
20.4745 25.1675 24.1235
20.9961 25.0596 24.1235
21.8622 24.8462 24.1235
20.7602 25.6229 24.1235
19.9542 26.2248 24.1235
19.758 26.3901 24.1235
19.4232 26.6838 24.1235
19.4232 26.6838 24.1235
19.6232 26.6838 24.1235
19.6232 26.6838 24.1235
19.5646 26.8252 24.1426
19.4232 26.8838 24.1618
19.2818 26.8252 24.1809
19.2232 26.6838 24.2001
19.2818 26.5424 24.2192
19.4232 26.4838 24.2384
19.5646 26.5424 24.2575
19.6232 26.6838 24.2767
19.5646 26.8252 24.2958
19.4232 26.8838 24.315
19.2818 26.8252 24.3341
19.2232 26.6838 24.3533
19.2818 26.5424 24.3724
19.4232 26.4838 24.3916
19.5646 26.5424 24.4107
19.6232 26.6838 24.4299
19.5646 26.8252 24.449
19.4232 26.8838 24.4682
19.2818 26.8252 24.4873
19.2232 26.6838 24.5065
19.2818 26.5424 24.5256
19.4232 26.4838 24.5447
19.5646 26.5424 24.5639
19.6232 26.6838 24.583
19.5646 26.8252 24.6022
19.4232 26.8838 24.6213
19.2818 26.8252 24.6405
19.2232 26.6838 24.6596
19.2818 26.5424 24.6788
19.4232 26.4838 24.6979
19.5646 26.5424 24.7171
19.6232 26.6838 24.7362
19.5646 26.8252 24.7554
19.4232 26.8838 24.7745
19.2818 26.8252 24.7937
19.2232 26.6838 24.8128
19.2818 26.5424 24.832
19.4232 26.4838 24.8511
19.5646 26.5424 24.8703
19.6232 26.6838 24.8894
19.5646 26.8252 24.9086
19.4232 26.8838 24.9277
19.2818 26.8252 24.9469
19.2232 26.6838 24.966
19.2818 26.5424 24.9852
19.4232 26.4838 25.0043
19.5646 26.5424 25.0235
19.4232 26.6838 25.0235
19.2243 26.3302 25.0235
19.0908 26.0678 25.0235
18.9265 25.6996 25.0235
18.7925 25.2897 25.0235
19.2392 25.3007 25.0235
19.8296 25.2614 25.0235
20.4745 25.1675 25.0235
20.9961 25.0596 25.0235
21.8622 24.8462 25.0235
20.7602 25.6229 25.0235
19.9542 26.2248 25.0235
19.758 26.3901 25.0235
19.4232 26.6838 25.0235
19.4232 26.6838 25.0235
19.6232 26.6838 25.0235
19.6232 26.6838 25.0235
19.5646 26.8252 25.0426
19.4232 26.8838 25.0618
19.2818 26.8252 25.0809
19.2232 26.6838 25.1001
19.2818 26.5424 25.1192
19.4232 26.4838 25.1384
19.5646 26.5424 25.1575
19.6232 26.6838 25.1767
19.5646 26.8252 25.1958
19.4232 26.8838 25.215
19.2818 26.8252 25.2341
19.2232 26.6838 25.2533
19.2818 26.5424 25.2724
19.4232 26.4838 25.2916
19.5646 26.5424 25.3107
19.6232 26.6838 25.3299
19.5646 26.8252 25.349
19.4232 26.8838 25.3682
19.2818 26.8252 25.3873
19.2232 26.6838 25.4065
19.2818 26.5424 25.4256
19.4232 26.4838 25.4447
19.5646 26.5424 25.4639
19.6232 26.6838 25.483
19.5646 26.8252 25.5022
19.4232 26.8838 25.5213
19.2818 26.8252 25.5405
19.2232 26.6838 25.5596
19.2818 26.5424 25.5788
19.4232 26.4838 25.5979
19.5646 26.5424 25.6171
19.6232 26.6838 25.6362
19.5646 26.8252 25.6554
19.4232 26.8838 25.6745
19.2818 26.8252 25.6937
19.2232 26.6838 25.7128
19.2818 26.5424 25.732
19.4232 26.4838 25.7511
19.5646 26.5424 25.7703
19.6232 26.6838 25.7894
19.5646 26.8252 25.8086
19.4232 26.8838 25.8277
19.2818 26.8252 25.8469
19.2232 26.6838 25.866
19.2818 26.5424 25.8852
19.4232 26.4838 25.9043
19.5646 26.5424 25.9235
19.4232 26.6838 25.9235
19.2243 26.3302 25.9235
19.0908 26.0678 25.9235
18.9265 25.6996 25.9235
18.7925 25.2897 25.9235
19.2392 25.3007 25.9235
19.8296 25.2614 25.9235
20.4745 25.1675 25.9235
20.9961 25.0596 25.9235
21.8622 24.8462 25.9235
20.7602 25.6229 25.9235
19.9542 26.2248 25.9235
19.758 26.3901 25.9235
19.4232 26.6838 25.9235
19.4232 26.6838 25.9235
19.6232 26.6838 25.9235
19.6232 26.6838 25.9235
19.5646 26.8252 25.9426
19.4232 26.8838 25.9618
19.2818 26.8252 25.9809
19.2232 26.6838 26.0001
19.2818 26.5424 26.0192
19.4232 26.4838 26.0384
19.5646 26.5424 26.0575
19.6232 26.6838 26.0767
19.5646 26.8252 26.0958
19.4232 26.8838 26.115
19.2818 26.8252 26.1341
19.2232 26.6838 26.1533
19.2818 26.5424 26.1724
19.4232 26.4838 26.1916
19.5646 26.5424 26.2107
19.6232 26.6838 26.2299
19.5646 26.8252 26.249
19.4232 26.8838 26.2682
19.2818 26.8252 26.2873
19.2232 26.6838 26.3064
19.2818 26.5424 26.3256
19.4232 26.4838 26.3447
19.5646 26.5424 26.3639
19.6232 26.6838 26.383
19.5646 26.8252 26.4022
19.4232 26.8838 26.4213
19.2818 26.8252 26.4405
19.2232 26.6838 26.4596
19.2818 26.5424 26.4788
19.4232 26.4838 26.4979
19.5646 26.5424 26.5171
19.6232 26.6838 26.5362
19.5646 26.8252 26.5554
19.4232 26.8838 26.5745
19.2818 26.8252 26.5937
19.2232 26.6838 26.6128
19.2818 26.5424 26.632
19.4232 26.4838 26.6511
19.5646 26.5424 26.6703
19.6232 26.6838 26.6894
19.5646 26.8252 26.7086
19.4232 26.8838 26.7277
19.2818 26.8252 26.7469
19.2232 26.6838 26.766
19.2818 26.5424 26.7852
19.4232 26.4838 26.8043
19.5646 26.5424 26.8235
19.4232 26.6838 26.8235
19.2243 26.3302 26.8235
19.0908 26.0678 26.8235
18.9265 25.6996 26.8235
18.7925 25.2897 26.8235
19.2392 25.3007 26.8235
19.8296 25.2614 26.8235
20.4745 25.1675 26.8235
20.9961 25.0596 26.8235
21.8622 24.8462 26.8235
20.7602 25.6229 26.8235
19.9542 26.2248 26.8235
19.758 26.3901 26.8235
19.4232 26.6838 26.8235
19.4232 26.6838 26.8235
19.6232 26.6838 26.8235
19.6232 26.6838 26.8235
19.5646 26.8252 26.8426
19.4232 26.8838 26.8618
19.2818 26.8252 26.8809
19.2232 26.6838 26.9001
19.2818 26.5424 26.9192
19.4232 26.4838 26.9384
19.5646 26.5424 26.9575
19.6232 26.6838 26.9767
19.5646 26.8252 26.9958
19.4232 26.8838 27.015
19.2818 26.8252 27.0341
19.2232 26.6838 27.0533
19.2818 26.5424 27.0724
19.4232 26.4838 27.0916
19.5646 26.5424 27.1107
19.6232 26.6838 27.1299
19.5646 26.8252 27.149
19.4232 26.8838 27.1682
19.2818 26.8252 27.1873
19.2232 26.6838 27.2064
19.2818 26.5424 27.2256
19.4232 26.4838 27.2447
19.5646 26.5424 27.2639
19.6232 26.6838 27.283
19.5646 26.8252 27.3022
19.4232 26.8838 27.3213
19.2818 26.8252 27.3405
19.2232 26.6838 27.3596
19.2818 26.5424 27.3788
19.4232 26.4838 27.3979
19.5646 26.5424 27.4171
19.6232 26.6838 27.4362
19.5646 26.8252 27.4554
19.4232 26.8838 27.4745
19.2818 26.8252 27.4937
19.2232 26.6838 27.5128
19.2818 26.5424 27.532
19.4232 26.4838 27.5511
19.5646 26.5424 27.5703
19.6232 26.6838 27.5894
19.5646 26.8252 27.6086
19.4232 26.8838 27.6277
19.2818 26.8252 27.6469
19.2232 26.6838 27.666
19.2818 26.5424 27.6852
19.4232 26.4838 27.7043
19.5646 26.5424 27.7235
19.4232 26.6838 27.7235
19.2243 26.3302 27.7235
19.0908 26.0678 27.7235
18.9265 25.6996 27.7235
18.7925 25.2897 27.7235
19.2392 25.3007 27.7235
19.8296 25.2614 27.7235
20.4745 25.1675 27.7235
20.9961 25.0596 27.7235
21.8622 24.8462 27.7235
20.7602 25.6229 27.7235
19.9542 26.2248 27.7235
19.758 26.3901 27.7235
19.4232 26.6838 27.7235
19.4232 26.6838 27.7235
19.6232 26.6838 27.7235
19.6232 26.6838 27.7235
19.5646 26.8252 27.7426
19.4232 26.8838 27.7618
19.2818 26.8252 27.7809
19.2232 26.6838 27.8001
19.2818 26.5424 27.8192
19.4232 26.4838 27.8384
19.5646 26.5424 27.8575
19.6232 26.6838 27.8767
19.5646 26.8252 27.8958
19.4232 26.8838 27.915
19.2818 26.8252 27.9341
19.2232 26.6838 27.9533
19.2818 26.5424 27.9724
19.4232 26.4838 27.9916
19.5646 26.5424 28.0107
19.6232 26.6838 28.0299
19.5646 26.8252 28.049
19.4232 26.8838 28.0682
19.2818 26.8252 28.0873
19.2232 26.6838 28.1064
19.2818 26.5424 28.1256
19.4232 26.4838 28.1447
19.5646 26.5424 28.1639
19.6232 26.6838 28.183
19.5646 26.8252 28.2022
19.4232 26.8838 28.2213
19.2818 26.8252 28.2405
19.2232 26.6838 28.2596
19.2818 26.5424 28.2788
19.4232 26.4838 28.2979
19.5646 26.5424 28.3171
19.6232 26.6838 28.3362
19.5646 26.8252 28.3554
19.4232 26.8838 28.3745
19.2818 26.8252 28.3937
19.2232 26.6838 28.4128
19.2818 26.5424 28.432
19.4232 26.4838 28.4511
19.5646 26.5424 28.4703
19.6232 26.6838 28.4894
19.5646 26.8252 28.5086
19.4232 26.8838 28.5277
19.2818 26.8252 28.5469
19.2232 26.6838 28.566
19.2818 26.5424 28.5852
19.4232 26.4838 28.6043
19.5646 26.5424 28.6235
19.4232 26.6838 28.6235
19.2243 26.3302 28.6235
19.0908 26.0678 28.6235
18.9265 25.6996 28.6235
18.7925 25.2897 28.6235
19.2392 25.3007 28.6235
19.8296 25.2614 28.6235
20.4745 25.1675 28.6235
20.9961 25.0596 28.6235
21.8622 24.8462 28.6235
20.7602 25.6229 28.6235
19.9542 26.2248 28.6235
19.758 26.3901 28.6235
19.4232 26.6838 28.6235
19.4232 26.6838 28.6235
19.6232 26.6838 28.6235
19.6232 26.6838 28.6235
19.5646 26.8252 28.6426
19.4232 26.8838 28.6618
19.2818 26.8252 28.6809
19.2232 26.6838 28.7001
19.2818 26.5424 28.7192
19.4232 26.4838 28.7384
19.5646 26.5424 28.7575
19.6232 26.6838 28.7767
19.5646 26.8252 28.7958
19.4232 26.8838 28.815
19.2818 26.8252 28.8341
19.2232 26.6838 28.8533
19.2818 26.5424 28.8724
19.4232 26.4838 28.8916
19.5646 26.5424 28.9107
19.6232 26.6838 28.9299
19.5646 26.8252 28.949
19.4232 26.8838 28.9682
19.2818 26.8252 28.9873
19.2232 26.6838 29.0065
19.2818 26.5424 29.0256
19.4232 26.4838 29.0447
19.5646 26.5424 29.0639
19.6232 26.6838 29.083
19.5646 26.8252 29.1022
19.4232 26.8838 29.1213
19.2818 26.8252 29.1405
19.2232 26.6838 29.1596
19.2818 26.5424 29.1788
19.4232 26.4838 29.1979
19.5646 26.5424 29.2171
19.6232 26.6838 29.2362
19.5646 26.8252 29.2554
19.4232 26.8838 29.2745
19.2818 26.8252 29.2937
19.2232 26.6838 29.3128
19.2818 26.5424 29.332
19.4232 26.4838 29.3511
19.5646 26.5424 29.3703
19.6232 26.6838 29.3894
19.5646 26.8252 29.4086
19.4232 26.8838 29.4277
19.2818 26.8252 29.4469
19.2232 26.6838 29.466
19.2818 26.5424 29.4852
19.4232 26.4838 29.5043
19.5646 26.5424 29.5235
19.4232 26.6838 29.5235
19.2243 26.3302 29.5235
19.0908 26.0678 29.5235
18.9265 25.6996 29.5235
18.7925 25.2897 29.5235
19.2392 25.3007 29.5235
19.8296 25.2614 29.5235
20.4745 25.1675 29.5235
20.9961 25.0596 29.5235
21.8622 24.8462 29.5235
20.7602 25.6229 29.5235
19.9542 26.2248 29.5235
19.758 26.3901 29.5235
19.4232 26.6838 29.5235
19.4232 26.6838 -5.77653
