26
0
0
1
23
24.2536 28.0711 -40.1614 24.3393 28.2945 -40.1614 24.6371 29 -40.1614 24.6518 29.3231 -40.1614 24.5992 30 -40.1614 24.5859 30.3006 -40.1614 24.5322 31 -40.1614 24.9368 31.9055 -40.1614 24.9687 32 -40.1614 24.9715 32.0044 -40.1614 24.9724 32.0056 -40.1614 24.9756 32.0107 -40.1614 25.1171 31.3617 -40.1614 25.1358 31.1936 -40.1614 25.2015 30.9411 -40.1614 25.4063 30.249 -40.1614 25.5779 29.7103 -40.1614 25.606 29.3045 -40.1614 25.3842 29.0786 -40.1614 24.9927 28.3599 -40.1614 24.949 28.3299 -40.1614 24.9193 28.3188 -40.1614 24.9192 28.3187 -40.1614 
0
0
0
1
22
20.5867 29.3438 -36.5614 20.6303 29.3451 -36.5614 21.1707 29.3307 -36.5614 21.7111 29.3421 -36.5614 22.1153 29.3785 -36.5614 22.5195 29.4048 -36.5614 22.8107 29.3786 -36.5614 23.0599 29.3505 -36.5614 23.1081 29.3045 -36.5614 23.314 28.7641 -36.5614 23.3626 28.3599 -36.5614 23.186 28.0728 -36.5614 23.0599 27.888 -36.5614 22.6557 27.7135 -36.5614 22.1153 27.4973 -36.5614 21.7861 27.4758 -36.5614 22 27.6816 -36.5614 22.0399 28 -36.5614 22 28.2109 -36.5614 21.2587 28.2587 -36.5614 21 28.2222 -36.5614 20.8045 29 -36.5614 
0
0
0
0
0
0
0
0
0
0
0
0
0
0
0
0
0
1
18
14.1218 27.7467 -20.3614 14.1809 28 -20.3614 14.1674 28.5128 -20.3614 14.5588 28.502 -20.3614 15.2415 28.4714 -20.3614 15.5033 28.4645 -20.3614 16.4479 28.424 -20.3614 16.7097 28.4513 -20.3614 17.3925 28.4242 -20.3614 17.5732 28.3599 -20.3614 17.3925 28.2124 -20.3614 16.7097 28.1043 -20.3614 16.4479 28.1062 -20.3614 16.1861 28.0668 -20.3614 15.5033 27.9481 -20.3614 15.2415 27.9227 -20.3614 14.5588 27.794 -20.3614 14.297 27.7714 -20.3614 
0
