26
0
1
45
11.7251 27.8681 -41.0614 12.6696 27.4608 -41.0614 15.5033 27.4401 -41.0614 16.2666 27.4722 -41.0614 16.4479 27.4593 -41.0614 17.2111 27.5159 -41.0614 17.3925 27.4864 -41.0614 18.337 27.5667 -41.0614 18.5372 27.5693 -41.0614 18.7886 27.5849 -41.0614 18.5784 27.9548 -41.0614 18.5509 28 -41.0614 18.3412 28.8939 -41.0614 18.3181 29 -41.0614 18.4144 29.8332 -41.0614 18.4144 30 -41.0614 18.59 30.8334 -41.0614 18.6155 31 -41.0614 18.689 31.8693 -41.0614 18.6976 32 -41.0614 18 32.7138 -41.0614 17.1258 32.5089 -41.0614 17.2942 32.4016 -41.0614 17.3925 32.3417 -41.0614 17.7387 32.1382 -41.0614 17.656 32.0828 -41.0614 17.3925 31.9842 -41.0614 17.0498 31.7864 -41.0614 16.4479 31.5492 -41.0614 15.7724 31.1994 -41.0614 15.7596 31.1936 -41.0614 15.5033 31.1115 -41.0614 15.1561 31.0114 -41.0614 14.5588 30.8651 -41.0614 13.6142 30.8383 -41.0614 12.8846 31.0701 -41.0614 12.6696 31.1256 -41.0614 12.3941 30.982 -41.0614 11.7251 30.5736 -41.0614 11.6881 30.4304 -41.0614 11.6668 30.249 -41.0614 11.5139 29.4858 -41.0614 11.4449 28.5413 -41.0614 11.4564 28.3599 -41.0614 11.5039 28.2772 -41.0614 
1
64
11.5132 28.2041 -40.1614 11.4954 28.2388 -40.1614 11.43 28.3599 -40.1614 11.4459 28.5858 -40.1614 11.6248 29.5304 -40.1614 11.7251 29.8 -40.1614 12.4258 30.0677 -40.1614 12.6696 30.179 -40.1614 12.9403 30.157 -40.1614 13.6142 30.0917 -40.1614 14.0768 30.1618 -40.1614 14.5588 30.1933 -40.1614 14.9678 30.249 -40.1614 15.5033 30.3525 -40.1614 15.9659 30.406 -40.1614 16.1811 30.4749 -40.1614 16.4372 30.5013 -40.1614 16.4479 30.5044 -40.1614 17.1634 30.5379 -40.1614 17.3925 30.5874 -40.1614 18.0539 30.5752 -40.1614 18.9797 30.6399 -40.1614 19.875 30.7639 -40.1614 20.2262 30.8387 -40.1614 20.7163 30.9669 -40.1614 21.1707 31.102 -40.1614 21.3688 31.1763 -40.1614 21.4074 31.1936 -40.1614 21.6241 31.6469 -40.1614 21.8717 32.0322 -40.1614 21.8887 32 -40.1614 21.9169 31.9169 -40.1614 22 31.899 -40.1614 22.2335 31.6872 -40.1614 22.4837 31 -40.1614 22.3401 30 -40.1614 22.3291 29.5897 -40.1614 22.2614 29 -40.1614 22.3321 28.7491 -40.1614 22.565 28 -40.1614 22.6324 27.9094 -40.1614 22.753 27.737 -40.1614 22.1153 27.6946 -40.1614 21.8894 27.7319 -40.1614 21.1707 27.7058 -40.1614 20.9448 27.7082 -40.1614 20.2262 27.6708 -40.1614 20.0003 27.665 -40.1614 19.2816 27.5937 -40.1614 19.0557 27.5797 -40.1614 18.1111 27.4997 -40.1614 17.1666 27.4379 -40.1614 16.1945 27.3938 -40.1614 15.5033 27.3804 -40.1614 15.4786 27.3803 -40.1614 15.5196 28 -40.1614 15.3723 29 -40.1614 15 29.3723 -40.1614 14 29.3479 -40.1614 13.317 29.6424 -40.1614 13 29.626 -40.1614 12.3345 29.3643 -40.1614 12 29.386 -40.1614 11.614 29 -40.1614 
1
48
20.9002 27.6259 -39.2614 22.1153 27.6789 -39.2614 22.7894 27.8083 -39.2614 23.0599 27.8263 -39.2614 23.3304 27.9075 -39.2614 23.5406 28.1011 -39.2614 23.8082 28.3599 -39.2614 24.0044 28.6528 -39.2614 24.128 28.8238 -39.2614 24.3927 29.034 -39.2614 24.5605 29.3045 -39.2614 24.0409 30.1121 -39.2614 24.0044 30.1624 -39.2614 23.7478 30.249 -39.2614 23.3451 30.5343 -39.2614 23.0599 30.4905 -39.2614 22.35 30.249 -39.2614 22.2387 30.23 -39.2614 22.1153 30.2145 -39.2614 21.6307 30.1202 -39.2614 21.1707 30.0413 -39.2614 20.8003 29.9898 -39.2614 19.8997 29.9232 -39.2614 19.2816 29.9418 -39.2614 18.9794 29.9297 -39.2614 18.337 29.9781 -39.2614 17.9872 29.9982 -39.2614 17.3925 30.093 -39.2614 16.7278 30.1756 -39.2614 16.4479 30.2413 -39.2614 16.3515 30.2304 -39.2614 16.1774 30.216 -39.2614 15.5033 30.2318 -39.2614 15.2328 30.1952 -39.2614 14.5588 29.8818 -39.2614 14.2883 29.8408 -39.2614 14.2137 29.8153 -39.2614 14.7386 29.5459 -39.2614 15.7386 29.5695 -39.2614 16 29.3208 -39.2614 17 29.2727 -39.2614 17.2727 29 -39.2614 17.4174 28 -39.2614 17.3857 27.3954 -39.2614 17.3925 27.3958 -39.2614 17.9434 27.4125 -39.2614 19.0111 27.4633 -39.2614 19.9557 27.5357 -39.2614 
1
35
17.0774 29.8176 -38.3615 17.0717 29.8172 -38.3615 17.6932 29.3068 -38.3615 18 29.1975 -38.3615 18.9502 29.0446 -38.3615 19 29.0316 -38.3615 19.019 29 -38.3615 19.2512 28 -38.3615 19.2524 27.4462 -38.3615 19.2816 27.4475 -38.3615 19.9111 27.4678 -38.3615 20.2262 27.4909 -38.3615 20.8557 27.5173 -38.3615 21.1707 27.5469 -38.3615 22.1153 27.5871 -38.3615 22.7448 27.7471 -38.3615 23.0599 27.8076 -38.3615 23.2417 27.9834 -38.3615 23.5149 28.3599 -38.3615 23.5167 28.9894 -38.3615 23.734 29.3045 -38.3615 23.6499 29.4201 -38.3615 23.3749 29.6514 -38.3615 23.0599 29.8022 -38.3615 22.7448 29.7626 -38.3615 22.1153 29.7431 -38.3615 21.8002 29.6891 -38.3615 21.1707 29.6196 -38.3615 20.2262 29.5513 -38.3615 19.9111 29.5608 -38.3615 19.2816 29.6252 -38.3615 18.9665 29.6489 -38.3615 18.337 29.7873 -38.3615 18.022 29.8376 -38.3615 17.3925 29.7437 -38.3615 
1
24
19.8814 29 -37.4614 20 28.5066 -37.4614 20.1309 28 -37.4614 20.1339 27.4603 -37.4614 20.2262 27.4633 -37.4614 20.8111 27.465 -37.4614 21.1707 27.4801 -37.4614 21.7557 27.5183 -37.4614 22.1153 27.5334 -37.4614 22.7003 27.7859 -37.4614 23.0599 27.8773 -37.4614 23.216 28.0924 -37.4614 23.3985 28.3599 -37.4614 23.3995 28.7195 -37.4614 23.3292 29.3045 -37.4614 23.1721 29.4366 -37.4614 23.0599 29.5438 -37.4614 22.7003 29.5327 -37.4614 22.1153 29.4946 -37.4614 21.7557 29.4549 -37.4614 21.1707 29.4023 -37.4614 20.8111 29.3769 -37.4614 20.2262 29.3587 -37.4614 19.6441 29.399 -37.4614 
0
0
0
0
0
0
0
0
0
0
0
0
0
0
0
0
0
1
25
14.5588 28.7035 -21.2614 15.2861 28.6844 -21.2614 15.5033 28.6599 -21.2614 16.2307 28.6258 -21.2614 16.4479 28.5935 -21.2614 17.1752 28.6694 -21.2614 17.3925 28.6396 -21.2614 17.6097 28.5926 -21.2614 18.2634 28.3599 -21.2614 18.0715 28.2033 -21.2614 17.6097 27.8464 -21.2614 17.3925 27.7886 -21.2614 17.1752 27.7665 -21.2614 16.4479 27.7716 -21.2614 16.2307 27.7543 -21.2614 15.5033 27.6451 -21.2614 15.2861 27.6337 -21.2614 14.5588 27.563 -21.2614 14.3415 27.5554 -21.2614 13.8292 27.5112 -21.2614 13.8198 27.6125 -21.2614 13.8563 28 -21.2614 13.7597 28.3524 -21.2614 13.6833 28.7366 -21.2614 14.3416 28.7203 -21.2614 
0
0
