16
0 1 1 2 2 3 3 4 4 5 5 6 6 7 7 8 
13
0 
0 
0 
1 0 
1 1 
1 2 
1 3 
1 4 
1 5 
1 6 
1 7 
1 8 
0 
9
3 0 0 22.7
1 1 
1
14
17 23.6496 22.7 17.7 23.5867 22.7 18 23.5819 22.7 18.7 23.4755 22.7 19 23.4577 22.7 19.3674 23.8706 22.7 19.4884 24 22.7 20 24.5116 22.7 19.7 24.5189 22.7 19 24.6054 22.7 18.7 24.5953 22.7 18 24.649 22.7 17.351 24 22.7 17.1238 23.7563 22.7 
4 1 0 23.6
2 0 2 
1
10
17 23.6424 23.6 18 23.5469 23.6 18.6 23.4424 23.6 19 23.3817 23.6 19.5474 24 23.6 20 24.4526 23.6 19.6 24.502 23.6 19 24.586 23.6 18 24.6673 23.6 17.3327 24 23.6 
5 2 0 24.5
2 1 3 
1
10
17 23.6275 24.5 18 23.5226 24.5 18.5 23.4223 24.5 19 23.3353 24.5 19.5837 24 24.5 20 24.4163 24.5 19.5 24.4863 24.5 19 24.5658 24.5 18 24.6544 24.5 17.3456 24 24.5 
6 3 0 25.4
2 2 4 
1
9
18 23.4956 25.4 18.4 23.402 25.4 19 23.2817 25.4 19.6207 24 25.4 20 24.3793 25.4 19 24.5437 25.4 18 24.6404 25.4 17.3596 24 25.4 17 23.6113 25.4 
7 4 0 26.3
2 3 5 
1
14
18.3 23.4293 26.3 19 23.2656 26.3 19.1678 23.4697 26.3 19.6188 24 26.3 20 24.3812 26.3 19.3 24.502 26.3 19 24.5391 26.3 18.3 24.6109 26.3 18 24.6346 26.3 17.3654 24 26.3 17.2585 23.8794 26.3 17 23.5993 26.3 17.3 23.5683 26.3 18 23.4818 26.3 
8 5 0 27.2
2 4 6 
1
12
17 23.6076 27.2 17.2 23.5935 27.2 18.2 23.4895 27.2 19 23.3496 27.2 19.4474 23.894 27.2 19.5397 24 27.2 20 24.4603 27.2 19.2 24.5593 27.2 18.2 24.639 27.2 18 24.6414 27.2 17.3586 24 27.2 17.2851 23.9293 27.2 
9 6 0 28.1
2 5 7 
1
12
17 23.6459 28.1 17.1 23.6464 28.1 18.1 23.5767 28.1 19 23.4813 28.1 19.4529 24 28.1 20 24.5471 28.1 19.1 24.6213 28.1 19 24.6174 28.1 18.1 24.6282 28.1 18 24.6233 28.1 17.3767 24 28.1 17.3306 23.964 28.1 
10 7 0 29
2 6 8 
1
7
18 23.6457 29 19 23.5834 29 19.373 24 29 20 24.627 29 18 24.5387 29 17.4613 24 29 17 23.6404 29 
11 8 0 29.9
1 7 
1
13
17 23.5765 29.9 17.9 23.6095 29.9 18 23.6101 29.9 18.9 23.6379 29.9 19 23.6316 29.9 19.0373 23.6733 29.9 19.4499 24 29.9 20 24.5501 29.9 19.9 24.5461 29.9 18.9 24.4861 29.9 18 24.417 29.9 17.583 24 29.9 17.0461 23.6125 29.9 
