17
0
2
23
5.98799 29.8894 17.2575 5.98539 30 17.2575 5.98828 30.8835 17.2575 5.97888 31 17.2575 5.95299 31.9115 17.2575 5.94092 32 17.2575 5.8908 32.4316 17.2575 5.84646 32.6988 17.2575 5.82533 33 17.2575 5.7901 33.0789 17.2575 5.78849 33.0506 17.2575 5.78823 33.044 17.2575 5.85631 32.2677 17.2575 5.84682 32.0823 17.2575 5.88045 31.3429 17.2575 5.87096 31.1206 17.2575 5.88847 30.4038 17.2575 5.87747 30.1588 17.2575 5.88193 29.4526 17.2575 5.87704 29.1971 17.2575 5.87563 15.7328 17.2575 5.89271 15.6437 17.2575 5.98631 15.5015 17.2575 
21
3.63658 30.602 17.2575 3.66892 31.1206 17.2575 3.75715 31.6993 17.2575 3.78629 32.0823 17.2575 3.95158 32.7583 17.2575 3.98245 33.044 17.2575 4.28676 33.8876 17.2575 4.30883 34.0057 17.2575 4.326 34.0715 17.2575 4.26157 34 17.2575 3.89667 33.4464 17.2575 3.89535 33.4446 17.2575 3.89277 33.4423 17.2575 3.89088 33.4364 17.2575 3.79964 33 17.2575 3.79576 32.9365 17.2575 3.67125 32 17.2575 3.66618 31.8728 17.2575 3.56981 31 17.2575 3.57051 30.8165 17.2575 3.55702 30.4599 17.2575 
0
1
21
9.00851 14.7232 19.0575 9.32813 15 19.0575 9.45611 16 19.0575 9.46647 16.229 19.0575 9.48182 17 19.0575 9.48177 20.2387 19.0575 9.49874 20.2381 19.0575 9.56378 20.2422 19.0575 9.56341 18 19.0575 9.56337 17.9982 19.0575 9.5633 17.5675 19.0575 9.56333 17.5668 19.0575 9.56329 17 19.0575 9.5782 16.8237 19.0575 9.57802 16 19.0575 9.78178 15.0578 19.0575 9.79342 15.0101 19.0575 9.79421 15 19.0575 10.8887 14.4528 19.0575 10.6436 14.4429 19.0575 8.24267 14.4429 19.0575 
0
1
14
6.75941 36.9979 20.8575 6.66876 37.6289 20.8575 6.6717 37.8527 20.8575 6.89602 38.7829 20.8575 6.9029 38.8061 20.8575 6.9049 38.8111 20.8575 6.90576 38.8144 20.8575 6.98354 39.6198 20.8575 6.99748 39.5423 20.8575 6.93805 39 20.8575 6.93349 38.5683 20.8575 6.8434 38 20.8575 6.81137 37.5684 20.8575 6.75957 37 20.8575 
4
26
-4.40089 15.4557 21.7575 -4.40993 29 21.7575 -4.38484 30 21.7575 -4.31855 30.9982 21.7575 -4.31849 31 21.7575 -4.31485 31.0288 21.7575 -4.0986 32 21.7575 -4.0623 32.1263 21.7575 -3.83294 33 21.7575 -3.60653 33.6458 21.7575 -3.47581 34 21.7575 -3.3241 34.3606 21.7575 -3.23384 34.4207 21.7575 -3.44097 34.0057 21.7575 -3.44985 33.9706 21.7575 -3.61823 33.5104 21.7575 -3.68223 33.2931 21.7575 -3.74349 33.044 21.7575 -3.81282 32.6729 21.7575 -3.94543 32.0823 21.7575 -4.01315 31.6109 21.7575 -4.10178 31.1206 21.7575 -4.14904 30.5813 21.7575 -4.19854 30.1588 21.7575 -4.24151 29.1971 21.7575 -4.23892 15.7328 21.7575 
18
7.78504 14.4429 21.7575 10.4746 14.4429 21.7575 9.83127 15 21.7575 9.70331 16 21.7575 9.68502 16.2554 21.7575 9.55884 17 21.7575 9.50446 17.5007 21.7575 9.45833 18 21.7575 9.42552 18.7797 21.7575 9.42558 20.1785 21.7575 9.37761 20.1785 21.7575 9.35074 20.1789 21.7575 9.35073 18.9767 21.7575 9.32284 18 21.7575 9.32053 17.9506 21.7575 9.24503 17 21.7575 9.121 16 21.7575 8.89931 15 21.7575 
25
6.90629 37 21.7575 6.98384 38 21.7575 7.0682 38.6192 21.7575 7.10525 39 21.7575 7.11346 39.0633 21.7575 7.20248 40 21.7575 7.22352 40.1765 21.7575 7.20524 41 21.7575 7.22552 41.1444 21.7575 7.18245 41.3043 21.7575 7.1973 40.7379 21.7575 7.13123 40.0842 21.7575 7.14701 39.9594 21.7575 7.17945 39.7762 21.7575 7.17941 39.7757 21.7575 7.07059 38.8144 21.7575 6.85915 38.0089 21.7575 6.79738 37.8527 21.7575 6.79159 37.5854 21.7575 6.56469 37.068 21.7575 6.75514 37 21.7575 6.75616 36.9973 21.7575 6.75839 36.9912 21.7575 6.83268 36.796 21.7575 6.87878 36.5367 21.7575 
27
11.193 37.7462 21.7575 11.1924 37.7536 21.7575 11.1901 37.7995 21.7575 11.2223 37.7875 21.7575 11.2241 37.7869 21.7575 11.6851 37.6151 21.7575 11.686 37.6148 21.7575 11.6869 37.6146 21.7575 11.946 37.5204 21.7575 11.9535 36.9674 21.7575 11.9642 36.8909 21.7575 12.0067 36.4273 21.7575 12.0468 36.0644 21.7575 12.104 35.9455 21.7575 12.1134 35.9292 21.7575 12.1167 35.8109 21.7575 12.1293 35.762 21.7575 11.6877 35.6631 21.7575 11.687 35.6631 21.7575 11.6851 35.6624 21.7575 11.3552 35.5672 21.7575 11.3161 35.5522 21.7575 11.3048 35.8099 21.7575 11.2995 36 21.7575 11.2536 36.7843 21.7575 11.2454 37 21.7575 11.1931 37.7432 21.7575 
2
27
-1.49105 31.2548 22.6575 -1.07211 31.8562 22.6575 -0.97975 32 22.6575 -0.942077 32.907 22.6575 -0.936109 33 22.6575 -0.860153 33.9479 22.6575 -0.853926 34 22.6575 -0.76521 34.9955 22.6575 -0.764284 35 22.6575 -0.762395 35.0018 22.6575 -0.937923 35.7279 22.6575 -0.90064 36 22.6575 -0.924709 36.4853 22.6575 -0.987364 35.9428 22.6575 -0.987425 35.9422 22.6575 -0.988924 35.9292 22.6575 -0.977692 35.7808 22.6575 -0.990297 34.9675 22.6575 -0.997041 34.8023 22.6575 -1.157 34.4387 22.6575 -1.33294 34.0057 22.6575 -1.3486 33.8309 22.6575 -1.47899 33.044 22.6575 -1.48461 32.9971 22.6575 -1.51169 32.8289 22.6575 -1.65053 32.0823 22.6575 -1.51163 31.3902 22.6575 
24
10.9651 37.636 22.6575 11.1674 37.7 22.6575 11.2438 37.7117 22.6575 11.6677 37.7881 22.6575 11.7127 38 22.6575 11.7411 38.1469 22.6575 11.6058 38.7955 22.6575 11.5995 38.8144 22.6575 11.487 39.0391 22.6575 11.4094 39.4815 22.6575 11.3655 39.7761 22.6575 11.3391 39.9752 22.6575 11.2108 40.7379 22.6575 11.1725 40.9963 22.6575 11.1674 40.9962 22.6575 11.1673 40.996 22.6575 11.1608 40.9878 22.6575 11.1188 40.9579 22.6575 11.1358 41 22.6575 10.7998 41.0358 22.6575 10.7868 41 22.6575 10.8307 40.5605 22.6575 10.8507 40 22.6575 10.8839 39.521 22.6575 
3
26
-0.738777 35.3541 23.5575 -0.7465 35.5324 23.5575 -0.78432 35.9292 23.5575 -0.645448 36.5446 23.5575 -0.587658 36.7048 23.5575 -0.483093 36.8909 23.5575 -0.337183 37.4914 23.5575 -0.215395 37.7123 23.5575 -0.171284 37.8527 23.5575 -0.13042 38.1511 23.5575 -0.119283 38.1796 23.5575 0.0312837 38.809 23.5575 0.0345992 38.8144 23.5575 -0.0798803 39.4889 23.5575 -0.104809 39.6804 23.5575 -0.0521725 39.7761 23.5575 -0.0531198 39.7978 23.5575 -0.00491025 39.7745 23.5575 0.253068 38.9979 23.5575 0.165745 38 23.5575 0.167623 37.9989 23.5575 0.166915 37.9233 23.5575 0.0855228 37.1867 23.5575 -0.104189 37 23.5575 -0.218586 36.4893 23.5575 -0.262242 36 23.5575 
18
16.0736 14.4429 23.5575 16.0614 14.4519 23.5575 16.8028 14.7232 23.5575 17.1224 15 23.5575 17.2503 16 23.5575 17.3194 17 23.5575 17.3194 17.2584 23.5575 17.3364 18 23.5575 17.3363 20.2344 23.5575 17.3395 20.2346 23.5575 17.339 17 23.5575 17.3609 16.8137 23.5575 17.3669 16 23.5575 17.576 15.0561 23.5575 17.5875 15.0099 23.5575 17.5884 15 23.5575 18.6859 14.4513 23.5575 18.1857 14.4429 23.5575 
24
18.2731 35.8256 23.5575 18.7307 35.5019 23.5575 18.7894 35.4884 23.5575 18.8027 35.4776 23.5575 18.9325 35.3804 23.5575 19.2799 35.1796 23.5575 19.2817 35.1943 23.5575 19.3885 35.9292 23.5575 19.3877 35.9821 23.5575 19.2818 36.2328 23.5575 19.0278 36.8909 23.5575 18.8377 37.6306 23.5575 18.8088 37.8527 23.5575 18.7693 38.4563 23.5575 18.6634 38.6158 23.5575 18.6004 38.7247 23.5575 18.5927 38.8144 23.5575 18.5194 39.1734 23.5575 18.5117 39.1455 23.5575 18.4769 39 23.5575 18.4957 38.8464 23.5575 18.635 38 23.5575 18.6439 37.9206 23.5575 18.2069 37 23.5575 
4
25
-0.0924244 37.3679 24.4575 0.3616 37.8952 24.4575 0.429262 37.9803 24.4575 0.446274 38 24.4575 0.890575 38.4178 24.4575 1.24961 38.1336 24.4575 1.26732 38.3263 24.4575 1.3536 39 24.4575 1.39842 39.4398 24.4575 0.890545 39.992 24.4575 0.887959 39.9978 24.4575 0.88748 40 24.4575 0.890545 40.0426 24.4575 0.908391 40.1473 24.4575 0.771699 39.7761 24.4575 0.495589 38.9184 24.4575 0.481001 38.8927 24.4575 0.435036 38.8144 24.4575 0.375503 38.6741 24.4575 0.159514 38.3226 24.4575 0.121861 38.1652 24.4575 0.0225549 37.9108 24.4575 0.0145982 37.8527 24.4575 -0.0688627 37.5872 24.4575 -0.165414 37.2948 24.4575 
18
10.8031 40.2207 24.4575 10.7332 41 24.4575 10.7039 41.1712 24.4575 10.5858 42 24.4575 10.5885 42.1134 24.4575 10.6635 42.8253 24.4575 10.6981 42.8279 24.4575 10.6625 42.6613 24.4575 10.7032 41.9597 24.4575 10.7772 41.6996 24.4575 10.9778 41.2641 24.4575 11.2448 40.7379 24.4575 11.2474 40.7259 24.4575 11.3898 40.1613 24.4575 11.2828 40.1448 24.4575 10.8875 40 24.4575 10.8408 39.9872 24.4575 10.84 40 24.4575 
18
7.27189 44.532 24.4575 7.20265 44.5699 24.4575 7.40464 44.5168 24.4575 7.81877 44.0573 24.4575 7.82837 44.0456 24.4575 7.85168 44 24.4575 7.98602 43.1545 24.4575 7.96526 43 24.4575 7.87964 42.2718 24.4575 7.81876 42.1952 24.4575 7.75188 42.1334 24.4575 7.89639 42.6126 24.4575 7.90873 42.6613 24.4575 7.88036 42.7445 24.4575 7.82666 42.9406 24.4575 7.91073 43.6231 24.4575 7.49612 44.1492 24.4575 7.37642 44.3582 24.4575 
24
17.5921 39 24.4575 17.7099 39.6742 24.4575 17.6487 40 24.4575 17.7624 40.7004 24.4575 17.7469 41 24.4575 17.7793 41.2912 24.4575 17.8577 41.3617 24.4575 17.7984 41.2973 24.4575 17.7876 40.7379 24.4575 17.9235 40.241 24.4575 17.8178 39.7761 24.4575 17.9 39.323 24.4575 18.1112 38.8144 24.4575 18.1438 38.7443 24.4575 18.4973 38.0626 24.4575 18.5764 37.8527 24.4575 18.6658 37.208 24.4575 18.5163 37.2972 24.4575 18.3018 37.4509 24.4575 18.2111 37.4859 24.4575 17.7261 37.8275 24.4575 17.6948 37.8476 24.4575 17.6849 38 24.4575 17.6287 38.6335 24.4575 
1
19
10.7633 41.1703 25.3575 10.337 41.0143 25.3575 10.3097 41.1946 25.3575 10.2299 42 25.3575 10.2485 42.164 25.3575 10.1527 43 25.3575 10.1572 43.1183 25.3575 10.4149 44 25.3575 10.5508 44.5175 25.3575 10.5554 44.4332 25.3575 10.4245 43.6231 25.3575 10.5938 42.7938 25.3575 10.631 42.6613 25.3575 10.8588 41.9632 25.3575 10.8755 41.9073 25.3575 10.9347 41.6996 25.3575 10.961 41.6424 25.3575 10.9693 41.6226 25.3575 11.1046 41.2516 25.3575 
2
8
2.10299 14.4429 26.2575 1.47927 14.983 26.2575 1.43292 15 26.2575 1.13012 16 26.2575 1.00607 16.7328 26.2575 0.915231 16 26.2575 0.693549 15 26.2575 -0.420729 14.4429 26.2575 
20
9.8501 41.3181 26.2575 10.2437 41.6427 26.2575 10.6744 41.8689 26.2575 10.9108 42 26.2575 10.9303 42.0153 26.2575 10.6343 42.5913 26.2575 10.6337 42.593 26.2575 10.6064 42.6613 26.2575 10.4941 42.9789 26.2575 10.4455 43.1005 26.2575 10.4414 43.1112 26.2575 10.2863 43.6231 26.2575 10.2658 43.7373 26.2575 10.2449 44.1091 26.2575 10.2434 44.0584 26.2575 10.2295 44 26.2575 10.1454 43.9246 26.2575 9.72399 43.1224 26.2575 9.68567 43 26.2575 9.79249 42 26.2575 
0
0
3
20
2.99207 42.0587 28.9575 3.28866 42.4907 28.9575 3.32987 42.5407 28.9575 3.32999 42.5409 28.9575 3.43037 42.6613 28.9575 3.43964 42.6721 28.9575 3.43976 42.6722 28.9575 3.62991 42.8225 28.9575 4.1438 43.2668 28.9575 4.44051 43.2537 28.9575 4.84783 43.0876 28.9575 4.8626 43.0251 28.9575 4.90675 42.6613 28.9575 4.73908 42.2542 28.9575 4.74031 42.2163 28.9575 4.4945 42 28.9575 4.06601 41.6647 28.9575 3.42368 41.1124 28.9575 3.35285 41.3824 28.9575 3.1301 42 28.9575 
19
26.8187 15.708 28.9575 26.7968 15.7328 28.9575 26.8034 21.0219 28.9575 26.8036 21.0291 28.9575 26.7975 29.193 28.9575 26.7975 29.1971 28.9575 26.7902 29.3452 28.9575 26.8161 29.2021 28.9575 26.8166 29.1984 28.9575 26.8525 29 28.9575 26.8521 28.2667 28.9575 26.8519 28.2579 28.9575 26.8519 27.5793 28.9575 26.8515 27.5558 28.9575 26.8499 26.2854 28.9575 26.8453 23.971 28.9575 26.8365 21.0063 28.9575 26.8361 21 28.9575 26.8205 16 28.9575 
25
14.8202 40.4193 28.9575 14.8411 40.6574 28.9575 15.5398 40.9073 28.9575 15.613 40.9366 28.9575 15.7502 40.9678 28.9575 15.7135 41.0093 28.9575 15.6944 41.0252 28.9575 15.5457 41.0717 28.9575 15.1707 41.5315 28.9575 15.0397 41.6341 28.9575 15.0277 41.6996 28.9575 14.6613 42.4067 28.9575 14.5903 42.6613 28.9575 14.4351 42.8032 28.9575 13.9613 43.0717 28.9575 13.9334 42.6613 28.9575 13.9183 42.6433 28.9575 14.0221 42 28.9575 14.0277 41.9359 28.9575 14.0326 41.8875 28.9575 14.0751 41.8196 28.9575 14.0532 41.6996 28.9575 14.0523 41.6903 28.9575 14.1214 41 28.9575 14.4583 40.7398 28.9575 
3
22
-5.22393 35.7034 29.8575 -5.19027 35.9292 29.8575 -4.96319 36.3865 29.8575 -4.68361 36.8909 29.8575 -4.45633 37.8527 29.8575 -4.42866 37.8918 29.8575 -4.37121 37.9776 29.8575 -3.99232 38.5734 29.8575 -4.01456 38.452 29.8575 -3.3818 38.1218 29.8575 -3.31148 38.0609 29.8575 -3.32226 38 29.8575 -3.34504 37.9863 29.8575 -3.3818 37.9578 29.8575 -4.18077 37.8134 29.8575 -4.28528 37.6359 29.8575 -4.53654 37.107 29.8575 -4.58694 37.0437 29.8575 -4.57908 37 29.8575 -4.58779 36.9556 29.8575 -5.01554 35.5852 29.8575 -5.10533 35.1506 29.8575 
23
22.7996 38.4932 29.8575 22.8141 38.4496 29.8575 23.2636 38.1602 29.8575 23.0187 37.8527 29.8575 23.4237 37.3528 29.8575 23.4549 36.8909 29.8575 23.6423 36.5004 29.8575 23.7711 35.9292 29.8575 23.8648 35.6066 29.8575 23.9102 35.5587 29.8575 23.9938 35.3613 29.8575 24.0379 35.1643 29.8575 23.7146 35.7373 29.8575 23.219 35.9486 29.8575 23.1762 35.9435 29.8575 23.17 35.985 29.8575 23.1685 36 29.8575 23.0356 36.7091 29.8575 22.9561 37.3034 29.8575 22.8718 37.5786 29.8575 22.7712 38 29.8575 22.7819 38.5313 29.8575 22.7819 38.532 29.8575 
21
23.31 39.7761 29.8575 23.0973 40.034 29.8575 22.8913 40.1157 29.8575 23.1534 40.1785 29.8575 23.154 40.1786 29.8575 23.1763 40.184 29.8575 23.1767 40.1835 29.8575 23.1769 40.1834 29.8575 23.3326 40 29.8575 23.535 39.4877 29.8575 23.7147 39.4302 29.8575 24.331 39.0637 29.8575 24.3691 39 29.8575 24.435 38.91 29.8575 24.9328 38.0719 29.8575 24.4233 38.6261 29.8575 24.3204 38.6963 29.8575 24.262 38.8144 29.8575 24.2109 39.0749 29.8575 23.9102 39.309 29.8575 23.1881 39.1508 29.8575 
1
31
22.5744 34.9558 30.7575 22.5737 34.9675 30.7575 22.4758 35.1839 30.7575 22.3923 35.771 30.7575 22.3736 36 30.7575 22.2234 36.6247 30.7575 22.1926 36.8832 30.7575 22.1925 36.8834 30.7575 22.1785 37 30.7575 21.9977 37.1202 30.7575 22.0125 37.655 30.7575 21.9801 37.8527 30.7575 22.1352 38.0411 30.7575 22.2153 38.1641 30.7575 22.2658 38.2262 30.7575 22.28 38.1715 30.7575 22.4715 37.8831 30.7575 22.4776 37.8527 30.7575 22.5566 37.1016 30.7575 22.99 36.3566 30.7575 23.1828 35.9292 30.7575 23.2819 35.846 30.7575 23.3905 35.8151 30.7575 23.556 35.5749 30.7575 23.7998 34.9675 30.7575 23.8121 34.8442 30.7575 24.0134 34.0057 30.7575 24.0231 33.5099 30.7575 23.9539 34 30.7575 23.2735 34.4611 30.7575 22.9896 34.6958 30.7575 
