54
0 1 0 1 1 2 1 2 2 3 2 3 5 6 5 6 7 8 7 8 8 10 8 10 9 11 9 11 10 12 10 12 11 13 11 13 12 14 12 14 13 15 13 15 14 16 14 16 15 17 15 17 18 20 
17
0 
0 
1 0 
1 1 
1 2 
1 3 
2 4 5 
1 6 
1 7 
2 8 9 
2 10 11 
2 12 13 
2 14 15 
2 16 17 
1 18 
2 19 20 
0 
21
2 0 0 18.1575
1 1 
1
17
6.0198 15.7328 18.1575 6.08186 15.4984 18.1575 6.21478 15.0835 18.1575 6.23384 15.0643 18.1575 6.47177 14.7711 18.1575 6.50785 14.7554 18.1575 6.88225 14.6057 18.1575 7.0031 14.5792 18.1575 6.95051 14.6474 18.1575 6.83726 14.8364 18.1575 6.65682 14.9937 18.1575 6.63505 15 18.1575 6.63519 15.8247 18.1575 6.63521 15.825 18.1575 6.63604 20.6339 18.1575 6.32939 20.7582 18.1575 6.01996 20.9557 18.1575 
3 1 0 19.0575
2 0 2 
1
55
6.36404 15.4094 19.0575 6.50303 14.7711 19.0575 6.81619 14.638 19.0575 6.82476 14.6311 19.0575 7.12339 14.5125 19.0575 7.23319 14.5031 19.0575 7.00852 14.7946 19.0575 6.85813 15 19.0575 6.84507 20.4953 19.0575 6.57054 20.5456 19.0575 6.4342 20.7149 19.0575 6.31765 20.9455 19.0575 6.26412 21 19.0575 6.27313 30 19.0575 6.2761 30.0632 19.0575 6.304 31 19.0575 6.3051 31.0224 19.0575 6.31768 31.4098 19.0575 6.32797 32 19.0575 6.40759 34 19.0575 6.41811 34.1599 19.0575 6.43474 34.5143 19.0575 6.31765 34.8256 19.0575 6.30716 35 19.0575 6.30972 35.091 19.0575 6.31764 35.1275 19.0575 6.48331 35.5741 19.0575 6.49139 36 19.0575 6.51811 36.2187 19.0575 6.49639 37 19.0575 6.5118 37.1866 19.0575 6.34957 38 19.0575 6.34886 38.0312 19.0575 6.31767 38.1112 19.0575 5.91823 38.6541 19.0575 5.77887 38.7004 19.0575 6.22325 37.8527 19.0575 6.40603 37.49 19.0575 6.39014 36.8909 19.0575 6.39025 36.8903 19.0575 6.44199 36.5595 19.0575 6.41094 36.3792 19.0575 6.34895 35.9292 19.0575 6.35593 35.822 19.0575 6.37574 35.5999 19.0575 6.2608 34.9675 19.0575 6.38305 34.3387 19.0575 6.37971 34.0057 19.0575 6.35484 33.3628 19.0575 6.31853 32.7124 19.0575 6.27963 31.7448 19.0575 6.26652 31.1206 19.0575 6.24941 30.7714 19.0575 6.2249 15.7328 19.0575 6.28047 15.5495 19.0575 
4 2 0 19.9575
2 1 3 
1
46
6.13331 16.6945 19.9575 6.14797 16.1306 19.9575 6.14796 15.7328 19.9575 6.26967 15.2743 19.9575 6.28093 15.2411 19.9575 6.30516 15.1402 19.9575 6.45842 14.7711 19.9575 6.46954 14.7631 19.9575 6.66051 14.6568 19.9575 7.27608 14.4824 19.9575 7.36455 14.4473 19.9575 7.41562 14.4429 19.9575 11.5888 14.4557 19.9575 11.8577 14.5817 19.9575 12.0479 14.6899 19.9575 11.4009 15 19.9575 11.4011 15.8523 19.9575 11.3878 16 19.9575 11.3889 20.5738 19.9575 11.204 20.3162 19.9575 10.472 20.2691 19.9575 10.4169 20.267 19.9575 9.7399 20.2288 19.9575 9.26214 20.222 19.9575 9.00785 20.2255 19.9575 8.10744 20.2704 19.9575 7.54374 20.3175 19.9575 6.95277 20.356 19.9575 6.81169 20.3819 19.9575 6.56732 20.6853 19.9575 6.33692 21 19.9575 6.36381 32 19.9575 6.42265 34 19.9575 6.47777 35 19.9575 6.55326 36 19.9575 6.56742 36.1318 19.9575 6.58555 36.2802 19.9575 6.52755 35.9292 19.9575 6.30514 35.047 19.9575 6.29785 35.0143 19.9575 6.28959 34.9675 19.9575 6.22272 34.2128 19.9575 6.27153 34.0057 19.9575 6.20337 32.5077 19.9575 6.18291 32.0823 19.9575 6.14143 30.1588 19.9575 
5 3 0 20.8575
1 2 
1
19
6.59176 14.6256 20.8575 6.89479 14.4457 20.8575 6.89602 14.4448 20.8575 6.90167 14.4429 20.8575 11.3381 14.4453 20.8575 11.8299 14.5527 20.8575 11.8511 14.5631 20.8575 10.6578 15 20.8575 10.3551 16 20.8575 10.2155 17 20.8575 10.216 20.2238 20.8575 9.249 20.1996 20.8575 8.74255 20.2106 20.8575 7.65067 20.255 20.8575 7.65089 17.0546 20.8575 7.64831 17 20.8575 7.56119 16 20.8575 7.55605 15.9725 20.8575 7.34047 15 20.8575 
6 4 0 21.7575
0 
1
47
-1.93688 15.7328 21.7575 -1.8766 15.6088 21.7575 -1.87626 15.608 21.7575 -1.52216 14.8793 21.7575 -1.50017 14.8192 21.7575 -1.46956 14.7711 21.7575 -1.39718 14.7368 21.7575 -1.30564 14.6676 21.7575 -1.14703 14.6334 21.7575 -1.07224 14.6136 21.7575 -1.41223 14.9433 21.7575 -1.41269 14.9438 21.7575 -1.47066 15 21.7575 -1.46807 29.4235 21.7575 -1.45444 30 21.7575 -1.4524 30.4313 21.7575 -1.43755 31 21.7575 -1.38182 31.0551 21.7575 -1.31583 32.7392 21.7575 -1.31932 33 21.7575 -1.76257 33.3523 21.7575 -1.8212 34 21.7575 -1.77239 34.3438 21.7575 -1.92527 35 21.7575 -1.92164 35.2146 21.7575 -2.16941 35.5764 21.7575 -2.30871 35.5779 21.7575 -2.3149 35.578 21.7575 -2.50075 35.3392 21.7575 -2.50187 35.3376 21.7575 -2.57168 35.2479 21.7575 -2.50934 35.3109 21.7575 -2.50769 35.3128 21.7575 -2.15376 35.274 21.7575 -2.09997 34.9675 21.7575 -1.83905 34.5848 21.7575 -1.87422 34.0057 21.7575 -1.80392 33.6535 21.7575 -1.89579 33.044 21.7575 -1.8678 32.6364 21.7575 -1.96877 32.0823 21.7575 -1.9602 31.5947 21.7575 -1.90607 31.1206 21.7575 -1.90077 30.6845 21.7575 -1.91837 30.1588 21.7575 -1.9191 29.7068 21.7575 -1.93137 29.1971 21.7575 
6 5 0 21.7575
1 6 
1
16
19.7026 14.6188 21.7575 19.8155 14.6495 21.7575 20.0111 14.7688 21.7575 20.0165 14.7711 21.7575 20.5649 15.7328 21.7575 20.5639 20.9882 21.7575 19.8217 20.6201 21.7575 19.7699 20.593 21.7575 19.7389 20.5866 21.7575 19.6851 20.5765 21.7575 19.3437 20.5052 21.7575 19.3439 16 21.7575 19.3319 15.8234 21.7575 19.3163 15 21.7575 18.6814 14.4502 21.7575 19.1114 14.4827 21.7575 
7 6 0 22.6575
1 5 
1
48
19.6464 14.6247 22.6575 20.0566 14.7364 22.6575 20.104 14.7652 22.6575 20.113 14.7711 22.6575 20.2221 15.0446 22.6575 20.2935 15.3543 22.6575 20.3878 15.7328 22.6575 20.3834 29.1971 22.6575 20.3648 30.1588 22.6575 20.3257 31.1206 22.6575 20.3006 31.2775 22.6575 20.2935 31.3279 22.6575 20.2017 32.0823 22.6575 19.7217 33.0063 22.6575 19.7181 33.044 22.6575 19.7163 33.079 22.6575 19.915 34.0057 22.6575 19.9211 34.143 22.6575 19.7127 34.9675 22.6575 19.7188 35.0037 22.6575 19.6465 35.2766 22.6575 19.5284 35.8702 22.6575 19.537 35.9292 22.6575 19.5237 36.8296 22.6575 19.4978 36.8909 22.6575 19.6337 37.8085 22.6575 19.6324 37.8077 22.6575 19.6307 37.8067 22.6575 19.4961 37 22.6575 19.4571 36.9373 22.6575 19.4557 36.9349 22.6575 19.4363 36.9038 22.6575 19.2529 36.8883 22.6575 19.2503 36.8883 22.6575 19.2438 36.8814 22.6575 18.718 36.2629 22.6575 18.7453 35.7507 22.6575 18.8495 32 22.6575 18.8495 31.9999 22.6575 18.8523 31.8112 22.6575 19.2438 31.5223 22.6575 19.2503 31.5182 22.6575 19.9856 31 22.6575 19.9922 30.6425 22.6575 20.0322 30 22.6575 20.0517 15 22.6575 19.3453 14.5252 22.6575 19.3526 14.526 22.6575 
8 7 0 23.5575
1 8 
1
16
0.584749 14.4429 23.5575 2.00562 14.4429 23.5575 2.54552 14.5215 23.5575 1.58845 15 23.5575 1.36693 16 23.5575 1.259 16.8691 23.5575 1.25655 17 23.5575 1.25314 20.2363 23.5575 1.18784 20.2398 23.5575 0.802771 20.2684 23.5575 0.255474 20.5747 23.5575 -0.249019 20.8806 23.5575 -0.248873 15 23.5575 -0.80183 14.5279 23.5575 -0.215377 14.4569 23.5575 -0.119283 14.4544 23.5575 
9 8 0 24.4575
2 7 10 
1
41
0.121861 14.4458 24.4575 2.23398 14.4429 24.4575 2.93803 14.6046 24.4575 2.94617 14.6126 24.4575 2.49889 15 24.4575 2.37094 16 24.4575 2.2993 17 24.4575 2.25352 18 24.4575 2.22898 19 24.4575 2.229 20.1841 24.4575 2.16104 20.186 24.4575 2.07212 20.3062 24.4575 2.04527 20.347 24.4575 0.890594 20.9677 24.4575 0.832791 21 24.4575 0.932459 34.0363 24.4575 0.987647 35.0841 24.4575 1.05612 36.1434 24.4575 1.15358 37.2278 24.4575 1.22035 37.8432 24.4575 0.890579 37.5822 24.4575 0.757665 37.4984 24.4575 0.361665 37.2734 24.4575 0.0794801 37.0924 24.4575 -0.0435661 37 24.4575 0.203787 36 24.4575 0.329123 35 24.4575 0.409311 34.0238 24.4575 0.410636 34 24.4575 0.361636 33.9584 24.4575 -0.264135 33.409 24.4575 -0.607356 33.1902 24.4575 -0.877394 33 24.4575 -0.819975 32 24.4575 -0.779336 31 24.4575 -0.758453 30 24.4575 -0.753316 15 24.4575 -1.15393 14.6442 24.4575 -0.950515 14.5662 24.4575 -0.734981 14.4616 24.4575 -0.582167 14.4625 24.4575 
9 9 0 24.4575
1 11 
1
34
19.1309 14.4477 24.4575 19.2543 14.4612 24.4575 19.8349 14.5978 24.4575 19.8996 14.6599 24.4575 19.1837 15 24.4575 19.1837 15.8423 24.4575 19.1665 16 24.4575 19.1682 30 24.4575 19.2065 30.8621 24.4575 19.2104 31 24.4575 19.2819 31.9274 24.4575 19.2857 32 24.4575 19.4007 33 24.4575 19.3658 33.0125 24.4575 18.3616 33.3542 24.4575 17.902 33.5606 24.4575 17.9514 21 24.4575 17.0564 20.2084 24.4575 16.8021 20.1965 24.4575 15.7114 20.1675 24.4575 15.7039 18.3288 24.4575 15.0934 18.0968 24.4575 15.0318 18.0778 24.4575 15.0353 17.9031 24.4575 15.6778 17.6581 24.4575 15.6476 17 24.4575 15.576 16 24.4575 15.448 15 24.4575 15.411 14.9679 24.4575 15.4187 14.9453 24.4575 15.4809 14.7711 24.4575 15.6657 14.6695 24.4575 15.9227 14.4829 24.4575 16.3148 14.4429 24.4575 
10 10 0 25.3575
2 8 12 
1
61
-1.04505 14.4465 25.3575 -0.341003 14.4469 25.3575 -0.144103 14.4429 25.3575 2.47513 14.4429 25.3575 2.59171 14.4697 25.3575 1.97931 15 25.3575 1.85137 16 25.3575 1.77967 17 25.3575 1.73389 18 25.3575 1.71077 19 25.3575 1.74816 34 25.3575 1.81191 34.0552 25.3575 1.94702 39 25.3575 2.01437 39.8859 25.3575 2.01968 40 25.3575 2.10889 40.8017 25.3575 2.1169 41 25.3575 1.92051 41.6256 25.3575 1.8338 41.8828 25.3575 1.8616 42 25.3575 1.81836 42.1507 25.3575 1.52565 42.7537 25.3575 1.13996 42.6163 25.3575 1.24137 42.5797 25.3575 1.30502 42.5406 25.3575 1.66557 42.3051 25.3575 1.61756 41.6996 25.3575 1.66842 41.3458 25.3575 1.64062 41.2204 25.3575 1.55267 40.7379 25.3575 1.24137 39.874 25.3575 1.19547 39.7761 25.3575 0.966408 39.5637 25.3575 0.523914 38.9268 25.3575 0.413285 38.8144 25.3575 0.204726 38.2961 25.3575 0.115093 38.1267 25.3575 0.37097 38.3525 25.3575 0.786036 38 25.3575 0.37097 37.6475 25.3575 0.226463 37.5548 25.3575 -0.0795297 37.325 25.3575 -0.214955 37.2169 25.3575 -0.242491 37.1107 25.3575 -0.325377 36.8909 25.3575 -0.42673 36.6956 25.3575 -0.26926 36 25.3575 -0.262745 35.9084 25.3575 -0.15587 35 25.3575 -0.1539 34.9628 25.3575 -0.0822792 34 25.3575 -0.709921 33.4392 25.3575 -0.684263 33.0862 25.3575 -0.638406 32.1259 25.3575 -0.584165 17.1729 25.3575 -0.587062 17 25.3575 -0.626765 16.136 25.3575 -0.643615 16 25.3575 -0.865294 15 25.3575 -1.45512 14.7051 25.3575 -1.25459 14.5648 25.3575 
10 11 0 25.3575
2 9 13 
1
71
15.2707 15.4503 25.3575 15.4031 14.9014 25.3575 15.4425 14.7711 25.3575 15.606 14.6511 25.3575 15.8518 14.4857 25.3575 16.5136 14.4429 25.3575 19.372 14.4445 25.3575 19.6978 14.544 25.3575 18.452 15 25.3575 18.1494 16 25.3575 18.0064 17 25.3575 18.0654 32 25.3575 18.8462 32.2858 25.3575 19.0721 32.3176 25.3575 19.211 32.3547 25.3575 19.2324 33 25.3575 19.2675 33.6736 25.3575 19.2692 33.7311 25.3575 18.8462 33.9403 25.3575 18.7138 34 25.3575 18.8638 35 25.3575 19.0848 36 25.3575 19.1837 36.2668 25.3575 19.0532 36.6406 25.3575 18.9764 36.7615 25.3575 18.8758 36.8909 25.3575 18.7346 37.0975 25.3575 18.5895 37.3571 25.3575 18.3906 37.4081 25.3575 17.9205 37.5729 25.3575 17.6914 37.6624 25.3575 16.7856 38 25.3575 17.6914 38.3376 25.3575 17.9205 38.5375 25.3575 18.0196 38.504 25.3575 18.006 38.5411 25.3575 17.9131 38.8144 25.3575 17.8125 39.1845 25.3575 17.7023 39.4358 25.3575 17.6241 39.6227 25.3575 17.5629 39.7761 25.3575 17.1909 40.457 25.3575 17.1302 40.7379 25.3575 17.134 40.9903 25.3575 16.8905 41.644 25.3575 16.9328 41.5062 25.3575 16.8873 41 25.3575 16.9079 40.5063 25.3575 16.7029 40.4406 25.3575 16.5368 40.371 25.3575 16.2061 40 25.3575 16.2756 39.2809 25.3575 16.3223 39 25.3575 16.3665 38.4545 25.3575 16.4186 38 25.3575 16.439 37.6468 25.3575 16.4909 37 25.3575 16.4981 36.8449 25.3575 16.5368 36.2722 25.3575 16.5712 36 25.3575 16.6614 35 25.3575 16.7255 34 25.3575 16.8447 21 25.3575 16.5368 20.8873 25.3575 16.1959 20.7502 25.3575 15.9204 20.62 25.3575 15.3821 20.149 25.3575 15.0571 20.1455 25.3575 15.0896 17.6563 25.3575 15.1274 16.6945 25.3575 15.1885 15.7328 25.3575 
11 12 0 26.2575
2 10 14 
1
49
1.12925 24.1174 26.2575 1.15921 24.1316 26.2575 1.18738 24.146 26.2575 1.20163 32.1388 26.2575 1.20171 32.1389 26.2575 1.22647 34 26.2575 2.0608 34.7212 26.2575 2.16074 38.4438 26.2575 2.23091 39.0608 26.2575 2.42478 40.2287 26.2575 2.60526 41 26.2575 2.69596 41.4635 26.2575 2.82764 42 26.2575 2.7578 42.5171 26.2575 2.74635 43 26.2575 2.72235 43.4864 26.2575 2.7184 43.4896 26.2575 2.68511 43.5175 26.2575 2.7278 42.7969 26.2575 2.73909 42.6613 26.2575 2.72944 42.6484 26.2575 2.71628 42.6242 26.2575 2.69384 42.5866 26.2575 2.69358 42.586 26.2575 2.66784 42.5299 26.2575 2.19105 41.6996 26.2575 2.0476 41.5421 26.2575 2.01226 41.4362 26.2575 1.83512 41.1339 26.2575 1.74663 40.7379 26.2575 1.55732 40.3485 26.2575 1.40108 40.0383 26.2575 1.27819 39.7761 26.2575 0.876791 39.401 26.2575 0.604181 39.1933 26.2575 0.472007 39.0522 26.2575 0.446797 39.032 26.2575 0.239997 38.8144 26.2575 0.216181 38.6905 26.2575 0.16731 38.4597 26.2575 0.0865377 38.2326 26.2575 0.145645 38.1775 26.2575 0.609863 38 26.2575 0.690785 37.727 26.2575 0.846655 36.862 26.2575 0.938461 35.9415 26.2575 1.00481 34.9989 26.2575 1.10362 32.0847 26.2575 1.10362 32.0845 26.2575 
11 13 0 26.2575
2 11 15 
1
57
15.1197 15.6924 26.2575 15.273 15.2669 26.2575 15.4381 14.7711 26.2575 15.9388 14.4985 26.2575 15.994 14.4562 26.2575 16.093 14.4429 26.2575 18.2688 14.4429 26.2575 17.6255 15 26.2575 17.4976 16 26.2575 17.4793 16.2554 26.2575 17.353 17 26.2575 17.2986 17.5007 26.2575 17.1703 19 26.2575 17.3371 34 26.2575 17.4345 34.0183 26.2575 17.44 34.0196 26.2575 17.4684 35 26.2575 17.4793 35.2387 26.2575 17.5593 36 26.2575 17.7078 37 26.2575 18.3266 37.2264 26.2575 18.4983 37.251 26.2575 18.2151 37.6036 26.2575 18.188 37.6349 26.2575 18.0137 37.8527 26.2575 17.938 37.9776 26.2575 17.6482 38.8144 26.2575 17.4798 39.422 26.2575 17.402 39.7761 26.2575 17.2515 40.2444 26.2575 16.9934 40.7379 26.2575 16.3036 41.68 26.2575 16.2973 41.6996 26.2575 16.2978 41.7162 26.2575 16.2645 41.8053 26.2575 16.0924 42.5753 26.2575 16.0656 42.5948 26.2575 15.994 42.6411 26.2575 15.9753 42.6613 26.2575 15.9961 43.2994 26.2575 16.0495 43.619 26.2575 16.0172 43.61 26.2575 15.847 43 26.2575 15.4794 42.1328 26.2575 15.4355 42 26.2575 15.4379 41.9793 26.2575 15.4793 41.5768 26.2575 15.5609 41.0434 26.2575 15.5702 41 26.2575 15.5418 40.9687 26.2575 15.6271 40 26.2575 15.6902 39 26.2575 15.7345 38 26.2575 15.8561 21 26.2575 14.9673 20.2233 26.2575 15.0707 16.3084 26.2575 15.1121 15.7328 26.2575 
12 14 0 27.1575
2 12 16 
1
44
0.349989 38.9381 27.1575 0.48641 38.8863 27.1575 0.838945 38.7304 27.1575 1.03811 38.6516 27.1575 1.64112 38.3936 27.1575 2.50946 38 27.1575 2.53376 37.773 27.1575 2.54945 37.5672 27.1575 3.04558 38 27.1575 3.08983 39 27.1575 3.5974 39.4424 27.1575 3.61959 39.7134 27.1575 3.74406 40.8212 27.1575 3.77427 41 27.1575 3.91727 41.9712 27.1575 3.92314 42 27.1575 3.95052 42.1703 27.1575 4.09928 43 27.1575 4.12294 43.1493 27.1575 3.95053 43.313 27.1575 3.68471 43.7698 27.1575 3.67484 43.9447 27.1575 3.61258 43.6231 27.1575 3.25871 42.9197 27.1575 3.14486 42.7599 27.1575 3.14987 42.6754 27.1575 3.15104 42.6613 27.1575 2.96118 42.4057 27.1575 2.95745 42.3988 27.1575 2.58263 41.7714 27.1575 2.58257 41.7713 27.1575 2.54964 41.6996 27.1575 2.43563 41.5431 27.1575 2.25342 41.318 27.1575 2.1482 41.193 27.1575 1.78091 40.6915 27.1575 1.54937 40.2422 27.1575 1.1285 39.8271 27.1575 1.09218 39.7761 27.1575 1.03768 39.7242 27.1575 1.00795 39.693 27.1575 0.845344 39.5692 27.1575 0.512233 39.2135 27.1575 0.310925 38.9571 27.1575 
12 15 0 27.1575
2 13 17 
1
63
15.3192 14.7711 27.1575 15.4743 14.6273 27.1575 15.5395 14.5813 27.1575 15.6301 14.5243 27.1575 15.8999 14.5013 27.1575 16.3341 14.4429 27.1575 16.5945 14.4429 27.1575 15.9511 15 27.1575 15.8232 16 27.1575 15.7516 17 27.1575 15.7058 18 27.1575 15.6741 19 27.1575 15.6741 19.318 27.1575 15.6586 20 27.1575 15.7025 34.6678 27.1575 16.6002 35 27.1575 16.6489 36 27.1575 16.6523 36.0494 27.1575 16.774 37 27.1575 16.8433 37.386 27.1575 16.981 38 27.1575 17.0195 38.007 27.1575 17.0229 38.0077 27.1575 17.0382 38.1675 27.1575 17.2169 39 27.1575 17.2794 39.1684 27.1575 17.1426 39.7761 27.1575 17.1425 39.7763 27.1575 16.9669 40.3097 27.1575 16.856 40.7379 27.1575 16.809 40.8052 27.1575 16.5849 41.3474 27.1575 16.5347 41.4292 27.1575 16.3417 41.6996 27.1575 16.2973 41.8983 27.1575 16.2913 41.9028 27.1575 15.8999 42.1558 27.1575 15.4849 42.5144 27.1575 15.4743 42.5262 27.1575 15.3709 42.6613 27.1575 15.2189 43.0018 27.1575 15.1367 43.6231 27.1575 15.2903 44.28 27.1575 15.2762 44.5186 27.1575 15.0381 44.173 27.1575 14.9364 44 27.1575 14.797 43.1206 27.1575 14.7405 43.1152 27.1575 14.4984 43 27.1575 14.8377 42 27.1575 15.0381 41.3026 27.1575 15.0722 41.017 27.1575 15.0739 41 27.1575 15.1514 40 27.1575 15.2077 39 27.1575 15.2473 38 27.1575 15.3544 21 27.1575 15.0381 20.7238 27.1575 14.8893 20.6694 27.1575 14.9418 17.6563 27.1575 14.9809 16.6945 27.1575 15.0441 15.7328 27.1575 15.2345 15.1038 27.1575 
13 16 0 28.0575
1 14 
1
40
2.12076 38.9589 28.0575 2.27623 38.8953 28.0575 2.55775 38.7757 28.0575 2.56741 38.9852 28.0575 2.56741 38.9853 28.0575 2.56809 39 28.0575 2.56895 39.014 28.0575 2.58538 39.0198 28.0575 2.59692 39.0248 28.0575 3.73378 40 28.0575 3.8125 41 28.0575 4.58564 41.673 28.0575 4.59692 41.6822 28.0575 4.84537 41.8789 28.0575 4.85171 42 28.0575 4.90485 42.5926 28.0575 4.9322 43 28.0575 4.99644 43.4519 28.0575 4.96682 43.6231 28.0575 4.96015 43.6773 28.0575 4.84823 43.72 28.0575 4.79979 43.6231 28.0575 4.30862 43.4681 28.0575 3.99442 43.2862 28.0575 3.90263 43.2903 28.0575 3.84964 43.2444 28.0575 3.34627 42.6614 28.0575 3.02748 42.1778 28.0575 2.79802 41.8609 28.0575 2.73909 41.7769 28.0575 2.68293 41.6996 28.0575 2.49456 41.4684 28.0575 1.8853 40.7396 28.0575 1.88404 40.7379 28.0575 1.72008 40.5338 28.0575 1.72101 40.531 28.0575 1.72394 40.5217 28.0575 1.8624 40 28.0575 1.92541 39.6962 28.0575 2.02438 39 28.0575 
13 17 0 28.0575
1 15 
1
42
16.1326 38.9774 28.0575 16.2373 39 28.0575 16.3476 39.3942 28.0575 16.5504 40 28.0575 16.5836 40.0067 28.0575 16.6754 40.4862 28.0575 16.609 40.7379 28.0575 16.2599 41.3373 28.0575 16.1043 41.6718 28.0575 16.088 41.6996 28.0575 16.0653 41.7198 28.0575 16.0455 41.7337 28.0575 15.5352 42.2031 28.0575 15.128 42.4577 28.0575 15.0624 42.6613 28.0575 15.0302 42.7304 28.0575 14.9548 42.8294 28.0575 14.6481 43.1554 28.0575 14.3829 43.6231 28.0575 14.3631 43.9988 28.0575 14.1218 44.5848 28.0575 14.4534 45.1257 28.0575 14.7537 45.4669 28.0575 14.5969 45.3656 28.0575 14.1273 45 28.0575 14.081 44.2829 28.0575 13.8232 44.2343 28.0575 13.8037 44.2215 28.0575 13.8232 44.2201 28.0575 14.0798 44 28.0575 14.1492 43.7761 28.0575 14.312 43 28.0575 14.333 42.8681 28.0575 14.4904 42 28.0575 14.4914 41.99 28.0575 14.4914 41.9898 28.0575 14.597 41.0211 28.0575 14.5985 41 28.0575 14.6002 40.9977 28.0575 14.9779 40.5163 28.0575 15.3558 40 28.0575 15.4026 38.7107 28.0575 
14 18 0 28.9575
1 20 
1
33
25.8016 15.5256 28.9575 26.2586 15.7328 28.9575 26.2374 21.1004 28.9575 26.2373 21.1034 28.9575 26.2151 28.503 28.9575 26.2426 29.1971 28.9575 26.2405 29.2141 28.9575 26.2383 29.23 28.9575 26.2046 29.4883 28.9575 26.3037 30.1234 28.9575 26.3062 30.1383 28.9575 26.3094 30.1588 28.9575 26.5707 31.0207 28.9575 26.4137 31.3537 28.9575 26.38 31.7607 28.9575 26.3793 31.7678 28.9575 26.3601 32 28.9575 26.266 32.2257 28.9575 26.1906 33 28.9575 26.171 33.0658 28.9575 26.1558 33.0939 28.9575 26.1104 33.1609 28.9575 26.0053 33.5903 28.9575 25.9977 33.5845 28.9575 25.7736 33.1912 28.9575 25.8323 33 28.9575 25.8831 32.8636 28.9575 25.7951 32 28.9575 25.8208 31.8324 28.9575 25.7854 31 28.9575 25.799 30.8216 28.9575 25.772 30 28.9575 25.7844 29.8143 28.9575 
15 19 0 29.8575
0 
1
34
-6.30887 15.7328 29.8575 -6.22156 15.5583 29.8575 -6.09444 15.1931 29.8575 -6.08755 30 29.8575 -6.08543 30.0999 29.8575 -6.03515 31 29.8575 -5.83652 31.1964 29.8575 -5.83503 31.1979 29.8575 -5.69122 31.3401 29.8575 -5.52274 31.5466 29.8575 -5.34614 31.7919 29.8575 -5.3369 32 29.8575 -5.31628 32.3247 29.8575 -5.25198 32.9987 29.8575 -5.25179 33 29.8575 -5.25165 33.0025 29.8575 -5.22173 33.4066 29.8575 -5.18338 33.7878 29.8575 -5.25282 34 29.8575 -5.19099 34.5472 29.8575 -5.11144 34.7293 29.8575 -5.12008 34.8228 29.8575 -5.38313 34.0057 29.8575 -5.66839 33.395 29.8575 -5.77554 33.044 29.8575 -5.78175 33.0312 29.8575 -5.78212 33.0304 29.8575 -6.07374 32.4278 29.8575 -6.15135 32.0823 29.8575 -6.1552 32.0117 29.8575 -6.22728 31.1206 29.8575 -6.23447 30.9814 29.8575 -6.23597 30.9611 29.8575 -6.28625 30.1588 29.8575 
15 20 0 29.8575
1 18 
1
41
24.514 14.7711 29.8575 24.5539 14.8364 29.8575 25.0118 15.4231 29.8575 25.1287 15.7328 29.8575 25.1256 28.2353 29.8575 25.0206 28.4938 29.8575 24.8334 28.992 29.8575 24.8333 29.1971 29.8575 24.8259 29.3984 29.8575 25.0009 29.9122 29.8575 25.0942 30.1588 29.8575 25.0328 30.6774 29.8575 25.0063 31.1206 29.8575 24.8712 31.8583 29.8575 24.8566 32.0823 29.8575 24.8298 32.2856 29.8575 24.6149 33.044 29.8575 24.6094 33.137 29.8575 24.4234 33.6174 29.8575 24.3164 33.9522 29.8575 24.3154 34.0057 29.8575 24.1165 34.8141 29.8575 24.0393 35.1578 29.8575 24.0487 35 29.8575 23.7542 34.0198 29.8575 23.7565 34.0039 29.8575 23.7567 34 29.8575 23.8437 33 29.8575 23.8979 32.105 29.8575 23.9095 32 29.8575 23.9536 31 29.8575 23.9893 29 29.8575 23.9899 16 29.8575 23.8981 15.9083 29.8575 23.8766 15 29.8575 23.7147 14.8591 29.8575 23.3903 14.7403 29.8575 23.7937 14.6288 29.8575 23.9101 14.5615 29.8575 24.0979 14.5703 29.8575 24.4233 14.737 29.8575 
