20
0
2
3
18.1272 10.6143 -44.0749 17.6463 10.8985 -44.0749 17.2275 10.6818 -44.0749 
4
10.8764 34.1295 -44.0749 10.6066 34.2711 -44.0749 10.3342 34.2783 -44.0749 10.6066 34.2409 -44.0749 
1
13
19.0069 11.5183 -43.1749 18.6184 11 -43.1749 19.0195 10.734 -43.1749 18.4734 10.8452 -43.1749 17.9335 11 -43.1749 18.4549 11.4796 -43.1749 19.0463 11.5686 -43.1749 19.0479 11.5692 -43.1749 19.0505 11.5702 -43.1749 19.0834 11.5894 -43.1749 19.0799 11.5854 -43.1749 19.0505 11.5561 -43.1749 19.0479 11.5537 -43.1749 
3
7
18.8484 11 -42.2749 19.7919 10.7599 -42.2749 19.6475 10.9231 -42.2749 19.5396 11 -42.2749 19.6475 11.1665 -42.2749 19.9198 11.663 -42.2749 19.6475 11.4387 -42.2749 
4
5.40345 36.4611 -42.2749 4.94974 36.5807 -42.2749 4.49603 36.7477 -42.2749 4.94974 36.5581 -42.2749 
8
7.77817 35.6118 -42.2749 7.22259 35.874 -42.2749 7.17008 35.9169 -42.2749 7.22259 35.8052 -42.2749 7.77817 35.4166 -42.2749 8.33374 35.395 -42.2749 8.43997 35.3977 -42.2749 8.33374 35.4484 -42.2749 
3
4
19.6714 11 -41.3749 19.8466 10.9546 -41.3749 19.8064 11 -41.3749 20.0862 11.3671 -41.3749 
10
19.5225 14.3353 -41.3749 19.4363 14.4587 -41.3749 19.2701 14.8373 -41.3749 19.0833 14.9773 -41.3749 19.2756 14.5745 -41.3749 19.4363 14.2604 -41.3749 19.5448 14.14 -41.3749 19.6575 14 -41.3749 20.0822 13.5397 -41.3749 19.78 14 -41.3749 
8
7.44873 36.1484 -41.3749 7.56569 36 -41.3749 7.647 35.6095 -41.3749 7.77817 35.4206 -41.3749 8.12258 35.4397 -41.3749 8.45922 35.4484 -41.3749 8.12258 35.609 -41.3749 7.6941 36 -41.3749 
2
8
22.7904 19 -40.4749 22.5617 18.6666 -40.4749 22.34 18.2848 -40.4749 22.5336 18.6864 -40.4749 22.6617 19 -40.4749 22.7955 19.5012 -40.4749 23.02 19.9958 -40.4749 22.8782 19.4427 -40.4749 
10
8.48528 35.4153 -40.4749 7.94797 35.4534 -40.4749 7.77817 35.444 -40.4749 7.38811 36 -40.4749 7.22632 36.259 -40.4749 7.07873 36.4479 -40.4749 7.60838 36.3903 -40.4749 7.94797 36.1704 -40.4749 8.2236 36 -40.4749 9.01238 35.3706 -40.4749 
3
8
21.1901 16.2155 -39.5749 20.9444 16.0342 -39.5749 21.2363 16.4218 -39.5749 21.7245 16.8136 -39.5749 21.9829 17 -39.5749 22.4164 17.4565 -39.5749 22.0538 17 -39.5749 21.8148 16.7938 -39.5749 
3
22.9988 18.3951 -39.5749 23.4011 19.3801 -39.5749 23.3268 19 -39.5749 
5
23.4465 19.491 -39.5749 23.6544 20 -39.5749 23.6898 20.2325 -39.5749 23.9934 20.8411 -39.5749 23.7421 20 -39.5749 
3
13
6.09344 28.9626 -38.6749 6.14801 28.9026 -38.6749 6.34569 28.4449 -38.6749 6.3523 28.4332 -38.6749 6.14795 28.55 -38.6749 5.65685 28.665 -38.6749 5.61748 28.7008 -38.6749 5.31805 29 -38.6749 5.16569 29.1114 -38.6749 4.85027 29.3657 -38.6749 4.97624 29.2899 -38.6749 5.16569 29.2782 -38.6749 6.00717 29 -38.6749 
6
23.9934 19.3813 -38.6749 23.8939 19.1935 -38.6749 23.9745 19.3947 -38.6749 24.2386 20 -38.6749 24.2441 20.0135 -38.6749 24.2407 20 -38.6749 
11
25.2121 30 -38.6749 24.9647 30.473 -38.6749 24.8327 30.6358 -38.6749 24.6168 30.9205 -38.6749 24.838 30.0549 -38.6749 24.8537 30.0003 -38.6749 24.8538 30 -38.6749 24.8925 29.7823 -38.6749 24.9237 29.1078 -38.6749 24.9647 29.3128 -38.6749 24.9856 29.434 -38.6749 
5
10
6.26962 28.9041 -37.7749 6.22819 29 -37.7749 6.13353 29.1075 -37.7749 6.06575 29.0855 -37.7749 6.0512 29.079 -37.7749 5.85214 29 -37.7749 6.66218 28.5391 -37.7749 6.80959 28.4467 -37.7749 6.66218 28.5526 -37.7749 6.36396 28.7367 -37.7749 
6
6.61678 37.9285 -37.7749 6.64998 37.923 -37.7749 6.54281 38 -37.7749 6.34743 38.2595 -37.7749 6.2503 38 -37.7749 6.56107 37.9285 -37.7749 
9
5.44054 39 -37.7749 5.5698 39.0666 -37.7749 5.708 39.6747 -37.7749 5.8161 39.969 -37.7749 5.24798 39.2701 -37.7749 5.04944 39.1404 -37.7749 5.05846 39 -37.7749 5.24801 38.247 -37.7749 5.8119 38.247 -37.7749 
12
11.1251 47 -37.7749 12.319 46.5733 -37.7749 12.329 46.5706 -37.7749 12.3307 46.57 -37.7749 12.6777 46.9609 -37.7749 12.3191 47.1705 -37.7749 11.5639 47.2764 -37.7749 11.3284 47.2763 -37.7749 11.3282 47.2763 -37.7749 11.2957 47.2763 -37.7749 11.2307 47.286 -37.7749 11.1285 47.2119 -37.7749 
8
17.6568 43 -37.7749 17.5284 43.172 -37.7749 17.4177 43 -37.7749 17.4187 42.9971 -37.7749 17.4192 42.9955 -37.7749 17.5044 42.7357 -37.7749 17.5244 42.6807 -37.7749 17.9408 42.3259 -37.7749 
3
6
6.94827 28.5921 -36.8749 6.69775 28.9472 -36.8749 6.63173 29 -36.8749 6.58327 29.1109 -36.8749 6.27481 29 -36.8749 6.4376 28.8973 -36.8749 
3
7.9947 28.0492 -36.8749 7.3328 28.3564 -36.8749 7.89472 28.0094 -36.8749 
11
12.7352 37.0693 -36.8749 12.7529 37 -36.8749 12.7465 36.9387 -36.8749 12.8004 36.9387 -36.8749 12.8332 36.9676 -36.8749 14.0368 36.9683 -36.8749 14.1155 36.9444 -36.8749 14.1165 37 -36.8749 14.0368 37.0897 -36.8749 14.0309 37.089 -36.8749 12.8332 37.0908 -36.8749 
1
17
7.42227 28.9087 -35.9749 7.69064 28.7368 -35.9749 7.86568 28.6031 -35.9749 8.59081 28.1479 -35.9749 8.48528 28.1159 -35.9749 8.22745 28.0108 -35.9749 8.22729 28.0107 -35.9749 7.86568 28.2363 -35.9749 7.86413 28.2379 -35.9749 7.77817 28.2994 -35.9749 7.69066 28.3467 -35.9749 7.07107 28.7329 -35.9749 6.75879 28.9007 -35.9749 6.59865 29 -35.9749 6.67332 29.0334 -35.9749 7.05937 29.1816 -35.9749 7.35243 29 -35.9749 
0
0
0
0
0
0
0
0
0
