160
0 1 0 1 1 2 1 2 2 3 2 3 3 4 3 4 4 5 4 5 5 6 5 6 6 7 6 7 7 8 7 8 8 9 8 9 9 10 9 10 10 11 10 11 11 12 11 12 12 13 12 13 13 14 13 14 14 15 14 15 15 16 15 16 16 17 16 17 17 18 17 18 18 19 18 19 19 20 19 20 20 21 20 21 21 22 21 22 22 23 22 23 22 24 22 24 23 25 23 25 25 26 25 26 26 27 26 27 27 28 27 28 28 29 28 29 29 30 29 30 30 31 30 31 31 32 31 32 32 33 32 33 33 34 33 34 34 35 34 35 35 36 35 36 36 37 36 37 37 38 37 38 38 39 38 39 39 40 39 40 
40
1 0 
1 1 
1 2 
1 3 
1 4 
1 5 
1 6 
1 7 
1 8 
1 9 
1 10 
1 11 
1 12 
1 13 
1 14 
1 15 
1 16 
1 17 
1 18 
1 19 
1 20 
1 21 
1 22 
2 23 24 
1 25 
1 26 
1 27 
1 28 
1 29 
1 30 
1 31 
1 32 
1 33 
1 34 
1 35 
1 36 
1 37 
1 38 
1 39 
1 40 
41
0 0 0 -50.8
1 1 
1
6
7.326e-008 11.1946 -50.8 0.040253 11.1591 -50.8 1.0024 11.0957 -50.8 50.8 11.0951 -50.8 50.8 50.8 -50.8 3.1106e-015 50.7999 -50.8 
1 1 0 -49.9
2 0 2 
1
6
0.040253 11.1609 -49.9 1.0024 11.0974 -49.9 50.8 11.0967 -49.9 50.8 50.8 -49.9 3.05549e-015 50.8 -49.9 3.05549e-015 11.1965 -49.9 
2 2 0 -49
2 1 3 
1
6
0.040253 11.163 -49 1.0024 11.0993 -49 50.8 11.0985 -49 50.8 50.8 -49 3.00038e-015 50.8 -49 3.00039e-015 11.1985 -49 
3 3 0 -48.1
2 2 4 
1
6
0.040253 11.1652 -48.1 1.0024 11.1014 -48.1 50.8 11.1004 -48.1 50.8 50.8 -48.1 2.94527e-015 50.8 -48.1 2.94528e-015 11.2007 -48.1 
4 4 0 -47.2
2 3 5 
1
6
0.040253 11.1676 -47.2 1.0024 11.1036 -47.2 50.8 11.1024 -47.2 50.8 50.8 -47.2 2.89016e-015 50.8 -47.2 2.89017e-015 11.2031 -47.2 
5 5 0 -46.3
2 4 6 
1
6
0.040253 11.1702 -46.3 1.0024 11.106 -46.3 50.8 11.1047 -46.3 50.8 50.8 -46.3 2.83505e-015 50.8 -46.3 2.83506e-015 11.2056 -46.3 
6 6 0 -45.4
2 5 7 
1
6
0.040253 11.173 -45.4 1.0024 11.1086 -45.4 50.8 11.1071 -45.4 50.8 50.8 -45.4 2.77995e-015 50.8 -45.4 2.77995e-015 11.2084 -45.4 
7 7 0 -44.5
2 6 8 
1
6
0.040253 11.176 -44.5 1.0024 11.1116 -44.5 50.8 11.1097 -44.5 50.8 50.8 -44.5 2.72484e-015 50.8 -44.5 2.72484e-015 11.2114 -44.5 
8 8 0 -43.6
2 7 9 
1
6
0.040253 11.1794 -43.6 1.0024 11.1148 -43.6 50.8 11.1126 -43.6 50.8 50.8 -43.6 2.66973e-015 50.8 -43.6 2.66973e-015 11.2147 -43.6 
9 9 0 -42.7
2 8 10 
1
6
0.040253 11.183 -42.7 1.0024 11.1182 -42.7 50.8 11.1156 -42.7 50.8 50.8 -42.7 2.61462e-015 50.8 -42.7 2.61462e-015 11.2183 -42.7 
10 10 0 -41.8
2 9 11 
1
6
0.040253 11.187 -41.8 1.0024 11.1222 -41.8 50.8 11.1191 -41.8 50.8 50.8 -41.8 2.55951e-015 50.8 -41.8 2.55952e-015 11.2223 -41.8 
11 11 0 -40.9
2 10 12 
1
6
0.040253 11.1915 -40.9 1.0024 11.1266 -40.9 50.8 11.1228 -40.9 50.8 50.8 -40.9 2.5044e-015 50.8 -40.9 2.5044e-015 11.2267 -40.9 
12 12 0 -40
2 11 13 
1
6
0.040253 11.1963 -40 1.0024 11.1316 -40 50.8 11.127 -40 50.8 50.8 -40 2.44929e-015 50.8 -40 2.4493e-015 11.2314 -40 
13 13 0 -39.1
2 12 14 
1
6
0.040253 11.2015 -39.1 1.0024 11.137 -39.1 50.8 11.1314 -39.1 50.8 50.8 -39.1 2.39418e-015 50.8 -39.1 2.39418e-015 11.2366 -39.1 
14 14 0 -38.2
2 13 15 
1
6
0.040253 11.2072 -38.2 1.0024 11.143 -38.2 50.8 11.1362 -38.2 50.8 50.8 -38.2 2.33907e-015 50.8 -38.2 2.33907e-015 11.2422 -38.2 
15 15 0 -37.3
2 14 16 
1
14
0.040253 11.2133 -37.3 1.0024 11.1497 -37.3 18.7102 11.3746 -37.3 19.2831 11.3932 -37.3 19.6723 11.4 -37.3 20.2453 11.4208 -37.3 20.6345 11.4255 -37.3 21.2074 11.4436 -37.3 30.2559 11.4051 -37.3 31.218 11.3842 -37.3 50.8 11.1413 -37.3 50.8 50.8 -37.3 2.28396e-015 50.8 -37.3 2.28397e-015 11.2482 -37.3 
16 16 0 -36.4
2 15 17 
1
37
0.040253 11.2197 -36.4 1.0024 11.157 -36.4 12.9994 11.32 -36.4 13.5103 11.3385 -36.4 13.9616 11.3485 -36.4 14.4724 11.3698 -36.4 14.9237 11.3778 -36.4 15.4345 11.3965 -36.4 17.8101 11.4575 -36.4 18.321 11.4856 -36.4 18.7723 11.5003 -36.4 19.2831 11.5353 -36.4 19.7344 11.5517 -36.4 20.2453 11.5953 -36.4 20.6966 11.6095 -36.4 21.2074 11.6534 -36.4 21.6587 11.6558 -36.4 22.1695 11.6682 -36.4 29.3558 11.6095 -36.4 29.8667 11.5879 -36.4 30.318 11.5759 -36.4 30.8288 11.5426 -36.4 31.2801 11.5296 -36.4 31.791 11.4931 -36.4 32.2423 11.4806 -36.4 32.7531 11.4548 -36.4 33.2044 11.4438 -36.4 33.7153 11.4164 -36.4 34.1666 11.4061 -36.4 34.6774 11.3832 -36.4 35.1287 11.3735 -36.4 35.6395 11.3536 -36.4 36.6017 11.3283 -36.4 50.8 11.1467 -36.4 50.8 50.8 -36.4 2.22886e-015 50.8 -36.4 2.22885e-015 11.2545 -36.4 
17 17 0 -35.5
2 16 18 
1
58
0.040253 11.2264 -35.5 1.0024 11.1649 -35.5 11.1373 11.3186 -35.5 11.586 11.3394 -35.5 12.0994 11.3559 -35.5 12.5481 11.3827 -35.5 13.0616 11.4014 -35.5 13.5103 11.4342 -35.5 14.0237 11.4556 -35.5 14.4724 11.499 -35.5 14.9858 11.5178 -35.5 15.4345 11.5622 -35.5 15.948 11.5748 -35.5 16.3967 11.5997 -35.5 16.9101 11.6183 -35.5 18.321 11.697 -35.5 19.2831 11.7665 -35.5 19.6678 11.8008 -35.5 19.9894 12.0566 -35.5 20.2453 12.1287 -35.5 20.6586 12.3496 -35.5 21.2074 12.4263 -35.5 21.8707 12.4641 -35.5 22.0173 12.4783 -35.5 22.8723 12.5084 -35.5 23.3918 12.5028 -35.5 24.0938 12.5119 -35.5 24.3515 12.5052 -35.5 25.056 12.4993 -35.5 26.0181 12.4827 -35.5 26.9803 12.4651 -35.5 28.9045 12.422 -35.5 29.3008 12.3666 -35.5 29.8667 12.327 -35.5 30.4955 12.1341 -35.5 30.8288 12.0893 -35.5 31.3402 11.8008 -35.5 31.6006 11.7693 -35.5 31.791 11.7557 -35.5 32.2809 11.6889 -35.5 32.7531 11.665 -35.5 33.2018 11.6159 -35.5 34.2287 11.5654 -35.5 34.6774 11.5244 -35.5 35.1908 11.5043 -35.5 35.6395 11.4654 -35.5 36.153 11.4486 -35.5 36.6017 11.4217 -35.5 37.1151 11.4079 -35.5 37.5638 11.383 -35.5 38.0773 11.3714 -35.5 38.526 11.3524 -35.5 39.0394 11.3424 -35.5 39.4881 11.3273 -35.5 50.8 11.1521 -35.5 50.8 50.8 -35.5 2.17375e-015 50.8 -35.5 2.17375e-015 11.2611 -35.5 
18 18 0 -34.6
2 17 19 
1
53
0.040253 11.2331 -34.6 1.0024 11.1731 -34.6 10.2373 11.3448 -34.6 11.1995 11.3939 -34.6 11.586 11.4264 -34.6 12.1616 11.4608 -34.6 12.5481 11.512 -34.6 13.1238 11.5542 -34.6 13.5103 11.627 -34.6 14.3057 11.7496 -34.6 14.4724 11.7657 -34.6 14.7533 11.8008 -34.6 15.1684 12.0669 -34.6 15.4345 12.3553 -34.6 15.7425 12.4549 -34.6 16.1143 12.7629 -34.6 16.3967 12.8861 -34.6 17.0452 13.0765 -34.6 17.3588 13.215 -34.6 17.7505 13.3334 -34.6 18.321 13.7204 -34.6 18.3339 13.7251 -34.6 19.1199 13.8266 -34.6 19.9885 13.9104 -34.6 20.9294 13.9359 -34.6 30.8288 13.9494 -34.6 31.6625 13.8259 -34.6 31.791 13.8103 -34.6 32.1172 13.7251 -34.6 32.7531 13.3498 -34.6 33.7153 12.7631 -34.6 33.7156 12.7629 -34.6 34.8082 11.8008 -34.6 35.2566 11.734 -34.6 35.6395 11.7008 -34.6 36.026 11.6357 -34.6 37.1773 11.5691 -34.6 37.5638 11.5234 -34.6 38.1395 11.499 -34.6 38.526 11.4634 -34.6 39.1016 11.444 -34.6 39.4881 11.4192 -34.6 40.0638 11.4025 -34.6 40.4503 11.3781 -34.6 41.0259 11.3613 -34.6 41.4124 11.3388 -34.6 41.988 11.3225 -34.6 42.3745 11.3048 -34.6 43.3367 11.2775 -34.6 50.8 11.1575 -34.6 50.8 50.8 -34.6 2.11864e-015 50.8 -34.6 2.11863e-015 11.2677 -34.6 
19 19 0 -33.7
2 18 20 
1
69
0.040253 11.2395 -33.7 1.0024 11.1813 -33.7 8.37516 11.339 -33.7 9.3373 11.3791 -33.7 10.2994 11.438 -33.7 10.6238 11.4744 -33.7 11.2616 11.5279 -33.7 11.586 11.5922 -33.7 12.2237 11.6767 -33.7 12.5481 11.7652 -33.7 12.7367 11.8008 -33.7 12.7454 11.8044 -33.7 13.5103 12.4589 -33.7 13.7841 12.7629 -33.7 14.4336 13.3902 -33.7 14.4724 13.4308 -33.7 14.9005 13.7251 -33.7 15.1911 13.8447 -33.7 15.4345 13.8987 -33.7 15.6617 13.9564 -33.7 16.0723 14.0717 -33.7 16.3967 14.1064 -33.7 17.0344 14.2469 -33.7 17.3588 14.2614 -33.7 17.9966 14.4022 -33.7 18.321 14.4179 -33.7 18.9587 14.4815 -33.7 20.2453 14.5315 -33.7 20.883 14.5357 -33.7 21.2074 14.5434 -33.7 26.9803 14.5767 -33.7 27.3593 14.5722 -33.7 27.9424 14.5757 -33.7 28.2958 14.5709 -33.7 28.9045 14.5736 -33.7 29.8667 14.5618 -33.7 30.8288 14.5435 -33.7 31.4666 14.4662 -33.7 31.791 14.4575 -33.7 32.4287 14.2998 -33.7 32.7531 14.2893 -33.7 33.3909 14.119 -33.7 33.7153 14.11 -33.7 34.0397 14.079 -33.7 34.6774 13.8804 -33.7 35.2102 13.7251 -33.7 35.6395 13.4402 -33.7 36.6017 12.7738 -33.7 36.6169 12.7629 -33.7 37.5638 11.8827 -33.7 37.6612 11.8008 -33.7 38.1145 11.7364 -33.7 38.526 11.6985 -33.7 38.8504 11.6416 -33.7 40.1259 11.5604 -33.7 40.4503 11.5077 -33.7 41.088 11.4706 -33.7 41.4124 11.4295 -33.7 42.0501 11.4002 -33.7 42.3745 11.371 -33.7 43.0123 11.348 -33.7 43.3367 11.3275 -33.7 43.9744 11.3081 -33.7 44.2988 11.2918 -33.7 45.261 11.263 -33.7 50.8 11.1629 -33.7 50.8 50.8 -33.7 2.06353e-015 50.8 -33.7 2.06353e-015 11.2741 -33.7 
20 20 0 -32.8
2 19 21 
1
74
0.040253 11.2453 -32.8 1.0024 11.1889 -32.8 4.58876 11.2805 -32.8 4.85097 11.2935 -32.8 5.5509 11.3132 -32.8 5.81311 11.327 -32.8 6.51304 11.3472 -32.8 6.77525 11.3611 -32.8 7.47519 11.3854 -32.8 7.7374 11.4026 -32.8 8.43733 11.4333 -32.8 8.69954 11.4572 -32.8 9.39947 11.5045 -32.8 9.66168 11.5422 -32.8 10.3616 11.6206 -32.8 10.6238 11.6853 -32.8 11.1815 11.8008 -32.8 11.586 12.1681 -32.8 12.1849 12.7629 -32.8 12.2767 13.0343 -32.8 12.5481 13.5049 -32.8 12.5656 13.5394 -32.8 12.6994 13.7251 -32.8 13.1185 13.9302 -32.8 13.2481 14.0062 -32.8 13.5103 14.0352 -32.8 14.2102 14.3029 -32.8 14.4724 14.3149 -32.8 15.1723 14.4702 -32.8 15.4345 14.4807 -32.8 16.1345 14.5554 -32.8 20.0019 14.724 -32.8 20.2453 14.748 -32.8 21.2074 14.7709 -32.8 21.9073 14.775 -32.8 22.1695 14.7651 -32.8 24.7938 14.7789 -32.8 25.056 14.7757 -32.8 25.7559 14.7797 -32.8 33.7153 14.6365 -32.8 34.0609 14.6217 -32.8 34.6774 14.5628 -32.8 34.9494 14.5479 -32.8 35.6395 14.4028 -32.8 35.9017 14.396 -32.8 36.6017 14.1847 -32.8 36.8639 14.1631 -32.8 37.5638 13.9304 -32.8 38.2602 13.7251 -32.8 38.2963 13.7036 -32.8 38.526 13.5235 -32.8 39.3914 12.7747 -32.8 39.4039 12.7629 -32.8 39.4881 12.6653 -32.8 40.2076 11.8008 -32.8 40.2095 11.8003 -32.8 40.4503 11.7612 -32.8 40.7544 11.6927 -32.8 41.4124 11.6092 -32.8 41.6746 11.5492 -32.8 42.3745 11.4862 -32.8 43.0745 11.4418 -32.8 43.3367 11.4039 -32.8 44.0366 11.3687 -32.8 44.2988 11.3439 -32.8 44.9988 11.3168 -32.8 45.261 11.3002 -32.8 45.9609 11.2788 -32.8 46.2231 11.2662 -32.8 47.1853 11.2368 -32.8 50.8 11.1688 -32.8 50.8 50.8 -32.8 2.00842e-015 50.8 -32.8 2.00842e-015 11.2798 -32.8 
21 21 0 -31.9
2 20 22 
1
85
0.040253 11.2502 -31.9 1.0024 11.1954 -31.9 4.65086 11.3251 -31.9 4.85097 11.3412 -31.9 5.613 11.3812 -31.9 5.81311 11.4059 -31.9 6.57514 11.4463 -31.9 6.77525 11.4722 -31.9 7.53729 11.5221 -31.9 7.7374 11.5569 -31.9 8.49943 11.6265 -31.9 8.69954 11.6676 -31.9 9.51318 11.8008 -31.9 9.66168 11.9023 -31.9 10.621 12.7629 -31.9 10.6218 12.7649 -31.9 10.6238 12.7702 -31.9 10.9495 13.7251 -31.9 11.0838 13.8518 -31.9 11.586 14.1424 -31.9 11.8522 14.183 -31.9 12.5481 14.5355 -31.9 12.9237 14.5594 -31.9 13.5103 14.624 -31.9 16.1966 14.7373 -31.9 16.3967 14.7497 -31.9 17.1587 14.7831 -31.9 17.3588 14.8258 -31.9 18.1209 14.8593 -31.9 18.321 14.8805 -31.9 19.083 14.914 -31.9 19.2831 14.9371 -31.9 20.0452 15.0122 -31.9 20.2453 15.1237 -31.9 20.4888 15.1101 -31.9 21.2074 15.1298 -31.9 21.2492 15.0984 -31.9 21.4075 14.9928 -31.9 22.1695 14.964 -31.9 22.9316 14.9683 -31.9 23.1317 14.9591 -31.9 30.6287 14.8665 -31.9 30.8288 14.9004 -31.9 31.5909 14.8835 -31.9 31.791 14.9082 -31.9 32.553 14.8913 -31.9 32.7531 14.9235 -31.9 33.5152 14.9066 -31.9 33.7153 14.9491 -31.9 33.9261 14.9568 -31.9 34.6774 14.9359 -31.9 34.7034 14.9257 -31.9 34.8775 14.8169 -31.9 35.6395 14.7875 -31.9 35.8396 14.7423 -31.9 36.6017 14.726 -31.9 37.5638 14.6606 -31.9 37.8767 14.6267 -31.9 38.526 14.5377 -31.9 38.673 14.5117 -31.9 38.7261 14.504 -31.9 39.6882 14.0729 -31.9 39.9476 13.8851 -31.9 40.1532 13.7251 -31.9 40.4503 13.3561 -31.9 40.7222 12.963 -31.9 40.8861 12.7629 -31.9 41.4124 12.1768 -31.9 41.5439 12.1193 -31.9 41.6566 12.0009 -31.9 41.9148 11.8008 -31.9 42.3745 11.6955 -31.9 42.5746 11.6367 -31.9 43.3367 11.5265 -31.9 44.0987 11.4546 -31.9 44.2988 11.4173 -31.9 45.0609 11.3692 -31.9 45.261 11.3477 -31.9 46.023 11.3112 -31.9 46.2231 11.2953 -31.9 47.1853 11.2547 -31.9 50.8 11.1751 -31.9 50.8 50.8 -31.9 1.95331e-015 50.8 -31.9 1.95331e-015 11.2846 -31.9 
22 22 0 -31
3 21 23 24 
2
152
0.040253 11.2545 -31 1.0024 11.2009 -31 3.88882 11.3104 -31 4.71298 11.3765 -31 4.85097 11.3905 -31 5.67512 11.492 -31 5.81311 11.5209 -31 6.63726 11.6277 -31 6.77525 11.6822 -31 7.44947 11.8008 -31 7.7374 12.0035 -31 8.68581 12.7629 -31 8.69954 12.781 -31 8.91707 13.0273 -31 9.26462 13.7251 -31 9.39729 13.8644 -31 9.66168 14.0383 -31 9.99082 14.1806 -31 10.6238 14.5708 -31 11.1703 14.6872 -31 11.448 14.7261 -31 15.4345 14.8826 -31 16.2587 14.9336 -31 16.3967 14.9782 -31 17.2208 15.1543 -31 17.3588 15.2764 -31 17.9356 15.4381 -31 18.321 15.4791 -31 19.2831 15.6007 -31 19.356 15.6494 -31 19.983 16.0979 -31 20.2453 16.2958 -31 20.4406 16.1402 -31 21.2074 16.0321 -31 21.4178 15.7874 -31 21.5448 15.6494 -31 22.1695 15.2325 -31 22.2036 15.2144 -31 22.3075 15.1545 -31 23.1317 15.1165 -31 24.918 15.0933 -31 25.056 15.0939 -31 25.8801 15.0822 -31 26.0181 15.0828 -31 26.8423 15.0711 -31 26.9803 15.0716 -31 27.8044 15.06 -31 28.7665 15.0551 -31 28.9045 15.0587 -31 29.7287 15.053 -31 29.8667 15.1397 -31 30.2564 15.2745 -31 30.8288 15.3714 -31 31.6735 15.5923 -31 31.791 15.6068 -31 31.9894 15.6494 -31 31.9085 15.6692 -31 31.791 15.7177 -31 31.3397 16.3976 -31 31.1665 16.6115 -31 31.3137 16.8402 -31 31.198 17.5736 -31 31.5623 18.1026 -31 31.791 18.4168 -31 31.9003 18.5358 -31 32.7531 19.4037 -31 32.9017 19.4979 -31 33.3271 20.0719 -31 33.5921 20.4601 -31 32.7531 21.4104 -31 32.742 21.4222 -31 31.791 22.3024 -31 31.696 22.3844 -31 30.8288 23.2015 -31 30.6472 23.3465 -31 30.2809 23.8944 -31 30.1391 24.1344 -31 30.0422 24.3086 -31 30.2159 24.7289 -31 30.396 25.2708 -31 30.8288 25.7658 -31 31.5118 25.9613 -31 31.791 26.0914 -31 32.2894 25.9978 -31 32.7531 25.8654 -31 33.7153 25.3185 -31 33.7829 25.2708 -31 34.0937 25.0748 -31 34.6774 24.7426 -31 34.9911 24.3703 -31 35.0558 24.3086 -31 35.6395 23.8394 -31 35.8039 23.6602 -31 35.9504 23.4845 -31 36.0813 23.3465 -31 36.6017 22.7399 -31 36.6727 22.6494 -31 36.7685 22.5224 -31 36.8878 22.3844 -31 37.4139 21.4222 -31 37.3874 20.9634 -31 37.4567 20.4601 -31 37.3884 20.3545 -31 37.3754 20.3221 -31 37.1329 19.4979 -31 37.0672 19.3599 -31 36.7244 18.5358 -31 36.6813 18.3978 -31 36.6605 18.3393 -31 36.6017 18.191 -31 36.2972 17.5736 -31 36.274 17.5132 -31 36.25 17.4356 -31 35.8683 16.6115 -31 35.8505 16.4735 -31 35.7324 16.3167 -31 35.6395 16.17 -31 35.059 15.6494 -31 35.6395 15.2864 -31 35.7357 15.2011 -31 35.7775 15.1591 -31 36.6017 14.9729 -31 37.4258 14.9239 -31 37.5638 14.8715 -31 38.388 14.8087 -31 38.526 14.8002 -31 38.664 14.7859 -31 39.4325 14.6872 -31 39.6347 14.6559 -31 40.4503 14.3003 -31 40.9924 13.8717 -31 41.261 13.7251 -31 41.4124 13.5423 -31 41.8964 12.9009 -31 41.9885 12.7629 -31 42.3745 12.2927 -31 42.7721 12.0702 -31 42.9201 11.9388 -31 43.0814 11.8008 -31 43.4747 11.6826 -31 44.2988 11.5291 -31 45.123 11.4404 -31 45.261 11.4074 -31 46.0851 11.3419 -31 46.2231 11.3262 -31 47.0473 11.2835 -31 47.1853 11.2744 -31 48.1474 11.2391 -31 50.8 11.1821 -31 50.8 50.8 -31 1.8982e-015 50.8 -31 1.8982e-015 11.2889 -31 
47
18.1797 18.5358 -31 18.1024 18.7543 -31 17.7624 19.3451 -31 17.6694 19.4979 -31 17.6897 20.0301 -31 17.6763 20.4601 -31 17.7418 20.9036 -31 17.705 21.4222 -31 17.7678 21.7716 -31 17.7766 22.3844 -31 17.8361 22.6464 -31 17.8915 23.3465 -31 17.9429 23.541 -31 18.0065 24.3086 -31 17.9881 24.525 -31 17.9126 25.2708 -31 17.8953 25.5105 -31 17.8594 26.2329 -31 17.871 26.4557 -31 17.9375 27.1951 -31 18.1612 27.9974 -31 18.1897 28.1572 -31 18.321 28.3242 -31 18.7666 28.6029 -31 19.2831 28.9092 -31 19.9315 28.9613 -31 20.2453 28.881 -31 21.0587 28.1572 -31 21.9201 27.1951 -31 22.4229 26.2329 -31 22.5203 25.8822 -31 22.7389 25.2708 -31 22.7422 24.7241 -31 22.769 24.3086 -31 22.6908 23.8516 -31 22.6725 23.3465 -31 22.373 22.5879 -31 22.2764 22.3844 -31 22.1695 22.2566 -31 21.3493 21.4222 -31 21.2074 21.2833 -31 19.3599 19.4979 -31 19.3275 19.4535 -31 19.2831 19.3293 -31 18.5134 18.5358 -31 18.4673 18.3895 -31 18.321 18.2874 -31 
23 23 0 -30.1
2 22 25 
1
167
0.040253 11.2588 -30.1 1.0024 11.2063 -30.1 2.92668 11.2709 -30.1 3.88882 11.3286 -30.1 4.77517 11.4183 -30.1 4.85097 11.4274 -30.1 5.73731 11.6132 -30.1 5.81311 11.6346 -30.1 6.22047 11.7956 -30.1 6.22904 11.8008 -30.1 6.27271 11.8766 -30.1 6.34484 11.9665 -30.1 6.77525 12.3372 -30.1 7.1261 12.7629 -30.1 7.57172 13.2682 -30.1 7.7374 13.4819 -30.1 7.94995 13.7251 -30.1 8.40247 14.1117 -30.1 8.69954 14.3344 -30.1 9.44038 14.6872 -30.1 9.58588 14.7347 -30.1 10.548 14.8575 -30.1 12.4723 14.9212 -30.1 12.5481 14.9227 -30.1 13.4345 14.9613 -30.1 13.5103 14.9623 -30.1 14.3966 15.0012 -30.1 14.4724 15.0021 -30.1 15.3587 15.0409 -30.1 15.4345 15.0421 -30.1 16.3209 15.3286 -30.1 16.3967 15.3668 -30.1 16.7302 15.6446 -30.1 16.7343 15.6494 -30.1 16.955 16.5357 -30.1 16.9577 16.6115 -30.1 16.3967 17.418 -30.1 16.3398 17.4839 -30.1 16.2576 17.5736 -30.1 15.9845 18.46 -30.1 15.9389 18.5358 -30.1 15.943 18.6492 -30.1 16.0083 19.4979 -30.1 16.0308 19.5781 -30.1 16.1237 20.4601 -30.1 16.1271 20.4727 -30.1 16.1407 20.5359 -30.1 16.286 21.4222 -30.1 16.3057 21.498 -30.1 16.3627 21.7641 -30.1 16.3967 21.9081 -30.1 16.5216 22.3844 -30.1 16.5673 22.4989 -30.1 16.7911 23.3465 -30.1 16.8091 23.3916 -30.1 16.8185 23.4223 -30.1 17.0416 24.3086 -30.1 17.0018 25.195 -30.1 17.009 25.2708 -30.1 16.9374 26.1571 -30.1 16.9258 26.2329 -30.1 16.8727 27.1193 -30.1 16.8276 27.1951 -30.1 16.7964 27.4053 -30.1 16.8649 28.1572 -30.1 17.1503 28.5667 -30.1 17.3588 28.8754 -30.1 17.5317 29.1194 -30.1 17.8828 29.4438 -30.1 18.321 29.868 -30.1 18.6374 30.0815 -30.1 18.9587 30.2805 -30.1 20.0793 30.9295 -30.1 20.2453 31.019 -30.1 20.422 31.0436 -30.1 21.2074 31.1196 -30.1 21.4192 31.0436 -30.1 21.4321 31.0314 -30.1 22.1695 30.3712 -30.1 22.488 30.1382 -30.1 22.5526 30.0815 -30.1 23.1317 29.5555 -30.1 23.5072 29.2266 -30.1 23.6258 29.1194 -30.1 24.6179 28.1572 -30.1 25.056 27.6655 -30.1 26.0181 26.872 -30.1 26.7318 27.0246 -30.1 26.9803 27.0901 -30.1 27.7841 27.1951 -30.1 27.9284 27.2091 -30.1 27.9424 27.207 -30.1 27.956 27.2087 -30.1 28.9045 27.3652 -30.1 29.1876 27.4812 -30.1 29.8667 27.7274 -30.1 30.8288 28.1044 -30.1 31.7192 28.229 -30.1 31.791 28.2375 -30.1 32.7531 28.0704 -30.1 33.0963 27.9867 -30.1 33.7153 27.8142 -30.1 34.3739 27.4986 -30.1 34.6774 27.3758 -30.1 34.8408 27.1951 -30.1 35.1254 26.7471 -30.1 35.1698 26.684 -30.1 35.5017 26.2329 -30.1 35.6395 25.8881 -30.1 35.7335 25.5015 -30.1 35.7946 25.2708 -30.1 36.4381 24.3086 -30.1 36.9783 23.6813 -30.1 37.1873 23.4223 -30.1 37.2589 23.3465 -30.1 37.5638 22.9853 -30.1 37.9711 22.4602 -30.1 37.9949 22.3844 -30.1 37.9966 22.3086 -30.1 38.2151 21.4222 -30.1 38.1955 21.3464 -30.1 37.9119 20.4601 -30.1 37.8753 20.3843 -30.1 37.5638 19.6698 -30.1 37.4807 19.4619 -30.1 37.4653 19.4221 -30.1 37.0435 18.5358 -30.1 37.0269 18.46 -30.1 36.7501 17.5736 -30.1 36.7374 17.4978 -30.1 36.6017 17.005 -30.1 36.4802 16.6115 -30.1 36.4733 16.3885 -30.1 36.3778 15.6494 -30.1 36.6017 15.4245 -30.1 36.6382 15.3797 -30.1 36.6775 15.3513 -30.1 37.5638 15.0151 -30.1 38.4502 14.9607 -30.1 38.526 14.9429 -30.1 39.4881 14.8436 -30.1 40.4503 14.7198 -30.1 40.5213 14.7064 -30.1 40.589 14.6872 -30.1 41.4076 14.3914 -30.1 41.4124 14.3904 -30.1 41.4882 14.3732 -30.1 42.3317 13.7251 -30.1 42.3745 13.6639 -30.1 42.9156 12.8387 -30.1 42.9607 12.7629 -30.1 43.3367 12.2872 -30.1 43.8622 11.9691 -30.1 43.9619 11.8766 -30.1 44.0266 11.8008 -30.1 44.2988 11.7156 -30.1 44.3746 11.6891 -30.1 45.261 11.477 -30.1 46.1473 11.3761 -30.1 46.2231 11.3634 -30.1 47.1095 11.3048 -30.1 47.1853 11.2982 -30.1 48.1474 11.2554 -30.1 50.8 11.1899 -30.1 50.8 50.8 -30.1 1.84309e-015 50.8 -30.1 1.84309e-015 11.2931 -30.1 
23 24 0 -30.1
1 22 
1
52
22.5497 15.6494 -30.1 23.1317 15.3134 -30.1 24.0938 15.2944 -30.1 27.9424 15.3084 -30.1 28.9045 15.3349 -30.1 29.385 15.6494 -30.1 29.5962 15.8852 -30.1 29.8667 16.207 -30.1 30.1098 16.6115 -30.1 30.1492 16.7296 -30.1 30.4488 17.5736 -30.1 30.5784 17.729 -30.1 30.8288 18.1369 -30.1 31.1269 18.5358 -30.1 31.3358 18.7761 -30.1 31.791 19.2481 -30.1 32.0468 19.4979 -30.1 32.0417 19.7527 -30.1 32.1118 20.4601 -30.1 31.791 20.7974 -30.1 31.5159 21.0628 -30.1 31.1194 21.4222 -30.1 30.8288 21.6763 -30.1 29.8667 22.406 -30.1 29.622 22.4834 -30.1 28.9045 22.7309 -30.1 27.9424 22.8455 -30.1 27.7565 22.8534 -30.1 26.9803 22.9637 -30.1 26.3499 23.2623 -30.1 26.194 23.3465 -30.1 26.0181 23.7976 -30.1 25.6599 24.5308 -30.1 25.056 24.8224 -30.1 24.8396 24.3086 -30.1 24.7909 24.0865 -30.1 24.5062 23.3465 -30.1 24.2719 23.077 -30.1 24.0938 22.8425 -30.1 23.8532 22.3844 -30.1 23.3736 21.7929 -30.1 23.1317 21.4826 -30.1 23.0779 21.4222 -30.1 21.1586 19.4979 -30.1 21.0924 19.3636 -30.1 20.6447 18.5358 -30.1 20.6837 18.3442 -30.1 20.9136 17.5736 -30.1 21.2074 17.099 -30.1 21.3725 16.9176 -30.1 21.5921 16.6115 -30.1 22.1695 15.9881 -30.1 
24 25 0 -29.2
2 23 26 
1
193
0.040253 11.2633 -29.2 1.0024 11.212 -29.2 2.92668 11.2824 -29.2 3.88882 11.3473 -29.2 4.83727 11.4618 -29.2 4.85097 11.4638 -29.2 5.79941 11.7322 -29.2 5.81311 11.7323 -29.2 5.92037 11.7968 -29.2 5.92374 11.8008 -29.2 6.47007 12.7492 -29.2 6.4716 12.7629 -29.2 6.47531 12.7766 -29.2 6.77525 13.4851 -29.2 6.92624 13.7251 -29.2 7.7374 14.4313 -29.2 8.2562 14.6872 -29.2 8.26309 14.6899 -29.2 8.68584 14.8468 -29.2 8.69954 14.8493 -29.2 9.64798 14.9802 -29.2 10.6101 15.0144 -29.2 10.6238 15.0145 -29.2 11.5723 15.046 -29.2 12.5344 15.0646 -29.2 14.4587 15.0887 -29.2 14.4724 15.0903 -29.2 15.4208 15.1054 -29.2 15.4345 15.1095 -29.2 16.383 15.5875 -29.2 16.3967 15.5955 -29.2 16.443 15.6494 -29.2 16.4768 16.6115 -29.2 16.3967 16.7295 -29.2 16.383 16.7468 -29.2 16.3708 16.7605 -29.2 15.6683 17.5736 -29.2 15.4345 17.992 -29.2 15.4317 17.9975 -29.2 15.2053 18.5221 -29.2 15.199 18.5358 -29.2 15.207 19.4842 -29.2 15.2077 19.4979 -29.2 15.396 20.4601 -29.2 15.3991 20.4738 -29.2 15.6025 21.4222 -29.2 15.6056 21.4318 -29.2 15.6069 21.4359 -29.2 15.8527 22.3844 -29.2 16.1827 23.3328 -29.2 16.1871 23.3465 -29.2 16.1903 23.3602 -29.2 16.3967 23.9394 -29.2 16.509 24.3086 -29.2 16.601 25.2708 -29.2 16.5746 25.4191 -29.2 16.4496 26.2329 -29.2 16.3967 26.3568 -29.2 16.3572 26.3734 -29.2 15.4345 26.8535 -29.2 14.5629 26.2329 -29.2 14.4141 26.145 -29.2 13.5103 25.7854 -29.2 12.897 25.2708 -29.2 12.8668 25.2596 -29.2 12.5618 25.1221 -29.2 12.553 25.1196 -29.2 12.5481 25.1179 -29.2 12.5249 25.1114 -29.2 11.586 25.0961 -29.2 11.5269 25.1251 -29.2 11.297 25.2708 -29.2 11.586 26.0581 -29.2 12.0789 27.1951 -29.2 12.5151 28.1572 -29.2 12.5275 28.1779 -29.2 12.5481 28.2314 -29.2 13.2637 29.1194 -29.2 13.5103 29.3244 -29.2 14.4724 30.0577 -29.2 14.506 30.0815 -29.2 14.6444 30.1183 -29.2 15.4345 30.3648 -29.2 15.4667 30.3614 -29.2 16.3967 30.4725 -29.2 16.4279 30.4719 -29.2 17.3588 30.5938 -29.2 17.4251 30.6108 -29.2 18.321 30.8811 -29.2 18.6012 31.0436 -29.2 19.2831 31.4051 -29.2 20.2453 31.8802 -29.2 20.8755 32.0058 -29.2 21.1937 32.0564 -29.2 21.2074 32.0561 -29.2 21.2211 32.054 -29.2 21.3997 32.0058 -29.2 22.1827 31.7227 -29.2 22.1832 31.7225 -29.2 23.1317 31.3592 -29.2 23.1454 31.3546 -29.2 23.2133 31.324 -29.2 23.8041 31.0436 -29.2 24.0938 30.8464 -29.2 24.1146 30.8328 -29.2 25.1004 30.1023 -29.2 25.1132 30.0952 -29.2 25.1326 30.0815 -29.2 26.0181 29.4343 -29.2 26.0367 29.4244 -29.2 26.9803 29.163 -29.2 27.2907 29.1194 -29.2 27.9424 29.0072 -29.2 28.4309 29.1194 -29.2 28.9045 29.245 -29.2 29.8667 29.8162 -29.2 30.4307 30.0815 -29.2 30.5072 30.1221 -29.2 30.8288 30.2866 -29.2 30.8734 30.2899 -29.2 31.791 30.3738 -29.2 31.8272 30.3676 -29.2 32.7531 30.1887 -29.2 34.6774 29.7184 -29.2 34.7285 29.7069 -29.2 35.6395 29.3985 -29.2 35.6738 29.3516 -29.2 35.8753 29.1194 -29.2 35.8907 29.0654 -29.2 36.2551 28.1572 -29.2 36.2815 28.034 -29.2 36.4829 27.1951 -29.2 36.6017 26.5684 -29.2 36.6164 26.4727 -29.2 36.6586 26.2329 -29.2 36.6579 26.2189 -29.2 36.8138 25.2708 -29.2 36.8135 25.2694 -29.2 36.8121 25.2571 -29.2 37.2824 24.3086 -29.2 37.5624 23.9627 -29.2 37.5638 23.9609 -29.2 37.5743 23.949 -29.2 38.1394 23.3465 -29.2 38.4418 22.3844 -29.2 38.4631 21.4222 -29.2 38.4618 21.4139 -29.2 38.4609 21.4085 -29.2 38.216 20.4601 -29.2 38.21 20.4464 -29.2 37.7523 19.4979 -29.2 37.7486 19.4842 -29.2 37.5638 19.0251 -29.2 37.3746 18.5358 -29.2 37.3714 18.5221 -29.2 37.1641 17.5736 -29.2 37.1587 17.5599 -29.2 36.9992 16.6115 -29.2 36.9986 16.5978 -29.2 37.0661 15.6494 -29.2 37.5577 15.295 -29.2 37.5638 15.2908 -29.2 38.5123 15.0688 -29.2 38.526 15.0659 -29.2 39.4744 14.9799 -29.2 40.4366 14.8609 -29.2 40.4503 14.8602 -29.2 40.464 14.8586 -29.2 41.3668 14.6872 -29.2 41.4272 14.6748 -29.2 42.3745 14.4596 -29.2 43.3061 13.7399 -29.2 43.3348 13.7251 -29.2 43.3367 13.722 -29.2 43.8303 12.7766 -29.2 43.8347 12.7629 -29.2 44.2988 12.042 -29.2 44.3007 12.0384 -29.2 44.6026 11.8145 -29.2 44.6129 11.8008 -29.2 45.2594 11.5761 -29.2 45.261 11.5754 -29.2 46.2094 11.4161 -29.2 46.2231 11.4123 -29.2 47.1716 11.329 -29.2 47.1853 11.3274 -29.2 48.1337 11.2759 -29.2 48.1474 11.275 -29.2 49.1095 11.2394 -29.2 50.8 11.1986 -29.2 50.8 50.8 -29.2 1.78798e-015 50.8 -29.2 1.78798e-015 11.2976 -29.2 
25 26 0 -28.3
2 25 27 
1
237
0.040253 11.268 -28.3 1.0024 11.2182 -28.3 2.92668 11.2953 -28.3 3.88882 11.3688 -28.3 3.93732 11.3747 -28.3 4.85097 11.5071 -28.3 4.89947 11.5208 -28.3 5.81311 11.5291 -28.3 5.81859 11.5323 -28.3 6.04358 11.8008 -28.3 6.07152 11.8493 -28.3 6.17326 12.7629 -28.3 6.42111 13.6766 -28.3 6.44185 13.7251 -28.3 6.77525 14.2078 -28.3 6.8772 14.2893 -28.3 7.40721 14.6872 -28.3 7.7374 14.8571 -28.3 7.76428 14.8676 -28.3 7.7859 14.8756 -28.3 8.69954 15.0416 -28.3 8.74804 15.0483 -28.3 9.71018 15.0703 -28.3 10.6238 15.0825 -28.3 10.6723 15.0841 -28.3 11.6345 15.0924 -28.3 13.5588 15.0991 -28.3 14.4724 15.2104 -28.3 14.5209 15.2112 -28.3 15.4345 15.482 -28.3 15.483 15.5065 -28.3 15.4901 15.5106 -28.3 15.7775 15.6494 -28.3 15.7816 15.711 -28.3 16.0731 16.6115 -28.3 15.4961 17.3056 -28.3 15.483 17.3221 -28.3 15.2601 17.5736 -28.3 15.2491 17.5953 -28.3 15.2376 17.6221 -28.3 14.8196 18.5358 -28.3 14.8201 18.5843 -28.3 14.8668 19.4979 -28.3 14.8763 19.5464 -28.3 15.0419 20.4601 -28.3 15.2469 21.3737 -28.3 15.2564 21.4222 -28.3 15.4345 22.0327 -28.3 15.4433 22.0595 -28.3 15.5254 22.3359 -28.3 15.538 22.3844 -28.3 15.5548 22.4329 -28.3 15.8478 23.3465 -28.3 16.0568 24.2601 -28.3 16.0736 24.3086 -28.3 15.4439 25.2614 -28.3 15.4484 25.2708 -28.3 15.4345 25.2813 -28.3 15.4166 25.2708 -28.3 15.3136 25.2181 -28.3 14.409 24.826 -28.3 13.5103 24.5356 -28.3 13.4774 24.5234 -28.3 13.4618 24.5163 -28.3 12.8718 24.3501 -28.3 12.7509 24.3086 -28.3 12.5481 24.2561 -28.3 12.4299 24.2312 -28.3 11.586 24.0324 -28.3 11.4537 24.037 -28.3 10.6238 23.932 -28.3 10.4096 23.9691 -28.3 9.66168 24.0235 -28.3 9.24633 24.3086 -28.3 8.84614 25.2708 -28.3 9.08513 25.6397 -28.3 9.4397 26.2329 -28.3 9.66168 26.5538 -28.3 9.78886 26.8117 -28.3 9.98558 27.1951 -28.3 10.0315 27.3823 -28.3 10.528 29.1194 -28.3 10.6238 29.2529 -28.3 10.8583 29.549 -28.3 11.3025 30.0815 -28.3 11.586 30.2402 -28.3 11.6595 30.2753 -28.3 12.5481 30.9137 -28.3 12.6638 30.9898 -28.3 12.754 31.0436 -28.3 13.5103 31.4555 -28.3 13.5919 31.4721 -28.3 14.4724 31.629 -28.3 15.4345 31.6539 -28.3 16.3967 31.5853 -28.3 16.4831 31.5841 -28.3 17.3588 31.5305 -28.3 17.4199 31.5445 -28.3 18.321 31.6215 -28.3 19.1518 32.0058 -28.3 19.2831 32.0605 -28.3 19.3439 32.0875 -28.3 20.2453 32.4129 -28.3 20.2938 32.4207 -28.3 21.2074 32.4003 -28.3 22.121 32.2604 -28.3 23.0095 32.0058 -28.3 23.0485 31.9913 -28.3 23.0832 31.981 -28.3 23.1317 31.9624 -28.3 24.0453 31.6598 -28.3 24.0938 31.6379 -28.3 24.2356 31.583 -28.3 25.056 31.314 -28.3 25.8008 31.0436 -28.3 25.8878 30.9951 -28.3 25.9372 30.9602 -28.3 26.0181 30.9165 -28.3 26.2023 30.8207 -28.3 26.9803 30.3727 -28.3 27.1321 30.3848 -28.3 27.9424 30.6586 -28.3 28.6023 31.0436 -28.3 28.9045 31.3093 -28.3 29.8416 32.0058 -28.3 29.8801 32.9545 -28.3 29.875 32.9679 -28.3 29.8667 32.9837 -28.3 29.3943 33.9301 -28.3 28.9045 34.8567 -28.3 28.8929 34.8922 -28.3 28.8356 35.0865 -28.3 28.6829 35.8544 -28.3 28.67 36.004 -28.3 28.6643 36.8165 -28.3 28.9045 37.6017 -28.3 28.9808 37.7786 -28.3 29.0125 37.8741 -28.3 29.4566 38.7408 -28.3 29.8667 39.67 -28.3 29.8834 39.6862 -28.3 29.8892 39.7029 -28.3 30.6601 40.6651 -28.3 30.8288 40.795 -28.3 31.0061 40.8157 -28.3 31.791 40.734 -28.3 31.8711 40.7426 -28.3 32.7531 40.8994 -28.3 32.9891 40.858 -28.3 33.7153 40.8114 -28.3 33.9689 40.6651 -28.3 34.6774 39.7459 -28.3 34.7065 39.7029 -28.3 34.7555 39.4307 -28.3 34.9091 38.7408 -28.3 34.932 38.5367 -28.3 35.06 37.6195 -28.3 35.2185 36.8165 -28.3 35.2238 36.6653 -28.3 35.3327 35.8544 -28.3 35.2731 35.6294 -28.3 35.1889 34.8922 -28.3 35.6159 33.9537 -28.3 35.6172 33.9301 -28.3 35.6395 33.906 -28.3 35.7957 33.7012 -28.3 36.2742 32.9679 -28.3 36.6017 32.4051 -28.3 36.7948 31.8143 -28.3 37.015 31.0436 -28.3 37.0531 30.9231 -28.3 37.2412 30.0815 -28.3 37.2714 30.0008 -28.3 37.4381 29.1194 -28.3 37.5582 28.1628 -28.3 37.5594 28.1572 -28.3 37.5813 27.4877 -28.3 37.5852 27.1951 -28.3 37.5798 26.2329 -28.3 37.535 25.301 -28.3 37.5399 25.2708 -28.3 37.5254 25.1762 -28.3 37.4305 24.3571 -28.3 37.4545 24.3086 -28.3 37.4688 24.2909 -28.3 37.5638 24.1678 -28.3 38.264 23.3773 -28.3 38.2929 23.3465 -28.3 38.3279 23.2324 -28.3 38.526 22.6045 -28.3 38.5812 22.3844 -28.3 38.6106 21.4222 -28.3 38.5227 20.8687 -28.3 38.461 20.5086 -28.3 38.4485 20.4601 -28.3 38.0464 19.5464 -28.3 38.023 19.4979 -28.3 37.7752 18.5843 -28.3 37.7564 18.5358 -28.3 37.5464 17.6221 -28.3 37.5358 17.5736 -28.3 37.1761 16.66 -28.3 37.1679 16.6115 -28.3 37.1302 15.6979 -28.3 37.1337 15.6494 -28.3 37.1588 15.6313 -28.3 37.5638 15.3497 -28.3 37.6123 15.3384 -28.3 38.526 15.148 -28.3 38.5745 15.1436 -28.3 39.5366 15.0288 -28.3 40.4503 14.9865 -28.3 41.3639 14.8758 -28.3 42.3745 14.6921 -28.3 42.3983 14.6872 -28.3 42.496 14.6379 -28.3 43.3367 14.4378 -28.3 44.1148 13.7251 -28.3 44.1401 13.6766 -28.3 44.2988 13.168 -28.3 44.4066 12.7629 -28.3 44.4263 12.7259 -28.3 44.4418 12.7144 -28.3 45.1241 11.8008 -28.3 45.1571 11.7893 -28.3 45.261 11.742 -28.3 45.3095 11.7339 -28.3 46.2231 11.4806 -28.3 46.2716 11.4764 -28.3 47.1853 11.3648 -28.3 47.2338 11.3622 -28.3 48.1474 11.2988 -28.3 49.1095 11.2558 -28.3 50.8 11.2073 -28.3 50.8 50.8 -28.3 1.73287e-015 50.8 -28.3 1.73288e-015 11.3023 -28.3 
26 27 0 -27.4
2 26 28 
1
237
0.040253 11.2721 -27.4 1.0024 11.2239 -27.4 2.92668 11.3095 -27.4 3.88882 11.3938 -27.4 3.99942 11.4098 -27.4 4.85097 11.561 -27.4 4.96157 11.562 -27.4 5.08929 11.6254 -27.4 5.47649 11.8008 -27.4 5.81311 12.3607 -27.4 5.89378 12.6523 -27.4 5.90609 12.7629 -27.4 5.9361 12.8735 -27.4 6.12865 13.7251 -27.4 6.7342 14.3683 -27.4 6.77525 14.4277 -27.4 7.12023 14.6872 -27.4 7.69494 15.1634 -27.4 7.7374 15.1853 -27.4 7.848 15.2054 -27.4 8.81014 15.2193 -27.4 9.66168 15.0982 -27.4 9.77228 15.0997 -27.4 10.6238 15.2438 -27.4 10.7344 15.2447 -27.4 11.586 15.3942 -27.4 13.5103 15.397 -27.4 14.4724 15.5252 -27.4 14.583 15.558 -27.4 15.2337 15.6494 -27.4 15.4345 15.7632 -27.4 15.4696 15.8276 -27.4 15.7162 16.6115 -27.4 15.6453 16.6968 -27.4 15.4345 16.9372 -27.4 14.9222 17.5483 -27.4 14.8998 17.5736 -27.4 14.8492 17.6842 -27.4 14.5309 18.5358 -27.4 14.5365 18.6464 -27.4 14.6431 19.4979 -27.4 14.6631 19.6085 -27.4 14.7058 20.4601 -27.4 14.7306 20.5707 -27.4 15.0207 21.4222 -27.4 15.412 22.1368 -27.4 15.4444 22.2474 -27.4 15.4969 22.3844 -27.4 15.5324 22.495 -27.4 15.4939 23.3465 -27.4 15.5192 23.4571 -27.4 15.4345 23.8514 -27.4 15.1855 23.6518 -27.4 14.4724 24.0615 -27.4 13.5103 23.8254 -27.4 13.3997 23.7962 -27.4 11.2974 23.3122 -27.4 10.6238 23.1731 -27.4 10.399 23.1567 -27.4 9.66168 23.0824 -27.4 9.07988 23.2103 -27.4 8.69954 23.277 -27.4 8.59337 23.3465 -27.4 8.15354 23.7313 -27.4 7.7374 24.0777 -27.4 7.50149 24.3086 -27.4 6.98976 25.0563 -27.4 6.86342 25.2708 -27.4 6.93651 26.0716 -27.4 7.00445 26.2329 -27.4 7.64531 27.1951 -27.4 7.7374 27.3231 -27.4 8.37102 28.1572 -27.4 8.69954 28.7125 -27.4 8.83043 28.9885 -27.4 8.87064 29.1194 -27.4 9.66168 29.9688 -27.4 9.76075 30.0815 -27.4 9.84001 30.1277 -27.4 10.6238 30.5078 -27.4 11.5038 30.9614 -27.4 11.586 31.0055 -27.4 11.6389 31.0436 -27.4 12.5481 31.6803 -27.4 13.2097 32.0058 -27.4 13.5103 32.114 -27.4 14.4724 32.2259 -27.4 14.6612 32.2322 -27.4 15.4345 32.2895 -27.4 15.6309 32.2867 -27.4 16.3967 32.3414 -27.4 16.607 32.3353 -27.4 17.3588 32.3781 -27.4 17.5357 32.3946 -27.4 18.321 32.4522 -27.4 18.4075 32.4899 -27.4 18.4316 32.4999 -27.4 19.2831 32.638 -27.4 19.3937 32.6779 -27.4 20.2453 32.7908 -27.4 20.3559 32.7883 -27.4 21.2074 32.7291 -27.4 21.318 32.7122 -27.4 22.1695 32.6255 -27.4 23.0211 32.4192 -27.4 24.4817 32.0058 -27.4 24.6029 31.9679 -27.4 24.9454 31.8695 -27.4 25.056 31.8332 -27.4 25.9075 31.3888 -27.4 26.0181 31.3488 -27.4 26.2036 31.3252 -27.4 26.9803 31.7889 -27.4 27.201 32.0058 -27.4 27.6356 32.9679 -27.4 27.9424 33.6935 -27.4 28.0417 33.8308 -27.4 28.0201 33.9301 -27.4 28.0055 33.9758 -27.4 28.2328 34.8617 -27.4 28.2229 34.8922 -27.4 28.2009 35.0028 -27.4 28.2607 35.8544 -27.4 28.2599 35.965 -27.4 28.2311 36.8165 -27.4 28.5517 37.668 -27.4 28.5855 37.7786 -27.4 28.9045 38.3002 -27.4 28.9061 38.302 -27.4 29.1043 38.6302 -27.4 29.1609 38.7408 -27.4 29.21 38.8514 -27.4 29.632 39.7029 -27.4 29.8634 40.1129 -27.4 29.8667 40.1193 -27.4 29.9497 40.2235 -27.4 30.2882 40.6651 -27.4 30.8288 41.0749 -27.4 30.9394 41.0633 -27.4 31.791 41.0058 -27.4 31.9016 41.0255 -27.4 32.7531 41.0607 -27.4 32.8637 41.0536 -27.4 33.7153 41.1546 -27.4 34.5668 41.1038 -27.4 34.6774 41.0422 -27.4 35.2199 40.6651 -27.4 35.289 40.5545 -27.4 35.4388 40.3802 -27.4 35.6395 40.1314 -27.4 36.0644 39.7029 -27.4 36.414 39.2446 -27.4 36.6017 39.0229 -27.4 36.8773 38.7408 -27.4 37.6069 37.7786 -27.4 37.7728 37.5697 -27.4 38.2385 36.8165 -27.4 38.526 36.4129 -27.4 38.5654 36.3047 -27.4 38.864 35.8544 -27.4 39.0793 35.3011 -27.4 39.06 34.8922 -27.4 38.8428 34.2469 -27.4 38.7215 33.9301 -27.4 38.6116 33.0698 -27.4 38.5673 32.9679 -27.4 38.526 32.7456 -27.4 38.4276 32.1042 -27.4 38.4497 32.0058 -27.4 38.4627 31.9425 -27.4 38.2933 31.0436 -27.4 38.3087 30.915 -27.4 38.2551 30.0815 -27.4 38.2668 29.967 -27.4 38.2291 29.1194 -27.4 38.2322 29.0764 -27.4 38.2388 29.0088 -27.4 38.1879 28.1572 -27.4 38.1052 27.3057 -27.4 38.1067 27.1951 -27.4 38.0033 26.3435 -27.4 38.0017 26.2329 -27.4 37.8671 25.3814 -27.4 37.8621 25.2708 -27.4 37.7264 24.4192 -27.4 37.7137 24.3086 -27.4 37.7251 24.2937 -27.4 37.8098 24.198 -27.4 38.2939 23.3465 -27.4 38.3198 23.2646 -27.4 38.526 22.5297 -27.4 38.5615 22.3844 -27.4 38.6442 21.5328 -27.4 38.6476 21.4222 -27.4 38.6475 20.5707 -27.4 38.6301 20.4601 -27.4 38.526 20.0854 -27.4 38.3775 19.6085 -27.4 37.9631 18.6464 -27.4 37.9331 18.5358 -27.4 37.8113 17.6842 -27.4 37.7857 17.5736 -27.4 38.4393 16.6982 -27.4 38.3294 16.6115 -27.4 38.526 16.4268 -27.4 39.2631 15.6494 -27.4 39.3836 15.5954 -27.4 39.4881 15.583 -27.4 39.4943 15.5791 -27.4 40.3397 15.1168 -27.4 40.4503 15.1117 -27.4 40.5609 15.0983 -27.4 41.4124 14.9679 -27.4 41.523 14.9479 -27.4 42.3745 14.8449 -27.4 43.1084 14.6872 -27.4 43.3367 14.6341 -27.4 44.1882 14.0574 -27.4 44.2988 13.95 -27.4 44.445 13.7251 -27.4 44.4741 13.6145 -27.4 44.8144 12.7629 -27.4 44.925 12.6148 -27.4 45.261 12.0341 -27.4 45.5921 11.8008 -27.4 46.1125 11.6122 -27.4 46.2231 11.5816 -27.4 46.3337 11.5681 -27.4 47.1853 11.4103 -27.4 47.2959 11.4026 -27.4 48.1474 11.3236 -27.4 49.1095 11.2704 -27.4 50.0717 11.2337 -27.4 50.8 11.2135 -27.4 50.8 50.8 -27.4 1.67777e-015 50.8 -27.4 1.67776e-015 11.3063 -27.4 
27 28 0 -26.5
2 27 29 
1
249
0.040253 11.2744 -26.5 1.0024 11.2271 -26.5 1.96454 11.2632 -26.5 2.92668 11.3178 -26.5 3.88882 11.4097 -26.5 4.06161 11.4404 -26.5 4.85097 11.5978 -26.5 4.9434 11.6397 -26.5 5.2762 11.8008 -26.5 5.60318 12.5901 -26.5 5.69436 12.7629 -26.5 5.82395 13.2192 -26.5 5.9325 13.5523 -26.5 5.97157 13.7251 -26.5 6.77525 14.5636 -26.5 6.83142 14.6059 -26.5 7.7374 15.3457 -26.5 7.91019 15.348 -26.5 8.69954 15.3795 -26.5 8.87233 15.3549 -26.5 9.66168 15.3625 -26.5 9.83447 15.3917 -26.5 10.6238 15.5114 -26.5 10.7966 15.5417 -26.5 11.7588 15.543 -26.5 12.5481 15.558 -26.5 12.7209 15.5583 -26.5 13.5103 15.6094 -26.5 13.6831 15.6327 -26.5 14.4724 15.6922 -26.5 14.7948 16.02 -26.5 15.3007 16.6115 -26.5 15.2694 16.6603 -26.5 15.1654 16.7843 -26.5 14.6919 17.5736 -26.5 14.6273 17.7464 -26.5 14.6179 17.7731 -26.5 14.4724 18.1424 -26.5 14.356 18.5358 -26.5 14.5224 19.3251 -26.5 14.544 19.4979 -26.5 14.5527 19.6707 -26.5 14.5169 20.4601 -26.5 14.5758 20.6329 -26.5 14.8586 21.4222 -26.5 15.2908 22.2116 -26.5 15.3813 22.3844 -26.5 14.7741 23.0448 -26.5 14.6469 23.3465 -26.5 14.6404 23.3598 -26.5 14.4724 23.4563 -26.5 13.833 23.3453 -26.5 13.5103 23.3027 -26.5 13.2616 23.2496 -26.5 12.4163 23.0966 -26.5 12.3753 23.0878 -26.5 11.586 22.9947 -26.5 10.7966 22.931 -26.5 10.6238 22.8953 -26.5 9.83447 22.834 -26.5 9.66168 22.8166 -26.5 8.87233 22.878 -26.5 8.69954 22.9083 -26.5 8.01591 23.3465 -26.5 7.7374 23.5802 -26.5 7.13724 24.2395 -26.5 7.06663 24.3086 -26.5 6.77525 24.734 -26.5 6.49636 25.2468 -26.5 6.48263 25.2708 -26.5 6.49239 25.4436 -26.5 6.35754 26.2329 -26.5 6.5543 27.0223 -26.5 6.60549 27.1951 -26.5 6.77525 27.5614 -26.5 6.98501 27.8511 -26.5 7.14477 28.1572 -26.5 7.7374 28.8778 -26.5 7.79865 28.9132 -26.5 7.82874 28.9466 -26.5 7.93316 29.1194 -26.5 8.69243 29.9011 -26.5 8.85432 30.0739 -26.5 8.86268 30.0815 -26.5 9.64368 30.6916 -26.5 9.66168 30.7017 -26.5 9.83447 30.7855 -26.5 10.0727 30.9184 -26.5 10.3055 31.0436 -26.5 10.6238 31.2298 -26.5 10.7966 31.3198 -26.5 11.586 31.7408 -26.5 11.7588 31.8618 -26.5 11.8387 31.9144 -26.5 11.9876 32.0058 -26.5 12.5481 32.303 -26.5 12.6351 32.3365 -26.5 12.7209 32.3674 -26.5 13.5103 32.5701 -26.5 14.4724 32.6741 -26.5 15.6073 32.7653 -26.5 16.3967 32.902 -26.5 16.7525 32.9931 -26.5 17.3588 33.2124 -26.5 17.8102 33.1739 -26.5 18.321 33.098 -26.5 19.202 32.9329 -26.5 19.2831 32.946 -26.5 19.7469 32.981 -26.5 20.2453 33.0059 -26.5 20.8798 32.9929 -26.5 21.2074 32.9921 -26.5 22.1221 32.9581 -26.5 22.1695 32.9533 -26.5 22.9589 32.8028 -26.5 23.1317 32.7609 -26.5 23.3045 32.7124 -26.5 24.0938 32.3725 -26.5 25.056 32.0817 -26.5 25.5892 32.0605 -26.5 26.0181 32.3472 -26.5 26.3574 32.9679 -26.5 26.9803 33.7532 -26.5 27.0351 33.818 -26.5 27.0858 33.9301 -26.5 27.0924 33.9494 -26.5 27.2738 34.2236 -26.5 27.3859 34.3823 -26.5 27.8254 34.8922 -26.5 27.9424 35.2261 -26.5 27.9789 35.3657 -26.5 28.0556 35.6816 -26.5 28.0677 35.8544 -26.5 28.0619 36.0272 -26.5 27.9424 36.4492 -26.5 27.8125 36.8165 -26.5 27.9424 37.1002 -26.5 27.9852 37.2119 -26.5 28.159 37.6058 -26.5 28.2241 37.7786 -26.5 28.8395 38.5295 -26.5 28.9447 38.7023 -26.5 28.9752 38.7408 -26.5 29.0609 38.9136 -26.5 29.4262 39.7029 -26.5 29.8197 40.3253 -26.5 29.8667 40.4085 -26.5 29.9354 40.4981 -26.5 30.0798 40.6651 -26.5 30.7247 41.2322 -26.5 30.8288 41.311 -26.5 31.0016 41.2993 -26.5 31.791 41.1284 -26.5 32.7531 41.1687 -26.5 32.9259 41.1892 -26.5 33.7153 41.383 -26.5 33.8881 41.3727 -26.5 34.6774 41.4217 -26.5 35.4667 41.3057 -26.5 35.6395 41.1817 -26.5 36.4947 40.6651 -26.5 36.6017 40.5642 -26.5 37.233 40.1373 -26.5 37.5638 39.9274 -26.5 37.8524 39.7029 -26.5 38.526 38.9114 -26.5 38.6607 38.7408 -26.5 39.4881 37.6566 -26.5 39.6282 37.4541 -26.5 40.0328 36.8165 -26.5 40.4328 35.9743 -26.5 40.4503 35.9338 -26.5 40.4747 35.8544 -26.5 40.5398 35.3329 -26.5 40.5655 34.8922 -26.5 40.5548 34.3296 -26.5 40.5573 33.9301 -26.5 40.4503 33.1899 -26.5 40.4059 33.0123 -26.5 40.3927 32.9679 -26.5 40.1915 32.7091 -26.5 39.8408 32.1117 -26.5 39.7674 32.0058 -26.5 39.4881 31.8837 -26.5 39.3357 31.7325 -26.5 39.3153 31.6561 -26.5 38.9182 31.14 -26.5 38.8986 31.0436 -26.5 38.8656 30.7648 -26.5 38.7231 30.0815 -26.5 38.6844 29.6685 -26.5 38.6072 29.1194 -26.5 38.5202 28.184 -26.5 38.5186 28.1572 -26.5 38.421 27.3679 -26.5 38.4042 27.1951 -26.5 38.2789 26.4057 -26.5 38.258 26.2329 -26.5 38.0976 25.2708 -26.5 37.9362 24.4814 -26.5 37.9087 24.3086 -26.5 38.2017 23.5193 -26.5 38.2999 23.3465 -26.5 38.4754 22.5572 -26.5 38.5172 22.4081 -26.5 38.523 22.3844 -26.5 38.5829 21.595 -26.5 38.6749 20.6329 -26.5 38.6749 20.4601 -26.5 38.6226 19.6707 -26.5 38.5745 19.4979 -26.5 38.526 19.1137 -26.5 38.4974 18.9106 -26.5 38.4638 18.7086 -26.5 38.3896 18.5358 -26.5 38.3649 18.363 -26.5 38.4896 17.5736 -26.5 38.526 17.5266 -26.5 39.37 16.6115 -26.5 39.4881 16.4886 -26.5 39.5314 16.4399 -26.5 39.5327 16.4387 -26.5 40.184 15.6494 -26.5 40.3555 15.5556 -26.5 40.4503 15.4676 -26.5 40.6231 15.4411 -26.5 41.4124 15.0657 -26.5 42.3745 14.9394 -26.5 43.3367 14.7359 -26.5 43.5092 14.6813 -26.5 44.126 14.3634 -26.5 44.2988 14.2464 -26.5 44.5916 13.775 -26.5 44.624 13.7251 -26.5 44.9972 12.7629 -26.5 45.0685 12.6396 -26.5 45.261 12.2837 -26.5 45.7498 11.8503 -26.5 45.8201 11.8008 -26.5 45.9226 11.7637 -26.5 46.2231 11.6282 -26.5 46.3959 11.5962 -26.5 47.1853 11.432 -26.5 48.1474 11.3347 -26.5 49.1095 11.2765 -26.5 50.8 11.216 -26.5 50.8 50.8 -26.5 1.62266e-015 50.8 -26.5 1.62266e-015 11.3085 -26.5 
28 29 0 -25.6
2 28 30 
1
257
0.040253 11.2743 -25.6 1.0024 11.2267 -25.6 1.96454 11.2623 -25.6 2.92668 11.316 -25.6 3.88882 11.4065 -25.6 4.85097 11.5911 -25.6 4.95001 11.639 -25.6 5.20966 11.8008 -25.6 5.30697 12.0357 -25.6 5.4844 12.7629 -25.6 5.77455 13.4295 -25.6 5.81311 13.5653 -25.6 5.84541 13.6644 -25.6 5.87855 13.7251 -25.6 6.57264 14.4046 -25.6 6.77525 14.6153 -25.6 6.80425 14.6395 -25.6 6.86322 14.6872 -25.6 7.53148 15.2011 -25.6 7.7374 15.3683 -25.6 7.97231 15.3777 -25.6 8.69954 15.5141 -25.6 9.66168 15.5297 -25.6 9.89658 15.5653 -25.6 10.6238 15.6069 -25.6 10.8587 15.6072 -25.6 11.1896 15.6494 -25.6 11.586 15.7248 -25.6 11.8814 15.7466 -25.6 12.5481 16.0075 -25.6 13.2687 16.3699 -25.6 13.5103 16.4215 -25.6 14.2925 16.4316 -25.6 14.2987 16.4325 -25.6 14.4724 16.446 -25.6 14.6139 16.6115 -25.6 14.4724 17.4345 -25.6 14.3411 17.4423 -25.6 14.3696 17.5037 -25.6 14.4408 17.5736 -25.6 14.249 17.6874 -25.6 14.2131 17.8085 -25.6 14.1007 18.5358 -25.6 14.3126 19.4979 -25.6 14.3036 19.7626 -25.6 14.4032 20.4601 -25.6 14.4738 21.3096 -25.6 14.5142 21.4222 -25.6 14.5595 21.5844 -25.6 14.7608 22.1495 -25.6 14.8894 22.3844 -25.6 14.6737 22.6184 -25.6 14.4724 22.9011 -25.6 13.7452 22.9808 -25.6 13.5103 22.9497 -25.6 12.783 22.641 -25.6 12.5481 22.5985 -25.6 11.8209 22.8076 -25.6 11.586 22.7799 -25.6 10.6238 22.7039 -25.6 9.89658 22.5824 -25.6 9.66168 22.5641 -25.6 8.93445 22.6783 -25.6 8.69954 22.6966 -25.6 7.99744 23.2255 -25.6 7.80835 23.3465 -25.6 7.76253 23.3852 -25.6 7.7374 23.4083 -25.6 7.12438 24.1124 -25.6 6.94578 24.3086 -25.6 6.88947 24.3909 -25.6 6.77525 24.5482 -25.6 6.4399 25.1182 -25.6 6.35691 25.2708 -25.6 6.31677 25.5057 -25.6 6.24217 26.2329 -25.6 6.30072 26.4678 -25.6 6.26888 27.1951 -25.6 6.73279 28.1572 -25.6 7.04857 28.5331 -25.6 7.58338 29.1194 -25.6 7.7374 29.2763 -25.6 7.74635 29.2851 -25.6 7.97231 29.5177 -25.6 8.69954 30.0258 -25.6 8.70203 30.0281 -25.6 8.77552 30.0815 -25.6 9.31292 30.8087 -25.6 9.59449 31.0436 -25.6 9.66168 31.1172 -25.6 9.76093 31.171 -25.6 9.89658 31.2504 -25.6 10.6238 31.6167 -25.6 10.8587 31.742 -25.6 11.1876 31.8779 -25.6 11.5169 32.0058 -25.6 11.586 32.0361 -25.6 11.6353 32.0611 -25.6 11.8209 32.1595 -25.6 12.5481 32.5095 -25.6 13.5103 32.7611 -25.6 13.7452 32.7862 -25.6 14.7073 32.8688 -25.6 15.4345 32.8854 -25.6 15.6219 32.9168 -25.6 15.8019 32.9679 -25.6 16.3492 33.1447 -25.6 16.3967 33.1545 -25.6 16.6316 33.2394 -25.6 17.3588 33.4839 -25.6 18.321 33.3403 -25.6 18.5559 33.2866 -25.6 19.2831 33.272 -25.6 19.518 33.2838 -25.6 20.2453 33.2931 -25.6 20.4802 33.2926 -25.6 21.2074 33.3019 -25.6 21.4423 33.2954 -25.6 22.1695 33.2204 -25.6 22.6788 32.9788 -25.6 22.9137 32.9346 -25.6 23.3666 32.7393 -25.6 24.0938 32.5481 -25.6 24.3287 32.4776 -25.6 25.056 32.7558 -25.6 25.2909 32.9129 -25.6 25.3126 32.961 -25.6 25.3183 32.9679 -25.6 25.5198 33.4277 -25.6 25.6587 33.9301 -25.6 26.0181 34.2329 -25.6 26.2269 34.3683 -25.6 26.253 34.388 -25.6 26.9803 34.5542 -25.6 27.1658 34.7695 -25.6 27.3248 34.8922 -25.6 27.8056 35.6195 -25.6 27.8815 35.8544 -25.6 27.8549 35.9369 -25.6 27.8011 36.0893 -25.6 27.4941 36.8165 -25.6 27.8885 37.4627 -25.6 27.9941 37.6976 -25.6 28.0537 37.7786 -25.6 28.7213 38.4978 -25.6 28.9045 38.7213 -25.6 28.9136 38.7327 -25.6 28.9209 38.7408 -25.6 29.0296 38.9757 -25.6 29.3509 39.7029 -25.6 29.8667 40.5085 -25.6 29.9097 40.5581 -25.6 30.0055 40.6651 -25.6 30.6369 41.2618 -25.6 30.8288 41.4306 -25.6 31.0637 41.3797 -25.6 31.791 41.2521 -25.6 32.0259 41.2619 -25.6 32.7531 41.3858 -25.6 32.988 41.4435 -25.6 33.5942 41.6272 -25.6 33.7153 41.659 -25.6 34.6774 41.6777 -25.6 35.2854 41.6695 -25.6 35.6395 41.6795 -25.6 36.2475 41.6272 -25.6 36.5067 41.5991 -25.6 36.6017 41.5447 -25.6 36.6244 41.5322 -25.6 36.8991 41.3923 -25.6 37.1577 41.2731 -25.6 37.5638 41.098 -25.6 38.4707 40.6651 -25.6 38.526 40.6252 -25.6 39.3711 39.9157 -25.6 39.4881 39.823 -25.6 39.6048 39.7029 -25.6 40.2493 38.7408 -25.6 40.4503 38.4264 -25.6 40.53 38.2751 -25.6 40.778 37.7786 -25.6 40.9554 37.2735 -25.6 41.1581 36.8165 -25.6 41.2085 36.0583 -25.6 41.2304 35.9748 -25.6 41.2674 35.8544 -25.6 41.2571 35.0871 -25.6 41.2685 34.8922 -25.6 41.2935 34.0911 -25.6 41.2945 33.9301 -25.6 41.3416 33.0645 -25.6 41.3327 32.9679 -25.6 41.3078 32.8633 -25.6 41.2758 32.0058 -25.6 40.4503 31.0458 -25.6 40.446 31.0436 -25.6 39.4881 30.2719 -25.6 39.4386 30.1798 -25.6 39.4181 30.0815 -25.6 38.9974 29.3543 -25.6 38.9644 29.1194 -25.6 38.8214 28.3921 -25.6 38.7986 28.1572 -25.6 38.6807 27.1951 -25.6 38.5413 26.2329 -25.6 38.2799 25.5057 -25.6 38.2403 25.2708 -25.6 38.0638 24.5435 -25.6 38.0157 24.3086 -25.6 38.229 23.5814 -25.6 38.3162 23.3465 -25.6 38.4132 22.6193 -25.6 38.4654 22.3844 -25.6 38.4833 21.6571 -25.6 38.5884 20.4601 -25.6 38.6812 19.7328 -25.6 38.6657 19.4979 -25.6 38.7526 18.7707 -25.6 38.7172 18.5358 -25.6 38.7635 18.3009 -25.6 39.3738 17.5736 -25.6 39.4881 17.4492 -25.6 39.5424 17.3538 -25.6 39.5553 17.3387 -25.6 39.9397 16.6115 -25.6 40.1335 16.3766 -25.6 40.1804 16.3296 -25.6 40.4503 16.0475 -25.6 40.8929 15.6494 -25.6 40.9235 15.6232 -25.6 41.1775 15.4223 -25.6 41.4124 15.3106 -25.6 41.6473 15.2792 -25.6 42.3745 14.9946 -25.6 42.6094 14.9452 -25.6 43.3367 14.8285 -25.6 43.7041 14.7034 -25.6 43.7554 14.6872 -25.6 44.2988 14.4012 -25.6 44.6496 13.8654 -25.6 44.7367 13.7251 -25.6 45.0019 12.9978 -25.6 45.0924 12.7629 -25.6 45.1497 12.657 -25.6 45.261 12.4695 -25.6 45.737 11.9298 -25.6 45.8825 11.8008 -25.6 45.9719 11.7605 -25.6 46.2231 11.612 -25.6 46.458 11.5631 -25.6 47.1853 11.4226 -25.6 48.1474 11.3286 -25.6 49.1095 11.2723 -25.6 50.8 11.2141 -25.6 50.8 50.8 -25.6 1.56755e-015 50.8 -25.6 1.56754e-015 11.3085 -25.6 
29 30 0 -24.7
2 29 31 
1
237
1.51243e-015 11.3065 -24.7 0.040253 11.2723 -24.7 1.0024 11.2238 -24.7 1.96454 11.2578 -24.7 2.92668 11.3085 -24.7 3.88882 11.3926 -24.7 4.18583 11.4489 -24.7 4.85097 11.5599 -24.7 4.95701 11.626 -24.7 5.1977 11.8008 -24.7 5.27017 12.0978 -24.7 5.40271 12.7629 -24.7 5.81311 13.689 -24.7 5.82664 13.7138 -24.7 5.83347 13.7251 -24.7 6.49177 14.3485 -24.7 6.77525 14.626 -24.7 6.85005 14.6872 -24.7 7.7374 15.3639 -24.7 8.69954 15.5505 -24.7 8.99655 15.5559 -24.7 9.66168 15.6256 -24.7 9.99663 15.6516 -24.7 10.6238 15.9691 -24.7 11.4748 16.557 -24.7 11.5218 16.6115 -24.7 11.586 16.9085 -24.7 11.7446 17.415 -24.7 12.0463 18.5358 -24.7 12.3209 19.447 -24.7 12.3349 19.4979 -24.7 12.5481 19.9163 -24.7 13.2074 19.8008 -24.7 13.5103 19.6954 -24.7 13.6867 20.2274 -24.7 13.7199 20.4601 -24.7 13.6415 21.2765 -24.7 13.6472 21.4222 -24.7 13.7057 21.6176 -24.7 13.5103 21.754 -24.7 13.3303 21.6022 -24.7 12.5481 21.626 -24.7 11.7685 22.3844 -24.7 11.7338 22.3953 -24.7 11.586 22.4378 -24.7 11.4241 22.4917 -24.7 10.9208 22.6384 -24.7 10.6238 22.6151 -24.7 9.95869 22.4918 -24.7 9.66168 22.4422 -24.7 8.99655 22.4391 -24.7 8.69954 22.4857 -24.7 8.03441 22.8553 -24.7 7.7374 23.081 -24.7 7.53963 23.3465 -24.7 7.07226 24.0128 -24.7 6.81536 24.3086 -24.7 6.77525 24.3638 -24.7 6.76409 24.3728 -24.7 6.62713 24.6056 -24.7 5.97862 25.2708 -24.7 5.94815 25.5678 -24.7 6.02807 26.2329 -24.7 6.01507 26.5299 -24.7 6.24966 27.1951 -24.7 6.39312 27.4921 -24.7 6.6051 28.1572 -24.7 6.73827 28.3076 -24.7 6.77525 28.3519 -24.7 7.00585 28.6047 -24.7 7.67099 29.2697 -24.7 7.7374 29.3374 -24.7 8.03441 29.5449 -24.7 8.69954 30.0721 -24.7 8.71248 30.0815 -24.7 8.72956 30.1023 -24.7 9.22516 30.7466 -24.7 9.44464 31.0436 -24.7 9.61417 31.2025 -24.7 9.66168 31.2545 -24.7 9.95869 31.4041 -24.7 10.6238 31.645 -24.7 10.8693 31.7404 -24.7 11.3741 32.0058 -24.7 11.5344 32.1088 -24.7 11.586 32.1314 -24.7 12.5481 32.5902 -24.7 12.8451 32.6683 -24.7 13.5103 32.7122 -24.7 13.8073 32.7379 -24.7 14.4724 32.7724 -24.7 14.7694 32.7792 -24.7 15.4345 32.8363 -24.7 15.508 32.8572 -24.7 15.8359 32.9679 -24.7 16.1732 33.0991 -24.7 17.3588 33.5049 -24.7 17.6558 33.4606 -24.7 18.321 33.4644 -24.7 18.618 33.4585 -24.7 20.5423 33.4702 -24.7 21.2074 33.4674 -24.7 21.5044 33.4368 -24.7 22.1695 33.3586 -24.7 22.5834 33.0666 -24.7 22.7914 32.9679 -24.7 22.8804 32.9295 -24.7 23.1317 32.7754 -24.7 23.4287 32.6973 -24.7 24.0938 32.666 -24.7 24.3908 32.7797 -24.7 24.3984 32.7847 -24.7 24.7592 32.9679 -24.7 24.8436 33.4594 -24.7 24.9374 33.9301 -24.7 25.056 34.3587 -24.7 25.639 34.8583 -24.7 25.6694 34.8922 -24.7 26.0181 35.0129 -24.7 26.4167 35.0716 -24.7 26.9803 35.1722 -24.7 27.0452 35.2226 -24.7 27.4277 35.5574 -24.7 27.624 35.8544 -24.7 27.4986 36.1514 -24.7 27.4244 36.8165 -24.7 27.7813 37.3238 -24.7 27.9424 37.5878 -24.7 27.9667 37.6208 -24.7 28.6318 38.3054 -24.7 28.9075 38.6025 -24.7 29.0404 38.7408 -24.7 29.1717 39.0378 -24.7 29.4312 39.7029 -24.7 29.7039 40.1738 -24.7 29.8667 40.4272 -24.7 29.9058 40.4708 -24.7 30.0637 40.6651 -24.7 30.5709 41.1938 -24.7 30.8288 41.4375 -24.7 31.1258 41.3854 -24.7 32.088 41.5561 -24.7 32.297 41.6272 -24.7 32.7531 41.7672 -24.7 32.9321 41.817 -24.7 33.0501 41.8479 -24.7 33.7153 41.9474 -24.7 34.0123 41.9519 -24.7 34.6774 42.0141 -24.7 34.9744 42.0226 -24.7 35.9365 41.9867 -24.7 36.6017 41.9406 -24.7 37.2668 41.9165 -24.7 37.5638 41.8211 -24.7 38.2372 41.6272 -24.7 38.3591 41.5791 -24.7 38.526 41.5044 -24.7 38.6011 41.4603 -24.7 39.0503 41.3302 -24.7 39.2554 41.2291 -24.7 39.4881 41.1747 -24.7 40.3778 40.6651 -24.7 40.4503 40.5905 -24.7 41.1516 39.7029 -24.7 41.4124 39.121 -24.7 41.4919 38.9817 -24.7 41.5797 38.7408 -24.7 41.7885 38.3201 -24.7 41.7754 37.7786 -24.7 41.8583 37.4906 -24.7 41.8607 37.4816 -24.7 41.8561 36.8165 -24.7 41.9515 36.1514 -24.7 41.965 35.8544 -24.7 41.9726 35.1892 -24.7 41.9689 34.8922 -24.7 42.0051 33.2649 -24.7 42.0205 32.9679 -24.7 41.9873 31.3406 -24.7 41.8658 31.0436 -24.7 41.4124 30.2635 -24.7 41.0619 30.0815 -24.7 40.7947 29.9943 -24.7 40.4503 29.931 -24.7 40.2176 29.7909 -24.7 40.1533 29.7225 -24.7 39.4881 29.3913 -24.7 39.3559 29.1626 -24.7 39.3199 29.1194 -24.7 39.052 28.4542 -24.7 38.9936 28.1572 -24.7 38.8738 27.4921 -24.7 38.7061 26.2329 -24.7 38.6019 25.5678 -24.7 38.4935 25.2708 -24.7 38.4477 25.1747 -24.7 38.164 24.6056 -24.7 38.0919 24.3086 -24.7 38.2371 23.6435 -24.7 38.3242 23.3465 -24.7 38.4486 22.3844 -24.7 38.4331 21.7192 -24.7 38.4404 21.4222 -24.7 38.474 20.7571 -24.7 38.5004 20.4601 -24.7 38.6143 19.4979 -24.7 39.0015 18.8328 -24.7 39.037 18.5358 -24.7 39.2504 18.2829 -24.7 39.4881 17.9695 -24.7 39.6912 17.6177 -24.7 40.0509 16.9085 -24.7 40.2079 16.6115 -24.7 40.3258 16.4883 -24.7 40.4503 16.3526 -24.7 41.2221 15.6494 -24.7 41.4124 15.4985 -24.7 41.7094 15.3823 -24.7 42.3745 15.0085 -24.7 43.3367 14.8552 -24.7 43.8297 14.6872 -24.7 44.2988 14.4319 -24.7 44.601 13.9439 -24.7 44.7443 13.7251 -24.7 45.1018 12.7629 -24.7 45.1473 12.6863 -24.7 45.261 12.517 -24.7 45.6584 12.0212 -24.7 45.8528 11.8008 -24.7 45.9554 11.7401 -24.7 46.2231 11.5568 -24.7 46.5201 11.4994 -24.7 47.1853 11.396 -24.7 48.1474 11.3132 -24.7 50.8 11.209 -24.7 50.8 50.8 -24.7 1.51244e-015 50.8 -24.7 
30 31 0 -23.8
2 30 32 
1
239
1.45733e-015 11.3035 -23.8 0.040253 11.2692 -23.8 1.0024 11.2197 -23.8 1.96454 11.2517 -23.8 2.92668 11.299 -23.8 3.88882 11.3756 -23.8 4.248 11.4356 -23.8 4.85097 11.5255 -23.8 5.23027 11.8008 -23.8 5.43082 12.7629 -23.8 5.81311 13.617 -23.8 5.8778 13.7251 -23.8 6.41976 14.2834 -23.8 6.77525 14.62 -23.8 6.80264 14.6425 -23.8 6.85296 14.6872 -23.8 7.7374 15.3596 -23.8 8.09658 15.4303 -23.8 8.69954 15.5808 -23.8 9.04723 15.6172 -23.8 9.16022 15.6494 -23.8 9.65019 15.9122 -23.8 9.66168 15.9135 -23.8 10.0208 16.0953 -23.8 10.1925 16.3682 -23.8 10.3594 16.6115 -23.8 10.5818 17.5052 -23.8 10.6044 17.5736 -23.8 10.6238 17.6377 -23.8 10.8564 18.1381 -23.8 10.8667 18.1766 -23.8 10.936 18.5358 -23.8 11.0711 19.1387 -23.8 11.1384 19.4979 -23.8 11.2833 20.0613 -23.8 11.4602 20.4601 -23.8 11.586 20.7205 -23.8 11.7448 20.8538 -23.8 11.837 21.063 -23.8 11.9302 21.4222 -23.8 11.6782 21.7275 -23.8 11.586 21.9836 -23.8 11.2024 22.3305 -23.8 11.115 22.3844 -23.8 10.6238 22.5269 -23.8 10.0208 22.5483 -23.8 9.66168 22.4817 -23.8 9.05872 22.4882 -23.8 8.69954 22.4865 -23.8 8.09658 22.6875 -23.8 7.7374 22.8871 -23.8 7.54759 23.1979 -23.8 7.43688 23.3465 -23.8 7.12427 23.9494 -23.8 6.8758 24.3042 -23.8 6.87137 24.3086 -23.8 6.77525 24.368 -23.8 6.76922 24.3707 -23.8 6.40451 24.7403 -23.8 5.81311 25.0454 -23.8 5.6964 25.2708 -23.8 5.81311 26.1662 -23.8 5.81363 26.1693 -23.8 5.82128 26.2329 -23.8 5.85922 26.2728 -23.8 6.25111 26.8359 -23.8 6.37779 27.1951 -23.8 6.49227 27.5543 -23.8 6.63039 28.1572 -23.8 6.70334 28.243 -23.8 6.77525 28.3242 -23.8 7.65473 29.2051 -23.8 7.7374 29.2863 -23.8 8.08606 29.5643 -23.8 8.69954 30.1985 -23.8 8.96717 30.5464 -23.8 9.4549 31.0436 -23.8 9.66168 31.2378 -23.8 10.0208 31.3679 -23.8 10.6238 31.612 -23.8 10.8964 31.7553 -23.8 11.3347 32.0058 -23.8 11.4994 32.1208 -23.8 11.586 32.1764 -23.8 11.9452 32.347 -23.8 12.5481 32.5357 -23.8 12.9073 32.5594 -23.8 13.8695 32.6033 -23.8 14.8316 32.6812 -23.8 15.4345 32.7133 -23.8 15.6116 32.7731 -23.8 16.0533 32.9679 -23.8 16.2146 33.0514 -23.8 16.3967 33.1222 -23.8 16.7559 33.2485 -23.8 17.3588 33.4817 -23.8 21.2074 33.4768 -23.8 22.1695 33.3583 -23.8 22.4782 33.1256 -23.8 22.7017 32.9679 -23.8 22.8374 32.8847 -23.8 23.1317 32.6909 -23.8 23.4909 32.674 -23.8 24.0938 32.6606 -23.8 24.2909 32.7607 -23.8 24.5597 32.9679 -23.8 24.6313 33.3271 -23.8 24.6473 33.9301 -23.8 24.7045 34.533 -23.8 24.8049 34.8922 -23.8 25.056 35.1486 -23.8 25.4152 35.2731 -23.8 26.3773 35.4493 -23.8 26.9803 35.5424 -23.8 27.1868 35.7231 -23.8 27.372 35.8544 -23.8 27.3319 36.2136 -23.8 27.4641 36.8165 -23.8 27.7497 37.1995 -23.8 27.9424 37.4734 -23.8 28.0249 37.5586 -23.8 28.2494 37.7786 -23.8 28.9763 38.5205 -23.8 29.1944 38.7408 -23.8 29.3346 39.1 -23.8 29.5399 39.7029 -23.8 29.7194 40.0414 -23.8 29.8667 40.2957 -23.8 29.952 40.4006 -23.8 30.1496 40.6651 -23.8 30.5549 41.1087 -23.8 30.8288 41.3942 -23.8 31.188 41.459 -23.8 31.233 41.4797 -23.8 31.5202 41.6272 -23.8 31.791 41.7209 -23.8 32.1502 41.8309 -23.8 32.7531 42.123 -23.8 33.1123 42.1768 -23.8 33.7153 42.3237 -23.8 34.0745 42.3573 -23.8 35.0366 42.3203 -23.8 35.6395 42.2249 -23.8 35.9987 42.2 -23.8 36.6017 42.1368 -23.8 36.9609 42.1238 -23.8 37.5638 42.1361 -23.8 37.923 42.0374 -23.8 38.526 42.1117 -23.8 39.1289 42.2051 -23.8 39.4881 42.1289 -23.8 40.1273 42.2664 -23.8 40.4503 42.1801 -23.8 40.933 42.1067 -23.8 41.4124 42.2189 -23.8 42.1737 41.6272 -23.8 42.3745 41.2727 -23.8 42.5227 40.8977 -23.8 42.6023 40.6651 -23.8 42.7622 40.0987 -23.8 42.676 39.7029 -23.8 42.7363 39.2157 -23.8 42.6139 38.7408 -23.8 42.3745 37.9724 -23.8 42.337 37.9015 -23.8 42.334 37.7786 -23.8 42.2561 37.496 -23.8 42.1916 37.1757 -23.8 42.1892 36.8165 -23.8 42.2407 36.4573 -23.8 42.3513 36.0715 -23.8 42.4077 35.8544 -23.8 42.4394 35.3171 -23.8 42.5064 34.8922 -23.8 42.5308 34.4337 -23.8 42.6546 33.9301 -23.8 42.6576 33.4769 -23.8 42.6054 32.0058 -23.8 42.6218 31.0436 -23.8 42.5616 30.4542 -23.8 42.5607 30.0815 -23.8 42.3745 29.8632 -23.8 42.0153 29.6373 -23.8 41.4124 29.4521 -23.8 40.8095 29.4282 -23.8 40.4503 29.3622 -23.8 40.0348 29.1562 -23.8 39.9347 29.1194 -23.8 39.4881 28.6846 -23.8 39.4143 28.5164 -23.8 39.2696 28.1572 -23.8 38.9479 27.5543 -23.8 38.8832 27.1951 -23.8 38.752 26.5921 -23.8 38.7033 26.2329 -23.8 38.6515 25.63 -23.8 38.5952 25.2708 -23.8 38.5513 25.1641 -23.8 38.1237 24.3086 -23.8 38.2345 23.7057 -23.8 38.3129 23.3465 -23.8 38.4386 22.3844 -23.8 38.4364 21.7814 -23.8 38.428 21.4222 -23.8 38.4428 20.8193 -23.8 38.4609 20.4601 -23.8 38.5634 19.4979 -23.8 38.8943 18.895 -23.8 39.1034 18.5358 -23.8 39.2317 18.3666 -23.8 39.4881 17.9408 -23.8 39.5733 17.7636 -23.8 40.0371 16.9707 -23.8 40.2194 16.6115 -23.8 40.2866 16.5382 -23.8 40.4503 16.3533 -23.8 40.8501 15.9352 -23.8 41.1625 15.6494 -23.8 41.2093 15.6122 -23.8 41.4124 15.4609 -23.8 41.7716 15.259 -23.8 42.3745 15.0892 -23.8 42.7337 15.0322 -23.8 43.7828 14.6872 -23.8 44.2988 14.4016 -23.8 44.5344 13.9886 -23.8 44.6976 13.7251 -23.8 44.8979 13.1221 -23.8 45.0325 12.7629 -23.8 45.0939 12.6715 -23.8 45.261 12.4455 -23.8 45.7806 11.8008 -23.8 46.2231 11.4969 -23.8 46.5823 11.4411 -23.8 47.1853 11.3669 -23.8 48.1474 11.2959 -23.8 50.8 11.2027 -23.8 50.8 50.8 -23.8 1.45733e-015 50.8 -23.8 
31 32 0 -22.9
2 31 33 
1
244
1.40222e-015 11.2996 -22.9 0.040253 11.2653 -22.9 1.0024 11.2146 -22.9 1.96454 11.2444 -22.9 2.92668 11.2878 -22.9 3.88882 11.3565 -22.9 4.31014 11.4193 -22.9 4.85097 11.4913 -22.9 5.27702 11.8008 -22.9 5.48631 12.7629 -22.9 5.81311 13.4862 -22.9 5.85573 13.5575 -22.9 5.96039 13.7251 -22.9 6.39656 14.1912 -22.9 6.77525 14.5813 -22.9 6.81041 14.6125 -22.9 6.88585 14.6872 -22.9 7.35124 15.0581 -22.9 7.7374 15.3518 -22.9 8.15872 15.457 -22.9 8.77849 15.6339 -22.9 8.82146 15.6494 -22.9 9.31932 16.0199 -22.9 9.66168 16.2036 -22.9 9.82467 16.4412 -22.9 9.91293 16.6115 -22.9 10.0517 17.0328 -22.9 10.1568 17.5736 -22.9 10.4168 18.1145 -22.9 10.5434 18.5358 -22.9 10.631 18.7877 -22.9 10.7268 19.0766 -22.9 10.8211 19.4979 -22.9 11.008 19.9192 -22.9 11.2121 20.4601 -22.9 11.4531 20.8959 -22.9 11.586 21.171 -22.9 11.6504 21.3172 -22.9 11.7093 21.4222 -22.9 11.6449 21.6011 -22.9 11.586 21.7926 -22.9 11.2703 22.142 -22.9 11.0023 22.3844 -22.9 10.6238 22.494 -22.9 10.083 22.5519 -22.9 8.69954 22.5833 -22.9 8.15872 22.803 -22.9 7.7374 22.9435 -22.9 7.6342 23.1293 -22.9 7.50158 23.3465 -22.9 7.28314 23.7678 -22.9 7.05027 24.3086 -22.9 6.98001 24.352 -22.9 6.77525 24.483 -22.9 6.23443 24.7423 -22.9 5.81311 24.9597 -22.9 5.6519 25.2708 -22.9 5.79273 26.1857 -22.9 5.80137 26.2329 -22.9 5.81311 26.2489 -22.9 6.09693 26.6542 -22.9 6.49846 27.1951 -22.9 6.59498 27.6164 -22.9 6.6955 28.1572 -22.9 6.72428 28.1921 -22.9 6.77525 28.2521 -22.9 8.58712 30.0815 -22.9 8.62856 30.126 -22.9 9.04034 30.5473 -22.9 9.51032 31.0436 -22.9 9.66168 31.1868 -22.9 10.083 31.3574 -22.9 10.6238 31.5599 -22.9 10.93 31.7349 -22.9 11.387 32.0058 -22.9 11.4709 32.067 -22.9 11.586 32.1474 -22.9 12.5481 32.448 -22.9 12.9694 32.4657 -22.9 13.5103 32.475 -22.9 13.9316 32.5079 -22.9 15.4345 32.5857 -22.9 15.7432 32.7219 -22.9 16.2708 32.9679 -22.9 16.284 32.9757 -22.9 16.3967 33.034 -22.9 16.818 33.197 -22.9 17.3588 33.4521 -22.9 21.2074 33.4409 -22.9 22.1695 33.316 -22.9 22.4067 33.1305 -22.9 22.6224 32.9679 -22.9 22.8281 32.8325 -22.9 23.1317 32.622 -22.9 23.553 32.6127 -22.9 24.0938 32.6728 -22.9 24.2816 32.8175 -22.9 24.4222 32.9679 -22.9 24.4334 33.3892 -22.9 24.4713 33.9301 -22.9 24.5685 34.8922 -22.9 24.8736 35.1851 -22.9 25.056 35.3714 -22.9 25.4773 35.4497 -22.9 26.0181 35.4977 -22.9 26.4394 35.5627 -22.9 26.9803 35.6248 -22.9 27.1097 35.7166 -22.9 27.274 35.8544 -22.9 27.3664 36.2757 -22.9 27.5385 36.8165 -22.9 27.7429 37.1092 -22.9 27.9424 37.3768 -22.9 28.0993 37.5305 -22.9 29.2979 38.7408 -22.9 29.4414 39.1621 -22.9 29.6148 39.7029 -22.9 29.7413 39.9544 -22.9 29.8667 40.1909 -22.9 30.0048 40.3758 -22.9 30.2105 40.6651 -22.9 30.8288 41.3395 -22.9 31.0456 41.4509 -22.9 31.4952 41.6272 -22.9 31.5865 41.6528 -22.9 31.791 41.7235 -22.9 32.2123 41.9276 -22.9 32.7531 42.3157 -22.9 33.7153 42.5541 -22.9 34.2561 42.5045 -22.9 34.6774 42.4881 -22.9 35.0987 42.4214 -22.9 35.6395 42.3781 -22.9 36.6017 42.2771 -22.9 37.023 42.2857 -22.9 37.5638 42.3925 -22.9 37.9851 42.4444 -22.9 38.526 42.4326 -22.9 38.9473 42.4979 -22.9 39.2511 42.5691 -22.9 39.3595 42.5894 -22.9 39.4881 42.6226 -22.9 39.6723 42.6651 -22.9 39.9094 42.7273 -22.9 40.4503 43.1118 -22.9 40.8716 43.2055 -22.9 41.3042 43.5354 -22.9 41.3375 43.5515 -22.9 41.4124 43.5917 -22.9 42.1129 43.6486 -22.9 42.3745 43.6996 -22.9 42.6818 43.5515 -22.9 43.3367 42.9251 -22.9 43.371 42.877 -22.9 43.5841 42.5894 -22.9 43.6677 42.2583 -22.9 43.8378 41.6272 -22.9 43.9202 41.2486 -22.9 43.724 40.6651 -22.9 43.5557 40.0054 -22.9 43.3367 39.5076 -22.9 43.2363 39.3537 -22.9 43.151 39.1621 -22.9 43.0424 38.7408 -22.9 42.6571 37.7786 -22.9 42.491 37.2378 -22.9 42.3988 36.8165 -22.9 42.4476 36.6415 -22.9 42.5119 36.3952 -22.9 42.5875 35.8544 -22.9 42.7441 35.3135 -22.9 42.8105 34.8922 -22.9 43.0373 34.3514 -22.9 43.1408 33.9301 -22.9 43.1273 33.5088 -22.9 43.2276 32.9679 -22.9 43.1698 31.3655 -22.9 43.1764 31.0436 -22.9 42.9926 30.5028 -22.9 42.9916 30.0815 -22.9 42.585 29.5593 -22.9 42.3745 29.3125 -22.9 41.9532 29.1831 -22.9 41.8199 29.1334 -22.9 41.7917 29.1194 -22.9 41.4124 28.9841 -22.9 40.9034 28.9689 -22.9 40.4503 28.9728 -22.9 40.3731 28.9445 -22.9 40.029 28.6094 -22.9 39.6091 28.2435 -22.9 39.5717 28.1572 -22.9 39.4501 28.0156 -22.9 39.0645 27.6164 -22.9 38.8398 27.1951 -22.9 38.701 26.6542 -22.9 38.6094 26.2329 -22.9 38.5732 25.8116 -22.9 38.5475 25.2708 -22.9 38.526 25.2184 -22.9 38.3427 24.8495 -22.9 38.0607 24.3086 -22.9 38.1944 23.7678 -22.9 38.3689 22.8057 -22.9 38.4248 22.3844 -22.9 38.4211 21.4222 -22.9 38.4586 19.9192 -22.9 38.5016 19.4979 -22.9 38.526 19.4394 -22.9 38.7089 19.1237 -22.9 39.0324 18.5358 -22.9 39.2115 18.2383 -22.9 39.4881 17.6986 -22.9 39.4885 17.6974 -22.9 39.8142 17.0328 -22.9 40.0617 16.6115 -22.9 40.176 16.4823 -22.9 40.4503 16.2138 -22.9 40.8574 15.9415 -22.9 41.1368 15.6494 -22.9 41.2787 15.5436 -22.9 41.4124 15.4817 -22.9 41.8337 15.363 -22.9 42.3745 15.2257 -22.9 42.7958 15.0885 -22.9 43.3367 14.7997 -22.9 43.6741 14.6872 -22.9 43.9131 14.5545 -22.9 44.2988 14.3202 -22.9 44.4616 14.0137 -22.9 44.6262 13.7251 -22.9 44.7938 13.1842 -22.9 44.9338 12.7629 -22.9 45.0505 12.605 -22.9 45.261 12.3465 -22.9 45.4988 12.0642 -22.9 45.7119 11.8008 -22.9 46.2231 11.4471 -22.9 46.6444 11.3952 -22.9 47.1853 11.3412 -22.9 48.1474 11.2802 -22.9 50.8 11.1965 -22.9 50.8 50.8 -22.9 1.40222e-015 50.8 -22.9 
32 33 0 -22
2 32 34 
1
242
0.040253 11.2608 -22 1.0024 11.2088 -22 1.96454 11.2363 -22 2.92668 11.2757 -22 3.88882 11.3364 -22 4.85097 11.4579 -22 5.32092 11.8008 -22 5.5333 12.7629 -22 5.81311 13.3749 -22 5.90666 13.5248 -22 6.03711 13.7251 -22 6.38533 14.0784 -22 6.77525 14.4951 -22 6.96662 14.6872 -22 7.32136 14.9963 -22 7.7374 15.3278 -22 8.22087 15.4659 -22 8.69954 15.5804 -22 8.89692 15.6494 -22 9.13419 16.1281 -22 9.65209 16.6115 -22 9.66168 16.6366 -22 9.74058 16.8269 -22 9.87526 17.0902 -22 9.96923 17.5736 -22 10.2016 18.0571 -22 10.5141 18.5358 -22 10.5456 18.8081 -22 10.6238 19.0334 -22 10.7094 19.2916 -22 10.7331 19.4979 -22 10.9156 19.9814 -22 11.0725 20.4601 -22 11.3706 20.8899 -22 11.6387 21.3734 -22 11.6791 21.4222 -22 11.6264 21.5934 -22 11.586 21.7841 -22 11.3912 22.0721 -22 11.109 22.3844 -22 10.9077 22.4429 -22 10.6238 22.5111 -22 9.66168 22.6187 -22 9.18301 22.6428 -22 8.69954 22.6535 -22 8.22087 22.9001 -22 7.7374 23.0965 -22 7.69578 23.1803 -22 7.60353 23.3465 -22 7.39535 23.8299 -22 7.21185 24.3086 -22 7.0288 24.4257 -22 6.77525 24.5943 -22 6.29658 24.8117 -22 5.81311 25.0435 -22 5.69398 25.2708 -22 5.81311 26.0256 -22 5.85756 26.2329 -22 6.2165 26.7164 -22 6.58351 27.1951 -22 6.67337 27.6785 -22 6.75103 28.1572 -22 6.77525 28.1866 -22 8.6643 30.0815 -22 9.56907 31.0436 -22 9.66168 31.1319 -22 10.1451 31.3129 -22 10.6238 31.4797 -22 11.0323 31.7218 -22 11.4874 32.0058 -22 11.511 32.0243 -22 11.586 32.079 -22 12.0694 32.2299 -22 12.5481 32.3886 -22 13.5103 32.4028 -22 13.9937 32.4224 -22 14.4724 32.4301 -22 14.9558 32.4601 -22 15.4345 32.4763 -22 16.3849 32.9125 -22 16.3967 32.9202 -22 16.4622 32.9679 -22 16.8089 33.1466 -22 16.8754 33.1823 -22 17.3588 33.4104 -22 21.2074 33.4106 -22 22.1695 33.2806 -22 22.565 32.9679 -22 22.8365 32.7798 -22 23.1317 32.5689 -22 23.6151 32.6226 -22 24.0938 32.6886 -22 24.3549 32.9679 -22 24.3888 33.4514 -22 24.4837 34.4135 -22 24.5496 34.8922 -22 25.056 35.3819 -22 25.5394 35.4248 -22 26.0181 35.4556 -22 26.5016 35.5111 -22 26.9803 35.5523 -22 27.3398 35.8544 -22 27.4936 36.3378 -22 27.6138 36.8165 -22 27.7597 37.0364 -22 27.9424 37.2981 -22 28.16 37.5198 -22 28.4023 37.7786 -22 29.3561 38.7408 -22 29.6584 39.7029 -22 29.8667 40.1197 -22 30.2519 40.6651 -22 30.8288 41.288 -22 31.3075 41.4431 -22 31.7093 41.6007 -22 31.791 41.6218 -22 31.7998 41.6272 -22 32.2696 41.9954 -22 32.7531 42.3423 -22 33.2318 42.4329 -22 33.6758 42.5467 -22 33.7153 42.5539 -22 34.1987 42.5099 -22 34.6774 42.5001 -22 35.1609 42.4614 -22 35.6395 42.4522 -22 36.123 42.4015 -22 36.6017 42.3905 -22 37.0851 42.4859 -22 37.5638 42.4905 -22 38.0473 42.4799 -22 38.526 42.4293 -22 38.7472 42.4706 -22 38.9506 42.5894 -22 39.2258 42.8115 -22 39.4881 42.8792 -22 39.9716 43.2229 -22 40.2666 43.453 -22 40.3816 43.5515 -22 40.4503 43.597 -22 40.5991 43.67 -22 40.9338 43.8494 -22 41.4124 44.1162 -22 41.8958 44.2104 -22 42.3745 44.3592 -22 42.9358 44.3397 -22 43.3367 44.1577 -22 43.3853 44.0844 -22 43.4428 44.0302 -22 43.7621 43.5515 -22 44.1204 43.0681 -22 44.2686 42.7198 -22 44.2988 42.6407 -22 44.3156 42.5894 -22 44.3603 42.2963 -22 44.3927 42.1059 -22 44.4293 41.6272 -22 44.0966 40.6651 -22 43.9366 40.1864 -22 43.2984 38.7408 -22 43.2604 38.6633 -22 43.0788 38.2621 -22 42.8854 37.7786 -22 42.7684 37.2999 -22 42.6199 36.8165 -22 42.6087 36.3378 -22 42.6763 35.8544 -22 42.9572 34.8922 -22 43.1599 34.4088 -22 43.3367 34.1046 -22 43.431 33.9301 -22 43.4387 33.8843 -22 43.5203 33.4466 -22 43.6664 32.9679 -22 43.7145 32.4893 -22 43.6971 32.0058 -22 43.5957 31.5271 -22 43.5734 31.0436 -22 43.2476 30.0815 -22 43.2167 30.033 -22 42.5108 29.136 -22 42.4947 29.1194 -22 42.3745 29.0022 -22 42.3411 28.9865 -22 41.8911 28.8259 -22 41.4124 28.6249 -22 40.9338 28.6193 -22 40.4503 28.6235 -22 40.0749 28.2964 -22 39.8467 28.1572 -22 39.5962 27.9876 -22 39.4881 27.861 -22 39.1434 27.5042 -22 38.7666 27.1951 -22 38.6426 26.7116 -22 38.5408 26.3651 -22 38.5139 26.2329 -22 38.4909 25.7495 -22 38.4776 25.2708 -22 38.211 24.7921 -22 37.9589 24.3086 -22 38.0924 23.8299 -22 38.2119 23.3465 -22 38.3182 22.8678 -22 38.405 22.3844 -22 38.4024 21.4222 -22 38.4206 19.9814 -22 38.4353 19.4979 -22 38.4669 19.4223 -22 38.526 19.2739 -22 38.7079 18.9436 -22 38.9442 18.5358 -22 39.4407 17.5747 -22 39.4881 17.4395 -22 39.6647 17.0988 -22 39.9044 16.6115 -22 40.1496 16.3715 -22 40.4503 16.1033 -22 40.7887 15.8928 -22 41.1526 15.6494 -22 41.4124 15.5281 -22 41.8958 15.4053 -22 42.3745 15.2641 -22 42.858 15.0059 -22 43.2784 14.7343 -22 43.3367 14.7014 -22 43.3786 14.6872 -22 43.4826 14.624 -22 43.8201 14.4458 -22 44.2988 14.1809 -22 44.5406 13.7251 -22 44.8393 12.7629 -22 45.0275 12.5319 -22 45.4471 12.0532 -22 45.6597 11.8008 -22 46.2231 11.4073 -22 46.7066 11.3591 -22 47.1853 11.3194 -22 50.8 11.1908 -22 50.8 50.8 -22 1.34711e-015 50.8 -22 1.34711e-015 11.2952 -22 
33 34 0 -21.1
2 33 35 
1
217
0.040253 11.2561 -21.1 1.0024 11.2029 -21.1 2.92668 11.264 -21.1 3.88882 11.3175 -21.1 4.85097 11.4267 -21.1 5.36033 11.8008 -21.1 5.57382 12.7629 -21.1 5.66721 12.955 -21.1 5.81311 13.2723 -21.1 5.9618 13.5006 -21.1 6.11662 13.7251 -21.1 6.37831 13.9784 -21.1 6.91652 14.524 -21.1 7.08493 14.6872 -21.1 7.33305 14.9208 -21.1 7.7374 15.2731 -21.1 8.69954 15.5084 -21.1 8.88075 15.5713 -21.1 9.01819 15.6494 -21.1 9.28864 16.195 -21.1 9.51916 16.6115 -21.1 9.66168 16.9865 -21.1 9.9599 17.5736 -21.1 10.3161 18.1193 -21.1 10.5061 18.5358 -21.1 10.5328 18.9523 -21.1 10.5941 19.4979 -21.1 10.6238 19.5839 -21.1 10.6508 19.6573 -21.1 10.7711 19.9144 -21.1 10.95 20.4601 -21.1 11.2462 20.7813 -21.1 11.586 21.2712 -21.1 11.632 21.3269 -21.1 11.7189 21.4222 -21.1 11.6517 21.8387 -21.1 11.6057 22.0561 -21.1 11.586 22.1132 -21.1 11.4025 22.3844 -21.1 11.0403 22.4716 -21.1 10.6238 22.5434 -21.1 10.2073 22.5809 -21.1 9.66168 22.6446 -21.1 8.69954 22.6952 -21.1 8.28302 22.951 -21.1 7.7374 23.2321 -21.1 7.72863 23.251 -21.1 7.68119 23.3465 -21.1 7.47201 23.8921 -21.1 7.32079 24.3086 -21.1 6.77525 24.6759 -21.1 5.81311 25.1112 -21.1 5.72749 25.2708 -21.1 5.81311 25.8157 -21.1 5.90321 26.2329 -21.1 6.64929 27.1951 -21.1 6.68845 27.4661 -21.1 6.77525 28.0013 -21.1 6.77733 28.0117 -21.1 6.80286 28.1572 -21.1 8.69954 30.0532 -21.1 9.62829 31.0388 -21.1 9.6331 31.0436 -21.1 9.66168 31.0709 -21.1 10.6238 31.403 -21.1 11.5591 31.9907 -21.1 11.5762 32.0058 -21.1 11.586 32.0135 -21.1 12.0025 32.1625 -21.1 12.5481 32.3434 -21.1 14.4724 32.3668 -21.1 15.018 32.3853 -21.1 15.4345 32.3922 -21.1 16.3967 32.8231 -21.1 16.595 32.9679 -21.1 17.3588 33.362 -21.1 21.2074 33.3817 -21.1 22.1695 33.2462 -21.1 22.5136 32.9679 -21.1 22.8501 32.7275 -21.1 23.1317 32.519 -21.1 24.0938 32.6463 -21.1 24.3944 32.9679 -21.1 24.4443 33.5136 -21.1 24.4903 33.9301 -21.1 24.5654 34.4757 -21.1 24.6113 34.8922 -21.1 25.056 35.3298 -21.1 25.6016 35.3649 -21.1 26.0181 35.3828 -21.1 26.9803 35.4609 -21.1 27.4459 35.8544 -21.1 27.5829 36.4 -21.1 27.6722 36.8165 -21.1 27.7761 36.9788 -21.1 27.9424 37.2295 -21.1 28.2186 37.5244 -21.1 28.4485 37.7786 -21.1 29.3954 38.7408 -21.1 29.6883 39.7029 -21.1 29.8667 40.0637 -21.1 30.287 40.6651 -21.1 30.8288 41.24 -21.1 31.3745 41.4168 -21.1 31.791 41.5324 -21.1 31.9438 41.6272 -21.1 32.7531 42.2736 -21.1 33.7153 42.4548 -21.1 36.6017 42.4067 -21.1 37.1473 42.4119 -21.1 37.5638 42.4299 -21.1 38.1095 42.3722 -21.1 38.526 42.4436 -21.1 38.7579 42.579 -21.1 38.7807 42.5894 -21.1 39.1744 42.8424 -21.1 39.4881 43.0956 -21.1 39.8298 43.388 -21.1 40.0384 43.5515 -21.1 40.2464 43.6699 -21.1 40.4503 43.8049 -21.1 40.9959 44.109 -21.1 41.4124 44.3181 -21.1 41.7516 44.4246 -21.1 42.1681 44.7353 -21.1 42.3745 44.807 -21.1 43.3367 44.818 -21.1 43.4642 44.5883 -21.1 43.5196 44.5136 -21.1 43.7687 44.0971 -21.1 44.1326 43.5515 -21.1 44.259 43.2204 -21.1 44.2988 43.091 -21.1 44.3718 42.8039 -21.1 44.4419 42.5894 -21.1 44.4224 42.1729 -21.1 44.4641 41.6272 -21.1 44.4106 41.4 -21.1 44.2204 40.8544 -21.1 44.1731 40.6651 -21.1 43.8474 39.7029 -21.1 43.7658 39.2864 -21.1 43.5264 38.7408 -21.1 43.3367 38.3752 -21.1 43.1297 37.9179 -21.1 43.0459 37.7786 -21.1 42.8467 37.3621 -21.1 42.7133 36.8165 -21.1 42.6826 36.4 -21.1 42.6698 35.8544 -21.1 42.9573 34.8922 -21.1 43.1497 34.5616 -21.1 43.3367 34.3356 -21.1 43.4573 34.1451 -21.1 43.5736 33.9301 -21.1 43.6517 33.5136 -21.1 43.8183 32.9679 -21.1 44.0319 32.5514 -21.1 44.0867 32.0058 -21.1 43.8693 31.5893 -21.1 43.6648 30.6271 -21.1 43.4792 30.0815 -21.1 43.3732 29.9116 -21.1 43.3367 29.8564 -21.1 42.9464 29.366 -21.1 42.707 29.1194 -21.1 42.5299 28.9295 -21.1 42.3745 28.778 -21.1 41.8289 28.5489 -21.1 41.4124 28.3222 -21.1 40.9026 28.294 -21.1 40.4503 28.2887 -21.1 40.1901 28.1305 -21.1 39.9046 27.9372 -21.1 39.4881 27.7697 -21.1 39.0586 27.4174 -21.1 38.7469 27.1951 -21.1 38.6421 26.9389 -21.1 38.526 26.5439 -21.1 38.4954 26.3932 -21.1 38.454 26.2329 -21.1 38.4253 25.2708 -21.1 38.1798 24.8543 -21.1 37.876 24.3086 -21.1 38.001 23.8921 -21.1 38.1531 23.3465 -21.1 38.2546 22.93 -21.1 38.3758 22.3844 -21.1 38.3852 19.4979 -21.1 38.526 19.1492 -21.1 39.3742 17.5736 -21.1 39.4881 17.2547 -21.1 39.8252 16.6115 -21.1 40.4503 16.059 -21.1 41.1134 15.6494 -21.1 41.4124 15.5081 -21.1 41.958 15.3471 -21.1 42.3745 15.1931 -21.1 42.6328 14.9968 -21.1 43.112 14.6872 -21.1 43.1784 14.6507 -21.1 43.3367 14.5596 -21.1 43.8823 14.2577 -21.1 44.2988 14.0155 -21.1 44.3412 13.9324 -21.1 44.4509 13.7251 -21.1 44.7507 12.7629 -21.1 45.0168 12.4578 -21.1 45.4051 12.0413 -21.1 45.6172 11.8008 -21.1 46.2231 11.3739 -21.1 46.7688 11.3287 -21.1 47.1853 11.3006 -21.1 50.8 11.1854 -21.1 50.8 50.8 -21.1 1.292e-015 50.8 -21.1 1.292e-015 11.2906 -21.1 
34 35 0 -20.2
2 34 36 
1
208
1.2369e-015 11.2862 -20.2 0.040253 11.2517 -20.2 1.0024 11.1974 -20.2 2.92668 11.2528 -20.2 3.88882 11.299 -20.2 4.49659 11.3632 -20.2 4.85097 11.394 -20.2 5.40046 11.8008 -20.2 5.61577 12.7629 -20.2 5.67684 12.8809 -20.2 5.81311 13.1612 -20.2 6.03902 13.4887 -20.2 6.21212 13.7251 -20.2 7.37537 14.8593 -20.2 7.7374 15.2002 -20.2 8.34516 15.3532 -20.2 8.69954 15.4505 -20.2 9.04533 15.6494 -20.2 9.38169 16.2571 -20.2 9.56277 16.6115 -20.2 9.66168 16.8727 -20.2 9.87281 17.2914 -20.2 10.0245 17.5736 -20.2 10.3017 18.1814 -20.2 10.4731 18.5358 -20.2 10.5121 19.1435 -20.2 10.5276 19.4979 -20.2 10.5434 19.5473 -20.2 10.6238 19.7799 -20.2 10.7993 20.1551 -20.2 10.9327 20.4601 -20.2 11.8242 21.4222 -20.2 11.7262 22.03 -20.2 11.7074 22.3844 -20.2 11.586 22.4438 -20.2 11.2316 22.4854 -20.2 10.6238 22.5902 -20.2 10.2694 22.6146 -20.2 9.66168 22.6692 -20.2 8.69954 22.7192 -20.2 8.09178 23.0923 -20.2 7.74931 23.319 -20.2 7.7374 23.3359 -20.2 7.73249 23.3465 -20.2 7.38668 24.3086 -20.2 6.77525 24.7287 -20.2 5.81311 25.1645 -20.2 5.75508 25.2708 -20.2 5.81311 25.6427 -20.2 5.94088 26.2329 -20.2 6.70345 27.1951 -20.2 6.77525 27.7027 -20.2 6.81251 27.915 -20.2 6.85034 28.1572 -20.2 8.69954 30.0064 -20.2 9.66168 31.0113 -20.2 9.67636 31.0182 -20.2 9.73328 31.0436 -20.2 10.0307 31.1375 -20.2 10.6238 31.338 -20.2 11.586 31.9475 -20.2 11.7021 32.0058 -20.2 12.5481 32.3046 -20.2 15.4345 32.3346 -20.2 16.3967 32.7601 -20.2 16.6819 32.9679 -20.2 17.3588 33.3169 -20.2 21.2074 33.3494 -20.2 22.1695 33.2072 -20.2 22.4583 32.9679 -20.2 22.8692 32.6636 -20.2 23.1317 32.4598 -20.2 23.7394 32.5358 -20.2 24.0938 32.5701 -20.2 24.4659 32.9679 -20.2 24.6394 34.5378 -20.2 24.6606 34.8922 -20.2 25.056 35.289 -20.2 26.0181 35.3253 -20.2 26.9803 35.397 -20.2 27.5167 35.8544 -20.2 27.647 36.4621 -20.2 27.7167 36.8165 -20.2 27.9424 37.172 -20.2 28.4859 37.7786 -20.2 29.4303 38.7408 -20.2 29.7167 39.7029 -20.2 29.8667 40.0086 -20.2 30.3218 40.6651 -20.2 30.4995 40.8453 -20.2 30.8288 41.19 -20.2 31.4366 41.3587 -20.2 31.791 41.4402 -20.2 31.9418 41.5345 -20.2 32.0845 41.6272 -20.2 32.2962 41.8107 -20.2 32.7531 42.1794 -20.2 33.3609 42.2931 -20.2 33.7153 42.3661 -20.2 36.6017 42.3399 -20.2 37.2094 42.3662 -20.2 37.5638 42.3889 -20.2 38.1716 42.4932 -20.2 38.526 42.54 -20.2 38.6362 42.5894 -20.2 39.4881 43.1353 -20.2 39.7924 43.3738 -20.2 40.0388 43.5515 -20.2 40.1468 43.607 -20.2 40.4503 43.7797 -20.2 41.4124 44.2609 -20.2 41.5886 44.3907 -20.2 41.943 44.7015 -20.2 42.3745 45.025 -20.2 42.9823 45.0366 -20.2 43.3367 45.1055 -20.2 43.6621 44.5136 -20.2 43.834 44.1592 -20.2 44.1975 43.5515 -20.2 44.2556 43.3628 -20.2 44.2988 43.2597 -20.2 44.3826 43.0084 -20.2 44.4891 42.5894 -20.2 44.4824 42.235 -20.2 44.454 41.6272 -20.2 44.2298 40.7041 -20.2 44.2181 40.6651 -20.2 44.0139 40.3107 -20.2 43.8047 39.7029 -20.2 43.7652 39.3485 -20.2 43.6462 38.7408 -20.2 43.5472 38.4317 -20.2 43.3367 38.0272 -20.2 43.2145 37.8239 -20.2 43.1941 37.7786 -20.2 42.9026 37.4242 -20.2 42.6119 36.8165 -20.2 42.6082 36.4621 -20.2 42.5634 35.8544 -20.2 42.6452 35.5 -20.2 42.8302 34.8922 -20.2 43.103 34.5624 -20.2 43.3367 34.3016 -20.2 43.5722 33.9301 -20.2 43.7535 32.9679 -20.2 44.0652 32.3602 -20.2 44.2988 32.0768 -20.2 44.3438 32.0058 -20.2 44.2988 31.9364 -20.2 44.2927 31.9285 -20.2 44.0536 31.6514 -20.2 43.7364 31.0436 -20.2 43.6813 30.6892 -20.2 43.5515 30.0815 -20.2 43.4915 29.9806 -20.2 43.3367 29.7327 -20.2 42.9874 29.3728 -20.2 42.633 28.9513 -20.2 42.3745 28.6742 -20.2 41.767 28.3435 -20.2 41.4917 28.1572 -20.2 41.4127 28.1141 -20.2 41.4124 28.1141 -20.2 41.058 28.0066 -20.2 40.0959 27.9426 -20.2 39.4881 27.6982 -20.2 39.0333 27.3738 -20.2 38.7737 27.1951 -20.2 38.6789 26.9733 -20.2 38.526 26.5994 -20.2 38.4296 26.2329 -20.2 38.4033 25.8785 -20.2 38.3836 25.2708 -20.2 38.1634 24.9164 -20.2 37.8052 24.3086 -20.2 37.9184 23.9542 -20.2 38.1008 23.3465 -20.2 38.1959 22.9921 -20.2 38.344 22.3844 -20.2 38.3427 19.4979 -20.2 38.526 19.0546 -20.2 38.6279 18.8815 -20.2 38.8241 18.5358 -20.2 39.3381 17.5736 -20.2 39.4255 17.3332 -20.2 39.4881 17.1709 -20.2 39.5951 16.9789 -20.2 39.7909 16.6115 -20.2 40.4503 16.0292 -20.2 40.6556 15.8969 -20.2 41.0604 15.6494 -20.2 41.2633 15.5528 -20.2 41.4124 15.4786 -20.2 42.0201 15.2539 -20.2 42.3745 15.1105 -20.2 42.539 14.9737 -20.2 42.9159 14.6872 -20.2 43.9444 14.0893 -20.2 44.2988 13.872 -20.2 44.3734 13.7251 -20.2 44.6682 12.7629 -20.2 45.0245 12.3807 -20.2 45.3691 12.0263 -20.2 45.5793 11.8008 -20.2 46.2231 11.3435 -20.2 50.8 11.1805 -20.2 50.8 50.8 -20.2 1.23689e-015 50.8 -20.2 
35 36 0 -19.3
2 35 37 
1
186
0.040253 11.2473 -19.3 1.0024 11.1919 -19.3 2.92668 11.2404 -19.3 3.88882 11.2777 -19.3 4.55875 11.3358 -19.3 4.85097 11.3556 -19.3 5.44621 11.8008 -19.3 5.66354 12.7629 -19.3 5.81311 13.0513 -19.3 6.30792 13.7251 -19.3 7.27523 14.6872 -19.3 7.7374 15.1362 -19.3 8.69954 15.404 -19.3 9.11618 15.6494 -19.3 9.45851 16.3193 -19.3 9.60099 16.6115 -19.3 9.66168 16.7677 -19.3 10.0957 17.5736 -19.3 10.5604 18.5358 -19.3 10.5986 19.4979 -19.3 10.6238 19.5767 -19.3 11.0051 20.4601 -19.3 11.9113 21.4222 -19.3 11.8758 22.0922 -19.3 11.8788 22.3844 -19.3 11.586 22.5297 -19.3 11.2938 22.5547 -19.3 10.6238 22.6334 -19.3 10.3316 22.6493 -19.3 9.66168 22.6954 -19.3 8.69954 22.7367 -19.3 7.7827 23.3465 -19.3 7.7374 23.4646 -19.3 7.42949 24.3086 -19.3 6.77525 24.7648 -19.3 5.81311 25.2083 -19.3 5.77867 25.2708 -19.3 5.81311 25.4942 -19.3 5.97206 26.2329 -19.3 6.74715 27.1951 -19.3 6.77525 27.4104 -19.3 6.88783 28.1572 -19.3 8.69954 29.9726 -19.3 9.66168 30.9618 -19.3 9.76928 31.0098 -19.3 9.849 31.0436 -19.3 10.6238 31.2849 -19.3 11.586 31.8934 -19.3 11.8091 32.0058 -19.3 12.5481 32.2693 -19.3 15.4345 32.2903 -19.3 16.3967 32.7155 -19.3 16.7458 32.9679 -19.3 17.3588 33.2815 -19.3 21.2074 33.3138 -19.3 22.1695 33.1646 -19.3 22.4024 32.9679 -19.3 22.8985 32.5826 -19.3 23.1317 32.3961 -19.3 23.8016 32.4609 -19.3 24.0938 32.4848 -19.3 24.5464 32.9679 -19.3 24.6524 33.9301 -19.3 24.6925 34.6 -19.3 24.7007 34.8922 -19.3 25.056 35.2545 -19.3 26.0181 35.2811 -19.3 26.9803 35.352 -19.3 27.5633 35.8544 -19.3 27.7499 36.8165 -19.3 27.9424 37.1263 -19.3 28.5152 37.7786 -19.3 29.4628 38.7408 -19.3 29.7446 39.7029 -19.3 29.8667 39.9533 -19.3 30.3573 40.6651 -19.3 30.4928 40.7982 -19.3 30.8288 41.1388 -19.3 31.4988 41.2929 -19.3 31.791 41.3534 -19.3 32.2079 41.6272 -19.3 32.3528 41.7595 -19.3 32.7531 42.1063 -19.3 33.4231 42.2443 -19.3 33.7153 42.3094 -19.3 36.3095 42.2961 -19.3 36.6017 42.3004 -19.3 37.5638 42.3593 -19.3 38.2338 42.4478 -19.3 38.526 42.4699 -19.3 38.7933 42.5894 -19.3 39.4881 43.0331 -19.3 39.7803 43.2076 -19.3 40.2461 43.5435 -19.3 40.4503 43.6482 -19.3 41.4124 44.1252 -19.3 41.68 44.3575 -19.3 41.9722 44.6312 -19.3 42.3745 44.9863 -19.3 43.0445 45.1167 -19.3 43.3367 45.1687 -19.3 43.692 44.5136 -19.3 44.1629 43.5515 -19.3 44.2445 43.3566 -19.3 44.2988 43.2196 -19.3 44.3465 43.0644 -19.3 44.5049 42.5894 -19.3 44.4869 41.6272 -19.3 44.2988 40.8651 -19.3 44.2767 40.7914 -19.3 44.2335 40.6651 -19.3 44.0387 40.3729 -19.3 43.6526 39.7029 -19.3 43.6311 39.4107 -19.3 43.5565 38.7408 -19.3 43.5237 38.5936 -19.3 43.3367 38.0094 -19.3 43.2983 37.9237 -19.3 43.2524 37.7786 -19.3 42.4558 36.8165 -19.3 42.461 36.5243 -19.3 42.4539 35.8544 -19.3 42.5106 35.5622 -19.3 42.6654 34.8922 -19.3 43.3367 34.1459 -19.3 43.4742 33.9301 -19.3 43.5122 33.6379 -19.3 43.6393 32.9679 -19.3 44.0695 32.4476 -19.3 44.2988 32.1905 -19.3 44.4163 32.0058 -19.3 44.2988 31.8251 -19.3 43.8467 31.3014 -19.3 43.61 31.0436 -19.3 43.5779 30.7514 -19.3 43.4737 30.0815 -19.3 43.3367 29.8521 -19.3 42.7181 29.1194 -19.3 42.6433 29.0424 -19.3 42.3745 28.7245 -19.3 41.8541 28.3724 -19.3 41.6444 28.1572 -19.3 41.5619 28.0801 -19.3 41.4124 27.9987 -19.3 41.1202 27.8933 -19.3 40.4503 27.6902 -19.3 40.1581 27.6876 -19.3 39.4881 27.6401 -19.3 38.9974 27.3022 -19.3 38.7707 27.1951 -19.3 38.7052 27.0719 -19.3 38.526 26.6526 -19.3 38.4579 26.402 -19.3 38.4154 26.2329 -19.3 38.3461 25.2708 -19.3 38.1543 24.9786 -19.3 37.738 24.3086 -19.3 38.0496 23.3465 -19.3 38.1352 23.0543 -19.3 38.315 22.3844 -19.3 38.3102 19.4979 -19.3 38.526 18.9873 -19.3 38.7938 18.5358 -19.3 39.3127 17.5736 -19.3 39.4881 17.1188 -19.3 39.7695 16.6115 -19.3 40.2373 16.1917 -19.3 40.4503 15.9917 -19.3 40.5839 15.8995 -19.3 40.972 15.6494 -19.3 41.2538 15.5092 -19.3 41.4124 15.4272 -19.3 42.3745 15.0384 -19.3 42.4826 14.9457 -19.3 42.7936 14.6872 -19.3 44.0066 13.9554 -19.3 44.2941 13.7734 -19.3 44.2988 13.7674 -19.3 44.3199 13.7251 -19.3 44.6028 12.7629 -19.3 45.5418 11.8008 -19.3 46.2231 11.3135 -19.3 50.8 11.1757 -19.3 50.8 50.8 -19.3 1.18178e-015 50.8 -19.3 1.18178e-015 11.2819 -19.3 
36 37 0 -18.4
2 36 38 
1
170
1.12667e-015 11.2772 -18.4 0.040253 11.2425 -18.4 1.0024 11.1855 -18.4 3.88882 11.2529 -18.4 4.85097 11.3156 -18.4 5.49195 11.8008 -18.4 5.71063 12.7629 -18.4 5.81311 12.9593 -18.4 6.37745 13.7251 -18.4 7.33268 14.6872 -18.4 7.7374 15.083 -18.4 8.69954 15.3587 -18.4 9.18424 15.6494 -18.4 9.64249 16.5938 -18.4 9.64763 16.6115 -18.4 9.66168 16.6479 -18.4 10.1604 17.5736 -18.4 10.6131 18.5086 -18.4 10.6227 18.5358 -18.4 10.6496 19.4979 -18.4 11.0612 20.4601 -18.4 11.9783 21.4222 -18.4 11.9856 22.1543 -18.4 11.9972 22.3844 -18.4 11.586 22.592 -18.4 11.3559 22.6064 -18.4 10.6238 22.669 -18.4 9.66168 22.7189 -18.4 8.69954 22.7537 -18.4 7.81928 23.3465 -18.4 7.7374 23.5577 -18.4 7.45916 24.3086 -18.4 6.77525 24.7905 -18.4 5.81311 25.2443 -18.4 5.79848 25.2708 -18.4 5.81311 25.3671 -18.4 5.99711 26.2329 -18.4 6.77429 27.1856 -18.4 6.77525 27.187 -18.4 6.78003 27.1951 -18.4 6.91623 28.1572 -18.4 9.66168 30.9248 -18.4 9.94451 31.0436 -18.4 10.6238 31.246 -18.4 11.586 31.8539 -18.4 11.8899 32.0058 -18.4 12.5481 32.2385 -18.4 15.4345 32.2566 -18.4 16.3967 32.6819 -18.4 16.7952 32.9679 -18.4 17.3588 33.2541 -18.4 21.2074 33.2792 -18.4 22.1695 33.1242 -18.4 22.3541 32.9679 -18.4 23.1317 32.343 -18.4 24.0938 32.4209 -18.4 24.6076 32.9679 -18.4 24.7116 33.9301 -18.4 24.732 34.6621 -18.4 24.7344 34.8922 -18.4 25.056 35.2246 -18.4 26.0181 35.248 -18.4 26.9803 35.3187 -18.4 27.5952 35.8544 -18.4 27.775 36.8165 -18.4 27.9424 37.0896 -18.4 28.5391 37.7786 -18.4 29.49 38.7408 -18.4 29.7696 39.7029 -18.4 29.8667 39.9029 -18.4 30.3898 40.6651 -18.4 30.8288 41.0941 -18.4 31.791 41.2909 -18.4 32.2905 41.6272 -18.4 32.7531 42.0521 -18.4 33.7153 42.2691 -18.4 35.6395 42.2622 -18.4 36.6017 42.2777 -18.4 37.3337 42.3178 -18.4 37.5638 42.3259 -18.4 38.2959 42.3812 -18.4 38.526 42.3898 -18.4 38.9652 42.5894 -18.4 39.0613 42.6533 -18.4 39.4881 42.9282 -18.4 40.2202 43.3653 -18.4 40.4503 43.4945 -18.4 40.5052 43.5145 -18.4 40.6007 43.5515 -18.4 40.7353 43.6252 -18.4 41.4124 43.9661 -18.4 41.8282 44.3572 -18.4 42.0583 44.5863 -18.4 42.3745 44.8808 -18.4 43.1066 45.011 -18.4 43.3367 45.0298 -18.4 43.3808 44.9384 -18.4 43.7337 44.2835 -18.4 44.0991 43.5515 -18.4 44.2352 43.2083 -18.4 44.2988 43.0546 -18.4 44.4413 42.5894 -18.4 44.4236 41.6272 -18.4 44.2988 41.1388 -18.4 44.1906 40.8226 -18.4 44.1338 40.6651 -18.4 43.9712 40.435 -18.4 43.4832 39.7029 -18.4 43.4745 39.4728 -18.4 43.4207 38.7408 -18.4 43.4187 38.7293 -18.4 43.3367 38.3606 -18.4 43.2217 37.9972 -18.4 43.1693 37.7786 -18.4 42.3766 36.8375 -18.4 42.3745 36.8347 -18.4 42.3636 36.8165 -18.4 42.3797 35.8544 -18.4 42.4197 35.6243 -18.4 42.5618 34.8922 -18.4 43.3367 34.0364 -18.4 43.405 33.9301 -18.4 43.4279 33.7 -18.4 43.523 32.9679 -18.4 44.0975 32.3237 -18.4 44.2988 32.1057 -18.4 44.3635 32.0058 -18.4 44.2988 31.9075 -18.4 43.5018 31.0436 -18.4 43.3994 30.0815 -18.4 43.3367 29.9782 -18.4 42.5966 29.1194 -18.4 42.5618 29.0849 -18.4 41.8493 28.3528 -18.4 41.6192 28.1252 -18.4 41.4124 27.932 -18.4 41.1823 27.8428 -18.4 40.4503 27.5788 -18.4 39.4881 27.5709 -18.4 38.9202 27.3027 -18.4 38.7057 27.1951 -18.4 38.6901 27.1632 -18.4 38.526 26.8547 -18.4 38.3707 26.2329 -18.4 38.3616 26.0028 -18.4 38.3125 25.2708 -18.4 37.6787 24.3086 -18.4 38.0013 23.3465 -18.4 38.2861 22.3844 -18.4 38.2825 19.4979 -18.4 38.526 18.932 -18.4 38.7667 18.5358 -18.4 39.2944 17.5736 -18.4 39.4881 17.0719 -18.4 39.7408 16.6115 -18.4 40.2744 16.1105 -18.4 40.4503 15.9393 -18.4 40.531 15.8804 -18.4 40.8657 15.6494 -18.4 41.4124 15.3649 -18.4 42.3745 14.9803 -18.4 42.7155 14.6872 -18.4 44.2706 13.7251 -18.4 44.2988 13.6407 -18.4 44.5565 12.7629 -18.4 45.5042 11.8008 -18.4 46.2231 11.2832 -18.4 50.8 11.171 -18.4 50.8 50.8 -18.4 1.12667e-015 50.8 -18.4 
37 38 0 -17.5
2 37 39 
1
153
0.040253 11.2369 -17.5 1.0024 11.1781 -17.5 3.88882 11.2289 -17.5 4.85097 11.2829 -17.5 5.52807 11.8008 -17.5 5.74694 12.7629 -17.5 5.81311 12.8906 -17.5 6.42392 13.7251 -17.5 7.37577 14.6872 -17.5 7.7374 15.0408 -17.5 8.69954 15.3145 -17.5 9.24856 15.6494 -17.5 9.66168 16.5147 -17.5 9.68997 16.6115 -17.5 10.2129 17.5736 -17.5 10.6238 18.4005 -17.5 10.6717 18.5358 -17.5 10.6895 19.4979 -17.5 11.107 20.4601 -17.5 12.0361 21.4222 -17.5 12.0761 22.2164 -17.5 12.0913 22.3844 -17.5 11.586 22.6428 -17.5 11.418 22.649 -17.5 10.6238 22.699 -17.5 9.66168 22.7395 -17.5 8.69954 22.7692 -17.5 7.84453 23.3465 -17.5 7.7374 23.6201 -17.5 7.48008 24.3086 -17.5 6.77525 24.8087 -17.5 5.81816 25.2695 -17.5 5.81666 25.2708 -17.5 6.01703 26.2329 -17.5 6.77525 27.1498 -17.5 6.80186 27.1951 -17.5 6.93799 28.1572 -17.5 9.66168 30.8974 -17.5 10.0209 31.0436 -17.5 10.6238 31.2175 -17.5 11.586 31.825 -17.5 11.9522 32.0058 -17.5 12.5481 32.2138 -17.5 15.4345 32.2313 -17.5 16.3967 32.6556 -17.5 16.8347 32.9679 -17.5 17.3588 33.2323 -17.5 21.2074 33.25 -17.5 22.1695 33.0925 -17.5 22.3173 32.9679 -17.5 23.1317 32.3032 -17.5 24.0938 32.3793 -17.5 24.6485 32.9679 -17.5 24.7524 33.9301 -17.5 24.7615 34.8922 -17.5 25.056 35.1992 -17.5 26.0181 35.2226 -17.5 26.9803 35.2931 -17.5 27.6189 35.8544 -17.5 27.7951 36.8165 -17.5 27.9424 37.0594 -17.5 28.5588 37.7786 -17.5 29.5119 38.7408 -17.5 29.7906 39.7029 -17.5 29.8667 39.8604 -17.5 30.4167 40.6651 -17.5 30.8288 41.0599 -17.5 31.791 41.2487 -17.5 32.3435 41.6272 -17.5 32.7531 42.0122 -17.5 33.7153 42.2385 -17.5 35.6395 42.2354 -17.5 36.6017 42.2547 -17.5 37.5638 42.2862 -17.5 38.526 42.3199 -17.5 39.1026 42.5894 -17.5 39.4881 42.8464 -17.5 40.2823 43.2925 -17.5 40.4503 43.3836 -17.5 40.8804 43.5515 -17.5 40.9479 43.5901 -17.5 41.4124 43.8445 -17.5 42.3745 44.8052 -17.5 43.1687 44.87 -17.5 43.3367 44.8591 -17.5 43.3488 44.8291 -17.5 43.5011 44.5136 -17.5 43.5861 44.3456 -17.5 44.0083 43.5515 -17.5 44.2279 43.0211 -17.5 44.2988 42.8722 -17.5 44.3053 42.8531 -17.5 44.3851 42.5894 -17.5 44.3668 41.6272 -17.5 44.2988 41.3635 -17.5 44.1027 40.8201 -17.5 44.0494 40.6651 -17.5 43.4882 39.8709 -17.5 43.3734 39.7133 -17.5 43.3676 39.7029 -17.5 43.3346 38.7408 -17.5 43.1093 37.7786 -17.5 42.3745 36.9166 -17.5 42.3138 36.8165 -17.5 42.3256 35.8544 -17.5 42.3745 35.4958 -17.5 42.4902 34.8922 -17.5 43.3312 33.9613 -17.5 43.3367 33.9546 -17.5 43.3524 33.9301 -17.5 43.4463 32.9679 -17.5 44.2977 32.0475 -17.5 44.2988 32.0463 -17.5 44.3252 32.0058 -17.5 44.2988 31.9658 -17.5 43.436 31.0436 -17.5 43.3505 30.1601 -17.5 43.3448 30.0815 -17.5 43.3367 30.0684 -17.5 42.5073 29.1194 -17.5 41.4124 28.0354 -17.5 40.4503 27.6608 -17.5 39.4881 27.6558 -17.5 38.5799 27.1977 -17.5 38.5762 27.1951 -17.5 38.526 27.0926 -17.5 38.3138 26.2329 -17.5 38.3101 26.0649 -17.5 38.2786 25.2708 -17.5 37.6358 24.3086 -17.5 37.9642 23.3465 -17.5 38.259 22.3844 -17.5 38.2559 19.4979 -17.5 38.526 18.8817 -17.5 38.7406 18.5358 -17.5 39.2718 17.5736 -17.5 39.4881 17.0146 -17.5 39.709 16.6115 -17.5 40.4503 15.8877 -17.5 40.4967 15.8526 -17.5 40.7752 15.6494 -17.5 41.4124 15.3105 -17.5 42.3745 14.9353 -17.5 42.6606 14.6872 -17.5 44.223 13.7251 -17.5 44.2988 13.5041 -17.5 44.5216 12.7629 -17.5 45.4715 11.8008 -17.5 46.2231 11.256 -17.5 50.8 11.166 -17.5 50.8 50.8 -17.5 1.07157e-015 50.8 -17.5 1.07157e-015 11.2716 -17.5 
38 39 0 -16.6
2 38 40 
1
211
1.01646e-015 11.2914 -16.6 0.040253 11.2569 -16.6 0.896594 11.2033 -16.6 1.0024 11.2009 -16.6 3.88882 11.2392 -16.6 4.74516 11.2839 -16.6 4.85097 11.2853 -16.6 5.5205 11.8008 -16.6 5.71498 12.6571 -16.6 5.74225 12.7629 -16.6 5.77549 12.8143 -16.6 5.81311 12.8874 -16.6 6.3836 13.6707 -16.6 6.42662 13.7251 -16.6 7.44192 14.7512 -16.6 7.7374 15.0393 -16.6 8.69954 15.3071 -16.6 9.23238 15.6367 -16.6 9.25437 15.6494 -16.6 9.31564 15.7552 -16.6 9.66168 16.48 -16.6 9.70069 16.6115 -16.6 9.71553 16.6529 -16.6 9.75514 16.7173 -16.6 10.2295 17.5736 -16.6 10.2757 17.6794 -16.6 10.6238 18.3599 -16.6 10.6871 18.5358 -16.6 10.6972 19.4979 -16.6 10.7093 19.5403 -16.6 10.7404 19.6037 -16.6 11.1163 20.4601 -16.6 12.0581 21.4222 -16.6 12.1358 22.2786 -16.6 12.1207 22.3844 -16.6 11.6002 22.6547 -16.6 11.586 22.6614 -16.6 8.69954 22.752 -16.6 8.59373 22.8049 -16.6 8.42516 22.9428 -16.6 7.82555 23.3465 -16.6 7.7374 23.5699 -16.6 7.49965 24.2028 -16.6 7.45387 24.3086 -16.6 6.81471 24.7641 -16.6 6.77525 24.7909 -16.6 6.66945 24.825 -16.6 5.81311 25.2539 -16.6 5.80262 25.2708 -16.6 5.81311 25.317 -16.6 5.83838 25.3924 -16.6 6.00386 26.2329 -16.6 6.77525 27.1612 -16.6 6.79527 27.1951 -16.6 6.81092 27.3408 -16.6 6.92642 28.1572 -16.6 9.66168 30.905 -16.6 10.0097 31.0436 -16.6 10.0307 31.0539 -16.6 10.518 31.1912 -16.6 10.6238 31.2268 -16.6 11.586 31.8325 -16.6 11.941 32.0058 -16.6 11.9516 32.0121 -16.6 12.4423 32.1814 -16.6 12.5481 32.225 -16.6 15.4345 32.2428 -16.6 16.3967 32.6653 -16.6 16.8233 32.9679 -16.6 16.9181 33.0243 -16.6 17.3588 33.2453 -16.6 21.2074 33.2571 -16.6 22.1695 33.0991 -16.6 22.2109 33.059 -16.6 23.1317 32.2999 -16.6 23.988 32.369 -16.6 24.0938 32.3816 -16.6 24.6479 32.9679 -16.6 24.741 33.8243 -16.6 24.7506 33.9301 -16.6 24.7564 34.8922 -16.6 25.056 35.2061 -16.6 26.0181 35.2332 -16.6 26.8745 35.2961 -16.6 26.9803 35.3004 -16.6 27.6069 35.8544 -16.6 27.7807 36.8165 -16.6 27.8246 36.8767 -16.6 27.9424 37.0727 -16.6 28.5038 37.733 -16.6 28.5445 37.7786 -16.6 29.4992 38.7408 -16.6 29.777 39.7029 -16.6 29.8129 39.7622 -16.6 29.8667 39.8741 -16.6 30.3738 40.6186 -16.6 30.4081 40.6651 -16.6 30.4796 40.7369 -16.6 30.8288 41.0674 -16.6 31.6852 41.2321 -16.6 31.791 41.2504 -16.6 32.3122 41.6115 -16.6 32.336 41.6272 -16.6 32.418 41.6955 -16.6 32.7531 42.0142 -16.6 33.7153 42.2455 -16.6 38.526 42.3052 -16.6 39.1082 42.5828 -16.6 39.1238 42.5894 -16.6 39.214 42.639 -16.6 39.4881 42.8253 -16.6 40.4503 43.3459 -16.6 40.9614 43.5515 -16.6 40.9624 43.5524 -16.6 41.3066 43.7492 -16.6 41.4124 43.7979 -16.6 42.3745 44.7727 -16.6 43.2309 44.7172 -16.6 43.3367 44.7315 -16.6 43.3708 44.6665 -16.6 43.4326 44.5136 -16.6 43.4803 44.4078 -16.6 43.9134 43.5515 -16.6 44.2749 42.7924 -16.6 44.2988 42.7505 -16.6 44.3303 42.6866 -16.6 44.3633 42.5894 -16.6 44.3445 41.6272 -16.6 44.315 41.5408 -16.6 44.2988 41.4746 -16.6 44.0273 40.6845 -16.6 44.0196 40.6651 -16.6 43.9464 40.5593 -16.6 43.3367 39.7247 -16.6 43.3254 39.7029 -16.6 43.3065 38.7408 -16.6 43.2914 38.6441 -16.6 43.289 38.635 -16.6 43.0974 37.7786 -16.6 43.0128 37.6728 -16.6 42.3745 36.9378 -16.6 42.2998 36.8165 -16.6 42.308 35.8544 -16.6 42.3745 35.3783 -16.6 42.3942 35.2895 -16.6 42.4519 34.998 -16.6 42.4652 34.8922 -16.6 43.3306 33.9301 -16.6 43.3367 33.8612 -16.6 43.4155 33.0737 -16.6 43.4218 32.9679 -16.6 44.2203 32.1116 -16.6 44.2433 32.0861 -16.6 44.2988 32.0285 -16.6 44.3182 32.0058 -16.6 44.2988 31.9832 -16.6 44.2934 31.976 -16.6 44.2196 31.9 -16.6 43.4156 31.0436 -16.6 43.4088 30.9378 -16.6 43.3207 30.0815 -16.6 43.2999 30.0515 -16.6 43.2279 29.9757 -16.6 42.4738 29.1194 -16.6 41.4124 28.0669 -16.6 40.4503 27.6824 -16.6 39.4881 27.6789 -16.6 38.6318 27.2373 -16.6 38.5407 27.1951 -16.6 38.526 27.1596 -16.6 38.5139 27.0893 -16.6 38.3012 26.2329 -16.6 38.2812 25.2708 -16.6 37.6337 24.3086 -16.6 37.9667 23.3465 -16.6 38.2686 22.3844 -16.6 38.2649 19.4979 -16.6 38.523 18.9165 -16.6 38.526 18.9088 -16.6 38.5756 18.8107 -16.6 38.7486 18.5358 -16.6 39.2798 17.5736 -16.6 39.4881 17.0359 -16.6 39.4916 17.0309 -16.6 39.6634 16.7173 -16.6 39.7086 16.6115 -16.6 40.4503 15.8774 -16.6 40.5293 15.8284 -16.6 40.7661 15.6494 -16.6 41.3856 15.3147 -16.6 41.4124 15.3017 -16.6 42.3745 14.9321 -16.6 42.4465 14.8805 -16.6 42.6686 14.6872 -16.6 43.3029 14.2975 -16.6 43.3367 14.2784 -16.6 43.4425 14.2269 -16.6 43.6533 14.0769 -16.6 44.2241 13.7251 -16.6 44.2988 13.5134 -16.6 44.4972 12.8687 -16.6 44.5255 12.7629 -16.6 45.261 12.0188 -16.6 45.3175 11.9696 -16.6 45.4843 11.8008 -16.6 46.1738 11.2982 -16.6 46.2231 11.2637 -16.6 47.0795 11.239 -16.6 50.8 11.1911 -16.6 50.8 50.8 -16.6 1.01646e-015 50.8 -16.6 
39 40 0 -15.7
1 39 
1
183
9.61347e-016 11.5426 -15.7 0.040253 11.508 -15.7 1.0024 11.4863 -15.7 4.85097 11.5315 -15.7 5.20418 11.8008 -15.7 5.45338 12.7629 -15.7 5.55179 12.8932 -15.7 5.81311 13.2972 -15.7 6.1513 13.7251 -15.7 7.7374 15.3232 -15.7 8.0872 15.4077 -15.7 8.69954 15.5759 -15.7 8.82681 15.6494 -15.7 8.88197 15.7338 -15.7 9.39021 16.6115 -15.7 9.4873 16.7554 -15.7 9.66168 17.0754 -15.7 9.96803 17.5736 -15.7 9.98979 17.6594 -15.7 10.3718 18.5358 -15.7 10.3797 19.4979 -15.7 10.4808 19.6727 -15.7 10.6238 19.9881 -15.7 10.8547 20.4601 -15.7 11.8009 21.4222 -15.7 11.6714 22.0761 -15.7 11.6273 22.3844 -15.7 11.586 22.4038 -15.7 8.69954 22.4685 -15.7 8.57562 22.4943 -15.7 7.7374 22.914 -15.7 7.66261 23.0198 -15.7 7.49015 23.3465 -15.7 7.41298 23.5171 -15.7 7.07047 24.3086 -15.7 6.77525 24.5088 -15.7 6.66099 24.523 -15.7 5.81311 24.7966 -15.7 5.73613 24.8951 -15.7 5.50261 25.2708 -15.7 5.50453 25.3452 -15.7 5.70281 26.2329 -15.7 5.81311 26.3466 -15.7 6.49313 27.1951 -15.7 6.49413 27.27 -15.7 6.6289 28.1572 -15.7 6.70404 28.2345 -15.7 6.77525 28.3103 -15.7 9.66168 31.2079 -15.7 9.75097 31.2176 -15.7 10.6238 31.5113 -15.7 11.4274 32.0058 -15.7 11.5157 32.0828 -15.7 11.586 32.1357 -15.7 11.6787 32.1503 -15.7 12.5481 32.5087 -15.7 15.4345 32.5269 -15.7 16.3967 32.9402 -15.7 16.4347 32.9679 -15.7 16.5885 33.0706 -15.7 17.3588 33.5287 -15.7 21.2074 33.5373 -15.7 21.3042 33.5336 -15.7 22.1695 33.3923 -15.7 22.6073 32.9679 -15.7 23.1317 32.5458 -15.7 24.0938 32.661 -15.7 24.3852 32.9679 -15.7 24.4733 33.9301 -15.7 24.4778 34.8922 -15.7 25.056 35.4978 -15.7 25.1695 35.4976 -15.7 26.0181 35.5131 -15.7 26.9803 35.5524 -15.7 27.3233 35.8544 -15.7 27.4925 36.8165 -15.7 27.5967 36.9445 -15.7 27.9424 37.4193 -15.7 28.2628 37.7786 -15.7 29.2181 38.7408 -15.7 29.2363 38.8233 -15.7 29.4865 39.7029 -15.7 29.5917 39.8523 -15.7 29.8667 40.3081 -15.7 30.1306 40.6651 -15.7 30.8288 41.3669 -15.7 31.1133 41.4094 -15.7 31.791 41.5268 -15.7 31.9437 41.6272 -15.7 32.7531 42.298 -15.7 33.1272 42.3809 -15.7 33.7153 42.5237 -15.7 38.526 42.5705 -15.7 38.5708 42.5894 -15.7 38.7664 42.7045 -15.7 40.324 43.5515 -15.7 40.4388 43.6409 -15.7 40.4503 43.6481 -15.7 40.5708 43.6789 -15.7 41.4124 44.0661 -15.7 42.3745 45.0379 -15.7 42.6115 45.0979 -15.7 43.3367 45.1961 -15.7 43.438 45.0424 -15.7 43.7156 44.5136 -15.7 43.807 44.2773 -15.7 44.1347 43.5515 -15.7 44.2988 43.2638 -15.7 44.391 43.1144 -15.7 44.65 42.5894 -15.7 44.6317 41.6272 -15.7 44.3879 40.9843 -15.7 44.2988 40.7236 -15.7 44.2754 40.6651 -15.7 44.2348 40.5775 -15.7 43.6297 39.7029 -15.7 43.6126 38.7408 -15.7 43.382 37.8239 -15.7 43.3798 37.7355 -15.7 43.3367 37.7339 -15.7 43.3164 37.6944 -15.7 42.6145 36.8165 -15.7 42.6236 35.8544 -15.7 42.7438 34.8922 -15.7 43.3367 34.2804 -15.7 43.426 34.1838 -15.7 43.6436 33.9301 -15.7 43.6522 33.8293 -15.7 43.7037 32.9679 -15.7 44.2988 32.3499 -15.7 44.386 32.253 -15.7 44.5974 32.0058 -15.7 44.5072 31.9065 -15.7 44.2988 31.6634 -15.7 43.697 31.0436 -15.7 43.6889 30.9559 -15.7 43.6324 30.0815 -15.7 43.5419 29.9818 -15.7 43.3367 29.7371 -15.7 42.7499 29.1194 -15.7 41.4124 27.7897 -15.7 41.2495 27.7448 -15.7 40.4503 27.4166 -15.7 39.4881 27.4134 -15.7 39.016 27.1951 -15.7 38.6811 26.388 -15.7 38.6049 26.2329 -15.7 38.5786 25.2182 -15.7 38.526 25.2081 -15.7 38.5127 25.1761 -15.7 37.9195 24.3086 -15.7 37.9574 24.1597 -15.7 38.2461 23.3465 -15.7 38.526 22.4581 -15.7 38.5637 22.3844 -15.7 38.5546 19.4979 -15.7 38.5661 19.4578 -15.7 38.635 19.327 -15.7 39.0345 18.5358 -15.7 39.4881 17.7308 -15.7 39.57 17.6234 -15.7 39.5992 17.5736 -15.7 39.6286 17.4614 -15.7 39.9918 16.6115 -15.7 40.4503 16.1557 -15.7 41.2551 15.6494 -15.7 41.4124 15.5726 -15.7 41.5264 15.5447 -15.7 42.3745 15.2148 -15.7 43.1046 14.6872 -15.7 43.3367 14.5554 -15.7 43.4497 14.5332 -15.7 44.2988 14.1203 -15.7 44.3777 14.0187 -15.7 44.558 13.7251 -15.7 44.5817 13.6164 -15.7 44.8094 12.7629 -15.7 45.261 12.3064 -15.7 45.8388 11.8008 -15.7 46.2231 11.5315 -15.7 50.8 11.478 -15.7 50.8 50.8 -15.7 9.61348e-016 50.8 -15.7 
