18
0
7
33
15.0519 11.2246 -32.8295 17.6914 11.3592 -32.8295 17.9867 11.3876 -32.8295 18.6707 11.4723 -32.8295 18.966 11.4937 -32.8295 19.6502 11.4402 -32.8295 19.9455 11.4952 -32.8295 20.092 11.6474 -32.8295 20.3919 11.9341 -32.8295 20.6296 12.4448 -32.8295 20.673 12.4966 -32.8295 20.6858 12.5247 -32.8295 20.8891 12.8754 -32.8295 20.908 12.9135 -32.8295 20.8727 13.2088 -32.8295 20.7343 13.8929 -32.8295 20.6296 14.3065 -32.8295 20.5283 14.8723 -32.8295 20.4694 15.2317 -32.8295 20.2878 15 -32.8295 20.3673 14.5453 -32.8295 20.4302 14 -32.8295 20.5203 13.4674 -32.8295 20.5703 13 -32.8295 20.2779 12.4161 -32.8295 20.1467 12 -32.8295 20 11.7407 -32.8295 19.6918 11.8344 -32.8295 19 11.6331 -32.8295 18 11.5038 -32.8295 17 11.4271 -32.8295 16 11.377 -32.8295 15.176 11.3486 -32.8295 
14
19.4743 18 -32.8295 19.6316 18.2547 -32.8295 19.6502 18.1784 -32.8295 19.7904 17.8105 -32.8295 19.7917 17.8043 -32.8295 19.9455 17.4965 -32.8295 19.9886 17.19 -32.8295 20.2907 16.1902 -32.8295 20.3261 15.9195 -32.8295 20.3079 16 -32.8295 20.0489 16.88 -32.8295 20.0176 17 -32.8295 20 17.0588 -32.8295 19.5577 17.7153 -32.8295 
23
39.5537 22.4999 -32.8295 39.5113 22.6253 -32.8295 39.8331 22 -32.8295 40 21.7561 -32.8295 40.4292 21.3709 -32.8295 40.5946 21 -32.8295 40.6742 20.4587 -32.8295 40.7711 20 -32.8295 40.8504 19.2997 -32.8295 40.8894 19 -32.8295 40.9638 18.0981 -32.8295 40.9738 18 -32.8295 40.9339 17.8798 -32.8295 40.6736 18.4946 -32.8295 40.6365 18.7899 -32.8295 40.5277 19.474 -32.8295 40.5105 19.5981 -32.8295 40.4924 19.7693 -32.8295 40.3825 20.4111 -32.8295 40.3323 20.7487 -32.8295 40.2176 21.1082 -32.8295 40.1857 21.1951 -32.8295 39.9156 21.7281 -32.8295 
10
39.4824 22.7158 -32.8295 39.5998 23 -32.8295 39.646 23.5305 -32.8295 39.6488 24 -32.8295 39.9122 24.5263 -32.8295 39.8924 25 -32.8295 39.9609 25.1369 -32.8295 39.7163 24.6663 -32.8295 39.4034 23.6869 -32.8295 39.4152 23.2392 -32.8295 
23
31.8771 33.8986 -32.8295 32.3824 34.1174 -32.8295 32.6777 34.2007 -32.8295 33.3618 34.2777 -32.8295 34.1083 34.3064 -32.8295 34.3412 34.3216 -32.8295 35.3206 34.2758 -32.8295 35.3336 34.2725 -32.8295 36.0047 34.1227 -32.8295 36.3 34.0641 -32.8295 36.3264 34.0566 -32.8295 36 34.3944 -32.8295 35.7635 34.4425 -32.8295 35.7599 34.4433 -32.8295 35.3807 34.5205 -32.8295 35 34.5624 -32.8295 34.4348 34.5817 -32.8295 34 34.5882 -32.8295 33.4436 34.5808 -32.8295 33 34.5579 -32.8295 32.6209 34.4132 -32.8295 32.0786 34 -32.8295 32 33.9584 -32.8295 
38
41.2722 11.9341 -32.8295 41.3754 12.2294 -32.8295 41.5702 12.9135 -32.8295 41.6045 13.2088 -32.8295 41.7957 13.8929 -32.8295 41.5556 14.8723 -32.8295 41.3498 15.5564 -32.8295 41.339 15.5895 -32.8295 41.1723 16.1927 -32.8295 41.045 16.5358 -32.8295 40.9455 16.8311 -32.8295 40.9396 16.8759 -32.8295 41 16.6816 -32.8295 41.4164 16.2726 -32.8295 41.5065 16 -32.8295 41.6587 15.4036 -32.8295 41.8029 15 -32.8295 42 14.389 -32.8295 42.1784 14 -32.8295 42.1667 13.8333 -32.8295 42 13.5152 -32.8295 41.9562 13.3141 -32.8295 41.8665 13 -32.8295 41.7323 12.6297 -32.8295 41.4131 12 -32.8295 42 11.7102 -32.8295 43 11.5492 -32.8295 44 11.4561 -32.8295 45 11.398 -32.8295 45.8223 11.3659 -32.8295 45.9481 11.2401 -32.8295 45.1147 11.2712 -32.8295 44.1352 11.3247 -32.8295 43.1558 11.4105 -32.8295 42.4717 11.529 -32.8295 42.1764 11.5712 -32.8295 41.8811 11.6649 -32.8295 41.3265 11.9077 -32.8295 
26
40.2515 25.6748 -32.8295 40.3414 25.941 -32.8295 40.6622 26.6251 -32.8295 40.729 26.9205 -32.8295 40.9386 27.6045 -32.8295 41.0052 28.3444 -32.8295 41.0323 28.5839 -32.8295 41.0097 28.8375 -32.8295 40.9991 29.5633 -32.8295 40.8975 30.2474 -32.8295 40.839 30.5427 -32.8295 40.4967 31.2661 -32.8295 40.4443 31.3904 -32.8295 40.7349 31 -32.8295 41 30.1517 -32.8295 41.2059 30 -32.8295 41.2112 29.7888 -32.8295 41.3555 29.1 -32.8295 41.3595 29 -32.8295 41.3432 28 -32.8295 41.3172 27.6827 -32.8295 41 27.6991 -32.8295 40.9983 27.691 -32.8295 40.8109 27 -32.8295 40.8561 26.5259 -32.8295 40.6495 26 -32.8295 
0
0
2
12
29.0665 33.8486 -30.1295 29.2179 34 -30.1295 29.9073 34.4734 -30.1295 30 34.5394 -30.1295 31 34.6532 -30.1295 31.1295 34.6729 -30.1295 31.4 34.7204 -30.1295 31.1451 34.6112 -30.1295 30.7202 34.4604 -30.1295 30.6993 34.452 -30.1295 29.9777 34.1373 -30.1295 29.4442 33.9455 -30.1295 
15
32.5875 35 -30.1295 32.0298 34.8556 -30.1295 32.0271 34.8528 -30.1295 32.3824 34.9176 -30.1295 32.916 35.0044 -30.1295 33.3618 35.0657 -30.1295 33.8953 35.0642 -30.1295 34.3412 35.1456 -30.1295 34.8747 35.122 -30.1295 34.938 35.1119 -30.1295 34.1296 35.5138 -30.1295 34 35.5151 -30.1295 33.1296 35.161 -30.1295 33 35.1598 -30.1295 32.9002 35.0978 -30.1295 
0
0
1
13
15.5221 22.918 -27.4296 15.2268 23.4793 -27.4296 15.0424 23.6869 -27.4296 14.7535 24.4875 -27.4296 14.7531 24.4885 -27.4296 14.7019 24.6663 -27.4296 14.6936 24.6898 -27.4296 14.4446 25.3478 -27.4296 14.488 25 -27.4296 14.5315 24.4296 -27.4296 14.5705 24 -27.4296 15 23.4537 -27.4296 15.4537 23 -27.4296 
0
4
29
15.3426 12.0025 -25.6295 15.4318 12.6295 -25.6295 15.6734 13 -25.6295 15.6773 13.0139 -25.6295 16 13.4216 -25.6295 16.2218 13.6434 -25.6295 16.3026 14 -25.6295 16.3439 14.6295 -25.6295 16.4458 15 -25.6295 16.4536 15.6295 -25.6295 16.486 16.6295 -25.6295 16.5134 17 -25.6295 16.5316 17.6295 -25.6295 16.5715 18 -25.6295 16.5878 18.6295 -25.6295 16.6286 19 -25.6295 16.8685 19.5479 -25.6295 16.9295 18.8622 -25.6295 16.9327 18.7899 -25.6295 16.8336 17.8691 -25.6295 16.8284 17.8105 -25.6295 16.7267 16.8311 -25.6295 16.6584 15.8028 -25.6295 16.5908 14.8723 -25.6295 16.5764 14.8234 -25.6295 16.4193 13.8929 -25.6295 16.0619 12.9135 -25.6295 16.061 12.9118 -25.6295 15.7325 12.3903 -25.6295 
20
45.655 11.7107 -25.6295 45.3657 12 -25.6295 45.4189 12.6295 -25.6295 45.5276 13 -25.6295 45.6059 13.6295 -25.6295 45.709 14 -25.6295 45.7046 14.6295 -25.6295 45.5837 15 -25.6295 45.2996 15.4856 -25.6295 45.4675 14.8234 -25.6295 45.5893 13.8929 -25.6295 45.5765 13.844 -25.6295 45.2697 12.9135 -25.6295 45.2618 12.8646 -25.6295 45.2127 12.6178 -25.6295 45.1147 12.0456 -25.6295 45.0923 11.9341 -25.6295 45.1147 11.9151 -25.6295 45.1284 11.9083 -25.6295 45.1636 11.8921 -25.6295 
14
45.119 16.2814 -25.6295 45.1556 16.1128 -25.6295 45.362 16.6295 -25.6295 45.4946 17 -25.6295 45.1866 17.4508 -25.6295 45 17.7567 -25.6295 44.9175 17.8213 -25.6295 44.7388 18 -25.6295 44.6694 18.6295 -25.6295 44.5869 19 -25.6295 44.3517 19.4805 -25.6295 44.7019 17.8105 -25.6295 44.9769 16.88 -25.6295 44.9957 16.8311 -25.6295 
16
44.4154 20.6295 -25.6295 44.21 20.094 -25.6295 44.0446 20.7487 -25.6295 44.0334 20.7778 -25.6295 44.0334 20.778 -25.6295 44.0259 20.7976 -25.6295 43.7653 21.7281 -25.6295 43.1891 22.5984 -25.6295 43.1558 22.6463 -25.6295 43.1069 22.7075 -25.6295 43.0217 22.8192 -25.6295 43.7511 22 -25.6295 43.8966 21.8545 -25.6295 44 21.4856 -25.6295 44.0004 21.4841 -25.6295 44.3151 21 -25.6295 
0
1
28
6.93745 41.6532 -23.8295 7.02784 41.685 -23.8295 7.89732 42.1076 -23.8295 8.00727 42.1005 -23.8295 8.87672 41.9997 -23.8295 8.98667 42.0322 -23.8295 9.85612 42.0272 -23.8295 9.96607 42.0331 -23.8295 10.8355 42.1036 -23.8295 10.9454 42.0989 -23.8295 11.9248 42.0257 -23.8295 12.7943 41.8296 -23.8295 12.9042 41.8216 -23.8295 12.9439 41.8147 -23.8295 12.7586 42 -23.8295 12.1118 42.4102 -23.8295 12 42.5096 -23.8295 11 42.5277 -23.8295 10.8295 42.5169 -23.8295 10 42.5453 -23.8295 9.82955 42.5093 -23.8295 9 42.6336 -23.8295 8.82956 42.6037 -23.8295 8 42.1503 -23.8295 7.6751 42.0249 -23.8295 7.59494 42 -23.8295 7.50466 41.9448 -23.8295 7 41.7276 -23.8295 
1
21
9.66677 42.1958 -22.9296 9.85612 42.1947 -22.9296 10.0455 42.2101 -22.9296 10.6737 42.2956 -22.9296 10.8355 42.3204 -22.9296 11.6913 42.274 -22.9296 11.8149 42.2648 -22.9296 11.8523 42.2484 -22.9296 12.605 41.8887 -22.9296 12.7943 41.846 -22.9296 12.8175 41.8419 -22.9296 12.6595 42 -22.9296 12.0496 42.5421 -22.9296 12 42.5878 -22.9296 11.9295 42.585 -22.9296 11 42.5963 -22.9296 10.9295 42.5737 -22.9296 10 42.5148 -22.9296 9.0729 42.3193 -22.9296 9.19275 42.2956 -22.9296 9.4082 42.2483 -22.9296 
0
0
0
0
1
23
5.41957 32.1457 -18.4296 5.56528 32 -18.4296 5.84912 31.7812 -18.4296 6 31.688 -18.4296 6.42955 31.6527 -18.4296 6.94816 31.5114 -18.4296 6.94834 31.5113 -18.4296 7 31.4972 -18.4296 7.42952 31.4486 -18.4296 7.66864 31.4173 -18.4296 7.50446 31.461 -18.4296 6.91806 31.6362 -18.4296 6.52486 31.7763 -18.4296 5.93851 32.0141 -18.4296 5.67232 32.267 -18.4296 5.43428 32.5016 -18.4296 5.11989 33.0879 -18.4296 5.05405 33.1868 -18.4296 4.95911 33.3204 -18.4296 4.93886 33.3524 -18.4296 4.77111 33 -18.4296 4.97976 32.7162 -18.4296 5 32.6738 -18.4296 
