92
0 1 0 1 1 2 1 2 1 3 1 3 2 4 2 4 2 5 2 5 3 6 3 6 4 7 4 7 5 8 5 8 6 9 6 9 7 10 7 10 8 11 8 11 9 12 9 12 10 13 10 13 11 14 11 14 12 15 12 15 14 16 14 16 16 17 16 17 17 18 17 18 18 19 18 19 19 20 19 20 20 21 20 21 21 22 21 22 22 23 22 23 
18
0 
0 
1 0 
1 1 
2 2 3 
3 4 5 6 
3 7 8 9 
3 10 11 12 
3 13 14 15 
1 16 
1 17 
1 18 
1 19 
1 20 
1 21 
1 22 
1 23 
0 
24
2 0 0 -31.9295
1 1 
1
282
15.0568 11.2324 -31.9296 15.7325 11.2519 -31.9296 16.712 11.2973 -31.9296 17.6914 11.3729 -31.9296 18.0661 11.4192 -31.9296 18.6707 11.5041 -31.9296 19.0455 11.4747 -31.9296 19.6502 11.5896 -31.9296 19.8592 11.7895 -31.9296 20.0297 11.9341 -31.9296 20.2774 12.5388 -31.9296 20.4507 12.9135 -31.9296 20.4431 12.973 -31.9296 20.3032 13.8929 -31.9296 20.2343 14.2676 -31.9296 20.0111 14.8723 -31.9296 19.9276 15.247 -31.9296 19.868 15.8517 -31.9296 19.7552 16.2264 -31.9296 19.6743 16.4778 -31.9296 19.6502 16.5628 -31.9296 19.5687 16.8311 -31.9296 19.5107 17.0409 -31.9296 19.4574 17.2058 -31.9296 19.219 17.8105 -31.9296 19.0957 18.1852 -31.9296 18.8697 18.7899 -31.9296 18.7733 19.1646 -31.9296 18.6712 19.3849 -31.9296 18.533 19.7693 -31.9296 18.4615 20.1648 -31.9296 18.2496 20.7487 -31.9296 18.0869 21.0902 -31.9296 18.0661 21.1452 -31.9296 17.7753 21.6538 -31.9296 17.7392 21.7281 -31.9296 17.6914 21.8141 -31.9296 17.5619 22.1092 -31.9296 17.2024 22.7075 -31.9296 17.0931 22.8989 -31.9296 17.0868 22.9117 -31.9296 16.712 23.4769 -31.9296 16.5932 23.6869 -31.9296 16.4794 23.9578 -31.9296 15.9231 25.0411 -31.9296 15.7694 25.2836 -31.9296 15.5864 25.6457 -31.9296 15.4886 25.9071 -31.9296 15.1145 26.6251 -31.9296 14.8292 27.6045 -31.9296 14.8017 28.4957 -31.9296 14.7958 28.5839 -31.9296 14.8485 29.3662 -31.9296 14.8931 29.5628 -31.9296 14.8932 29.5633 -31.9296 14.9502 29.7342 -31.9296 14.9615 29.7717 -31.9296 15.1442 30.4575 -31.9296 15.164 30.5427 -31.9296 15.4811 31.262 -31.9296 15.5232 31.5222 -31.9296 15.7325 31.9545 -31.9296 16.3633 32.5016 -31.9296 16.5142 32.5975 -31.9296 16.712 32.6876 -31.9296 16.9657 32.7553 -31.9296 17.6914 33.0602 -31.9296 18.0377 33.1347 -31.9296 18.6707 33.1753 -31.9296 19.4427 33.2735 -31.9296 19.6502 33.3069 -31.9296 19.8428 33.2884 -31.9296 20.6296 33.1662 -31.9296 21.0698 33.0408 -31.9296 21.609 32.8761 -31.9296 22.4074 32.6529 -31.9296 22.5884 32.5984 -31.9296 22.852 32.5016 -31.9296 23.2973 32.3239 -31.9296 23.5678 32.2622 -31.9296 24.2647 32.2516 -31.9296 24.5472 32.2654 -31.9296 25.4078 32.4023 -31.9296 25.5266 32.4396 -31.9296 25.7711 32.5016 -31.9296 27.8601 32.9829 -31.9296 28.4648 33.1139 -31.9296 28.8396 33.2307 -31.9296 29.4442 33.388 -31.9296 29.6526 33.481 -31.9296 29.8209 33.5481 -31.9296 30.426 33.7996 -31.9296 30.7983 33.9768 -31.9296 31.7778 34.4017 -31.9296 31.9095 34.4421 -31.9296 31.9753 34.4604 -31.9296 32.3824 34.5647 -31.9296 32.7571 34.5986 -31.9296 33.3618 34.6794 -31.9296 33.7365 34.6908 -31.9296 34.3412 34.7329 -31.9296 34.716 34.7182 -31.9296 35.3206 34.6758 -31.9296 35.9253 34.582 -31.9296 36.3 34.5044 -31.9296 36.4421 34.4604 -31.9296 36.6873 34.3784 -31.9296 36.9047 34.3105 -31.9296 37.1725 34.2342 -31.9296 37.1729 34.2341 -31.9296 37.2794 34.2038 -31.9296 38.2588 33.8333 -31.9296 38.8392 33.481 -31.9296 39.2382 33.2086 -31.9296 40.0507 32.5016 -31.9296 40.2176 32.3335 -31.9296 40.2299 32.3188 -31.9296 40.8735 31.5222 -31.9296 41.0508 31.1474 -31.9296 41.197 30.8163 -31.9296 41.3052 30.5427 -31.9296 41.3545 30.1679 -31.9296 41.4556 29.5633 -31.9296 41.4208 28.9586 -31.9296 41.4243 28.5839 -31.9296 41.3036 27.9792 -31.9296 41.2711 27.6045 -31.9296 40.9753 26.6251 -31.9296 40.7401 26.0204 -31.9296 40.5643 25.6457 -31.9296 40.0871 24.7393 -31.9296 40.0434 24.6663 -31.9296 39.7759 24.0616 -31.9296 39.6564 23.6869 -31.9296 39.7972 23.0822 -31.9296 39.8453 22.7075 -31.9296 40.2176 21.8983 -31.9296 40.29 21.7281 -31.9296 40.4106 21.3533 -31.9296 40.548 20.7487 -31.9296 40.6158 20.144 -31.9296 40.68 19.7693 -31.9296 40.8721 19.1646 -31.9296 40.9317 18.7899 -31.9296 41.0864 18.4231 -31.9296 41.197 18.2545 -31.9296 41.41 17.8185 -31.9296 41.4137 17.8105 -31.9296 41.3216 17.2058 -31.9296 41.293 16.8311 -31.9296 41.3957 16.4564 -31.9296 41.6069 15.247 -31.9296 41.7197 14.8723 -31.9296 41.8073 14.2676 -31.9296 41.8991 13.8929 -31.9296 41.8122 13.2882 -31.9296 41.7075 12.9135 -31.9296 41.5878 12.3088 -31.9296 41.4811 11.9341 -31.9296 41.7849 11.8011 -31.9296 42.1764 11.5745 -31.9296 43.1558 11.4096 -31.9296 44.1352 11.3235 -31.9296 45.1147 11.27 -31.9296 45.9474 11.239 -31.9296 45.1864 12 -31.9296 45.1794 17 -31.9296 45.0127 17.1933 -31.9296 45 17.2076 -31.9296 44.2076 18 -31.9296 44.1863 21 -31.9296 44 21.2172 -31.9296 43.2172 22 -31.9296 43 22.2491 -31.9296 42.2491 23 -31.9296 42.2545 24 -31.9296 42.3781 27 -31.9296 42.3926 27.9296 -31.9296 42.3955 28 -31.9296 42.4048 28.9296 -31.9296 42.4077 29 -31.9296 42.3951 30 -31.9296 42.0307 30.5325 -31.9296 42 30.5816 -31.9296 41.5816 31 -31.9296 41.4839 31.9296 -31.9296 41.4706 32 -31.9296 41.0357 32.4717 -31.9296 41 32.5122 -31.9296 40.5122 33 -31.9296 40 33.4848 -31.9296 39.4848 34 -31.9296 39.038 34.4067 -31.9296 39 34.4388 -31.9296 38.9296 34.4469 -31.9296 38 34.5213 -31.9296 37.9296 34.5314 -31.9296 37 34.6065 -31.9296 36.9296 34.6177 -31.9296 36 34.7205 -31.9296 35.7205 35 -31.9296 35.0616 35.417 -31.9296 35 35.4507 -31.9296 34.9296 35.4514 -31.9296 33 35.4312 -31.9296 32.3041 35 -31.9296 32 34.6959 -31.9296 31.9296 34.6852 -31.9296 30 34.4715 -31.9296 29.448 34.0359 -31.9296 29.3976 34 -31.9296 29 33.6024 -31.9296 28.9296 33.5992 -31.9296 25.9296 33.4428 -31.9296 25 33.4113 -31.9296 24.4113 34 -31.9296 24 34.3301 -31.9296 23.9296 34.3346 -31.9296 23 34.3701 -31.9296 22.3701 35 -31.9296 22 35.3255 -31.9296 21.3255 36 -31.9296 21 36.2957 -31.9296 20.2957 37 -31.9296 20 37.2754 -31.9296 19.2754 38 -31.9296 19 38.2585 -31.9296 18.2585 39 -31.9296 18 39.2434 -31.9296 17 39.2635 -31.9296 16.2636 40 -31.9296 16.0228 40.2214 -31.9296 16 40.2418 -31.9296 15.2418 41 -31.9296 15 41.2114 -31.9296 13 41.2058 -31.9296 12.2058 42 -31.9296 12.0173 42.1657 -31.9296 12 42.1803 -31.9296 8 42.1441 -31.9296 7 41.1458 -31.9296 6.85922 41 -31.9296 6.85588 40 -31.9296 6 39.1441 -31.9296 5.86739 39 -31.9296 5.87141 35 -31.9296 5 34.1286 -31.9296 4.88163 34 -31.9296 4.88346 33 -31.9296 5 32.8801 -31.9296 5.88009 32 -31.9296 5.99073 31.8847 -31.9296 6 31.8755 -31.9296 11 31.7456 -31.9296 11.7456 31 -31.9296 12 30.7031 -31.9296 12.7031 30 -31.9296 12.7051 29.9296 -31.9296 12.7107 29 -31.9296 13 28.6054 -31.9296 13.6055 28 -31.9296 13.9686 27.4389 -31.9296 14 27.3921 -31.9296 14.3921 27 -31.9296 14.5169 26 -31.9296 14.5247 25.9296 -31.9296 14.6055 25 -31.9296 14.6658 24 -31.9296 14.9737 23.6443 -31.9296 15 23.6098 -31.9296 15.6098 23 -31.9296 15.9655 22.5968 -31.9296 16 22.5562 -31.9296 16.5562 22 -31.9296 16.5665 21.9296 -31.9296 16.6289 21 -31.9296 16.6353 20.9296 -31.9296 16.8038 14 -31.9296 16 13.1962 -31.9296 15.8436 13.0138 -31.9296 15.8308 13 -31.9296 15.8243 12 -31.9296 
3 1 0 -31.0295
3 0 2 3 
1
304
15.0606 11.245 -31.0295 15.7325 11.2604 -31.0295 16.712 11.3019 -31.0295 17.1661 11.3381 -31.0295 17.6914 11.3706 -31.0295 18.1455 11.4343 -31.0295 18.6707 11.4973 -31.0295 19.1249 11.5836 -31.0295 19.6502 11.7281 -31.0295 19.7782 11.8368 -31.0295 19.9265 11.9341 -31.0295 20.1126 12.3882 -31.0295 20.3054 12.9135 -31.0295 20.2346 13.3676 -31.0295 20.1686 13.8929 -31.0295 20.001 14.347 -31.0295 19.6685 14.8723 -31.0295 19.6767 15.6928 -31.0295 19.661 15.8517 -31.0295 19.5244 16.3058 -31.0295 19.3503 16.8311 -31.0295 19.1713 17.2852 -31.0295 18.8878 17.8105 -31.0295 18.7172 18.2669 -31.0295 18.6707 18.3782 -31.0295 18.5371 18.7917 -31.0295 18.3743 19.244 -31.0295 18.2188 19.7693 -31.0295 18.0539 20.2234 -31.0295 17.8957 20.7487 -31.0295 17.7691 21.0144 -31.0295 17.6914 21.1616 -31.0295 17.4269 21.5396 -31.0295 17.3286 21.7281 -31.0295 17.0557 22.1822 -31.0295 16.8658 22.3978 -31.0295 16.712 22.5617 -31.0295 16.5826 22.7075 -31.0295 16.4926 22.8528 -31.0295 16.3179 23.1616 -31.0295 15.809 24.1411 -31.0295 15.7325 24.3238 -31.0295 15.6049 24.6663 -31.0295 15.5633 24.7563 -31.0295 15.3801 25.1204 -31.0295 15.1445 25.6457 -31.0295 14.907 26.0998 -31.0295 14.7531 26.4189 -31.0295 14.6628 26.6251 -31.0295 14.5623 27.0793 -31.0295 14.4228 27.6045 -31.0295 14.4036 28.0586 -31.0295 14.3401 28.5839 -31.0295 14.3514 29.038 -31.0295 14.2824 29.5633 -31.0295 14.1952 30.0886 -31.0295 14.2874 30.5427 -31.0295 14.1921 31.1037 -31.0295 14.231 31.5222 -31.0295 14.1107 32.1646 -31.0295 14.1574 32.5016 -31.0295 14.2008 33.0539 -31.0295 14.408 33.481 -31.0295 14.4864 33.7477 -31.0295 14.7531 33.9774 -31.0295 15.0508 34.1627 -31.0295 15.5829 34.4604 -31.0295 15.6731 34.5198 -31.0295 15.7325 34.5576 -31.0295 16.3963 34.7761 -31.0295 16.712 34.7916 -31.0295 17.5084 34.6434 -31.0295 17.6914 34.5781 -31.0295 18.4563 34.4604 -31.0295 18.6457 34.4397 -31.0295 18.6707 34.4407 -31.0295 18.9297 34.4604 -31.0295 19.5741 34.5267 -31.0295 19.6502 34.5237 -31.0295 19.8686 34.4604 -31.0295 20.4314 34.3277 -31.0295 20.6296 34.2924 -31.0295 20.7232 34.2622 -31.0295 21.3158 34.0063 -31.0295 21.563 33.9324 -31.0295 21.609 33.913 -31.0295 22.4322 33.6305 -31.0295 22.7744 33.481 -31.0295 23.1646 33.2934 -31.0295 23.6788 33.0945 -31.0295 24.0931 32.957 -31.0295 24.5472 32.9353 -31.0295 25.0013 32.9773 -31.0295 25.5266 32.9553 -31.0295 25.9807 33.0604 -31.0295 26.506 33.1583 -31.0295 26.9601 33.2593 -31.0295 27.4854 33.3536 -31.0295 28.281 33.481 -31.0295 28.3323 33.4881 -31.0295 28.4648 33.4993 -31.0295 28.7107 33.5535 -31.0295 28.9189 33.604 -31.0295 29.4442 33.7494 -31.0295 29.8983 33.9382 -31.0295 30.4236 34.127 -31.0295 31.403 34.5523 -31.0295 31.8571 34.6692 -31.0295 32.3824 34.7821 -31.0295 32.8365 34.8428 -31.0295 33.3618 34.9283 -31.0295 33.8159 34.9599 -31.0295 34.3412 34.9584 -31.0295 34.7953 34.9265 -31.0295 35.3206 34.9033 -31.0295 35.7747 34.8329 -31.0295 36.2969 34.7707 -31.0295 36.3 34.7703 -31.0295 36.3013 34.7701 -31.0295 36.8252 34.634 -31.0295 37.2794 34.4918 -31.0295 37.4483 34.4094 -31.0295 37.8046 34.2297 -31.0295 38.2588 34.0599 -31.0295 38.784 33.7721 -31.0295 39.2382 33.4959 -31.0295 39.2607 33.481 -31.0295 39.3253 33.4322 -31.0295 39.7635 33.0747 -31.0295 40.2176 32.6784 -31.0295 40.3773 32.5107 -31.0295 40.3866 32.5016 -31.0295 40.7551 32.0475 -31.0295 41.161 31.5222 -31.0295 41.197 31.4419 -31.0295 41.2343 31.3521 -31.0295 41.3467 31.068 -31.0295 41.507 30.5427 -31.0295 41.6679 29.5633 -31.0295 41.6605 29.038 -31.0295 41.6344 28.5839 -31.0295 41.5621 28.0586 -31.0295 41.4715 27.6045 -31.0295 41.2686 27.1662 -31.0295 41.1329 26.712 -31.0295 40.8089 26.0998 -31.0295 40.6322 25.6457 -31.0295 40.4784 25.1204 -31.0295 40.2293 24.6663 -31.0295 40.2176 24.6515 -31.0295 40.1848 24.6062 -31.0295 39.8942 24.1411 -31.0295 39.6933 23.6869 -31.0295 39.8629 23.1616 -31.0295 39.9687 22.7075 -31.0295 40.0967 22.4242 -31.0295 40.2176 22.2436 -31.0295 40.3855 21.8989 -31.0295 40.4582 21.7281 -31.0295 40.4908 21.2029 -31.0295 40.594 20.7487 -31.0295 40.6157 20.2234 -31.0295 40.6666 19.7693 -31.0295 40.8139 19.244 -31.0295 40.9582 18.7899 -31.0295 41.0413 18.6633 -31.0295 41.197 18.4383 -31.0295 41.5071 17.8105 -31.0295 41.5062 17.2852 -31.0295 41.4371 16.8311 -31.0295 41.4621 16.3058 -31.0295 41.5416 15.8517 -31.0295 41.5736 15.3264 -31.0295 41.6527 14.8723 -31.0295 41.6843 14.347 -31.0295 41.7501 13.8929 -31.0295 41.7196 13.3676 -31.0295 41.6543 12.9135 -31.0295 41.6651 12.3882 -31.0295 41.5752 11.9341 -31.0295 41.8693 11.7639 -31.0295 42.1764 11.5251 -31.0295 42.6306 11.45 -31.0295 43.1558 11.3851 -31.0295 43.61 11.3463 -31.0295 44.5894 11.292 -31.0295 45.939 11.2449 -31.0295 45.1841 12 -31.0295 45.1796 17 -31.0295 45.1743 17.0061 -31.0295 45 17.2018 -31.0295 44.2018 18 -31.0295 44.1895 21 -31.0295 44 21.2162 -31.0295 43.2162 22 -31.0295 43 22.2451 -31.0295 42.2451 23 -31.0295 42.2482 24 -31.0295 42.3774 27 -31.0295 42.3779 27.0295 -31.0295 42.4171 28 -31.0295 42.4174 28.0295 -31.0295 42.458 29 -31.0295 42.4351 30 -31.0295 42.4235 30.0169 -31.0295 42 30.6921 -31.0295 41.6921 31 -31.0295 41.689 31.0295 -31.0295 41.5056 32 -31.0295 41.4917 32.015 -31.0295 41 32.5716 -31.0295 40.5716 33 -31.0295 40 33.5379 -31.0295 39.5379 34 -31.0295 39.5237 34.0129 -31.0295 39 34.4556 -31.0295 38.0295 34.5667 -31.0295 38 34.569 -31.0295 37.0295 34.7083 -31.0295 37 34.7107 -31.0295 36.0295 34.866 -31.0295 36 34.8693 -31.0295 35.8693 35 -31.0295 35.8484 35.0133 -31.0295 35 35.4776 -31.0295 34.0295 35.4874 -31.0295 33 35.4777 -31.0295 32.2321 35 -31.0295 32 34.7679 -31.0295 31.0295 34.6201 -31.0295 30 34.5085 -31.0295 29.9825 34.4946 -31.0295 29.2881 34 -31.0295 29 33.7119 -31.0295 28.0295 33.6677 -31.0295 25.0295 33.5068 -31.0295 25 33.5058 -31.0295 24.5058 34 -31.0295 24 34.3997 -31.0295 23.0295 34.4629 -31.0295 23 34.464 -31.0295 22.464 35 -31.0295 22 35.3998 -31.0295 21.3998 36 -31.0295 21 36.3603 -31.0295 20.3603 37 -31.0295 20 37.3363 -31.0295 19.3364 38 -31.0295 19 38.3133 -31.0295 18.3133 39 -31.0295 18 39.2914 -31.0295 17 39.3217 -31.0295 16.3217 40 -31.0295 16.314 40.007 -31.0295 16 40.2874 -31.0295 15.2874 41 -31.0295 15 41.2458 -31.0295 13 41.2446 -31.0295 12.2446 42 -31.0295 12.2386 42.0053 -31.0295 12 42.206 -31.0295 8 42.159 -31.0295 7 41.1612 -31.0295 6.84565 41 -31.0295 6.8414 40 -31.0295 6 39.1586 -31.0295 5.85711 39 -31.0295 5.85895 35 -31.0295 5 34.1411 -31.0295 4.87078 34 -31.0295 4.87318 33 -31.0295 5 32.8688 -31.0295 5.86872 32 -31.0295 5.87224 31.9963 -31.0295 6 31.8691 -31.0295 11 31.7103 -31.0295 11.7103 31 -31.0295 12 30.6539 -31.0295 12.6539 30 -31.0295 12.6804 29.0295 -31.0295 12.6806 29 -31.0295 13 28.5564 -31.0295 13.5564 28 -31.0295 13.568 27.9822 -31.0295 14 27.3369 -31.0295 14.3369 27 -31.0295 14.4573 26 -31.0295 14.564 25.0295 -31.0295 14.5666 25 -31.0295 14.6281 24 -31.0295 14.6379 23.9887 -31.0295 15 23.5135 -31.0295 15.5135 23 -31.0295 15.5248 22.9872 -31.0295 16 22.4279 -31.0295 16.4279 22 -31.0295 16.5706 21.0295 -31.0295 16.5725 21 -31.0295 16.6604 20.0295 -31.0295 16.8039 14 -31.0295 16 13.1961 -31.0295 15.995 13.1903 -31.0295 15.8188 13 -31.0295 15.8157 12 -31.0295 
4 2 0 -30.1295
3 1 4 5 
1
183
15.0538 11.2701 -30.1295 16.712 11.3201 -30.1295 17.2456 11.3531 -30.1295 17.6914 11.3739 -30.1295 18.2249 11.4379 -30.1295 18.6707 11.4685 -30.1295 19.2043 11.6153 -30.1295 19.6502 11.6684 -30.1295 19.8008 11.7673 -30.1295 20.0699 11.9341 -30.1295 20.2657 12.4676 -30.1295 20.3537 12.9135 -30.1295 20.2353 13.8929 -30.1295 19.9559 14.344 -30.1295 19.6502 14.767 -30.1295 19.6352 14.7899 -30.1295 19.5867 14.8723 -30.1295 19.6138 15.4058 -30.1295 19.5495 15.8517 -30.1295 19.3727 16.3853 -30.1295 19.2971 16.8311 -30.1295 19.0091 17.3646 -30.1295 18.6791 17.8105 -30.1295 18.6707 17.8307 -30.1295 18.6367 17.924 -30.1295 18.5009 18.344 -30.1295 18.4018 18.7899 -30.1295 18.2437 19.3235 -30.1295 18.0821 19.7693 -30.1295 17.9213 20.3028 -30.1295 17.7705 20.7487 -30.1295 17.6915 20.8982 -30.1295 17.6914 20.8985 -30.1295 17.107 21.7281 -30.1295 16.712 22.1533 -30.1295 16.4077 22.4564 -30.1295 16.1848 22.7075 -30.1295 15.9049 23.241 -30.1295 15.8364 23.3598 -30.1295 15.7325 23.5324 -30.1295 15.6581 23.6869 -30.1295 15.2957 24.6663 -30.1295 15.0565 25.1999 -30.1295 14.7531 25.8385 -30.1295 14.7225 25.8996 -30.1295 14.6 26.1792 -30.1295 14.4287 26.6251 -30.1295 14.287 27.1586 -30.1295 14.2066 27.6045 -30.1295 14.1421 28.1381 -30.1295 14.0416 28.5839 -30.1295 13.9715 29.1174 -30.1295 13.8516 29.5633 -30.1295 13.7238 30.1766 -30.1295 13.5769 30.5427 -30.1295 13.5341 30.8246 -30.1295 13.488 31.0763 -30.1295 13.332 31.5222 -30.1295 13.2152 32.0557 -30.1295 13.0608 32.5016 -30.1295 12.9055 33.3209 -30.1295 12.9053 33.481 -30.1295 12.8661 34.3568 -30.1295 12.8843 34.4604 -30.1295 12.9382 34.6043 -30.1295 13.245 35.9685 -30.1295 13.5274 36.4192 -30.1295 13.5959 36.597 -30.1295 13.7737 36.7843 -30.1295 14.0903 37.082 -30.1295 14.5404 37.3986 -30.1295 14.6809 37.4708 -30.1295 14.7531 37.4949 -30.1295 15.6041 37.527 -30.1295 15.7325 37.5386 -30.1295 16.2338 37.3986 -30.1295 16.712 37.2575 -30.1295 16.9566 37.154 -30.1295 17.6914 36.7874 -30.1295 18.6707 36.3455 -30.1295 18.7524 36.3375 -30.1295 19.6502 35.93 -30.1295 20.6025 35.4398 -30.1295 20.6084 35.4363 -30.1295 20.6296 35.4278 -30.1295 20.6486 35.4186 -30.1295 21.5092 34.9063 -30.1295 21.5661 34.8824 -30.1295 21.609 34.856 -30.1295 22.3364 34.4496 -30.1295 22.5884 34.3411 -30.1295 22.8052 34.2078 -30.1295 23.0343 34.0884 -30.1295 23.5678 33.8478 -30.1295 24.0137 33.6069 -30.1295 24.3519 33.4958 -30.1295 24.3932 33.481 -30.1295 24.5472 33.4299 -30.1295 25.0136 33.3467 -30.1295 25.5266 33.3252 -30.1295 26.5035 33.4802 -30.1295 27.0395 33.5697 -30.1295 27.4854 33.5802 -30.1295 28.0189 33.6253 -30.1295 28.4648 33.6833 -30.1295 28.7105 33.7514 -30.1295 28.1295 33.6898 -30.1295 28 33.6839 -30.1295 27.1295 33.6783 -30.1295 26 33.612 -30.1295 25.1295 33.585 -30.1295 25 33.5784 -30.1295 24.5784 34 -30.1295 24.5124 34.0521 -30.1295 24 34.49 -30.1295 23.1295 34.6026 -30.1295 23 34.6111 -30.1295 22.6111 35 -30.1295 22 35.5134 -30.1295 21.5134 36 -30.1295 21 36.4647 -30.1295 20.4647 37 -30.1295 20 37.4256 -30.1295 19.4256 38 -30.1295 19 38.3923 -30.1295 18.3923 39 -30.1295 18 39.3636 -30.1295 17.1295 39.4116 -30.1295 17 39.4156 -30.1295 16.4156 40 -30.1295 16.3737 40.0374 -30.1295 16 40.3568 -30.1295 15.3568 41 -30.1295 15.3194 41.032 -30.1295 15 41.2945 -30.1295 13 41.3022 -30.1295 12.3022 42 -30.1295 12.2704 42.0268 -30.1295 12 42.2372 -30.1295 8 42.1763 -30.1295 7 41.1784 -30.1295 6.82973 41 -30.1295 6.82507 40 -30.1295 6 39.1749 -30.1295 5.83952 39 -30.1295 5.84255 35 -30.1295 5 34.1574 -30.1295 4.85859 34 -30.1295 4.8618 33 -30.1295 5 32.8559 -30.1295 6 31.8565 -30.1295 10.1295 31.7332 -30.1295 11 31.6657 -30.1295 11.6657 31 -30.1295 11.7034 30.955 -30.1295 12 30.588 -30.1295 12.588 30 -30.1295 12.6329 29.1295 -30.1295 12.6364 29 -30.1295 12.6779 28.9423 -30.1295 13 28.5255 -30.1295 13.5255 28 -30.1295 13.5831 27.9139 -30.1295 14 27.2696 -30.1295 14.2696 27 -30.1295 14.4973 25.1295 -30.1295 14.5116 25 -30.1295 14.5694 24 -30.1295 15 23.4403 -30.1295 15.4403 23 -30.1295 15.5038 22.9253 -30.1295 16 22.3713 -30.1295 16.3713 22 -30.1295 16.5467 21.1295 -30.1295 16.5657 21 -30.1295 16.6685 20 -30.1295 16.7734 16 -30.1295 16.7786 15 -30.1295 16.772 14.1295 -30.1295 16.7737 14 -30.1295 16 13.2263 -30.1295 15.7885 13 -30.1295 15.7837 12 -30.1295 
4 3 0 -30.1295
2 1 6 
1
97
40.2176 22.2991 -30.1295 40.4963 21.7281 -30.1295 40.504 21.2822 -30.1295 40.5371 20.7487 -30.1295 40.5436 20.3028 -30.1295 40.5657 19.7693 -30.1295 40.6775 19.3235 -30.1295 40.8271 18.7899 -30.1295 40.9853 18.5614 -30.1295 41.197 18.2949 -30.1295 41.2975 18.1155 -30.1295 41.4501 17.8105 -30.1295 41.4513 16.3853 -30.1295 41.4767 15.8517 -30.1295 41.4854 15.4058 -30.1295 41.5178 14.8723 -30.1295 41.528 14.4264 -30.1295 41.5601 13.8929 -30.1295 41.5595 13.447 -30.1295 41.5285 12.9135 -30.1295 41.555 12.4676 -30.1295 41.566 11.9341 -30.1295 42.1764 11.462 -30.1295 42.7099 11.3961 -30.1295 43.6894 11.3412 -30.1295 45.9449 11.2692 -30.1295 45.214 12 -30.1295 45.2081 17 -30.1295 45 17.2283 -30.1295 44.2283 18 -30.1295 44.2235 21 -30.1295 44.199 21.028 -30.1295 44 21.2432 -30.1295 43.2432 22 -30.1295 43.2152 22.0317 -30.1295 43 22.2561 -30.1295 42.2561 23 -30.1295 42.2513 24 -30.1295 42.2788 25 -30.1295 42.2849 25.1295 -30.1295 42.3129 26 -30.1295 42.4127 28.1295 -30.1295 42.4362 29 -30.1295 42.4132 30 -30.1295 42 30.6616 -30.1295 41.6615 31 -30.1295 41.637 31.1295 -30.1295 41.5458 32 -30.1295 41.4801 32.0743 -30.1295 41 32.6451 -30.1295 40.6451 33 -30.1295 40.5708 33.0699 -30.1295 40 33.5824 -30.1295 39.5824 34 -30.1295 39.5125 34.0591 -30.1295 39 34.474 -30.1295 38 34.5987 -30.1295 37.1296 34.788 -30.1295 36 34.9641 -30.1295 35.968 34.9655 -30.1295 36.3 34.902 -30.1295 36.8335 34.7635 -30.1295 37.2794 34.6646 -30.1295 37.5643 34.5452 -30.1295 38.0978 34.2779 -30.1295 38.2588 34.2072 -30.1295 38.7924 33.9149 -30.1295 39.4202 33.5397 -30.1295 39.5087 33.481 -30.1295 39.9537 33.1179 -30.1295 40.2176 32.9315 -30.1295 40.627 32.5016 -30.1295 40.9983 32.0265 -30.1295 41.197 31.7065 -30.1295 41.2627 31.5807 -30.1295 41.3007 31.5222 -30.1295 41.3785 31.0763 -30.1295 41.5414 30.5427 -30.1295 41.576 30.0968 -30.1295 41.6623 29.5633 -30.1295 41.6487 28.5839 -30.1295 41.6357 28.1381 -30.1295 41.5623 27.6045 -30.1295 41.4626 27.1586 -30.1295 41.2071 26.6251 -30.1295 41.197 26.6137 -30.1295 41.1493 26.5585 -30.1295 40.8554 26.1792 -30.1295 40.5741 25.6457 -30.1295 40.2841 24.6663 -30.1295 40.2658 24.6458 -30.1295 40.2176 24.5848 -30.1295 39.9224 24.1123 -30.1295 39.6362 23.6869 -30.1295 39.7663 23.241 -30.1295 39.9387 22.7075 -30.1295 40.0615 22.5241 -30.1295 
5 4 0 -29.2295
2 2 7 
1
71
15.3661 11.3248 -29.2295 15.7325 11.3422 -29.2295 16.3455 11.3582 -29.2295 17.3249 11.4068 -29.2295 17.6914 11.4141 -29.2295 18.3043 11.4562 -29.2295 18.6707 11.4525 -29.2295 19.2837 11.5255 -29.2295 19.6502 11.5441 -29.2295 20.0201 11.7734 -29.2295 20.2989 11.9341 -29.2295 20.4198 12.547 -29.2295 20.4643 12.9135 -29.2295 20.3938 13.5264 -29.2295 20.3673 13.8929 -29.2295 19.947 14.4744 -29.2295 19.6502 14.8208 -29.2295 19.6347 14.8408 -29.2295 19.6141 14.8723 -29.2295 19.4748 15.8517 -29.2295 19.3709 16.4646 -29.2295 19.3326 16.8311 -29.2295 18.9325 17.3808 -29.2295 18.6707 17.7172 -29.2295 18.6464 17.7473 -29.2295 18.5996 17.8105 -29.2295 18.3845 18.7899 -29.2295 18.1623 19.4028 -29.2295 17.9017 19.7693 -29.2295 17.6943 20.3822 -29.2295 17.6941 20.3829 -29.2295 17.6914 20.3892 -29.2295 17.5725 20.7487 -29.2295 17.5723 20.7491 -29.2295 17.1383 21.3616 -29.2295 16.9369 21.7281 -29.2295 16.712 21.9744 -29.2295 15.9839 22.7075 -29.2295 15.7892 23.031 -29.2295 15.7325 23.1158 -29.2295 15.4561 23.6869 -29.2295 15.097 24.6663 -29.2295 14.8482 25.1981 -29.2295 14.7531 25.385 -29.2295 14.6521 25.5645 -29.2295 14.61 25.6457 -29.2295 14.3745 26.2586 -29.2295 14.2836 26.6251 -29.2295 14.2185 26.9854 -29.2295 14.3244 26 -29.2295 14.4625 25 -29.2295 14.544 24.2295 -29.2295 14.5571 24 -29.2295 15 23.4372 -29.2295 15.4372 23 -29.2295 16 22.3606 -29.2295 16.3606 22 -29.2295 16.5637 21 -29.2295 16.6689 20 -29.2295 16.7056 19 -29.2295 16.7061 18.2295 -29.2295 16.7126 18 -29.2295 16.718 17.2295 -29.2295 16.7234 17 -29.2295 16.7364 15 -29.2295 16.7239 14 -29.2295 16 13.2761 -29.2295 15.9504 13.2231 -29.2295 15.7476 13 -29.2295 15.7372 12 -29.2295 15.0533 11.3161 -29.2295 
5 5 0 -29.2295
2 2 8 
1
131
7 31.8331 -29.2295 8 31.813 -29.2295 10 31.7195 -29.2295 10.2295 31.7017 -29.2295 11 31.6259 -29.2295 11.6259 31 -29.2295 12 30.5402 -29.2295 12.5402 30 -29.2295 12.6002 29.2295 -29.2295 12.612 29 -29.2295 12.697 28.8901 -29.2295 13 28.5128 -29.2295 13.5129 28 -29.2295 13.6228 27.8301 -29.2295 14 27.217 -29.2295 14.2157 27.0013 -29.2295 14.1082 27.6045 -29.2295 13.9701 28.2174 -29.2295 13.8263 28.5839 -29.2295 13.7737 28.7833 -29.2295 13.6537 29.1968 -29.2295 13.1098 30.5427 -29.2295 12.8954 31.1557 -29.2295 12.8095 31.3479 -29.2295 12.7362 31.5222 -29.2295 12.6721 31.7567 -29.2295 12.5547 32.1352 -29.2295 12.4108 32.5016 -29.2295 12.2669 33.1145 -29.2295 12.1278 33.481 -29.2295 11.8545 34.3915 -29.2295 11.841 34.4604 -29.2295 11.8149 34.6776 -29.2295 11.7564 35.3056 -29.2295 11.718 35.4398 -29.2295 11.7838 36.3762 -29.2295 11.7776 36.4192 -29.2295 11.8149 36.707 -29.2295 11.8984 37.246 -29.2295 11.9288 37.3986 -29.2295 12.0858 37.6695 -29.2295 12.396 38.378 -29.2295 12.7943 38.7381 -29.2295 13.3856 38.9693 -29.2295 13.7737 39.1309 -29.2295 14.746 39.3574 -29.2295 14.7517 39.3585 -29.2295 14.7531 39.3585 -29.2295 14.7806 39.3574 -29.2295 15.6596 39.3082 -29.2295 15.7325 39.3115 -29.2295 16.1838 39.0245 -29.2295 16.712 38.8487 -29.2295 16.7455 38.8293 -29.2295 16.8426 38.7444 -29.2295 17.5456 38.378 -29.2295 17.6914 38.2903 -29.2295 17.8117 38.2223 -29.2295 18.4295 37.765 -29.2295 18.5876 37.6972 -29.2295 19.0154 37.3986 -29.2295 19.0873 37.3245 -29.2295 19.6502 36.9733 -29.2295 19.8567 36.8358 -29.2295 19.916 36.7857 -29.2295 20.8398 36.1852 -29.2295 21.3401 35.8063 -29.2295 21.4358 35.747 -29.2295 21.8236 35.4398 -29.2295 21.865 35.4015 -29.2295 21.9755 35.3142 -29.2295 22.9549 34.6761 -29.2295 23.1052 34.5935 -29.2295 23.3301 34.4604 -29.2295 23.5678 34.3365 -29.2295 23.9342 34.0965 -29.2295 24.5472 33.7653 -29.2295 25.1601 33.6561 -29.2295 25.2028 33.6478 -29.2295 25.2029 33.6477 -29.2295 25.5266 33.5848 -29.2295 26.1395 33.6594 -29.2295 26.506 33.6456 -29.2295 27.1189 33.6602 -29.2295 27.4854 33.6626 -29.2295 27.5518 33.6712 -29.2295 26.2295 33.6685 -29.2295 26 33.6547 -29.2295 25.2295 33.7154 -29.2295 25 33.7083 -29.2295 24.7084 34 -29.2295 24.5732 34.1155 -29.2295 24 34.5751 -29.2295 23.2295 34.7698 -29.2295 23 34.7995 -29.2295 22.7995 35 -29.2295 22.6543 35.1216 -29.2295 22 35.6916 -29.2295 21.6916 36 -29.2295 21 36.6125 -29.2295 20.6125 37 -29.2295 20 37.5497 -29.2295 19.5497 38 -29.2295 19 38.4986 -29.2295 18.4986 39 -29.2295 18 39.4562 -29.2295 17.2295 39.5723 -29.2295 17 39.585 -29.2295 16.585 40 -29.2295 16.4865 40.0842 -29.2295 16 40.4644 -29.2295 15.4644 41 -29.2295 15.3801 41.0692 -29.2295 15 41.3541 -29.2295 13 41.3751 -29.2295 12.3751 42 -29.2295 12.3038 42.0555 -29.2295 12 42.2754 -29.2295 8 42.1972 -29.2295 7 41.2019 -29.2295 6.80341 41 -29.2295 6.79966 40 -29.2295 6 39.2003 -29.2295 5.81783 39 -29.2295 5.82269 35 -29.2295 5 34.1773 -29.2295 4.96714 34.1406 -29.2295 4.84535 34 -29.2295 4.8495 33 -29.2295 5 32.8421 -29.2295 6 31.843 -29.2295 
5 6 0 -29.2295
2 3 9 
1
106
39.8928 22.7075 -29.2295 40.1074 22.3983 -29.2295 40.2176 22.2535 -29.2295 40.3384 22.0318 -29.2295 40.4871 21.7281 -29.2295 40.4868 21.3616 -29.2295 40.4973 20.7487 -29.2295 40.4947 20.3822 -29.2295 40.5037 19.7693 -29.2295 40.5864 19.4028 -29.2295 40.7401 18.7899 -29.2295 41.0312 18.4235 -29.2295 41.197 18.236 -29.2295 41.3099 18.0571 -29.2295 41.4481 17.8105 -29.2295 41.4385 16.8311 -29.2295 41.427 16.4646 -29.2295 41.4335 15.8517 -29.2295 41.428 15.4852 -29.2295 41.4575 13.8929 -29.2295 41.4595 12.9135 -29.2295 41.4986 12.547 -29.2295 41.535 11.9341 -29.2295 42.1764 11.4449 -29.2295 42.7893 11.4112 -29.2295 43.1558 11.4283 -29.2295 43.7687 11.4093 -29.2295 44.1352 11.3871 -29.2295 44.7482 11.3656 -29.2295 45.1147 11.3388 -29.2295 45.7276 11.3236 -29.2295 45.943 11.3139 -29.2295 45.2568 12 -29.2295 45.2804 13 -29.2295 45.2444 17 -29.2295 45.1956 17.0533 -29.2295 45 17.2788 -29.2295 44.2788 18 -29.2295 44.2697 21 -29.2295 44.2173 21.0567 -29.2295 44 21.3046 -29.2295 43.3046 22 -29.2295 43 22.3199 -29.2295 42.3199 23 -29.2295 42.3185 23.2295 -29.2295 42.2914 24 -29.2295 42.3437 26 -29.2295 42.3551 26.2295 -29.2295 42.3921 27.2295 -29.2295 42.4154 28.2295 -29.2295 42.4218 29 -29.2295 42.4029 30 -29.2295 42.3089 30.1507 -29.2295 42 30.624 -29.2295 41.624 31 -29.2295 41.5999 31.2295 -29.2295 41.5772 32 -29.2295 41.4506 32.1505 -29.2295 41 32.7181 -29.2295 40.7181 33 -29.2295 40.5676 33.1352 -29.2295 40 33.6159 -29.2295 39.6159 34 -29.2295 39 34.4938 -29.2295 38 34.6308 -29.2295 37.2295 34.7735 -29.2295 37 34.8234 -29.2295 36.6385 34.842 -29.2295 36.9129 34.7811 -29.2295 37.2794 34.752 -29.2295 37.6459 34.6497 -29.2295 38.0968 34.4604 -29.2295 38.2588 34.3892 -29.2295 38.6253 34.1359 -29.2295 39.2382 33.7727 -29.2295 39.5058 33.6336 -29.2295 39.7559 33.481 -29.2295 40.1187 33.2248 -29.2295 40.2176 33.1668 -29.2295 40.5293 32.8583 -29.2295 40.8691 32.5016 -29.2295 41.1423 32.0617 -29.2295 41.197 31.9607 -29.2295 41.3129 31.6952 -29.2295 41.4032 31.5222 -29.2295 41.4869 31.1557 -29.2295 41.594 30.5427 -29.2295 41.5696 30.1762 -29.2295 41.6172 29.5633 -29.2295 41.6196 29.1968 -29.2295 41.6112 28.5839 -29.2295 41.5741 28.2174 -29.2295 41.5563 27.6045 -29.2295 41.5292 27.238 -29.2295 41.3921 26.6251 -29.2295 41.2786 26.4513 -29.2295 41.197 26.3597 -29.2295 40.793 25.8384 -29.2295 40.6506 25.6457 -29.2295 40.5063 25.2792 -29.2295 40.3225 24.6663 -29.2295 40.2428 24.5825 -29.2295 40.2176 24.5544 -29.2295 39.824 23.9696 -29.2295 39.6228 23.6869 -29.2295 39.7139 23.3204 -29.2295 
6 7 0 -28.3295
2 4 10 
1
74
18.532 17.8105 -28.3295 18.3196 18.7899 -28.3295 17.8273 19.4823 -28.3295 17.812 19.5045 -28.3295 17.6914 19.6873 -28.3295 17.644 19.7693 -28.3295 17.4151 20.4616 -28.3295 17.3808 20.7487 -28.3295 17.0003 21.441 -28.3295 16.7553 21.7281 -28.3295 16.712 21.7752 -28.3295 15.8065 22.7075 -28.3295 15.7325 22.8181 -28.3295 15.7039 22.8677 -28.3295 15.4451 23.3999 -28.3295 15.2941 23.6869 -28.3295 14.9366 24.6663 -28.3295 14.7569 25.0194 -28.3295 14.7531 25.0281 -28.3295 14.6478 25.3065 -28.3295 14.4569 25.6457 -28.3295 14.3088 26.2426 -28.3295 14.3347 26 -28.3295 14.4183 25.3295 -28.3295 14.4642 25 -28.3295 14.5251 24.3295 -28.3295 14.5599 24 -28.3295 15 23.4456 -28.3295 15.4456 23 -28.3295 15.6303 22.789 -28.3295 16 22.3458 -28.3295 16.3458 22 -28.3295 16.4951 21.3295 -28.3295 16.5622 21 -28.3295 16.6112 20.3295 -28.3295 16.646 20 -28.3295 16.6403 19.3295 -28.3295 16.6522 19 -28.3295 16.6736 15 -28.3295 16.6527 14 -28.3295 16 13.3473 -28.3295 15.9132 13.2519 -28.3295 15.6946 13 -28.3295 15.669 12.3295 -28.3295 15.665 12 -28.3295 15.0506 11.3856 -28.3295 15.4455 11.4044 -28.3295 15.7325 11.4348 -28.3295 16.4249 11.4726 -28.3295 16.712 11.5179 -28.3295 17.4044 11.5317 -28.3295 17.6914 11.5196 -28.3295 18.3837 11.5126 -28.3295 18.6707 11.5146 -28.3295 19.3631 11.5498 -28.3295 19.6502 11.5437 -28.3295 20.1771 11.8472 -28.3295 20.3465 11.9341 -28.3295 20.4305 12.6264 -28.3295 20.439 12.6707 -28.3295 20.4366 13 -28.3295 20.4767 13.0401 -28.3295 20.4357 13.6058 -28.3295 20.3876 13.8929 -28.3295 19.8268 14.5474 -28.3295 19.6502 14.736 -28.3295 19.5459 14.8723 -28.3295 19.4497 15.5646 -28.3295 19.3916 15.8517 -28.3295 19.3191 16.5441 -28.3295 19.2954 16.8311 -28.3295 18.8008 17.4666 -28.3295 18.6707 17.6445 -28.3295 18.578 17.7537 -28.3295 
6 8 0 -28.3295
2 5 11 
1
117
14.1604 27.038 -28.3295 14.111 27.3174 -28.3295 14.0436 27.6045 -28.3295 13.8362 28.1365 -28.3295 13.6714 28.4236 -28.3295 13.6025 28.5839 -28.3295 13.3267 29.2762 -28.3295 13.2391 29.5633 -28.3295 12.8356 30.5427 -28.3295 12.7943 30.6405 -28.3295 12.7732 30.6858 -28.3295 12.5423 31.2351 -28.3295 12.3896 31.5222 -28.3295 12.1177 32.2146 -28.3295 11.9987 32.5016 -28.3295 11.8091 33.0261 -28.3295 11.7444 33.194 -28.3295 11.6165 33.481 -28.3295 11.3796 34.1734 -28.3295 11.2593 34.4604 -28.3295 11.0609 35.1527 -28.3295 10.9213 35.4398 -28.3295 10.7683 36.2325 -28.3295 10.6978 36.4192 -28.3295 10.6894 37.2005 -28.3295 10.6408 37.3986 -28.3295 10.7606 38.3018 -28.3295 10.763 38.378 -28.3295 10.8355 38.5376 -28.3295 11.4141 39.3574 -28.3295 11.8149 39.6465 -28.3295 12.7943 40.2294 -28.3295 13.1732 40.3368 -28.3295 13.6235 40.4331 -28.3295 13.7737 40.4437 -28.3295 14.6597 40.4032 -28.3295 14.7531 40.3887 -28.3295 14.9478 40.3368 -28.3295 15.237 40.2313 -28.3295 15.7325 40.1532 -28.3295 15.8515 40.0803 -28.3295 16.0196 39.9933 -28.3295 16.712 39.676 -28.3295 16.9991 39.4764 -28.3295 17.0001 39.4758 -28.3295 17.1729 39.3574 -28.3295 17.6914 39.0135 -28.3295 18.1902 38.666 -28.3295 18.5555 38.378 -28.3295 18.6707 38.2994 -28.3295 18.7348 38.2465 -28.3295 18.9578 38.0719 -28.3295 19.6502 37.5697 -28.3295 19.8766 37.3986 -28.3295 20.4917 36.9461 -28.3295 20.6296 36.8375 -28.3295 20.828 36.659 -28.3295 21.5204 36.1147 -28.3295 21.609 36.0338 -28.3295 21.8433 35.8277 -28.3295 22.5356 35.2748 -28.3295 22.5884 35.2292 -28.3295 22.7099 35.1497 -28.3295 22.6019 35.2439 -28.3295 22 35.7513 -28.3295 21.8199 35.9142 -28.3295 21.7342 36 -28.3295 21.4904 36.2149 -28.3295 20.6881 36.8853 -28.3295 20.5734 37 -28.3295 20.3585 37.1921 -28.3295 20 37.4917 -28.3295 19.5263 37.8625 -28.3295 19.3888 38 -28.3295 19.1968 38.1736 -28.3295 19 38.3275 -28.3295 18.7533 38.8441 -28.3295 18.5974 39 -28.3295 18 39.5384 -28.3295 17.3295 39.7158 -28.3295 17 39.7655 -28.3295 16.7655 40 -28.3295 16 40.5898 -28.3295 15.5898 41 -28.3295 15 41.4367 -28.3295 14 41.4589 -28.3295 13.3295 41.453 -28.3295 13 41.455 -28.3295 12.455 42 -28.3295 12.325 42.0941 -28.3295 12 42.3182 -28.3295 8 42.2244 -28.3295 7.93138 42.1576 -28.3295 7.76102 42 -28.3295 6.76629 41 -28.3295 6.76175 40 -28.3295 6 39.2382 -28.3295 5.93809 39.17 -28.3295 5.79163 39 -28.3295 5.80006 35 -28.3295 4.94956 34.1417 -28.3295 5 33.7193 -28.3295 5 32.8258 -28.3295 6 31.8293 -28.3295 8 31.804 -28.3295 9 31.7667 -28.3295 10 31.705 -28.3295 11 31.599 -28.3295 11.599 31 -28.3295 12 30.5033 -28.3295 12.5033 30 -28.3295 12.5685 29.3295 -28.3295 12.5942 29 -28.3295 12.7238 28.8386 -28.3295 13 28.5053 -28.3295 13.5053 28 -28.3295 14 27.1984 -28.3295 
6 9 0 -28.3295
2 6 12 
1
97
40.2176 33.3839 -28.3295 41.1155 32.5016 -28.3295 41.1962 32.3526 -28.3295 41.2176 32.3108 -28.3295 41.4365 31.8092 -28.3295 41.5793 31.5222 -28.3295 41.6133 31.2351 -28.3295 41.7713 30.5427 -28.3295 41.8091 30.2556 -28.3295 41.7631 29.5633 -28.3295 41.7585 29.2762 -28.3295 41.7631 28.5839 -28.3295 41.7465 28.2969 -28.3295 41.6502 27.3174 -28.3295 41.5992 26.6251 -28.3295 41.5102 26.338 -28.3295 41.197 25.8579 -28.3295 41.0401 25.6457 -28.3295 40.9279 25.3929 -28.3295 40.9064 25.3587 -28.3295 40.6337 24.6663 -28.3295 40.5142 24.3792 -28.3295 40.3417 24.2577 -28.3295 40.2176 24.1272 -28.3295 39.9042 23.6869 -28.3295 39.8995 23.2869 -28.3295 40.0434 22.7075 -28.3295 40.2176 22.4786 -28.3295 40.3128 22.434 -28.3295 40.541 22.0152 -28.3295 40.6676 21.7281 -28.3295 40.6579 19.7693 -28.3295 40.7017 19.4823 -28.3295 40.858 18.7899 -28.3295 41.197 18.4071 -28.3295 41.3833 18.1485 -28.3295 41.5966 17.8105 -28.3295 41.5783 17.5234 -28.3295 41.567 16.8311 -28.3295 41.5338 16.5441 -28.3295 41.496 14.8723 -28.3295 41.5195 12.9135 -28.3295 41.5807 12.6264 -28.3295 41.6546 11.9341 -28.3295 42.1764 11.543 -28.3295 42.8687 11.5754 -28.3295 43.1558 11.6115 -28.3295 43.8481 11.5697 -28.3295 44.1352 11.5233 -28.3295 44.8276 11.4727 -28.3295 45.1147 11.4244 -28.3295 45.807 11.3933 -28.3295 45.9353 11.3782 -28.3295 45.3135 12 -28.3295 45.3221 12.3295 -28.3295 45.3506 13 -28.3295 45.356 14 -28.3295 45.3512 14.3295 -28.3295 45.3308 15 -28.3295 45.2924 17 -28.3295 45.2087 17.0964 -28.3295 45 17.3482 -28.3295 44.3482 18 -28.3295 44.3267 21 -28.3295 44.2338 21.106 -28.3295 44 21.4024 -28.3295 43.4024 22 -28.3295 43 22.4231 -28.3295 42.4231 23 -28.3295 42.4115 23.3295 -28.3295 42.351 24 -28.3295 42.4141 26.3295 -28.3295 42.4566 29 -28.3295 42.4508 29.3295 -28.3295 42.4485 30 -28.3295 42.3164 30.2024 -28.3295 42 30.7167 -28.3295 41.7167 31 -28.3295 41.707 31.3295 -28.3295 41.5973 32 -28.3295 41 32.7497 -28.3295 40.7497 33 -28.3295 40.5069 33.2056 -28.3295 40 33.6498 -28.3295 39.6498 34 -28.3295 39 34.5153 -28.3295 38.3295 34.5993 -28.3295 38 34.6455 -28.3295 37.645 34.6871 -28.3295 37.9718 34.5959 -28.3295 38.2588 34.53 -28.3295 38.2936 34.508 -28.3295 38.3648 34.4604 -28.3295 38.986 34.031 -28.3295 39.2382 33.8814 -28.3295 39.5252 33.755 -28.3295 40.0522 33.481 -28.3295 
7 10 0 -27.4295
2 7 13 
1
52
15.5249 11.5424 -27.4296 15.7325 11.5959 -27.4296 16.5043 11.7176 -27.4296 16.712 11.7986 -27.4296 17.1991 11.8129 -27.4296 18.1341 11.7794 -27.4296 18.6707 11.7832 -27.4296 18.8917 11.7208 -27.4296 19.6502 11.7045 -27.4296 20.0978 11.9341 -27.4296 20.104 12.1446 -27.4296 20.2522 12.9135 -27.4296 20.2378 13.1424 -27.4296 20.1118 13.8929 -27.4296 19.6502 14.3859 -27.4296 19.2688 14.6671 -27.4296 19.1124 14.8723 -27.4296 19.0722 15.3082 -27.4296 18.9621 15.8517 -27.4296 18.8977 16.4077 -27.4296 18.8627 16.8311 -27.4296 18.3356 17.5655 -27.4296 18.1275 17.8105 -27.4296 18.0836 18.2106 -27.4296 17.9553 18.7899 -27.4296 17.6914 19.1897 -27.4296 17.6103 19.3226 -27.4296 17.4723 19.5616 -27.4296 17.4988 19.7693 -27.4296 17.4067 20.541 -27.4296 17.3617 20.7487 -27.4296 16.712 21.5328 -27.4296 16.6473 21.6076 -27.4296 16.5215 21.7281 -27.4296 16.3389 21.9196 -27.4296 16.457 21.4296 -27.4296 16.5526 21 -27.4296 16.5522 20.4296 -27.4296 16.5837 20 -27.4296 16.5918 19.4296 -27.4296 16.5786 17.4296 -27.4296 16.5818 17 -27.4296 16.5778 16.4296 -27.4296 16.5825 16 -27.4296 16.5811 15 -27.4296 16.5605 14 -27.4296 16 13.4395 -27.4296 15.8599 13.2781 -27.4296 15.6281 13 -27.4296 15.5684 12.4295 -27.4296 15.552 12 -27.4296 15.0434 11.4914 -27.4296 
7 11 0 -27.4295
2 8 14 
1
102
8 31.7848 -27.4296 8.42955 31.769 -27.4296 9 31.7585 -27.4296 10 31.6918 -27.4296 11 31.5741 -27.4296 11.5741 31 -27.4296 12 30.4727 -27.4296 12.5507 30.2109 -27.4296 12.5971 30.1643 -27.4296 12.5974 30.1641 -27.4296 12.7615 30 -27.4296 12.8032 29.5704 -27.4296 12.9247 29 -27.4296 13 28.9091 -27.4296 13.2808 28.7864 -27.4296 13.3303 28.737 -27.4296 13.1416 29.3557 -27.4296 12.7944 30.2152 -27.4296 12.7943 30.2155 -27.4296 12.7302 30.4228 -27.4296 12.6734 30.5427 -27.4296 12.2629 31.3145 -27.4296 12.1685 31.5222 -27.4296 11.8149 32.3716 -27.4296 11.7719 32.4636 -27.4296 11.7564 32.5016 -27.4296 11.4124 33.2733 -27.4296 11.3097 33.481 -27.4296 10.986 34.2528 -27.4296 10.8467 34.4604 -27.4296 10.8355 34.486 -27.4296 10.6279 34.8085 -27.4296 10.5769 34.9081 -27.4296 10.3175 35.4398 -27.4296 9.95527 36.4192 -27.4296 9.85612 36.8198 -27.4296 9.73413 37.2064 -27.4296 9.69596 37.3986 -27.4296 9.7246 38.378 -27.4296 9.85612 38.9911 -27.4296 9.87117 39.0525 -27.4296 9.9838 39.3574 -27.4296 10.6871 40.0814 -27.4296 10.8355 40.2298 -27.4296 10.9844 40.3368 -27.4296 11.0909 40.402 -27.4296 11.8149 40.7829 -27.4296 12.1254 40.8181 -27.4296 12.7943 41.0759 -27.4296 13.1124 41.0787 -27.4296 13.7737 41.1254 -27.4296 13.9814 41.0763 -27.4296 14.7531 40.9564 -27.4296 15.5249 40.6807 -27.4296 15.7325 40.5728 -27.4296 15.8725 40.4903 -27.4296 16.1925 40.3368 -27.4296 16.6443 40.1028 -27.4296 16.712 40.0596 -27.4296 17.6914 39.3813 -27.4296 17.7265 39.3587 -27.4296 17.7277 39.3576 -27.4296 17.728 39.3574 -27.4296 18.4982 38.7257 -27.4296 18.5407 38.6937 -27.4296 18.3944 39 -27.4296 18.123 39.2434 -27.4296 18 39.3574 -27.4296 17.8804 39.4443 -27.4296 17.88 39.4446 -27.4296 17.4296 39.7718 -27.4296 17 39.8855 -27.4296 16.9294 39.9276 -27.4296 16.857 40 -27.4296 16.4998 40.2737 -27.4296 15.5264 40.8442 -27.4296 15.3706 41 -27.4296 15.0969 41.2017 -27.4296 15 41.2585 -27.4296 14.4295 41.5564 -27.4296 14 41.5667 -27.4296 13 41.5624 -27.4296 12.5624 42 -27.4296 12.3541 42.1436 -27.4296 12 42.3665 -27.4296 11 42.3602 -27.4296 10 42.3325 -27.4296 9.42955 42.3038 -27.4296 8 42.2624 -27.4296 7.89085 42.1614 -27.4296 7.70505 42 -27.4296 6.71185 41 -27.4296 6.70634 40 -27.4296 6 39.2937 -27.4296 5.90617 39.1848 -27.4296 5.75941 39 -27.4296 5.76814 35.2852 -27.4296 5.50136 34.7148 -27.4296 4.88184 34.087 -27.4296 5 33.0974 -27.4296 5 32.8087 -27.4296 6 31.8152 -27.4296 
7 12 0 -27.4295
2 9 15 
1
80
42.1764 11.8402 -27.4296 42.8019 11.9341 -27.4296 42.9818 12.1081 -27.4296 43.1558 12.3223 -27.4296 43.3156 11.9341 -27.4296 43.4573 11.8704 -27.4296 44.1352 11.7611 -27.4296 44.3429 11.6892 -27.4296 45.1147 11.5596 -27.4296 45.8864 11.4692 -27.4296 45.9128 11.4628 -27.4296 45.3756 12 -27.4296 45.425 13 -27.4296 45.4279 13.4295 -27.4296 45.4579 14 -27.4296 45.4448 14.4295 -27.4296 45.4175 15 -27.4296 45.3868 16 -27.4296 45.3653 17 -27.4296 45.2315 17.1613 -27.4296 45 17.4535 -27.4296 44.4535 18 -27.4296 44.4494 18.4296 -27.4296 44.4304 19 -27.4296 44.4102 20.4296 -27.4296 44.3885 21 -27.4296 44.2387 21.1899 -27.4296 44 21.5186 -27.4296 43.5186 22 -27.4296 43.3287 22.1996 -27.4296 43 22.5569 -27.4296 42.5569 23 -27.4296 42.5182 23.4296 -27.4296 42.4251 24 -27.4296 42.4335 25 -27.4296 42.4499 25.4296 -27.4296 42.5134 29 -27.4296 42.5119 29.4296 -27.4296 42.3089 30 -27.4296 42.1062 30.3295 -27.4296 42 30.5922 -27.4296 41.8681 30.8999 -27.4296 41.8512 30.9168 -27.4296 41.9972 29.771 -27.4296 41.9995 29.761 -27.4296 41.9996 29.7603 -27.4296 42.0453 29.5633 -27.4296 42.034 29.3556 -27.4296 42.0217 28.5839 -27.4296 41.9519 27.3968 -27.4296 41.8817 26.6251 -27.4296 41.8681 26.4174 -27.4296 41.6288 25.6457 -27.4296 41.5996 25.438 -27.4296 41.2996 24.6663 -27.4296 41.197 23.9919 -27.4296 41.1793 23.923 -27.4296 41.081 23.6869 -27.4296 41.197 23.0616 -27.4296 41.2841 22.7075 -27.4296 41.4117 22.4928 -27.4296 41.3645 21.7281 -27.4296 41.3642 21.5609 -27.4296 41.342 20.6037 -27.4296 41.302 19.7693 -27.4296 41.2989 19.6674 -27.4296 41.664 18.7899 -27.4296 41.7214 18.2655 -27.4296 41.8319 18.1209 -27.4296 42.0556 17.8105 -27.4296 42.0018 17.3287 -27.4296 41.9701 16.8311 -27.4296 41.8778 16.5719 -27.4296 41.7944 15.8517 -27.4296 41.7721 14.8723 -27.4296 41.7975 14.5817 -27.4296 41.8136 13.8929 -27.4296 41.8308 13.5696 -27.4296 41.8418 12.9135 -27.4296 42.0495 11.9341 -27.4296 
8 13 0 -26.5295
1 10 
1
50
15.9288 11.9341 -26.5295 16.3324 12.506 -26.5295 16.373 12.5745 -26.5295 16.6024 12.8521 -26.5295 16.6411 12.9135 -26.5295 16.712 13.13 -26.5295 16.7294 13.1617 -26.5295 17.0241 13.8929 -26.5295 17.0606 14.0554 -26.5295 17.3156 14.8723 -26.5295 17.3321 15.0124 -26.5295 17.3136 15.8517 -26.5295 17.3222 15.9295 -26.5295 17.3256 15.98 -26.5295 17.2706 16.8311 -26.5295 17.2789 17.6822 -26.5295 17.2923 17.8105 -26.5295 17.2478 18.6616 -26.5295 17.2617 18.7899 -26.5295 17.3703 19.6411 -26.5295 17.3589 19.7693 -26.5295 17.1745 20.6205 -26.5295 17.1607 20.7487 -26.5295 16.7176 21.2932 -26.5295 16.712 21.3068 -26.5295 16.6614 21.4215 -26.5295 16.3962 21.7281 -26.5295 16.3228 21.8209 -26.5295 16.3638 21.5295 -26.5295 16.4914 21 -26.5295 16.7378 20.5295 -26.5295 16.7374 20 -26.5295 16.5314 19.5295 -26.5295 16.5389 19 -26.5295 16.5268 18.5295 -26.5295 16.5242 18 -26.5295 16.5107 17.5295 -26.5295 16.5045 17 -26.5295 16.49 16.5295 -26.5295 16.4775 15 -26.5295 16.4466 14.5295 -26.5295 16.4371 14 -26.5295 16 13.5629 -26.5295 15.7848 13.3047 -26.5295 15.5436 13 -26.5295 15.4767 12.5295 -26.5295 15.4213 12 -26.5295 15.0712 11.6499 -26.5295 15.6042 11.7872 -26.5295 15.7325 11.8574 -26.5295 
8 14 0 -26.5295
2 11 16 
1
73
9 31.7358 -26.5295 9.52955 31.6991 -26.5295 10 31.6779 -26.5295 11 31.5489 -26.5295 11.4705 31.5731 -26.5295 11.5972 31.2262 -26.5295 11.8234 31 -26.5295 12 30.7821 -26.5295 12.4496 30.5683 -26.5295 12.0741 31.3939 -26.5295 12.0065 31.5222 -26.5295 11.8149 31.9736 -26.5295 11.6281 32.3733 -26.5295 11.5724 32.5016 -26.5295 11.151 33.3527 -26.5295 10.8355 33.8133 -26.5295 10.7073 33.9 -26.5295 10.5328 34.079 -26.5295 10.1746 34.4604 -26.5295 9.85612 34.935 -26.5295 9.59558 35.2251 -26.5295 9.43209 35.4398 -26.5295 9.26746 35.9134 -26.5295 9.06151 36.4192 -26.5295 8.93063 37.251 -26.5295 8.90133 37.3986 -26.5295 8.94654 38.378 -26.5295 8.98548 38.829 -26.5295 9.04934 39.3574 -26.5295 9.11952 39.5936 -26.5295 9.50216 40.3368 -26.5295 9.61992 40.4444 -26.5295 9.85612 40.5995 -26.5295 10.3638 40.9128 -26.5295 10.8355 41.2157 -26.5295 11.0932 41.3162 -26.5295 11.6866 41.4741 -26.5295 11.8149 41.4681 -26.5295 12.666 41.4736 -26.5295 12.7943 41.4671 -26.5295 13.6454 41.4702 -26.5295 13.7737 41.4638 -26.5295 13.886 41.4277 -26.5295 14.427 41.3162 -26.5295 14.6911 41.256 -26.5295 14.5295 41.3591 -26.5295 14 41.6357 -26.5295 13.5295 41.6449 -26.5295 13 41.6445 -26.5295 12.6445 42 -26.5295 12 42.3996 -26.5295 11.5295 42.4087 -26.5295 10.5295 42.4016 -26.5295 10 42.3866 -26.5295 9 42.3394 -26.5295 8 42.317 -26.5295 7.82752 42.1671 -26.5295 7.6184 42 -26.5295 6.62377 41 -26.5295 6.63045 40.5295 -26.5295 6.62736 40 -26.5295 6 39.3726 -26.5295 5.86376 39.2011 -26.5295 5.71662 39 -26.5295 5.73128 35.7352 -26.5295 5.04361 34.2648 -26.5295 4.81412 34.0322 -26.5295 4.89381 33.3649 -26.5295 4.8984 32.8944 -26.5295 5 32.7887 -26.5295 5.78874 32 -26.5295 5.89435 31.8985 -26.5295 6 31.8001 -26.5295 
8 15 0 -26.5295
1 12 
1
77
45.4663 12.5295 -26.5295 45.5061 13 -26.5295 45.5339 13.5295 -26.5295 45.5924 14 -26.5295 45.567 14.5295 -26.5295 45.5637 15 -26.5295 45.5456 15.5295 -26.5295 45.2703 16 -26.5295 45.2572 16.5295 -26.5295 45.4451 17 -26.5295 45.2301 17.2712 -26.5295 45 17.6081 -26.5295 44.6081 18 -26.5295 44.5904 18.5295 -26.5295 44.5385 19 -26.5295 44.5268 19.5295 -26.5295 44.2965 20 -26.5295 44.2764 20.5295 -26.5295 44.4568 21 -26.5295 44.2352 21.3051 -26.5295 44 21.6669 -26.5295 43.6669 22 -26.5295 43.3617 22.3317 -26.5295 43 22.7366 -26.5295 42.7366 23 -26.5295 42.6502 23.5295 -26.5295 42.509 24 -26.5295 42.5111 24.5295 -26.5295 42.2662 25 -26.5295 42.3533 29 -26.5295 42.2234 29.3648 -26.5295 42.1812 28.5839 -26.5295 42.1764 28.559 -26.5295 42.1578 28.4557 -26.5295 42.1137 27.6918 -26.5295 42.1136 27.6915 -26.5295 42.0548 26.7534 -26.5295 42.073 26.6251 -26.5295 42.0682 26.4482 -26.5295 42.0157 25.6457 -26.5295 42.0123 25.4859 -26.5295 41.8972 24.6663 -26.5295 41.9168 24.4491 -26.5295 41.9571 23.6869 -26.5295 42.1764 23.3797 -26.5295 42.2002 23.3438 -26.5295 42.6051 22.8358 -26.5295 42.7029 22.7075 -26.5295 43.1492 22.0614 -26.5295 43.1558 22.0531 -26.5295 43.2352 21.9331 -26.5295 43.3511 21.7281 -26.5295 43.387 21.5998 -26.5295 43.5696 20.7487 -26.5295 43.7325 19.8976 -26.5295 43.7723 19.7693 -26.5295 43.8787 19.35 -26.5295 44.1352 17.9976 -26.5295 44.1513 17.8549 -26.5295 44.1606 17.8105 -26.5295 44.2086 17.4481 -26.5295 44.3029 16.9594 -26.5295 44.3408 16.8311 -26.5295 44.5304 15.98 -26.5295 44.5646 15.8517 -26.5295 44.6616 15.5521 -26.5295 44.8104 14.8723 -26.5295 45.098 13.8929 -26.5295 44.9884 13.7202 -26.5295 44.6185 12.9135 -26.5295 44.5912 12.8062 -26.5295 44.587 12.7852 -26.5295 44.5379 11.9341 -26.5295 45.1105 11.7378 -26.5295 45.1147 11.7342 -26.5295 45.891 11.5464 -26.5295 45.4374 12 -26.5295 
9 16 0 -25.6295
2 14 17 
1
73
9 31.6986 -25.6295 9.62955 31.6702 -25.6295 10 31.6608 -25.6295 10.6295 31.5757 -25.6295 11 31.5366 -25.6295 11.6295 31.569 -25.6295 11.6853 31.5863 -25.6295 11.3088 32.4527 -25.6295 11.2795 32.5016 -25.6295 10.8355 33.1304 -25.6295 10.7867 33.1618 -25.6295 10.7041 33.2124 -25.6295 10.3387 33.481 -25.6295 9.85612 33.7958 -25.6295 8.87672 34.3095 -25.6295 8.82787 34.3457 -25.6295 8.7946 34.3672 -25.6295 8.6747 34.4604 -25.6295 7.9272 35.4398 -25.6295 7.89732 35.653 -25.6295 7.83055 36.3703 -25.6295 7.82398 36.4192 -25.6295 7.81797 37.3498 -25.6295 7.81583 37.3986 -25.6295 7.84263 38.3292 -25.6295 7.84246 38.378 -25.6295 7.75177 39.3085 -25.6295 7.74598 39.3574 -25.6295 7.88026 40.1739 -25.6295 7.89732 40.262 -25.6295 7.91786 40.3368 -25.6295 8.1183 40.4484 -25.6295 8.87672 41.0177 -25.6295 9.56672 41.3162 -25.6295 9.6166 41.3301 -25.6295 9.80727 41.3912 -25.6295 9.85612 41.4057 -25.6295 10.7867 41.7439 -25.6295 10.8355 41.7466 -25.6295 12.7454 41.6533 -25.6295 12.7943 41.6494 -25.6295 13.7249 41.6035 -25.6295 13.7737 41.5999 -25.6295 13.8226 41.5919 -25.6295 14.1757 41.4785 -25.6295 14 41.5906 -25.6295 13.6295 41.6749 -25.6295 13 41.6872 -25.6295 12.6873 42 -25.6295 12 42.4233 -25.6295 11 42.4437 -25.6295 10 42.4304 -25.6295 9.62955 42.4496 -25.6295 9 42.422 -25.6295 8 42.3999 -25.6295 7.72015 42.1763 -25.6295 7.47791 42 -25.6295 6.47482 41 -25.6295 6.4975 40.6296 -25.6295 6.50644 40 -25.6295 6 39.4936 -25.6295 5.8031 39.2244 -25.6295 5.66578 39 -25.6295 5.6777 37 -25.6295 5.69256 35.6296 -25.6295 5.10374 34.3704 -25.6295 4.8579 34.1246 -25.6295 4.76381 34 -25.6295 4.77609 33 -25.6295 5 32.7663 -25.6295 5.76626 32 -25.6295 6 31.7833 -25.6295 7.62955 31.7421 -25.6295 
10 17 0 -24.7295
2 16 18 
1
74
5.74605 32 -24.7295 5.92795 31.8326 -24.7295 6 31.7643 -24.7295 8 31.6909 -24.7295 10 31.6351 -24.7295 10.7295 31.5579 -24.7295 11 31.7199 -24.7295 11.1834 31.7861 -24.7295 10.8355 32.3636 -24.7295 10.6993 32.5016 -24.7295 10.0316 32.9032 -24.7295 9.88667 32.9965 -24.7295 9.85612 33.0152 -24.7295 8.87672 33.4237 -24.7295 8.78916 33.481 -24.7295 7.92787 34.1054 -24.7295 7.89732 34.1252 -24.7295 7.54839 34.4604 -24.7295 7.53199 34.4933 -24.7295 7.13705 35.4398 -24.7295 7.13424 35.4703 -24.7295 7.00661 36.4192 -24.7295 7.00642 36.4497 -24.7295 6.96478 37.3986 -24.7295 6.96566 37.4291 -24.7295 6.96232 38.378 -24.7295 6.95934 38.4086 -24.7295 6.92807 38.6725 -24.7295 6.91791 38.7717 -24.7295 6.86951 39.3574 -24.7295 6.85674 39.4712 -24.7295 6.74389 40.3368 -24.7295 6.91791 41.1997 -24.7295 7.00105 41.3162 -24.7295 7.89732 41.6311 -24.7295 7.95166 41.6405 -24.7295 8.87672 41.5801 -24.7295 8.90101 41.5869 -24.7295 8.90727 41.5889 -24.7295 9.85612 41.8697 -24.7295 9.88667 41.8808 -24.7295 10.8355 41.9323 -24.7295 11.8454 41.8885 -24.7295 12.7943 41.8141 -24.7295 12.8249 41.8126 -24.7295 12.927 41.8053 -24.7295 12.7323 42 -24.7295 12 42.4596 -24.7295 10.7295 42.4901 -24.7295 10 42.479 -24.7295 9.72955 42.5195 -24.7295 9 42.5573 -24.7295 8.72955 42.4095 -24.7295 8 42.3881 -24.7295 7.52293 42.0409 -24.7295 7.41701 42 -24.7295 7.25248 41.9292 -24.7295 6.51335 41.1996 -24.7295 6.34552 41 -24.7295 6.33428 40.7295 -24.7295 6.37895 40 -24.7295 6 39.621 -24.7295 5.72959 39.1791 -24.7295 5.6263 39 -24.7295 5.61539 38.7295 -24.7295 5.62238 38 -24.7295 5.61344 37.7295 -24.7295 5.61325 37 -24.7295 5.64359 35 -24.7295 5 34.3564 -24.7295 4.8147 34.111 -24.7295 4.73961 34 -24.7295 4.75784 33 -24.7295 5 32.7461 -24.7295 
11 18 0 -23.8295
2 17 19 
1
45
10 31.6026 -23.8295 10.5878 31.9371 -23.8295 9.9992 32.4827 -23.8295 9.98057 32.5016 -23.8295 9.88925 32.5565 -23.8295 9.85612 32.5842 -23.8295 8.98667 32.8422 -23.8295 8.87672 32.8882 -23.8295 7.98941 33.481 -23.8295 7.02786 34.1899 -23.8295 6.91791 34.3073 -23.8295 6.81365 34.4604 -23.8295 6.76897 34.6119 -23.8295 6.53942 35.4398 -23.8295 6.42751 36.4192 -23.8295 6.39737 37.3986 -23.8295 6.3972 37.511 -23.8295 6.46705 38.378 -23.8295 6.45801 38.4879 -23.8295 6.51773 39.3574 -23.8295 6.5034 39.4674 -23.8295 6.40901 40.3368 -23.8295 6.56963 41.2062 -23.8295 6.57214 41.2187 -23.8295 6.48526 41.1153 -23.8295 6.40659 41 -23.8295 6.42642 40.8295 -23.8295 6.39193 40 -23.8295 6.28029 39.9417 -23.8295 6 39.6614 -23.8295 5.6832 39.1122 -23.8295 5.60883 39 -23.8295 5.599 38.8295 -23.8295 5.56553 38 -23.8295 5.52852 36.8295 -23.8295 5.55308 36 -23.8295 5.5656 35.8295 -23.8295 5.57826 35 -23.8295 5 34.4217 -23.8295 4.76966 34.0813 -23.8295 4.7179 34 -23.8295 4.74169 33 -23.8295 5 32.7307 -23.8295 5.73071 32 -23.8295 6 31.7434 -23.8295 
12 19 0 -22.9295
2 18 20 
1
44
7.92955 31.6311 -22.9296 9.92955 31.5851 -22.9296 10.4619 31.8802 -22.9296 10.0455 32.1784 -22.9296 9.85612 32.3548 -22.9296 9.0631 32.5016 -22.9296 9.03032 32.5065 -22.9296 8.87672 32.5521 -22.9296 8.08667 32.9471 -22.9296 7.89732 33.0737 -22.9296 7.25247 33.4804 -22.9296 7.25143 33.481 -22.9296 7.06312 33.6203 -22.9296 6.91791 33.7388 -22.9296 6.44235 34.4104 -22.9296 6.40828 34.4604 -22.9296 6.35578 34.6497 -22.9296 6.05946 35.4398 -22.9296 5.94301 36.4192 -22.9296 6.0236 37.2093 -22.9296 6.01799 37.3986 -22.9296 6.03325 37.5879 -22.9296 6.14812 38.378 -22.9296 6.16113 38.5673 -22.9296 6.27452 39.3574 -22.9296 6.25396 39.5467 -22.9296 6.26584 39.7961 -22.9296 6 39.6573 -22.9296 5.59443 39.0455 -22.9296 5.55823 39 -22.9296 5.5907 38.9296 -22.9296 5.53713 38 -22.9296 5.50489 37.9296 -22.9296 5.48688 37 -22.9296 5.4813 36.9296 -22.9296 5.44701 36 -22.9296 5.44919 35.9296 -22.9296 5.51746 35 -22.9296 5 34.4826 -22.9296 4.71775 34.0394 -22.9296 4.69415 34 -22.9296 4.72394 33 -22.9296 5.9787 31.7434 -22.9296 6 31.7218 -22.9296 
13 20 0 -22.0295
2 19 21 
1
36
7.02955 31.6442 -22.0295 9.02955 31.5819 -22.0295 9.79996 32 -22.0295 9.89288 32.0929 -22.0295 9.85612 32.1192 -22.0295 9.14547 32.3374 -22.0295 8.87672 32.3865 -22.0295 8.44662 32.4983 -22.0295 8.43857 32.5016 -22.0295 8.17787 32.632 -22.0295 7.89732 32.713 -22.0295 7.18666 33.1956 -22.0295 6.91791 33.3679 -22.0295 6.80226 33.481 -22.0295 6.76748 33.5213 -22.0295 6.60571 33.7497 -22.0295 6.08355 34.4604 -22.0295 5.98275 34.7291 -22.0295 5.93851 34.8566 -22.0295 5.75674 35.4398 -22.0295 5.72718 35.7085 -22.0295 5.73812 36.4192 -22.0295 5.83882 37.3986 -22.0295 5.87073 37.8617 -22.0295 5.48989 37.0295 -22.0295 5.48932 37 -22.0295 5.41246 36.0295 -22.0295 5.41137 36 -22.0295 5.44145 35.0295 -22.0295 5.44362 35 -22.0295 5 34.5564 -22.0295 4.99103 34.5423 -22.0295 4.66597 34 -22.0295 4.70457 33 -22.0295 5.70658 31.9918 -22.0295 6 31.6957 -22.0295 
14 21 0 -21.1295
2 20 22 
1
37
8.12955 31.5735 -21.1295 9 31.5613 -21.1295 9.09981 31.6155 -21.1295 9.5255 31.8642 -21.1295 9.2249 32.0212 -21.1295 8.87672 32.1281 -21.1295 8.24547 32.3419 -21.1295 7.89732 32.4361 -21.1295 7.6552 32.5413 -21.1295 7.26606 32.7689 -21.1295 6.91791 33.0053 -21.1295 6.48972 33.4089 -21.1295 6.41602 33.481 -21.1295 6.16021 33.8292 -21.1295 6.12014 33.8958 -21.1295 5.93851 34.1491 -21.1295 5.77575 34.4604 -21.1295 5.75655 34.5137 -21.1295 5.66466 34.8085 -21.1295 5.49959 35.4398 -21.1295 5.50495 35.7879 -21.1295 5.49083 36.4192 -21.1295 5.52782 36.7673 -21.1295 5.6925 37.3986 -21.1295 5.69237 37.4138 -21.1295 5.54887 37.1296 -21.1295 5.48958 37 -21.1295 5.40212 36.1296 -21.1295 5.39186 36 -21.1295 5.38139 35.1296 -21.1295 5.3854 35 -21.1295 5 34.6146 -21.1295 4.62973 34 -21.1295 4.66849 33 -21.1295 4.70685 32.9608 -21.1295 5 32.6436 -21.1295 6 31.6456 -21.1295 
15 22 0 -20.2295
2 21 23 
1
30
9.38698 31.7456 -20.2295 9.27759 31.7338 -20.2295 8.87672 31.6768 -20.2295 8.75764 31.7338 -20.2295 8.32487 31.91 -20.2295 7.34546 32.2361 -20.2295 6.91791 32.4276 -20.2295 6.7967 32.5016 -20.2295 6.70783 32.593 -20.2295 6.36606 32.896 -20.2295 5.93851 33.3399 -20.2295 5.85275 33.481 -20.2295 5.62588 33.9086 -20.2295 5.46578 34.4604 -20.2295 5.35398 34.888 -20.2295 5.34932 34.9999 -20.2295 5 34.6507 -20.2295 4.9138 34.5077 -20.2295 4.57024 34 -20.2295 4.61083 33 -20.2295 4.68814 32.9164 -20.2295 5 32.5525 -20.2295 5.63617 31.917 -20.2295 6 31.5888 -20.2295 7 31.5377 -20.2295 7.22955 31.5319 -20.2295 8 31.48 -20.2295 8.22955 31.4768 -20.2295 9 31.4866 -20.2295 9.17357 31.5881 -20.2295 
16 23 0 -19.3295
1 22 
1
35
6 31.5181 -19.3295 6.32955 31.5002 -19.3295 7 31.4451 -19.3295 7.32955 31.4229 -19.3295 8 31.3468 -19.3295 8.32955 31.3511 -19.3295 9 31.3928 -19.3295 9.2386 31.569 -19.3295 9.27436 31.6059 -19.3295 8.87672 31.5613 -19.3295 8.36977 31.7651 -19.3295 8.08046 31.6841 -19.3295 7.89732 31.6296 -19.3295 7.72882 31.6841 -19.3295 7.42486 31.7759 -19.3295 6.91791 31.9425 -19.3295 6.44546 32.1341 -19.3295 5.93851 32.4549 -19.3295 5.89115 32.5016 -19.3295 5.7467 32.7223 -19.3295 5.57272 33.0085 -19.3295 5.31942 33.481 -19.3295 5.17235 33.9879 -19.3295 5.16653 34.4604 -19.3295 5.16103 34.5921 -19.3295 5.11239 34.3536 -19.3295 5 34.2412 -19.3295 4.85305 34.024 -19.3295 4.8466 34 -19.3295 4.52738 33.3295 -19.3295 4.54093 33 -19.3295 4.67433 32.8444 -19.3295 5 32.4014 -19.3295 5.40136 32 -19.3295 5.55699 31.8596 -19.3295 
