32
0
0
0
0
0
0
0
0
0
0
0
0
0
0
0
0
0
0
0
0
0
1
19
-41.4047 40.2806 18.9 -40.7893 40.664 18.9 -41.1339 40.9348 18.9 -41.0229 41.6259 18.9 -41.4047 42.3274 18.9 -41.6785 42.3141 18.9 -41.7466 42.5879 18.9 -41.9551 43.1383 18.9 -42.275 43.5498 18.9 -42.3666 43.6224 18.9 -42.4888 43.6247 18.9 -43.0981 43.5498 18.9 -43.0011 42.9153 18.9 -43.1599 42.5879 18.9 -42.6759 42.2786 18.9 -42.7479 41.6259 18.9 -42.3666 41.0881 18.9 -41.9588 41.0718 18.9 -41.8349 40.664 18.9 
0
3
24
-43.6573 30.7 20.7 -43.5235 30 20.7 -43.3785 29.8097 20.7 -43 29.3295 20.7 -42.7666 29.1893 20.7 -42.9729 29.6722 20.7 -43.1284 30.0828 20.7 -43.3286 30.5569 20.7 -43.4848 30.7102 20.7 -43.6325 31.0447 20.7 -43.663 31.1055 20.7 -43.8016 31.5178 20.7 -43.8801 31.6671 20.7 -43.8813 31.6695 20.7 -44.0163 32.0066 20.7 -43.9446 32.417 20.7 -44 32.3617 20.7 -44.1322 32.1823 20.7 -44.1841 32 20.7 -44.0519 31.8306 20.7 -44.0012 31.7309 20.7 -44 31.7283 20.7 -43.8124 31.1306 20.7 -43.6817 31 20.7 
33
-43.7687 33.0222 20.7 -43.767 33.0257 20.7 -43.7391 33.1498 20.7 -43.3286 33.7016 20.7 -43.206 33.9305 20.7 -43.0059 34.2531 20.7 -42.7168 34.8924 20.7 -42.3666 35.4 20.7 -42.3267 35.4767 20.7 -42.0586 35.8544 20.7 -42.0304 36.8163 20.7 -42.3666 37.5847 20.7 -42.818 38.2296 20.7 -43.167 38.6775 20.7 -43.228 38.7402 20.7 -43.3286 38.8376 20.7 -43.7729 39.4964 20.7 -43.7781 39.5054 20.7 -43.6637 39 20.7 -43.613 38.7 20.7 -43.176 38 20.7 -43.0284 37.8583 20.7 -43 37.7954 20.7 -42.8074 37.1583 20.7 -42.649 37 20.7 -42.645 36.7 20.7 -42.5655 36 20.7 -42.6021 35.7 20.7 -42.7445 35 20.7 -43 34.7445 20.7 -43.1442 34.5703 20.7 -43.5854 34 20.7 -43.6206 33.7 20.7 
13
-44.2783 41 20.7 -44.1444 40.7769 20.7 -44.2343 41.4977 20.7 -44.2554 41.6259 20.7 -44.2905 42.1084 20.7 -44.3512 42.4897 20.7 -44.3575 42.5879 20.7 -44.2905 42.7887 20.7 -44.175 43.4958 20.7 -44.402 43 20.7 -44.3955 42.7 20.7 -44.3485 42 20.7 -44.3425 41.7 20.7 
1
12
-26.9757 31.9593 21.6 -27.0091 31.9732 21.6 -27.0297 32.0066 21.6 -26.9757 32.0708 21.6 -26.242 32.9686 21.6 -26.0138 33.2098 21.6 -25.8479 33.1345 21.6 -25.8534 32.9686 21.6 -25.4984 32.522 21.6 -25.3028 32.0066 21.6 -26.0138 31.4015 21.6 -26.5569 31.4635 21.6 
0
0
0
1
19
-29.8615 15.6349 25.2 -29.7606 15.6264 25.2 -29.0861 15.469 25.2 -29.4038 16 25.2 -29.4399 16.2 25.2 -29.6194 17 25.2 -29.597 17.2 25.2 -29.4494 18 25.2 -29.3524 18.1908 25.2 -29.1943 18.477 25.2 -29.8615 18.6494 25.2 -29.9869 18.5396 25.2 -30.0003 18.5239 25.2 -30.0594 18.4387 25.2 -30.4266 17.5777 25.2 -30.4082 16.7166 25.2 -30.4004 16.6157 25.2 -29.9497 15.7547 25.2 -29.8923 15.6538 25.2 
1
18
-29.1963 15.6377 26.1 -29.3858 15.6538 26.1 -29.7704 15.713 26.1 -29.8226 15.7192 26.1 -29.8615 15.7501 26.1 -29.8646 15.7555 26.1 -30.3344 16.6157 26.1 -30.3442 16.6546 26.1 -30.4153 17.5777 26.1 -30.4023 17.6001 26.1 -29.8615 18.3794 26.1 -29.3214 18.4063 26.1 -29.5366 18.0753 26.1 -29.4907 18 26.1 -29.5913 17.1 26.1 -29.5832 17 26.1 -29.4208 16.1 26.1 -29.4075 16 26.1 
1
25
-24.7216 15.7527 27 -24.0899 15.9792 27 -24.0669 15.9909 27 -23.8628 16.1433 27 -23.2025 16.6157 27 -23.128 16.6861 27 -23.105 16.712 27 -22.1661 17.5772 27 -22.1658 17.5777 27 -22.1661 17.5826 27 -22.1789 17.7158 27 -22.2896 18.5396 27 -22.6519 19.5015 27 -22.6605 19.5132 27 -23.105 19.9786 27 -23.128 19.9826 27 -23.1491 19.9669 27 -23.5724 19.7345 27 -23 19.2029 27 -22.6508 19 27 -22.5242 18 27 -23 17.5242 27 -23.5602 17 27 -24 16.5602 27 -24.6063 16 27 
0
