126
0 1 0 1 1 2 1 2 2 3 2 3 3 4 3 4 4 5 4 5 5 6 5 6 6 7 6 7 7 8 7 8 8 9 8 9 9 10 9 10 10 11 10 11 11 12 11 12 12 13 12 13 13 14 13 14 14 15 14 15 15 16 15 16 16 17 16 17 17 18 17 18 18 19 18 19 19 20 19 20 20 21 20 21 21 22 21 22 21 23 21 23 22 24 22 24 23 25 23 25 23 26 23 27 23 27 24 28 24 28 28 29 28 29 29 30 29 30 30 31 30 31 31 32 31 32 
32
0 
1 0 
1 1 
1 2 
1 3 
1 4 
1 5 
1 6 
1 7 
1 8 
1 9 
1 10 
1 11 
1 12 
1 13 
1 14 
1 15 
1 16 
1 17 
1 18 
1 19 
1 20 
1 21 
2 22 23 
4 24 25 26 27 
1 28 
1 29 
1 30 
1 31 
1 32 
0 
0 
33
1 0 0 0.9
1 1 
1
7
-50.8 11.1048 0.9 -1.00356 11.1061 0.9 -0.852711 11.1116 0.9 -0.041631 11.1641 0.9 5.51091e-017 11.2006 0.9 5.5109e-017 50.8 0.9 -50.8 50.8 0.9 
2 1 0 1.8
2 0 2 
1
6
-1.00356 11.1001 1.8 -0.041631 11.1624 1.8 1.10218e-016 11.1992 1.8 1.10218e-016 50.8 1.8 -50.8 50.8 1.8 -50.8 11.0987 1.8 
3 2 0 2.7
2 1 3 
1
6
-1.00356 11.102 2.7 -0.041631 11.1644 2.7 1.65328e-016 11.2012 2.7 1.65327e-016 50.8 2.7 -50.8 50.8 2.7 -50.8 11.1005 2.7 
4 3 0 3.6
2 2 4 
1
6
-1.00356 11.1041 3.6 -0.041631 11.1666 3.6 2.20436e-016 11.2033 3.6 2.20436e-016 50.8 3.6 -50.8 50.8 3.6 -50.8 11.1025 3.6 
5 4 0 4.5
2 3 5 
1
6
-1.00356 11.1063 4.5 -0.041631 11.1689 4.5 2.75546e-016 11.2056 4.5 2.75545e-016 50.8 4.5 -50.8 50.8 4.5 -50.8 11.1046 4.5 
6 5 0 5.4
2 4 6 
1
6
-1.00356 11.1087 5.4 -0.041631 11.1714 5.4 3.30654e-016 11.208 5.4 3.30654e-016 50.8 5.4 -50.8 50.8 5.4 -50.8 11.1069 5.4 
7 6 0 6.3
2 5 7 
1
6
-1.00356 11.1112 6.3 -0.041631 11.1741 6.3 3.85764e-016 11.2107 6.3 3.85763e-016 50.8 6.3 -50.8 50.8 6.3 -50.8 11.1094 6.3 
8 7 0 7.2
2 6 8 
1
6
-1.00356 11.1141 7.2 -0.041631 11.177 7.2 4.40873e-016 11.2136 7.2 4.40872e-016 50.8 7.2 -50.8 50.8 7.2 -50.8 11.1121 7.2 
9 8 0 8.1
2 7 9 
1
6
-50.8 11.1151 8.1 -1.00356 11.1171 8.1 -0.041631 11.1802 8.1 4.95982e-016 11.2168 8.1 4.95981e-016 50.8 8.1 -50.8 50.8 8.1 
10 9 0 9
2 8 10 
1
6
-50.8 11.1184 9 -1.00356 11.1205 9 -0.041631 11.1837 9 5.51091e-016 11.2202 9 5.5109e-016 50.8 9 -50.8 50.8 9 
11 10 0 9.9
2 9 11 
1
6
-50.8 11.1219 9.9 -1.00356 11.1243 9.9 -0.041631 11.1875 9.9 6.062e-016 11.224 9.9 6.06199e-016 50.8 9.9 -50.8 50.8 9.9 
12 11 0 10.8
2 10 12 
1
6
-50.8 11.1259 10.8 -1.00356 11.1285 10.8 -0.041631 11.1919 10.8 6.61308e-016 11.2283 10.8 6.61308e-016 50.8 10.8 -50.8 50.8 10.8 
13 12 0 11.7
2 11 13 
1
7
-50.8 11.1304 11.7 -26.0138 11.2829 11.7 -1.00356 11.1332 11.7 -0.041631 11.1967 11.7 7.16418e-016 11.2331 11.7 7.16417e-016 50.8 11.7 -50.8 50.8 11.7 
14 13 0 12.6
2 12 14 
1
7
-50.8 11.1352 12.6 -26.0138 11.344 12.6 -1.00356 11.1386 12.6 -0.041631 11.202 12.6 7.71529e-016 11.2383 12.6 7.71526e-016 50.8 12.6 -50.8 50.8 12.6 
15 14 0 13.5
2 13 15 
1
7
-50.8 11.1404 13.5 -26.0138 11.4542 13.5 -1.00356 11.1448 13.5 -0.041631 11.2077 13.5 8.26634e-016 11.244 13.5 8.26635e-016 50.8 13.5 -50.8 50.8 13.5 
16 15 0 14.4
2 14 16 
1
32
-50.8 11.1459 14.4 -32.6294 11.4279 14.4 -31.6675 11.454 14.4 -30.8235 11.4822 14.4 -30.7056 11.4842 14.4 -29.8615 11.5172 14.4 -29.7436 11.5194 14.4 -28.8996 11.5584 14.4 -28.7817 11.5608 14.4 -27.9377 11.6067 14.4 -27.8198 11.6093 14.4 -26.9757 11.6592 14.4 -26.8578 11.6619 14.4 -26.0138 11.7122 14.4 -24.934 11.6925 14.4 -24.0899 11.6507 14.4 -23.972 11.6484 14.4 -23.128 11.6038 14.4 -23.0101 11.6016 14.4 -22.1661 11.5605 14.4 -22.0482 11.5585 14.4 -21.2041 11.5231 14.4 -21.0862 11.5212 14.4 -20.2422 11.4907 14.4 -20.1243 11.489 14.4 -19.2803 11.4625 14.4 -18.3183 11.4377 14.4 -1.00356 11.1515 14.4 -0.041631 11.2139 14.4 8.81746e-016 11.2501 14.4 8.81744e-016 50.8 14.4 -50.8 50.8 14.4 
17 16 0 15.3
2 15 17 
2
191
-50.8 11.1517 15.3 -40.263 11.3278 15.3 -39.301 11.3585 15.3 -38.3391 11.3897 15.3 -37.557 11.4175 15.3 -37.3772 11.4211 15.3 -36.595 11.4507 15.3 -36.4152 11.4541 15.3 -35.6331 11.4851 15.3 -35.4533 11.4887 15.3 -34.6712 11.5216 15.3 -34.4914 11.5256 15.3 -33.7093 11.5652 15.3 -33.5295 11.5697 15.3 -32.7473 11.6186 15.3 -32.5675 11.6237 15.3 -31.7854 11.6856 15.3 -31.6056 11.6916 15.3 -30.8235 11.7701 15.3 -30.2442 11.8061 15.3 -30.1269 11.8165 15.3 -29.4483 11.8953 15.3 -28.8996 11.9929 15.3 -28.6033 12.0327 15.3 -27.9377 12.1868 15.3 -27.7025 12.2217 15.3 -26.9757 12.4198 15.3 -26.1895 12.5923 15.3 -26.0138 12.6194 15.3 -25.1376 12.6823 15.3 -25.0519 12.6777 15.3 -24.288 12.5699 15.3 -24.0899 12.5387 15.3 -23.8021 12.4802 15.3 -23.7091 12.4644 15.3 -23.128 12.2795 15.3 -22.713 12.1993 15.3 -22.1661 12.0357 15.3 -21.4985 11.9297 15.3 -21.2041 11.8652 15.3 -20.7294 11.8061 15.3 -20.3329 11.7813 15.3 -20.2422 11.778 15.3 -19.4601 11.7176 15.3 -19.1005 11.707 15.3 -18.3183 11.6664 15.3 -18.1385 11.662 15.3 -17.3564 11.6091 15.3 -17.1766 11.6052 15.3 -16.3945 11.5622 15.3 -16.2147 11.5587 15.3 -15.4325 11.523 15.3 -15.2527 11.5198 15.3 -14.4706 11.4882 15.3 -14.2908 11.4848 15.3 -13.5087 11.4543 15.3 -13.3289 11.4506 15.3 -12.5468 11.4189 15.3 -12.367 11.4143 15.3 -11.5848 11.3741 15.3 -11.405 11.3696 15.3 -10.6229 11.3365 15.3 -9.48114 11.3017 15.3 -8.69902 11.2737 15.3 -1.00356 11.1588 15.3 -0.041631 11.2202 15.3 9.36856e-016 11.2564 15.3 9.36857e-016 11.8054 15.3 -5 11.8605 15.3 -5.1395 12 15.3 -5.1374 13 15.3 -5.97607 13.8528 15.3 -6 13.8792 15.3 -6.97555 14.8636 15.3 -7 14.8894 15.3 -8 15.8889 15.3 -9 15.9073 15.3 -9.0927 16 15.3 -9.1014 17 15.3 -9.9784 17.8913 15.3 -10 17.9146 15.3 -10.0854 18 15.3 -10.0985 20 15.3 -10.9792 20.897 15.3 -11 20.9196 15.3 -11.981 21.9135 15.3 -12 21.9337 15.3 -12.0663 22 15.3 -12 22.0663 15.3 -8 22.1558 15.3 -7.20046 22.9711 15.3 -7.17549 23 15.3 -7.18119 24 15.3 -7 24.1812 15.3 -6 24.1862 15.3 -5.18701 25 15.3 -5.1844 26 15.3 -5.97649 26.7966 15.3 -6 26.8213 15.3 -6.1787 27 15.3 -6.17879 28 15.3 -7.97577 29.802 15.3 -8 29.8272 15.3 -8.97542 30.8067 15.3 -9 30.8323 15.3 -10 31.8325 15.3 -11 31.8344 15.3 -12 32.8317 15.3 -16 32.8556 15.3 -17 33.8509 15.3 -22 33.8589 15.3 -22.8433 33.0249 15.3 -22.8699 33 15.3 -23 32.8699 15.3 -24 32.8646 15.3 -24.1354 33 15.3 -24.1523 35 15.3 -24.9728 35.8161 15.3 -25 35.8423 15.3 -27 35.8357 15.3 -27.1643 36 15.3 -27.1721 37 15.3 -27.9743 37.7988 15.3 -28 37.8237 15.3 -28.9759 38.805 15.3 -29 38.8304 15.3 -29.1696 39 15.3 -29.1675 40 15.3 -29.9757 40.8169 15.3 -30 40.8431 15.3 -30.9746 41.8228 15.3 -31 41.8492 15.3 -32 41.8533 15.3 -33 42.8493 15.3 -39 42.9078 15.3 -39.9782 43.8951 15.3 -40 43.918 15.3 -41 43.9446 15.3 -41.9863 44.944 15.3 -42 44.9585 15.3 -42.9818 45.9296 15.3 -43 45.947 15.3 -43.9737 45.0065 15.3 -43.9811 45 15.3 -43.9965 44 15.3 -44 43.9965 15.3 -44.9357 43.0191 15.3 -44.9519 43 15.3 -44.9193 41 15.3 -43.9224 40 15.3 -43.8913 38 15.3 -43.0241 37.1262 15.3 -43 37.1011 15.3 -42.8989 37 15.3 -42.9042 36 15.3 -42.9244 35 15.3 -43.9294 34 15.3 -43.9502 33 15.3 -44 32.9502 15.3 -44.8972 32.0257 15.3 -44.9198 32 15.3 -44.0179 31.0815 15.3 -44 31.0621 15.3 -43.9379 31 15.3 -43.9198 30 15.3 -41.0252 27.1181 15.3 -41 27.0937 15.3 -39 27.0874 15.3 -38.9126 27 15.3 -38.8803 25 15.3 -38.0213 24.1183 15.3 -38 24.0939 15.3 -37.9061 24 15.3 -38 23.9061 15.3 -38.8489 23.0311 15.3 -38.8754 23 15.3 -38.8684 19 15.3 -39.8497 18.0253 15.3 -39.8762 18 15.3 -39.8993 17 15.3 -41 15.9046 15.3 -42 15.8896 15.3 -43 14.887 15.3 -44 14.8685 15.3 -44.8356 14.0277 15.3 -44.8623 14 15.3 -44.8722 13 15.3 -45.8349 12.0284 15.3 -45.8616 12 15.3 -46 11.8616 15.3 -50.8 11.8065 15.3 
24
-29.085 18 15.3 -29 18.085 15.3 -26 18.0817 15.3 -25.1396 18.9695 15.3 -25.1136 19 15.3 -25 19.1136 15.3 -23 19.1181 15.3 -22.8819 19 15.3 -22.9193 18 15.3 -23 17.9193 15.3 -23.9703 17.0065 15.3 -23.9786 17 15.3 -24 16.9786 15.3 -24.2078 16.7922 15.3 -25 16.7876 15.3 -25.2213 16.7787 15.3 -26 16.774 15.3 -26.2381 16.7619 15.3 -27 16.7454 15.3 -27.2723 16.7277 15.3 -28 16.7066 15.3 -28.3182 16.6818 15.3 -29 16.661 15.3 -29.0301 17 15.3 
18 17 0 16.2
2 16 18 
2
195
-42.1249 11.3164 16.2 -41.4047 11.3524 16.2 -41.163 11.3604 16.2 -40.4428 11.4049 16.2 -40.2011 11.4133 16.2 -39.4808 11.4674 16.2 -39.2391 11.4759 16.2 -38.5189 11.5284 16.2 -38.2772 11.537 16.2 -37.557 11.5932 16.2 -37.3153 11.6023 16.2 -36.595 11.676 16.2 -36.3533 11.6856 16.2 -35.6331 11.7677 16.2 -35.0321 11.8061 16.2 -34.8741 11.8214 16.2 -34.6712 11.8509 16.2 -34.1852 11.9111 16.2 -33.7093 12.0185 16.2 -33.3526 12.0761 16.2 -32.0395 12.5139 16.2 -30.9931 12.768 16.2 -30.9344 12.7916 16.2 -30.304 13.021 16.2 -29.8615 13.1525 16.2 -29.34 13.2895 16.2 -28.8996 13.4196 16.2 -27.9377 13.6551 16.2 -27.6135 13.7299 16.2 -27.2238 13.7954 16.2 -26.9757 13.8277 16.2 -26.4567 13.9045 16.2 -26.0138 13.945 16.2 -25.6016 13.9969 16.2 -25.0519 14.0413 16.2 -24.6132 14.0264 16.2 -24.0899 14.024 16.2 -23.5619 13.9738 16.2 -23.128 13.9491 16.2 -22.4286 13.8625 16.2 -22.1661 13.842 16.2 -21.4047 13.7299 16.2 -21.2496 13.6844 16.2 -21.2041 13.664 16.2 -20.5046 13.4675 16.2 -19.3646 12.8523 16.2 -19.2803 12.8111 16.2 -19.2084 12.768 16.2 -18.4928 12.5935 16.2 -18.3183 12.5642 16.2 -17.5778 12.3876 16.2 -17.3564 12.2824 16.2 -16.8322 12.1647 16.2 -16.3945 12.0045 16.2 -15.5311 11.8508 16.2 -15.4325 11.8266 16.2 -15.292 11.8061 16.2 -14.6466 11.7599 16.2 -14.4706 11.7528 16.2 -13.7504 11.6833 16.2 -13.267 11.6641 16.2 -12.3051 11.6079 16.2 -11.5848 11.5061 16.2 -11.3431 11.4959 16.2 -10.6229 11.4317 16.2 -10.3812 11.4233 16.2 -9.66095 11.3694 16.2 -9.41924 11.3608 16.2 -8.69902 11.3182 16.2 -7.73709 11.281 16.2 -5.0527 11.2181 16.2 -5.83463 12 16.2 -5.83257 13 16.2 -6 13.1852 16.2 -6.81484 14 16.2 -7 14.1955 16.2 -8 15.1944 16.2 -9 15.2151 16.2 -9.78494 16 16.2 -9.79413 17 16.2 -9.95304 17.1717 16.2 -10 17.224 16.2 -10.776 18 16.2 -10.7918 20 16.2 -10.953 20.1757 16.2 -11 20.2285 16.2 -11.7715 21 16.2 -11.9472 21.187 16.2 -12 21.245 16.2 -12.755 22 16.2 -12 22.755 16.2 -11.2 22.7733 16.2 -11 22.7819 16.2 -10 22.81 16.2 -8 22.8533 16.2 -7.87385 23 16.2 -7.87878 24 16.2 -7 24.8788 16.2 -6 24.8834 16.2 -5.88444 25 16.2 -5.88167 26 16.2 -6 26.1245 16.2 -6.87545 27 16.2 -6.87553 28 16.2 -7.87439 29 16.2 -8 29.1306 16.2 -8.86943 30 16.2 -9 30.1362 16.2 -10 31.1364 16.2 -11 31.1384 16.2 -12 32.1354 16.2 -16 32.1595 16.2 -16.8405 33 16.2 -17 33.1543 16.2 -22 33.1635 16.2 -22.1752 33 16.2 -23 32.1752 16.2 -24 32.1693 16.2 -24.8307 33 16.2 -24.8475 35 16.2 -25 35.1464 16.2 -27 35.1392 16.2 -27.8608 36 16.2 -27.8691 37 16.2 -28.8732 38 16.2 -29 38.1338 16.2 -29.8662 39 16.2 -29.8641 40 16.2 -30 40.1473 16.2 -30.8527 41 16.2 -31 41.1541 16.2 -32 41.1587 16.2 -33 42.154 16.2 -36 42.1607 16.2 -39 42.2164 16.2 -39.7836 43 16.2 -40 43.2275 16.2 -41 43.2569 16.2 -41.7431 44 16.2 -42 44.2712 16.2 -42.7288 45 16.2 -42.9356 45.1975 16.2 -43 45.2566 16.2 -43.2249 45.0591 16.2 -43.2985 45 16.2 -43.3109 44.2 16.2 -43.3197 44 16.2 -44 43.3197 16.2 -44.2015 43.0825 16.2 -44.2636 43 16.2 -44.2291 41 16.2 -43.2331 40 16.2 -43.1987 38 16.2 -43 37.7934 16.2 -42.2066 37 16.2 -42.2347 35 16.2 -43.1835 34.0552 16.2 -43.2382 34 16.2 -43.2549 33.2 16.2 -43.2623 33 16.2 -44 32.2623 16.2 -44.1758 32.0621 16.2 -44.2268 32 16.2 -44.051 31.8097 16.2 -44 31.7516 16.2 -43.2484 31 16.2 -43.2288 30 16.2 -43.053 29.8242 16.2 -43 29.7694 16.2 -42 28.7758 16.2 -41.2242 28 16.2 -41 27.7848 16.2 -39 27.7782 16.2 -38.2218 27 16.2 -38.198 26 16.2 -38.1848 25 16.2 -38 24.7879 16.2 -37.2121 24 16.2 -38 23.2121 16.2 -38.1795 23 16.2 -38.1731 19 16.2 -39 18.1731 16.2 -39.1802 18 16.2 -39.2057 17 16.2 -40.2124 16 16.2 -41 15.2124 16.2 -42 15.1962 16.2 -42.1928 15 16.2 -43 14.1928 16.2 -44 14.1732 16.2 -44.1666 14 16.2 -44.1772 13 16.2 -45 12.1772 16.2 -45.1664 12 16.2 -45.9491 11.2173 16.2 
19
-29 18.7824 16.2 -26 18.7796 16.2 -25.8509 18.9542 16.2 -25.8071 19 16.2 -25 19.8071 16.2 -23 19.8131 16.2 -22.1869 19 16.2 -22.2168 18.2 16.2 -22.2214 18 16.2 -23 17.2214 16.2 -23.282 17 16.2 -24 16.282 16.2 -24.3885 16 16.2 -25 15.3884 16.2 -29 15.369 16.2 -29.631 16 16.2 -29.6544 16.2 16.2 -29.7254 17 16.2 -29.7824 18 16.2 
19 18 0 17.1
2 17 19 
2
219
-45.9488 11.2398 17.1 -43.0249 11.332 17.1 -42.0629 11.3856 17.1 -41.4047 11.4435 17.1 -41.101 11.4623 17.1 -40.4428 11.5547 17.1 -40.1391 11.5775 17.1 -39.4808 11.7004 17.1 -39.1771 11.7225 17.1 -38.7162 11.8061 17.1 -38.5189 11.8759 17.1 -38.0484 11.9672 17.1 -37.557 12.1797 17.1 -36.9289 12.4342 17.1 -36.595 12.5425 17.1 -35.7853 12.768 17.1 -35.724 12.8026 17.1 -35.6331 12.8516 17.1 -34.6712 13.3152 17.1 -33.7105 13.7299 17.1 -33.7099 13.73 17.1 -33.7093 13.7302 17.1 -33.0706 13.8679 17.1 -32.7473 13.9102 17.1 -32.2501 13.9891 17.1 -31.7854 14.037 17.1 -31.3904 14.1046 17.1 -30.8235 14.163 17.1 -30.4939 14.213 17.1 -29.8615 14.2631 17.1 -29.7036 14.2849 17.1 -29.5578 14.3139 17.1 -28.8996 14.3564 17.1 -28.5959 14.4075 17.1 -27.9377 14.4428 17.1 -27.634 14.4823 17.1 -26.9757 14.5025 17.1 -26.672 14.5304 17.1 -25.3424 14.5425 17.1 -25.0519 14.566 17.1 -23.3964 14.5743 17.1 -23.128 14.5591 17.1 -22.4306 14.561 17.1 -22.1661 14.5404 17.1 -21.4759 14.5362 17.1 -21.2041 14.5086 17.1 -20.5459 14.4818 17.1 -20.2422 14.4422 17.1 -19.584 14.4162 17.1 -19.2803 14.3542 17.1 -18.9151 14.2983 17.1 -18.3183 14.2521 17.1 -17.868 14.1775 17.1 -17.3564 14.1148 17.1 -16.7504 13.9977 17.1 -16.3945 13.9475 17.1 -15.5733 13.7299 17.1 -15.4949 13.6675 17.1 -15.4325 13.6331 17.1 -14.9462 13.2543 17.1 -14.0048 12.768 17.1 -12.8734 12.4414 17.1 -12.5468 12.3336 17.1 -11.9579 11.8061 17.1 -11.8221 11.7753 17.1 -11.5848 11.7418 17.1 -10.9266 11.6599 17.1 -10.6229 11.6328 17.1 -10.3192 11.6101 17.1 -9.66095 11.4748 17.1 -9.35727 11.4569 17.1 -8.69902 11.3856 17.1 -8.39534 11.3729 17.1 -7.73709 11.3286 17.1 -7.43341 11.3191 17.1 -6.77515 11.2886 17.1 -5.81322 11.2595 17.1 -5.05423 11.2424 17.1 -5.81176 12 17.1 -5.80998 13 17.1 -6 13.2132 17.1 -6.78682 14 17.1 -7 14.2241 17.1 -8 15.2203 17.1 -8.1 15.2247 17.1 -9 15.2513 17.1 -9.74873 16 17.1 -9.76116 17 17.1 -9.97249 17.2353 17.1 -10 17.2673 17.1 -10.7327 18 17.1 -10.7615 20 17.1 -10.973 20.2378 17.1 -11 20.2691 17.1 -11.7309 21 17.1 -11.9687 21.2614 17.1 -12 21.2974 17.1 -12.7026 22 17.1 -12 22.7026 17.1 -11.1 22.7412 17.1 -11 22.7489 17.1 -10 22.7895 17.1 -8 22.8425 17.1 -7.86614 23 17.1 -7.86733 24 17.1 -7 24.8673 17.1 -6 24.8706 17.1 -5.87242 25 17.1 -5.86909 26 17.1 -6 26.1396 17.1 -6.86042 27 17.1 -6.86054 28 17.1 -7.85941 29 17.1 -8 29.1462 17.1 -8.85383 30 17.1 -9 30.1544 17.1 -10 31.1546 17.1 -11 31.1573 17.1 -11.8427 32 17.1 -12 32.1523 17.1 -16 32.1777 17.1 -16.8223 33 17.1 -17 33.1701 17.1 -22 33.1849 17.1 -22.2001 33 17.1 -23 32.2001 17.1 -24 32.191 17.1 -24.809 33 17.1 -24.8252 35 17.1 -25 35.1656 17.1 -27 35.1555 17.1 -27.8445 36 17.1 -27.8551 37 17.1 -28.8588 38 17.1 -29 38.1493 17.1 -29.8507 39 17.1 -29.8485 40 17.1 -30 40.1668 17.1 -30.8333 41 17.1 -31 41.177 17.1 -32 41.184 17.1 -32.816 42 17.1 -33 42.1761 17.1 -36 42.1777 17.1 -37 42.2019 17.1 -37.1 42.2061 17.1 -38 42.2278 17.1 -38.1 42.2323 17.1 -39 42.2572 17.1 -39.7428 43 17.1 -40 43.2732 17.1 -40.1 43.2801 17.1 -41 43.3166 17.1 -41.6834 44 17.1 -41.959 44.2898 17.1 -42.6701 45 17.1 -42.9599 45.2658 17.1 -43 45.3006 17.1 -43.3315 45.0348 17.1 -43.3781 45 17.1 -43.4179 44.1 17.1 -43.4317 44 17.1 -44 43.4317 17.1 -44.2795 43.0605 17.1 -44.3171 43 17.1 -44.275 41 17.1 -44.0335 40.7518 17.1 -44 40.7155 17.1 -43.2845 40 17.1 -43.2645 39.1 17.1 -43.2378 38.1 17.1 -43.2335 38 17.1 -42.2425 37 17.1 -42.2499 36 17.1 -42.278 35.1 17.1 -42.2829 35 17.1 -43.2462 34.0346 17.1 -43.2787 34 17.1 -43.317 33 17.1 -44 32.317 17.1 -44.2294 32.0376 17.1 -44.2591 32 17.1 -44.0297 31.7386 17.1 -44 31.7034 17.1 -43.2966 31 17.1 -43.2703 30 17.1 -43.0318 29.7534 17.1 -43 29.7177 17.1 -42.2822 29 17.1 -41.2743 28 17.1 -41.0351 27.7743 17.1 -41 27.7425 17.1 -39 27.7341 17.1 -38.2659 27 17.1 -38.2373 26.1 17.1 -38.2318 26 17.1 -38.2101 25.1 17.1 -38.2058 25 17.1 -38 24.7598 17.1 -37.2401 24 17.1 -38 23.2402 17.1 -38.1986 23 17.1 -38.1945 19 17.1 -39.1768 18.0219 17.1 -39.1984 18 17.1 -39.2296 17.1 17.1 -39.2347 17 17.1 -40 16.2347 17.1 -40.2191 16.0267 17.1 -40.2491 16 17.1 -41 15.2491 17.1 -42 15.227 17.1 -42.2202 15 17.1 -43 14.2202 17.1 -44 14.1949 17.1 -44.1867 14 17.1 -44.2003 13 17.1 -45 12.2003 17.1 -45.1886 12 17.1 
20
-29 18.7709 17.1 -26 18.7698 17.1 -25.8029 18.9759 17.1 -25.7769 19 17.1 -25 19.7769 17.1 -24 19.788 17.1 -23 19.7904 17.1 -22.2096 19 17.1 -22.2303 18.1 17.1 -22.2312 18 17.1 -23 17.2312 17.1 -23.2981 17 17.1 -24 16.2981 17.1 -24.4195 16 17.1 -25 15.4195 17.1 -29 15.414 17.1 -29.586 16 17.1 -29.5997 16.1 17.1 -29.7048 17 17.1 -29.7709 18 17.1 
20 19 0 18
2 18 20 
3
183
-6 13.2506 18 -6.74941 14 18 -7 14.2603 18 -8 15.2537 18 -9 15.2979 18 -9.70205 16 18 -9.72489 17 18 -10 17.3197 18 -10.6803 18 18 -10.7299 20 18 -11 20.3133 18 -11.6867 21 18 -12 21.3603 18 -12.6397 22 18 -12 22.6397 18 -11 22.7164 18 -10 22.7679 18 -8 22.8303 18 -7.85485 23 18 -7.85037 24 18 -7 24.8504 18 -6 24.8549 18 -5.85804 25 18 -5.85397 26 18 -6 26.1584 18 -6.84163 27 18 -6.84179 28 18 -7.84071 29 18 -8 29.1652 18 -8.83478 30 18 -9 30.1776 18 -10 31.1779 18 -11 31.1815 18 -11.8185 32 18 -12 32.1733 18 -16 32.2006 18 -16.7994 33 18 -17 33.189 18 -22 33.2123 18 -22.2327 33 18 -23 32.2327 18 -24 32.2187 18 -24.7813 33 18 -24.7965 35 18 -25 35.1892 18 -27 35.1757 18 -27.8243 36 18 -27.8374 37 18 -28.8413 38 18 -29 38.1686 18 -29.8314 39 18 -29.8297 40 18 -30 40.1906 18 -30.8094 41 18 -31 41.2069 18 -32 41.2185 18 -32.7815 42 18 -33 42.2043 18 -36 42.197 18 -39 42.316 18 -39.684 43 18 -40 43.3402 18 -41 43.4096 18 -42.5987 45 18 -43 45.3484 18 -43.4663 45 18 -43.6049 44 18 -44 43.6049 18 -44.3754 43 18 -44.3351 41 18 -44 40.637 18 -43.363 40 18 -43.2825 38 18 -42.2864 37 18 -42.2966 36 18 -42.3456 35 18 -43 34.3456 18 -43.3255 34 18 -43.3758 33 18 -44 32.3758 18 -44.2966 32 18 -44 31.6484 18 -43.3516 31 18 -43.3183 30 18 -43 29.6427 18 -41.3512 28 18 -41 27.6818 18 -39 27.67 18 -38.33 27 18 -38.2319 25 18 -38 24.7236 18 -37.2764 24 18 -38 23.2764 18 -38.2228 23 18 -38.2185 19 18 -39.2161 18 18 -39.2669 17 18 -40 16.2669 18 -40.3 16 18 -41 15.3 18 -42 15.2686 18 -42.2563 15 18 -43 14.2563 18 -44 14.2224 18 -44.212 14 18 -44.2297 13 18 -45 12.2297 18 -45.2169 12 18 -45.9487 11.2681 18 -44.8868 11.3037 18 -43.9249 11.3466 18 -42.963 11.4072 18 -42.3666 11.4686 18 -42.001 11.5007 18 -41.4047 11.6052 18 -41.0391 11.6565 18 -40.584 11.8061 18 -40.4428 11.8958 18 -40.0427 12.2061 18 -39.4808 12.5568 18 -39.0867 12.768 18 -37.8768 13.7299 18 -37.8069 13.7687 18 -37.557 13.8973 18 -37.0833 14.0571 18 -36.595 14.167 18 -36.1008 14.2241 18 -35.6331 14.3198 18 -34.9521 14.411 18 -34.8954 14.4214 18 -34.6712 14.4843 18 -33.9045 14.5421 18 -33.7093 14.5801 18 -32.8686 14.6224 18 -32.7473 14.6383 18 -31.7972 14.6867 18 -31.7854 14.6879 18 -31.0036 14.7216 18 -30.8235 14.7246 18 -30.1808 14.7499 18 -29.8615 14.7528 18 -29.3332 14.7746 18 -28.8996 14.7776 18 -28.4661 14.7964 18 -27.9377 14.8001 18 -27.5582 14.8112 18 -20.6078 14.8552 18 -19.8149 14.8312 18 -19.2803 14.8328 18 -18.7563 14.8073 18 -18.3183 14.8066 18 -17.6345 14.7648 18 -17.3564 14.7623 18 -16.9203 14.6919 18 -16.6169 14.6368 18 -15.956 14.5498 18 -15.7981 14.5342 18 -15.4325 14.4464 18 -15.0669 14.3319 18 -14.4706 14.2626 18 -13.8743 14.1455 18 -13.5087 14.0404 18 -12.7909 13.8913 18 -12.5468 13.8578 18 -12.1477 13.7299 18 -11.5848 13.3846 18 -10.9873 12.768 18 -10.6229 12.4162 18 -10.5125 12.2632 18 -10.286 11.8061 18 -10.0266 11.7177 18 -9.66095 11.6425 18 -9.29534 11.603 18 -8.69902 11.5033 18 -8.33341 11.4787 18 -7.73709 11.4023 18 -7.37147 11.3854 18 -6.77515 11.3405 18 -6.40954 11.3284 18 -5.81322 11.2989 18 -5.05741 11.2756 18 -5.78185 12 18 -5.78066 13 18 
16
-29.6873 17 18 -29.7605 18 18 -29 18.7605 18 -26 18.7593 18 -25.7402 19 18 -25 19.7402 18 -23 19.7666 18 -22.2334 19 18 -22.2419 18 18 -23 17.2419 18 -23.3161 17 18 -24 16.3161 18 -24.4559 16 18 -25 15.4559 18 -29 15.4503 18 -29.5497 16 18 
33
-33.8695 22.5476 18 -34.215 23.3493 18 -34.297 23.7235 18 -34.4618 24.3112 18 -34.3235 24.6589 18 -34.1371 25.2731 18 -33.7093 26.1111 18 -32.4795 26.5028 18 -31.2051 26.8154 18 -30.8235 26.7454 18 -30.6236 26.4349 18 -30.6006 26.235 18 -30.3397 25.7568 18 -30.3011 25.2731 18 -30.2103 24.9244 18 -30.1389 24.3112 18 -30.0923 24.0804 18 -29.8615 23.7514 18 -29.6792 23.5316 18 -29.473 23.3493 18 -29.7292 22.5196 18 -29.7956 22.3873 18 -29.8149 22.3779 18 -29.9082 22.3406 18 -30.8235 22.0639 18 -31.7171 21.4937 18 -31.7854 21.4566 18 -32.7088 21.4639 18 -32.7473 21.4841 18 -33.2354 21.8993 18 -33.7093 22.2595 18 -33.7366 22.2922 18 -33.7967 22.3873 18 
21 20 0 18.9
2 19 21 
5
214
-45.7868 11.3086 18.9 -44.8248 11.3576 18.9 -43.8629 11.4267 18.9 -43.3286 11.4894 18.9 -42.901 11.5334 18.9 -42.3666 11.6388 18.9 -41.939 11.7137 18.9 -41.6803 11.8061 18.9 -41.4047 12.0271 18.9 -40.9771 12.3165 18.9 -40.6816 12.683 18.9 -40.4428 13.0111 18.9 -39.7547 13.7299 18.9 -39.7501 13.7338 18.9 -39.4808 13.9427 18.9 -39.0532 14.2186 18.9 -38.5189 14.4138 18.9 -37.7214 14.6919 18.9 -37.6707 14.7036 18.9 -37.0113 14.7902 18.9 -36.595 14.8208 18.9 -36.1674 14.8597 18.9 -35.6331 14.8743 18.9 -35.2055 14.9049 18.9 -34.6712 14.9152 18.9 -34.2436 14.9316 18.9 -33.7093 14.9351 18.9 -33.2817 14.9463 18.9 -32.7473 14.9492 18.9 -32.3197 14.9592 18.9 -17.3564 15.0441 18.9 -16.9288 14.968 18.9 -16.3945 14.8644 18.9 -15.4325 14.7615 18.9 -14.4878 14.6946 18.9 -14.4706 14.6951 18.9 -13.616 14.6766 18.9 -13.5087 14.6555 18.9 -12.6912 14.643 18.9 -12.5468 14.6232 18.9 -11.8514 14.565 18.9 -11.5848 14.4828 18.9 -11.2846 14.3566 18.9 -11.0505 14.2486 18.9 -10.8649 14.1563 18.9 -10.6229 14.0242 18.9 -10.2439 13.7299 18.9 -9.71715 12.8242 18.9 -9.68976 12.7801 18.9 -9.6828 12.768 18.9 -9.66095 12.7249 18.9 -9.22678 11.8061 18.9 -9.12648 11.7682 18.9 -8.69902 11.6967 18.9 -8.16466 11.5922 18.9 -7.73709 11.5375 18.9 -7.30952 11.5053 18.9 -6.77515 11.4249 18.9 -6.34758 11.4037 18.9 -5.81322 11.3576 18.9 -5.38564 11.342 18.9 -5.06041 11.321 18.9 -5.73947 12 18.9 -5.73769 13 18.9 -6 13.306 18.9 -6.69392 14 18.9 -7.71569 15.0254 18.9 -8 15.2942 18.9 -9 15.3486 18.9 -9.65145 16 18.9 -9.68309 17 18.9 -9.7106 17.032 18.9 -10 17.3783 18.9 -10.6217 18 18.9 -10.6898 20 18.9 -11 20.3688 18.9 -11.6312 21 18.9 -12 21.4224 18.9 -12.5776 22 18.9 -12 22.5776 18.9 -11.9 22.5853 18.9 -11 22.6814 18.9 -10 22.7444 18.9 -9 22.7866 18.9 -8 22.817 18.9 -7.98549 22.834 18.9 -7.83361 23 18.9 -7.82769 24 18.9 -7 24.8277 18.9 -6 24.8345 18.9 -5.84019 25 18.9 -5.83518 26 18.9 -6 26.1833 18.9 -6.81668 27 18.9 -6.81694 28 18.9 -7.81595 29 18.9 -8.81083 30 18.9 -8.82735 30.0178 18.9 -9 30.2094 18.9 -10 31.2099 18.9 -11 31.2151 18.9 -11.7849 32 18.9 -12 32.2004 18.9 -16 32.2306 18.9 -16.7694 33 18.9 -17 33.2134 18.9 -22 33.2484 18.9 -22.2775 33 18.9 -23 32.2775 18.9 -24 32.2635 18.9 -24.7365 33 18.9 -24.7363 34 18.9 -24.7576 35 18.9 -24.778 35.0189 18.9 -25 35.2182 18.9 -27 35.2028 18.9 -27.7972 36 18.9 -27.8156 37 18.9 -28.8193 38 18.9 -29 38.1933 18.9 -29.8067 39 18.9 -29.8067 40 18.9 -30 40.2207 18.9 -30.7792 41 18.9 -30.7983 41.0207 18.9 -31 41.2478 18.9 -32 41.2703 18.9 -32.7297 42 18.9 -32.7515 42.0204 18.9 -33 42.2416 18.9 -36 42.2271 18.9 -37 42.2534 18.9 -37.9 42.3174 18.9 -38 42.3216 18.9 -38.9 42.4109 18.9 -39 42.4154 18.9 -39.5846 43 18.9 -40 43.448 18.9 -40.9 43.5654 18.9 -41 43.5723 18.9 -41.4686 44.0401 18.9 -42 44.4904 18.9 -42.5096 45 18.9 -43 45.4171 18.9 -43.0466 45.3822 18.9 -43.5396 45 18.9 -43.5535 44.9 18.9 -43.706 44 18.9 -44 43.706 18.9 -44.4287 43 18.9 -44.3977 41 18.9 -44.3642 40.9637 18.9 -44 40.486 18.9 -43.514 40 18.9 -43.5102 39.9 18.9 -43.4393 39 18.9 -43.4351 38.9 18.9 -43.3604 38 18.9 -43.3321 37.9714 18.9 -43 37.6587 18.9 -42.3413 37 18.9 -42.3541 36 18.9 -42.359 35.9 18.9 -42.4266 35 18.9 -43 34.4266 18.9 -43.0326 34.392 18.9 -43.3821 34 18.9 -43.3871 33.9 18.9 -43.453 33 18.9 -44 32.453 18.9 -44.3489 32 18.9 -44.3192 31.9648 18.9 -44 31.5748 18.9 -43.4252 31 18.9 -43.4219 30.9 18.9 -43.3773 30 18.9 -43.3455 29.9643 18.9 -43 29.5383 18.9 -42.426 28.9649 18.9 -42 28.4994 18.9 -41.5006 28 18.9 -41.4655 27.9682 18.9 -41 27.5829 18.9 -39 27.565 18.9 -38.435 27 18.9 -38.4296 26.9 18.9 -38.3211 26 18.9 -38.2667 25 18.9 -38.2435 24.9724 18.9 -38 24.6726 18.9 -37.3274 24 18.9 -38 23.3274 18.9 -38.0223 23.2998 18.9 -38.2545 23 18.9 -38.2477 19 18.9 -39.0216 18.2258 18.9 -39.2325 18 18.9 -39.2376 17.9 18.9 -39.2962 17 18.9 -40 16.2962 18.9 -40.03 16.2696 18.9 -40.3708 16 18.9 -41 15.3708 18.9 -41.9 15.3265 18.9 -42 15.3234 18.9 -42.3064 15 18.9 -43 14.3064 18.9 -43.9 14.2605 18.9 -44 14.2571 18.9 -44.2435 14 18.9 -44.2703 13 18.9 -45 12.2703 18.9 -45.2541 12 18.9 -45.9514 11.3027 18.9 
26
-41.801 31.0447 18.9 -41.9612 31.4501 18.9 -42.3666 31.6672 18.9 -42.4081 31.766 18.9 -42.5184 32.0066 18.9 -42.3666 32.5645 18.9 -42.0683 32.9686 18.9 -41.4047 33.4948 18.9 -40.6754 33.6979 18.9 -40.4428 33.7349 18.9 -39.9162 33.9305 18.9 -39.4808 34.2313 18.9 -39.0945 34.3168 18.9 -38.5799 33.9305 18.9 -38.5376 33.9118 18.9 -38.7624 32.9686 18.9 -38.7946 32.6929 18.9 -39.0192 32.0066 18.9 -39.0313 31.4942 18.9 -39.0037 31.0447 18.9 -39.1447 30.0828 18.9 -39.4808 29.775 18.9 -40.4428 29.873 18.9 -40.7575 30.0828 18.9 -41.0451 30.4424 18.9 -41.4047 30.5369 18.9 
20
-29 18.7426 18.9 -26 18.7478 18.9 -25.974 18.7719 18.9 -25.7025 19 18.9 -25 19.7025 18.9 -23 19.7377 18.9 -22.2623 19 18.9 -22.2631 18.9 18.9 -22.2532 18 18.9 -23 17.2532 18.9 -23.3366 17 18.9 -24 16.3366 18.9 -24.0456 16.305 18.9 -24.5001 16 18.9 -25 15.5001 18.9 -29 15.4933 18.9 -29.5067 16 18.9 -29.6534 16.9 18.9 -29.6671 17 18.9 -29.7426 18 18.9 
70
-34.988 21.4254 18.9 -35.0636 21.8178 18.9 -35.2114 22.3873 18.9 -35.2527 22.9688 18.9 -35.2695 23.0587 18.9 -35.3419 23.3493 18.9 -35.4062 24.028 18.9 -35.4428 24.3112 18.9 -35.5147 25.0968 18.9 -35.4997 25.2731 18.9 -35.4963 26.0543 18.9 -35.4532 26.235 18.9 -35.3769 26.4913 18.9 -35.1881 27.197 18.9 -34.9541 27.876 18.9 -34.8849 28.0884 18.9 -34.8631 28.1589 18.9 -34.6712 28.5361 18.9 -33.8127 29.1208 18.9 -33.758 29.1463 18.9 -33.7093 29.1529 18.9 -32.7974 29.1538 18.9 -32.7473 29.1508 18.9 -31.7943 29.1261 18.9 -31.7854 29.1255 18.9 -31.7384 29.1208 18.9 -30.9457 29.0063 18.9 -30.8235 29.0106 18.9 -30.0991 28.9066 18.9 -29.8615 28.8898 18.9 -29.3892 28.6485 18.9 -28.8996 28.4516 18.9 -28.4608 28.1589 18.9 -28.3525 27.7441 18.9 -28.2293 27.197 18.9 -28.2084 26.9263 18.9 -28.0248 26.235 18.9 -28.0133 26.1594 18.9 -27.9377 26.0642 18.9 -27.5968 25.614 18.9 -26.1168 24.3112 18.9 -26.0794 24.2456 18.9 -26.0138 23.76 18.9 -25.9491 23.414 18.9 -25.9606 23.3493 18.9 -26.0138 23.2886 18.9 -26.7272 22.3873 18.9 -26.8239 22.3289 18.9 -27.1619 22.2011 18.9 -27.9377 21.869 18.9 -28.6778 21.6472 18.9 -28.8234 21.598 18.9 -28.8996 21.5633 18.9 -29.2801 21.4254 18.9 -29.5781 21.3564 18.9 -29.8615 21.2821 18.9 -30.287 21.1553 18.9 -30.2891 21.1545 18.9 -30.8235 20.9278 18.9 -31.2511 20.7255 18.9 -31.6836 20.4706 18.9 -31.7854 20.4196 18.9 -31.9222 20.3266 18.9 -32.7473 19.8978 18.9 -33.4962 19.7146 18.9 -33.7093 19.7695 18.9 -34.1428 20.0299 18.9 -34.5463 20.4634 18.9 -34.6712 20.6097 18.9 -34.8875 21.0556 18.9 
57
-22.1661 24.5131 18.9 -22.4581 24.9811 18.9 -23.0027 26.235 18.9 -23.0289 26.3341 18.9 -23.128 26.5282 18.9 -23.2794 27.0456 18.9 -23.297 27.197 18.9 -23.3122 27.9748 18.9 -23.3015 28.1589 18.9 -23.128 28.2895 18.9 -22.9081 28.3788 18.9 -22.1661 28.5246 18.9 -21.726 28.5989 18.9 -21.2041 28.6086 18.9 -20.7244 28.6386 18.9 -20.2422 28.6281 18.9 -19.8732 28.5279 18.9 -19.2803 28.5138 18.9 -18.7841 28.1589 18.9 -18.5387 27.9385 18.9 -18.3183 27.8411 18.9 -17.6586 27.197 18.9 -17.3564 26.8619 18.9 -17.0252 26.235 18.9 -16.7025 25.2731 18.9 -16.726 24.9416 18.9 -16.4369 24.3112 18.9 -16.4783 24.2274 18.9 -16.3945 24.1769 18.9 -16.2122 23.3493 18.9 -16.1739 22.6079 18.9 -16.1454 22.3873 18.9 -15.8891 21.9307 18.9 -15.4384 21.4254 18.9 -15.4496 21.4083 18.9 -15.7446 20.4634 18.9 -16.0879 20.1569 18.9 -16.2914 20.2283 18.9 -16.8976 20.4634 18.9 -17.1268 20.693 18.9 -17.3564 20.6905 18.9 -18.1572 21.4254 18.9 -18.0939 21.6498 18.9 -18.3183 21.627 18.9 -18.848 21.8577 18.9 -19.1786 22.3873 18.9 -19.148 22.5196 18.9 -19.2803 22.5057 18.9 -20.0916 22.5379 18.9 -20.2422 22.6189 18.9 -20.6909 22.9005 18.9 -21.1562 23.3493 18.9 -21.1802 23.3732 18.9 -21.2041 23.399 18.9 -21.652 23.8633 18.9 -22.0408 24.3112 18.9 -22.0919 24.3854 18.9 
22 21 0 19.8
3 20 22 23 
3
403
-45.7248 11.354 19.8 -45.2524 11.3971 19.8 -44.7629 11.4346 19.8 -44.2905 11.5019 19.8 -43.801 11.5593 19.8 -43.3286 11.6676 19.8 -42.8391 11.7642 19.8 -42.7342 11.8061 19.8 -42.3666 12.1585 19.8 -41.8771 12.5567 19.8 -41.7483 12.7411 19.8 -41.7307 12.768 19.8 -41.3259 13.4224 19.8 -41.1016 13.7299 19.8 -41.0972 13.7343 19.8 -40.9152 13.906 19.8 -40.4428 14.2866 19.8 -39.8158 14.6919 19.8 -39.7482 14.7171 19.8 -39.1957 14.8389 19.8 -38.9913 14.8893 19.8 -38.0294 15.0156 19.8 -37.557 15.1099 19.8 -37.0674 15.1459 19.8 -36.595 15.0813 19.8 -35.6331 15.1112 19.8 -35.1436 15.1206 19.8 -34.6712 15.1512 19.8 -34.1817 15.1544 19.8 -33.7093 15.2048 19.8 -33.2197 15.2075 19.8 -32.7473 15.1132 19.8 -32.2578 15.1161 19.8 -31.7854 15.1114 19.8 -21.6765 15.1586 19.8 -21.2041 15.1857 19.8 -20.7146 15.1885 19.8 -20.2422 15.2162 19.8 -17.8288 15.2188 19.8 -17.3564 15.2088 19.8 -16.8669 15.1139 19.8 -16.3945 15.2569 19.8 -15.9049 15.2045 19.8 -15.4325 15.3591 19.8 -14.4901 15.6373 19.8 -14.4706 15.6379 19.8 -14.4004 15.6538 19.8 -14.4706 15.7349 19.8 -14.7435 16.3428 19.8 -15.0106 16.6157 19.8 -15.2045 16.8437 19.8 -15.4325 17.2175 19.8 -15.4862 17.4889 19.8 -15.499 17.5777 19.8 -15.7491 17.8943 19.8 -16.1352 18.5396 19.8 -16.3945 18.753 19.8 -16.7378 18.8829 19.8 -17.3564 19.3486 19.8 -17.7086 19.5015 19.8 -18.3183 19.9068 19.8 -18.8764 20.0596 19.8 -19.0509 20.1567 19.8 -19.2803 20.2661 19.8 -19.7348 20.4634 19.8 -19.9043 20.6317 19.8 -20.2422 20.7679 19.8 -20.7673 20.9885 19.8 -21.2041 21.2308 19.8 -21.4911 21.4254 19.8 -22.1661 21.9849 19.8 -22.7202 22.3873 19.8 -23.128 22.7545 19.8 -23.6926 22.7847 19.8 -24.0899 22.9124 19.8 -24.54 22.3873 19.8 -25.0519 21.7433 19.8 -25.6853 21.4254 19.8 -25.8674 21.3815 19.8 -26.0138 21.357 19.8 -26.6485 21.2725 19.8 -26.9757 21.2405 19.8 -27.4653 21.1233 19.8 -27.9377 21.0799 19.8 -28.4101 20.9789 19.8 -28.8996 20.895 19.8 -29.3891 20.7666 19.8 -29.8615 20.6296 19.8 -30.2512 20.4634 19.8 -30.4077 20.3993 19.8 -30.8235 20.2202 19.8 -31.1038 20.0477 19.8 -31.2114 19.991 19.8 -31.5152 19.8164 19.8 -31.7854 19.681 19.8 -32.0456 19.5015 19.8 -32.5626 19.0291 19.8 -32.6825 18.9127 19.8 -32.7473 18.8567 19.8 -33.296 18.5396 19.8 -33.7093 18.1726 19.8 -34.0625 18.1864 19.8 -34.6712 18.3299 19.8 -34.9849 18.5396 19.8 -35.6331 19.36 19.8 -35.6636 19.4312 19.8 -35.6781 19.5015 19.8 -35.8013 20.2006 19.8 -35.8119 20.4634 19.8 -35.8958 21.0393 19.8 -35.9038 21.4254 19.8 -35.9797 21.9149 19.8 -35.9953 22.3873 19.8 -36.0311 22.8597 19.8 -36.0559 23.3493 19.8 -36.1098 23.8217 19.8 -36.154 24.3112 19.8 -36.2092 24.8007 19.8 -36.2784 25.2731 19.8 -36.3421 25.8814 19.8 -36.3568 26.235 19.8 -36.3968 26.9027 19.8 -36.3528 27.197 19.8 -36.2689 27.5231 19.8 -36.1748 28.1589 19.8 -36.0017 28.7522 19.8 -35.9037 29.1208 19.8 -35.9867 29.4744 19.8 -35.6331 29.8091 19.8 -35.4019 30.0828 19.8 -34.6712 30.4416 19.8 -33.7093 30.4074 19.8 -33.3798 30.4123 19.8 -32.7473 30.3453 19.8 -32.4852 30.3449 19.8 -31.7854 30.2468 19.8 -31.6253 30.2429 19.8 -30.8235 30.0996 19.8 -30.7675 30.0828 19.8 -30.0642 29.9643 19.8 -29.8615 29.9402 19.8 -29.3033 29.7988 19.8 -28.8996 29.6855 19.8 -28.7276 29.6011 19.8 -28.4272 29.4712 19.8 -28.408 29.4634 19.8 -27.9377 29.2952 19.8 -27.5046 29.1208 19.8 -26.9757 28.727 19.8 -26.0725 28.1589 19.8 -26.0538 28.1189 19.8 -26.0138 28.0828 19.8 -25.9194 28.1589 19.8 -25.0519 28.5648 19.8 -24.4785 29.1208 19.8 -24.0899 29.3185 19.8 -23.6004 29.5346 19.8 -23.128 29.7613 19.8 -22.213 30.0973 19.8 -22.1661 30.1171 19.8 -21.2041 30.4014 19.8 -20.8824 30.4045 19.8 -20.2422 30.5251 19.8 -19.64 30.4425 19.8 -19.2803 30.386 19.8 -18.6355 30.0828 19.8 -18.3183 29.8376 19.8 -17.3972 29.1616 19.8 -17.3594 29.1326 19.8 -17.3564 29.1306 19.8 -17.3429 29.1208 19.8 -16.8865 28.6288 19.8 -16.3945 28.2112 19.8 -16.3896 28.2049 19.8 -16.3581 28.1589 19.8 -16.3301 28.0945 19.8 -15.924 27.197 19.8 -15.6928 26.4953 19.8 -15.6148 26.235 19.8 -15.4325 25.6093 19.8 -15.2226 24.6396 19.8 -14.9984 23.8234 19.8 -14.9601 23.7742 19.8 -14.9593 23.7725 19.8 -14.4706 23.3991 19.8 -14.4337 23.3493 19.8 -14.2549 23.1336 19.8 -13.6903 22.3873 19.8 -13.5087 22.1983 19.8 -13.3641 21.8721 19.8 -13.0875 21.4254 19.8 -13.0633 21.365 19.8 -12.7756 20.8912 19.8 -12.5468 20.6407 19.8 -12.4482 20.4634 19.8 -12.3088 20.1358 19.8 -12.229 19.9739 19.8 -12.0184 19.5015 19.8 -11.9946 19.4358 19.8 -12.0904 18.9324 19.8 -11.7488 18.5396 19.8 -11.5848 18.2952 19.8 -11.4789 17.9169 19.8 -11.3614 17.5777 19.8 -11.3998 16.8965 19.8 -11.333 16.6157 19.8 -11.0663 16.0972 19.8 -10.9582 15.6538 19.8 -10.6229 15.2679 19.8 -10.5559 15.0236 19.8 -10.3707 14.6919 19.8 -10.2637 14.593 19.8 -10.1505 14.5131 19.8 -9.66095 14.134 19.8 -9.18854 13.8989 19.8 -8.97967 13.7365 19.8 -8.97228 13.7299 19.8 -8.69902 13.198 19.8 -8.605 13.0019 19.8 -8.48816 12.768 19.8 -8.27322 12.2786 19.8 -8.22661 12.1188 19.8 -8.22647 12.1187 19.8 -7.93408 11.8061 19.8 -7.73709 11.7676 19.8 -7.26467 11.639 19.8 -6.77515 11.5653 19.8 -6.28563 11.523 19.8 -5.81322 11.4421 19.8 -5.32371 11.4104 19.8 -5.06662 11.3782 19.8 -5.68846 12 19.8 -5.68434 13 19.8 -5.73775 13.0624 19.8 -6 13.3917 19.8 -6.67071 14.0632 19.8 -7 14.3771 19.8 -7.62294 15 19.8 -7.68612 15.0597 19.8 -8 15.3453 19.8 -9 15.3963 19.8 -9.60373 16 19.8 -9.63771 17 19.8 -9.70202 17.077 19.8 -10 17.4627 19.8 -10.5373 18 19.8 -10.5845 18.8 19.8 -10.6292 19.8 19.8 -10.6355 20 19.8 -11 20.438 19.8 -11.562 21 19.8 -12 21.5057 19.8 -12.4943 22 19.8 -12 22.4943 19.8 -11.8 22.5157 19.8 -11 22.6367 19.8 -10.8 22.6496 19.8 -10 22.7164 19.8 -9 22.7674 19.8 -8 22.8029 19.8 -7.96625 22.8398 19.8 -7.80505 23 19.8 -7.79684 24 19.8 -7 24.7969 19.8 -6 24.808 19.8 -5.81858 25 19.8 -5.81241 26 19.8 -5.84579 26.0372 19.8 -6 26.2163 19.8 -6.78366 27 19.8 -6.78412 28 19.8 -8.78212 30 19.8 -8.82049 30.0426 19.8 -9 30.2526 19.8 -10 31.2535 19.8 -11 31.2616 19.8 -11.7384 32 19.8 -11.7822 32.0407 19.8 -12 32.2334 19.8 -16 32.2686 19.8 -16.7314 33 19.8 -17 33.2444 19.8 -22 33.2887 19.8 -22.0565 33.2382 19.8 -22.3391 33 19.8 -23 32.3391 19.8 -24 32.3343 19.8 -24.6657 33 19.8 -24.6643 34 19.8 -24.7043 34.8 19.8 -24.7088 35 19.8 -24.7582 35.0443 19.8 -25 35.2526 19.8 -27 35.2396 19.8 -27.7604 36 19.8 -27.7882 37 19.8 -28.7929 38 19.8 -29 38.2238 19.8 -29.7763 39 19.8 -29.7799 40 19.8 -30 40.2566 19.8 -30.7434 41 19.8 -30.7882 41.0505 19.8 -31 41.3 19.8 -31.8 41.3446 19.8 -32 41.3494 19.8 -32.6506 42 19.8 -32.7058 42.0492 19.8 -33 42.2902 19.8 -36.8 42.2668 19.8 -37 42.2719 19.8 -37.8 42.3447 19.8 -38 42.3589 19.8 -38.8 42.5032 19.8 -39 42.523 19.8 -39.477 43 19.8 -40 43.5767 19.8 -40.8 43.7612 19.8 -41 43.7873 19.8 -41.2127 44 19.8 -41.3308 44.1001 19.8 -42 44.6314 19.8 -42.3686 45 19.8 -42.4686 45.0849 19.8 -43 45.5198 19.8 -43.1096 45.4349 19.8 -43.5893 45 19.8 -43.6232 44.8 19.8 -43.7858 44 19.8 -44 43.7858 19.8 -44.0869 43.6424 19.8 -44.4994 43 19.8 -44.4601 41 19.8 -44.3792 40.8938 19.8 -44 40.2621 19.8 -43.7379 40 19.8 -43.7222 39.8 19.8 -43.619 39 19.8 -43.6024 38.8 19.8 -43.4675 38 19.8 -43 37.5528 19.8 -42.4472 37 19.8 -42.4499 36.8 19.8 -42.4391 36 19.8 -42.4542 35.8 19.8 -42.5518 35 19.8 -43 34.5518 19.8 -43.0777 34.4646 19.8 -43.4622 34 19.8 -43.4768 33.8 19.8 -43.5707 33 19.8 -44 32.5707 19.8 -44.0709 32.4784 19.8 -44.4234 32 19.8 -44.3525 31.9133 19.8 -44 31.4616 19.8 -43.5384 31 19.8 -43.5285 30.8 19.8 -43.4635 30 19.8 -43.3867 29.9053 19.8 -43 29.3979 19.8 -42.6021 29 19.8 -42.5074 28.8966 19.8 -42 28.1682 19.8 -41.3319 28.0966 19.8 -41.2354 28 19.8 -41.1319 27.9144 19.8 -41 27.8985 19.8 -40.8 27.8954 19.8 -40 27.869 19.8 -39.8 27.8684 19.8 -39 27.4969 19.8 -38.5031 27 19.8 -38.479 26.8 19.8 -38.3412 26 19.8 -38.3301 25.8 19.8 -38.3104 25 19.8 -38.2563 24.9334 19.8 -38 24.5984 19.8 -37.4016 24 19.8 -38 23.4016 19.8 -38.0516 23.335 19.8 -38.2847 23 19.8 -38.2764 19 19.8 -39 18.2764 19.8 -39.0469 18.2262 19.8 -39.2419 18 19.8 -39.3169 17 19.8 -40 16.3169 19.8 -40.0757 16.257 19.8 -40.4346 16 19.8 -41 15.4346 19.8 -42 15.3815 19.8 -42.0624 15.3156 19.8 -43 14.3771 19.8 -43.8 14.3149 19.8 -44 14.3047 19.8 -44.2857 14 19.8 -44.3238 13 19.8 -45 12.3238 19.8 -45.0516 12.2688 19.8 -45.2936 12 19.8 -45.952 11.3416 19.8 
91
-42.3666 29.7764 19.8 -42.3834 29.828 19.8 -42.4922 30.0828 19.8 -42.5995 30.3818 19.8 -42.8898 31.0447 19.8 -43.1144 31.5342 19.8 -43.3154 32.0066 19.8 -43.0285 32.9686 19.8 -42.5011 33.9305 19.8 -42.3666 34.1505 19.8 -41.8771 34.5875 19.8 -41.7017 34.8493 19.8 -41.6703 34.8924 19.8 -41.4047 35.269 19.8 -40.7984 35.8544 19.8 -40.5045 36.7546 19.8 -40.5059 36.8163 19.8 -40.8688 37.3522 19.8 -41.3426 37.7782 19.8 -41.4047 37.8321 19.8 -41.9035 38.7402 19.8 -42.3666 39.2364 19.8 -42.9105 39.7021 19.8 -43.3286 40.1431 19.8 -43.4017 40.3452 19.8 -43.5077 40.664 19.8 -43.594 40.9866 19.8 -43.6452 41.1535 19.8 -43.7228 41.6259 19.8 -43.7661 42.0984 19.8 -43.8578 42.5879 19.8 -43.7768 43.0603 19.8 -43.7777 43.5498 19.8 -43.551 44.0222 19.8 -43.3625 44.3965 19.8 -43.3286 44.4671 19.8 -42.5638 44.4354 19.8 -42.3666 44.4317 19.8 -42.2165 44.313 19.8 -41.8942 44.1104 19.8 -41.5271 43.8196 19.8 -41.4047 43.7426 19.8 -41.1201 43.5498 19.8 -41.0064 43.4 19.8 -40.9323 43.3412 19.8 -40.6384 43.0015 19.8 -40.4428 42.8654 19.8 -40.2136 42.5879 19.8 -40.1012 42.2321 19.8 -39.9704 41.9423 19.8 -39.9041 41.8086 19.8 -39.7747 41.6259 19.8 -39.4808 41.1173 19.8 -39.4266 40.9715 19.8 -39.2941 40.664 19.8 -39.0426 40.2258 19.8 -38.9041 39.7021 19.8 -38.5189 39.2514 19.8 -37.9599 38.7402 19.8 -37.9491 38.3481 19.8 -37.557 38.2389 19.8 -37.13 37.7782 19.8 -36.9665 37.4067 19.8 -36.595 37.1767 19.8 -36.2363 36.8163 19.8 -36.0387 36.4107 19.8 -35.6331 35.9947 19.8 -35.5621 35.8544 19.8 -35.5982 34.9318 19.8 -35.5942 34.8924 19.8 -35.5885 34.8478 19.8 -35.6331 34.4903 19.8 -35.72 33.9305 19.8 -36.1101 32.9686 19.8 -36.595 32.3108 19.8 -36.8028 32.0066 19.8 -36.8215 31.7802 19.8 -36.9743 31.0447 19.8 -37.557 30.3056 19.8 -37.6179 30.2152 19.8 -37.6482 30.0828 19.8 -38.1341 29.6104 19.8 -38.4943 29.1208 19.8 -38.5189 29.0841 19.8 -38.9367 28.6484 19.8 -39.4808 28.246 19.8 -40.4117 28.1812 19.8 -40.4428 28.1817 19.8 -40.4837 28.1998 19.8 -41.4047 28.5589 19.8 -41.8716 29.1208 19.8 
22
-29.6228 16.8 19.8 -29.6554 17 19.8 -29.6939 17.8 19.8 -29.7091 18 19.8 -29 18.7091 19.8 -27.8 18.7207 19.8 -27 18.7323 19.8 -26 18.7426 19.8 -25.9397 18.7933 19.8 -25.6779 19 19.8 -25 19.6779 19.8 -23 19.7043 19.8 -22.2957 19 19.8 -22.2935 18.8 19.8 -22.2582 18 19.8 -23 17.2582 19.8 -23.3471 17 19.8 -24 16.3471 19.8 -24.5288 16 19.8 -25 15.5288 19.8 -29 15.5244 19.8 -29.4756 16 19.8 
23 22 0 20.7
2 21 24 
2
169
-44.701 11.6608 20.7 -44.2905 11.6911 20.7 -43.8023 11.8061 20.7 -43.3286 12.249 20.7 -42.8015 12.768 20.7 -42.3519 13.4431 20.7 -42.1729 13.7299 20.7 -42.0798 13.8325 20.7 -41.8152 14.2387 20.7 -41.4047 14.5134 20.7 -41.1804 14.6919 20.7 -40.9594 14.9587 20.7 -40.8533 15.0107 20.7 -40.4428 15.0788 20.7 -39.8913 15.1983 20.7 -39.4808 15.1843 20.7 -38.9294 15.2557 20.7 -38.5189 15.288 20.7 -37.9675 15.3981 20.7 -37.557 15.5716 20.7 -37.0439 15.4923 20.7 -36.595 15.431 20.7 -36.0044 15.4695 20.7 -35.6331 15.4824 20.7 -34.8985 15.5489 20.7 -34.6712 15.5636 20.7 -33.9279 15.5671 20.7 -33.7093 15.5904 20.7 -33.5166 15.4939 20.7 -33.2988 15.3898 20.7 -32.7473 15.2798 20.7 -32.1959 15.2743 20.7 -31.7854 15.2431 20.7 -31.234 15.245 20.7 -30.8235 15.2017 20.7 -30.272 15.2035 20.7 -29.8615 15.2422 20.7 -29.3101 15.244 20.7 -28.8996 15.2082 20.7 -22.1661 15.2276 20.7 -21.6146 15.2593 20.7 -21.2041 15.3787 20.7 -20.2422 15.4367 20.7 -18.3183 15.4257 20.7 -17.7669 15.4141 20.7 -17.3564 15.4381 20.7 -16.805 15.605 20.7 -16.758 15.6477 20.7 -16.7421 15.6538 20.7 -16.3945 16.3582 20.7 -16.3655 16.3948 20.7 -16.3071 16.6157 20.7 -16.3945 17.2104 20.7 -16.4204 17.4617 20.7 -16.4353 17.5777 20.7 -16.5105 17.682 20.7 -16.5478 17.731 20.7 -16.8823 18.2439 20.7 -17.0948 18.5396 20.7 -17.3564 18.7367 20.7 -17.7669 18.9389 20.7 -18.3183 19.1964 20.7 -18.7288 19.3772 20.7 -19.6908 19.8228 20.7 -21.0492 20.4634 20.7 -21.2041 20.5429 20.7 -21.4496 20.7089 20.7 -22.1661 21.1339 20.7 -22.6342 21.4254 20.7 -22.6426 21.4316 20.7 -23.128 21.8062 20.7 -23.9281 21.5523 20.7 -24.0899 21.5448 20.7 -24.1884 21.4254 20.7 -24.4257 21.2364 20.7 -24.6414 21.0712 20.7 -25.0519 20.9508 20.7 -25.4624 20.9094 20.7 -26.0138 20.817 20.7 -26.5652 20.7629 20.7 -26.9757 20.6749 20.7 -27.7394 20.5497 20.7 -27.9377 20.5314 20.7 -28.8996 20.326 20.7 -29.451 20.1699 20.7 -29.8615 20.0752 20.7 -30.413 19.8378 20.7 -30.8235 19.6387 20.7 -31.0463 19.5015 20.7 -31.6513 18.9513 20.7 -31.7854 18.8475 20.7 -32.1102 18.5396 20.7 -32.7473 17.7974 20.7 -32.9778 17.5777 20.7 -33.3677 17.1672 20.7 -33.669 16.809 20.7 -33.7093 16.7679 20.7 -34.6053 16.6676 20.7 -34.6712 16.6694 20.7 -34.7705 16.7151 20.7 -35.6331 17.076 20.7 -36.0629 17.1479 20.7 -36.419 17.5777 20.7 -36.2647 18.2093 20.7 -36.3542 18.3844 20.7 -36.4588 18.5396 20.7 -36.4805 19.2991 20.7 -36.5222 19.5015 20.7 -36.5211 20.2579 20.7 -36.5293 20.4634 20.7 -36.5314 21.2265 20.7 -36.568 22.3873 20.7 -36.595 22.684 20.7 -36.6631 23.1905 20.7 -36.7105 23.3493 20.7 -36.8447 23.968 20.7 -36.9006 24.3112 20.7 -36.9382 24.4586 20.7 -36.982 24.6981 20.7 -37.0516 25.0338 20.7 -37.087 25.2731 20.7 -37.1258 25.7713 20.7 -37.179 26.235 20.7 -37.2589 27.197 20.7 -37.3824 27.9181 20.7 -37.3834 28.1589 20.7 -37.3117 28.4042 20.7 -37.557 28.7348 20.7 -37.9331 28.1589 20.7 -38.1239 27.7639 20.7 -38.4042 27.8904 20.7 -38.5189 27.9584 20.7 -38.657 27.8524 20.7 -39.0703 27.6508 20.7 -39.1917 27.624 20.7 -39 27.535 20.7 -38.4649 27 20.7 -38.4132 26.7 20.7 -38.3724 26 20.7 -38.3492 25 20.7 -38.2531 24.8744 20.7 -38 24.525 20.7 -37.4751 24 20.7 -38 23.475 20.7 -38.0874 23.3494 20.7 -38.3137 23 20.7 -38.3136 19 20.7 -39 18.3136 20.7 -39.2724 18 20.7 -39.2956 17.7 20.7 -39.3285 17 20.7 -40 16.3285 20.7 -40.4629 16 20.7 -41 15.4629 20.7 -41.7 15.4401 20.7 -42 15.4239 20.7 -42.118 15.3055 20.7 -42.4907 15 20.7 -43 14.4907 20.7 -43.7 14.3975 20.7 -44 14.3741 20.7 -44.3458 14 20.7 -44.358 13.7 20.7 -44.4029 13 20.7 -45 12.4029 20.7 -45.0908 12.3021 20.7 -45.3285 12 20.7 -45.8166 11.512 20.7 -45.6629 11.526 20.7 
19
-29.6475 17.7 20.7 -29.662 18 20.7 -29 18.662 20.7 -26 18.7125 20.7 -25.6421 19 20.7 -25 19.6421 20.7 -23.7 19.665 20.7 -23 19.6635 20.7 -22.3365 19 20.7 -22.3232 18.7 20.7 -22.2678 18 20.7 -23 17.2678 20.7 -23.3544 17 20.7 -24 16.3544 20.7 -24.5475 16 20.7 -25 15.5474 20.7 -29 15.5434 20.7 -29.4566 16 20.7 -29.6478 17 20.7 
23 23 0 20.7
4 21 25 26 27 
1
237
-40.4428 43.7685 20.7 -40.2573 43.5498 20.7 -40.1203 43.4812 20.7 -40.0323 43.2769 20.7 -39.6335 42.7941 20.7 -39.5968 42.5879 20.7 -39.4808 42.331 20.7 -39.3992 42.2497 20.7 -39.3019 42.0364 20.7 -39.1025 41.6259 20.7 -38.8649 41.0745 20.7 -38.5189 40.4517 20.7 -38.3241 40.2758 20.7 -38.1084 40.124 20.7 -37.9187 39.9608 20.7 -37.557 39.7182 20.7 -36.6619 39.7442 20.7 -36.595 39.7527 20.7 -36.3377 39.7021 20.7 -35.8713 39.4639 20.7 -35.7284 38.7402 20.7 -35.6331 38.575 20.7 -35.2872 38.1241 20.7 -35.2733 37.7782 20.7 -34.6712 36.8711 20.7 -34.6453 36.8474 20.7 -34.642 36.8163 20.7 -34.6272 36.7723 20.7 -34.2288 35.8544 20.7 -34.178 35.3857 20.7 -34.0075 34.8924 20.7 -33.7093 34.1384 20.7 -33.6283 34.0115 20.7 -33.5732 33.9305 20.7 -33.1575 33.5203 20.7 -32.7473 33.2634 20.7 -32.2591 32.9686 20.7 -31.7854 32.716 20.7 -31.3622 32.4298 20.7 -30.8235 32.1428 20.7 -30.6467 32.0066 20.7 -29.8615 31.4671 20.7 -29.3559 31.0447 20.7 -29.2552 30.9452 20.7 -28.8996 30.7498 20.7 -28.5454 30.5875 20.7 -28.4891 30.5501 20.7 -28.2883 30.4558 20.7 -27.9377 30.2171 20.7 -27.6623 30.0828 20.7 -27.3395 29.9828 20.7 -26.9757 29.8315 20.7 -26.6045 29.7018 20.7 -26.5652 29.687 20.7 -26.0891 29.5165 20.7 -26.0138 29.4875 20.7 -25.4624 29.6989 20.7 -25.0519 29.8913 20.7 -24.4095 30.2181 20.7 -24.0899 30.3892 20.7 -23.5385 30.6472 20.7 -23.128 30.8924 20.7 -22.7789 31.0447 20.7 -22.4355 31.2797 20.7 -22.1661 31.2608 20.7 -21.6523 31.3739 20.7 -21.6146 31.3829 20.7 -21.2041 31.4095 20.7 -20.6527 31.4115 20.7 -20.2422 31.3826 20.7 -19.8317 31.3191 20.7 -19.2803 31.2423 20.7 -18.5535 31.0447 20.7 -18.4817 31.0229 20.7 -18.3183 30.9515 20.7 -18.1012 30.8276 20.7 -17.3564 30.4272 20.7 -16.8629 30.0828 20.7 -16.779 30.016 20.7 -16.3945 29.7341 20.7 -16.2164 29.5828 20.7 -15.984 29.3277 20.7 -15.9258 29.2763 20.7 -15.7898 29.1208 20.7 -15.4325 28.5872 20.7 -15.1337 28.1589 20.7 -15.0487 27.7751 20.7 -14.9149 27.4139 20.7 -14.8405 27.197 20.7 -14.723 26.5382 20.7 -14.6442 26.235 20.7 -14.5457 25.4042 20.7 -14.5179 25.2731 20.7 -14.3358 24.6625 20.7 -14.1761 24.3112 20.7 -14.1265 24.2538 20.7 -14.0601 24.0672 20.7 -13.6936 23.5733 20.7 -13.6253 23.3493 20.7 -13.5087 23.1781 20.7 -13.4102 23.0777 20.7 -13.0982 22.7017 20.7 -12.9198 22.4218 20.7 -12.9011 22.3873 20.7 -12.5468 21.8057 20.7 -12.1669 21.4254 20.7 -12.136 21.0146 20.7 -11.8292 20.4634 20.7 -11.5848 19.9212 20.7 -11.5429 19.864 20.7 -11.2647 19.5015 20.7 -11.2223 19.4248 20.7 -11.1743 19.2676 20.7 -11.0021 18.7929 20.7 -10.9513 18.5396 20.7 -10.7629 17.7813 20.7 -10.6924 17.5777 20.7 -10.6229 17.2204 20.7 -10.4829 16.8588 20.7 -10.5196 16.6157 20.7 -10.4484 16.466 20.7 -10.3371 16.0643 20.7 -10.204 15.6538 20.7 -9.89607 15.1024 20.7 -9.66095 14.8021 20.7 -9.35205 14.6919 20.7 -9.0513 14.6323 20.7 -8.69902 14.457 20.7 -8.38541 14.3242 20.7 -8.28851 14.2648 20.7 -8.06689 14.0811 20.7 -7.77383 13.7299 20.7 -7.73709 13.6568 20.7 -7.23487 12.768 20.7 -6.77515 12.0489 20.7 -6.59652 11.8061 20.7 -6.32221 11.7292 20.7 -5.81322 11.6419 20.7 -5.709 11.6282 20.7 -5.40271 11.5743 20.7 -5.19488 11.5482 20.7 -5.64662 12 20.7 -5.63953 13 20.7 -5.73788 13.1235 20.7 -6 13.5022 20.7 -6.49784 14 20.7 -6.62132 14.1177 20.7 -7 14.4677 20.7 -7.53233 15 20.7 -7.65003 15.1071 20.7 -8 15.3996 20.7 -9 15.441 20.7 -9.55903 16 20.7 -9.59881 16.7 20.7 -9.60911 17 20.7 -9.72085 17.1447 20.7 -10 17.5552 20.7 -10.4448 18 20.7 -10.544 19.7 20.7 -10.5579 20 20.7 -11 20.5295 20.7 -11.4705 21 20.7 -11.6067 21.1574 20.7 -12 21.6266 20.7 -12.3734 22 20.7 -12 22.3734 20.7 -11.7 22.4187 20.7 -11 22.5816 20.7 -10.7 22.6067 20.7 -10 22.6857 20.7 -9 22.7482 20.7 -8 22.7773 20.7 -7.93955 22.8374 20.7 -7.76517 23 20.7 -7.75265 24 20.7 -7 24.7526 20.7 -6 24.7732 20.7 -5.9441 24.8326 20.7 -5.79308 25 20.7 -5.78578 26 20.7 -5.84361 26.0672 20.7 -6 26.2602 20.7 -6.73985 27 20.7 -6.74068 28 20.7 -7.80704 29.0673 20.7 -8 29.2544 20.7 -8.74562 30 20.7 -8.81293 30.0788 20.7 -9 30.3099 20.7 -10 31.3117 20.7 -11 31.3252 20.7 -11.6748 32 20.7 -11.7565 32.0723 20.7 -12 32.2695 20.7 -15 32.2993 20.7 -16 32.321 20.7 -16.6789 33 20.7 -16.7621 33.0755 20.7 -17 33.2845 20.7 -22 33.3191 20.7 -22.106 33.2298 20.7 -22.41 33 20.7 -23 32.41 20.7 -23.7 32.4252 20.7 -24 32.4244 20.7 -24.5756 33 20.7 -24.5723 34 20.7 -24.6426 34.7 20.7 -24.6576 35 20.7 -25 35.292 20.7 -25.7 35.3032 20.7 -27 35.2922 20.7 -27.7078 36 20.7 -27.7426 36.7 20.7 -27.7516 37 20.7 -28 37.2398 20.7 -28.7602 38 20.7 -29 38.2593 20.7 -29.7407 39 20.7 -29.7523 40 20.7 -30 40.2927 20.7 -30.7073 41 20.7 -31 41.3514 20.7 -31.7 41.4411 20.7 -32 41.4578 20.7 -32.5422 42 20.7 -32.6525 42.0904 20.7 -33 42.3621 20.7 -37 42.3164 20.7 -37.7 42.3684 20.7 -38 42.3957 20.7 -38.7 42.5611 20.7 -39 42.6152 20.7 -39.3848 43 20.7 -39.5489 43.1818 20.7 -40 43.6159 20.7 -40.4458 43.7741 20.7 
24 24 0 21.6
2 22 28 
2
63
-31.7854 15.4546 21.6 -31.4368 15.3436 21.6 -30.8235 15.2789 21.6 -30.2101 15.3366 21.6 -29.8615 15.4172 21.6 -29.2482 15.3636 21.6 -28.8996 15.2631 21.6 -23.4766 15.275 21.6 -23.128 15.2685 21.6 -22.5147 15.2669 21.6 -22.1661 15.2538 21.6 -21.2041 15.5306 21.6 -20.2422 15.5923 21.6 -18.6669 15.5818 21.6 -18.3183 15.5688 21.6 -17.705 15.6046 21.6 -17.3564 15.6473 21.6 -17.3395 15.6538 21.6 -17.3297 15.6606 21.6 -17.128 16.0024 21.6 -16.6784 16.6157 21.6 -16.8247 16.9643 21.6 -16.9033 17.5777 21.6 -17.3564 18.2053 21.6 -17.705 18.4676 21.6 -17.7321 18.4808 21.6 -17.8232 18.5396 21.6 -18.3183 18.7824 21.6 -18.6669 18.9445 21.6 -19.6289 19.3691 21.6 -19.786 19.4352 21.6 -20.2422 19.6399 21.6 -21.2041 20.0868 21.6 -21.5527 20.2579 21.6 -21.8316 20.386 21.6 -21.994 20.4634 21.6 -22.1661 20.5556 21.6 -22.3249 20.6324 21.6 -22.5147 20.7069 21.6 -23.128 21.0743 21.6 -23.4766 21.0023 21.6 -24.0899 20.7968 21.6 -24.7033 20.6168 21.6 -25.0519 20.5244 21.6 -25.8465 20.4173 21.6 -27.9377 19.9467 21.6 -28.551 19.82 21.6 -29.6471 19.607 21.6 -29.8615 19.5576 21.6 -29.9804 19.5015 21.6 -30.4725 19.1529 21.6 -30.6112 19.0162 21.6 -30.8235 18.8789 21.6 -31.1721 18.5396 21.6 -31.4812 18.191 21.6 -31.6911 17.9287 21.6 -31.9924 17.5777 21.6 -32.2484 17.2291 21.6 -32.6913 16.7523 21.6 -32.8085 16.6157 21.6 -32.7473 15.6718 21.6 -32.7455 15.6538 21.6 -32.3898 15.5006 21.6 
23
-29.5963 17.6 21.6 -29.5962 18 21.6 -29 18.5962 21.6 -26 18.6654 21.6 -25.8516 18.7854 21.6 -25.5737 19 21.6 -25 19.5737 21.6 -24.6 19.5826 21.6 -24 19.6047 21.6 -23.6 19.6039 21.6 -23 19.6192 21.6 -22.3808 19 21.6 -22.3491 18.6 21.6 -22.2848 18 21.6 -23 17.2848 21.6 -23.1427 17.1762 21.6 -23.3614 17 21.6 -24 16.3614 21.6 -24.5644 16 21.6 -25 15.5644 21.6 -29 15.5601 21.6 -29.4399 16 21.6 -29.6408 17 21.6 
24 25 0 21.6
1 23 
1
32
-30.1436 39.7021 21.6 -30.1802 39.3834 21.6 -30.1027 38.7402 21.6 -30.1535 38.4482 21.6 -30.1134 37.7782 21.6 -30.0729 37.5668 21.6 -29.8615 37.2353 21.6 -29.7037 36.9741 21.6 -29.419 36.8163 21.6 -29.0636 36.6523 21.6 -28.8996 36.568 21.6 -27.9377 35.8617 21.6 -27.9329 35.8592 21.6 -27.9255 35.8544 21.6 -27.2912 35.5388 21.6 -26.9954 35.2819 21.6 -26.9757 35.2653 21.6 -26.6 35.3765 21.6 -27 35.3723 21.6 -27.6276 36 21.6 -27.6835 36.6 21.6 -27.7035 37 21.6 -28 37.2829 21.6 -28.7171 38 21.6 -28.8177 38.1086 21.6 -29.4134 38.7074 21.6 -29.4147 38.7086 21.6 -29.706 39 21.6 -29.7274 40 21.6 -30 40.326 21.6 -30.3012 40.6272 21.6 -30.2599 40.2656 21.6 
24 26 0 21.6
1 23 
1
26
-16.3018 31.1374 21.6 -16.3945 31.104 21.6 -16.4319 31.0821 21.6 -16.4161 31.0478 21.6 -16.4145 31.0447 21.6 -16.3945 31.0313 21.6 -16.2276 30.8778 21.6 -15.4325 30.2139 21.6 -15.1263 30.389 21.6 -15.0013 30.0828 21.6 -15.0623 29.7126 21.6 -14.5693 29.1208 21.6 -14.4706 28.988 21.6 -14.2148 28.865 21.6 -13.5087 28.7625 21.6 -13.0759 29.1208 21.6 -13.0576 29.572 21.6 -13.5087 29.546 21.6 -14.1572 29.4343 21.6 -14.2097 30.0828 21.6 -14.2003 30.3531 21.6 -14.0813 31.0447 21.6 -13.8288 31.6865 21.6 -14.4706 31.6527 21.6 -14.6288 31.8484 21.6 -15.4325 31.7786 21.6 
24 27 0 21.6
1 23 
1
43
-10.6229 22.9763 21.6 -10.3563 22.6539 21.6 -10.3425 22.6079 21.6 -10 22.6593 21.6 -9 22.7218 21.6 -8.59997 22.7322 21.6 -8 22.7377 21.6 -7.90034 22.8306 21.6 -7.70762 23 21.6 -7.68509 24 21.6 -7 24.6851 21.6 -6.60003 24.6947 21.6 -6 24.7281 21.6 -5.91369 24.8238 21.6 -5.76379 25 21.6 -5.75478 26 21.6 -5.84417 26.1103 21.6 -6 26.3149 21.6 -6.68503 27 21.6 -6.68767 28 21.6 -7.68588 29 21.6 -8 29.3037 21.6 -8.69626 30 21.6 -9 30.3761 21.6 -9.31256 30.6887 21.6 -9.33015 30.0828 21.6 -9.33453 30.0708 21.6 -9.71142 29.1208 21.6 -9.71118 29.0706 21.6 -9.66095 29.009 21.6 -9.31405 28.5058 21.6 -8.77654 28.1589 21.6 -8.79392 28.064 21.6 -8.79779 27.197 21.6 -9.66095 26.326 21.6 -9.76956 26.235 21.6 -10.6229 25.6722 21.6 -11.3443 25.2731 21.6 -11.0248 24.8712 21.6 -11.289 24.3112 21.6 -10.9489 23.9852 21.6 -10.8057 23.3493 21.6 -10.6998 23.2724 21.6 
25 28 0 22.5
2 24 29 
2
71
-31.7689 16.6157 22.5 -31.6595 15.9736 22.5 -31.6423 15.9405 22.5 -31.5675 15.6538 22.5 -30.9094 15.4444 22.5 -30.8235 15.3761 22.5 -30.1482 15.5322 22.5 -29.8615 15.5853 22.5 -29.1863 15.3906 22.5 -28.8996 15.318 22.5 -25.3386 15.3195 22.5 -25.0519 15.3088 22.5 -24.3766 15.3061 22.5 -24.0899 15.2954 22.5 -23.4147 15.2827 22.5 -22.1661 15.236 22.5 -21.4908 15.4266 22.5 -21.2041 15.5154 22.5 -20.5289 15.5603 22.5 -20.2422 15.5839 22.5 -19.567 15.5824 22.5 -18.605 15.5495 22.5 -18.3183 15.5488 22.5 -17.7025 15.6242 22.5 -17.5068 15.6538 22.5 -17.4159 15.681 22.5 -17.3564 15.6942 22.5 -16.9658 16.3562 22.5 -16.8254 16.6157 22.5 -17.1087 17.291 22.5 -17.2513 17.5777 22.5 -17.3564 17.7213 22.5 -17.3588 17.7245 22.5 -17.6431 17.967 22.5 -18.3183 18.4751 22.5 -18.48 18.5193 22.5 -18.5263 18.5396 22.5 -19.1553 18.8318 22.5 -19.2803 18.8742 22.5 -19.567 19.0697 22.5 -20.2422 19.3688 22.5 -20.4274 19.4176 22.5 -20.6216 19.5015 22.5 -21.1026 19.7223 22.5 -21.2041 19.7527 22.5 -21.4908 19.9608 22.5 -22.1661 20.2923 22.5 -22.3528 20.3404 22.5 -23.028 20.6076 22.5 -23.128 20.6307 22.5 -23.8032 20.4911 22.5 -24.0899 20.3649 22.5 -24.1076 20.3603 22.5 -24.7652 20.1742 22.5 -25.0519 20.0496 22.5 -25.7271 19.8961 22.5 -26.0138 19.8131 22.5 -26.667 19.655 22.5 -27.7046 19.4244 22.5 -27.9377 19.3704 22.5 -28.6129 19.2483 22.5 -28.8996 19.22 22.5 -29.1863 19.2474 22.5 -29.8615 19.1388 22.5 -30.3861 18.6641 22.5 -30.5157 18.5396 22.5 -30.6504 18.2529 22.5 -30.6833 18.2059 22.5 -30.8235 18.0168 22.5 -31.2004 17.5777 22.5 -31.3893 17.291 22.5 
25
-29.5595 17.5 22.5 -29.5225 18 22.5 -29 18.5225 22.5 -28.5 18.5354 22.5 -28 18.5325 22.5 -27.5 18.5464 22.5 -27 18.5675 22.5 -26.5 18.5802 22.5 -26 18.6031 22.5 -25.4776 19 22.5 -25 19.4776 22.5 -24.5 19.496 22.5 -24 19.5513 22.5 -23.5 19.564 22.5 -23 19.6016 22.5 -22.3984 19 22.5 -22.2922 18 22.5 -23 17.2922 22.5 -23.3631 17 22.5 -24 16.3631 22.5 -24.5753 16 22.5 -25 15.5752 22.5 -29 15.5779 22.5 -29.4221 16 22.5 -29.6335 17 22.5 
26 29 0 23.4
2 28 30 
2
72
-31.2318 16.6157 23.4 -31.2368 16.5583 23.4 -31.2627 16.391 23.4 -31.0703 15.6538 23.4 -30.8494 15.4781 23.4 -30.8235 15.4635 23.4 -30.0862 15.6 23.4 -29.8615 15.6082 23.4 -29.1243 15.4216 23.4 -28.8996 15.3694 23.4 -28.1624 15.3686 23.4 -27.9377 15.363 23.4 -27.2004 15.3599 23.4 -26.9757 15.3515 23.4 -26.2385 15.3482 23.4 -22.3908 15.2044 23.4 -22.1661 15.1996 23.4 -21.4288 15.4278 23.4 -21.2041 15.5116 23.4 -20.2422 15.5906 23.4 -19.505 15.5707 23.4 -19.2803 15.5912 23.4 -18.3183 15.5896 23.4 -17.8933 15.6538 23.4 -17.8149 15.6832 23.4 -17.5811 15.753 23.4 -17.3564 15.8345 23.4 -16.9955 16.5018 23.4 -16.9292 16.6157 23.4 -17.2901 17.3419 23.4 -17.3564 17.5378 23.4 -17.3684 17.5666 23.4 -17.3747 17.5777 23.4 -18.1056 18.2013 23.4 -18.3183 18.3743 23.4 -18.9266 18.5396 23.4 -19.2481 18.6484 23.4 -19.2803 18.656 23.4 -19.505 18.8288 23.4 -20.2422 19.3317 23.4 -20.394 19.376 23.4 -20.8702 19.5015 23.4 -21.1312 19.5798 23.4 -21.2041 19.6041 23.4 -21.4288 19.7932 23.4 -22.1661 20.3283 23.4 -22.3908 20.3373 23.4 -22.8796 20.4634 23.4 -23.128 20.5208 23.4 -23.2607 20.4634 23.4 -23.2654 20.4612 23.4 -23.8652 20.1962 23.4 -24.0899 20.0788 23.4 -24.3146 20.0014 23.4 -25.0519 19.6808 23.4 -25.5901 19.5293 23.4 -25.8148 19.4338 23.4 -26.0138 19.38 23.4 -26.2385 19.2885 23.4 -26.9757 19.0984 23.4 -27.2004 19.0498 23.4 -27.9377 18.8789 23.4 -28.1624 18.8863 23.4 -28.8996 18.8137 23.4 -29.1243 18.8458 23.4 -29.8615 18.9162 23.4 -30.1949 18.596 23.4 -30.2704 18.5396 23.4 -30.6168 17.8024 23.4 -30.7314 17.5777 23.4 -30.7604 17.353 23.4 -30.8235 17.2626 23.4 
24
-29.5465 17.4 23.4 -29.4578 18 23.4 -29 18.4578 23.4 -28.4 18.4543 23.4 -28 18.4386 23.4 -26.4 18.5128 23.4 -26 18.5541 23.4 -25.4102 19 23.4 -25 19.4102 23.4 -24 19.5236 23.4 -23 19.6004 23.4 -22.3996 19 23.4 -22.3366 18.4 23.4 -22.3054 18 23.4 -23 17.3054 23.4 -23.217 17.131 23.4 -23.3594 17 23.4 -24 16.3594 23.4 -24.5726 16 23.4 -25 15.5726 23.4 -27.4 15.595 23.4 -29 15.5968 23.4 -29.4032 16 23.4 -29.626 17 23.4 
27 30 0 24.3
2 29 31 
2
62
-28.8996 15.4032 24.3 -28.1005 15.3833 24.3 -27.9377 15.372 24.3 -23.2908 15.1982 24.3 -23.128 15.2031 24.3 -22.3289 15.1857 24.3 -22.1661 15.2361 24.3 -21.3669 15.5342 24.3 -21.2041 15.5896 24.3 -20.573 15.6538 24.3 -20.2422 15.8009 24.3 -20.0461 15.8499 24.3 -19.6772 15.9281 24.3 -19.2803 15.9884 24.3 -18.8449 16.1353 24.3 -18.3183 16.158 24.3 -17.4311 16.5508 24.3 -17.3564 16.5779 24.3 -17.3344 16.6157 24.3 -17.3564 16.6808 24.3 -17.7188 17.5777 24.3 -18.3183 18.0653 24.3 -19.0353 18.2947 24.3 -19.2803 18.3919 24.3 -19.4283 18.3916 24.3 -19.4624 18.5396 24.3 -19.5321 18.5636 24.3 -20.5869 19.3797 24.3 -21.0038 19.5015 24.3 -21.2041 19.5684 24.3 -21.3669 19.7387 24.3 -22.1661 20.4113 24.3 -22.3289 20.3726 24.3 -23.128 20.4045 24.3 -23.9271 19.9871 24.3 -24.089 19.866 24.3 -24.0899 19.8653 24.3 -24.4965 19.7613 24.3 -25.0519 19.5701 24.3 -25.2118 19.5015 24.3 -25.282 19.4739 24.3 -25.851 19.233 24.3 -26.0138 19.1855 24.3 -26.1766 19.1438 24.3 -26.9757 18.8185 24.3 -27.1385 18.7997 24.3 -27.9377 18.6267 24.3 -28.7368 18.653 24.3 -28.8996 18.6067 24.3 -29.0624 18.6488 24.3 -29.8615 18.7631 24.3 -30.13 18.5626 24.3 -30.1563 18.5396 24.3 -30.5639 17.7405 24.3 -30.6333 17.5777 24.3 -30.7363 16.7785 24.3 -30.7329 16.6157 24.3 -30.6476 16.4529 24.3 -30.7492 15.6538 24.3 -30.6677 15.6017 24.3 -30.6607 15.5974 24.3 -29.8615 15.6266 24.3 
37
-29.6221 17 24.3 -29.4277 18 24.3 -29.2956 18.2391 24.3 -29 18.5347 24.3 -28.3 18.5071 24.3 -28 18.5009 24.3 -27.3 18.5382 24.3 -27 18.5742 24.3 -26.3 18.6465 24.3 -26 18.7143 24.3 -25.6265 19 24.3 -25.5786 19.0629 24.3 -25.3 19.3415 24.3 -25 19.3982 24.3 -24 19.5153 24.3 -23 19.5943 24.3 -22.4057 19 24.3 -22.3513 18.3 24.3 -22.342 18 24.3 -23 17.342 24.3 -23.2492 17.1128 24.3 -23.3569 17 24.3 -24 16.3569 24.3 -24.3947 16.1077 24.3 -24.5597 16 24.3 -24.6947 15.7542 24.3 -25 15.4488 24.3 -25.3 15.46 24.3 -26 15.4686 24.3 -26.3 15.4798 24.3 -27 15.4887 24.3 -27.3 15.4999 24.3 -28 15.5092 24.3 -28.3 15.5204 24.3 -29 15.526 24.3 -29.1202 15.7269 24.3 -29.3933 16 24.3 
28 31 0 25.2
2 30 32 
1
35
-24.1908 15.1965 25.2 -24.0899 15.2033 25.2 -23.2289 15.2292 25.2 -23.128 15.2716 25.2 -22.4844 15.5108 25.2 -22.1661 15.6093 25.2 -22.0455 15.6538 25.2 -21.8227 15.9971 25.2 -21.3179 16.6157 25.2 -21.2678 17.514 25.2 -21.2544 17.5413 25.2 -21.2353 17.5777 25.2 -21.2041 17.7834 25.2 -21.1234 17.93 25.2 -20.9952 18.5396 25.2 -21.2041 18.9561 25.2 -21.2526 19.1279 25.2 -21.3502 19.4006 25.2 -21.3672 19.5015 25.2 -22.1307 20.298 25.2 -22.1661 20.3492 25.2 -22.267 20.3671 25.2 -23.128 20.1621 25.2 -23.9855 19.5162 25.2 -23.2 19.5778 25.2 -23 19.5708 25.2 -22.4292 19 25.2 -22.3999 18 25.2 -23 17.3999 25.2 -23.2873 17.0991 25.2 -23.3788 17 25.2 -24 16.3788 25.2 -24.44 16.0916 25.2 -24.5474 16 25.2 -24.9705 15.2253 25.2 
29 32 0 26.1
1 31 
1
34
-24.1288 15.3085 26.1 -24.0899 15.3206 26.1 -23.3011 15.6538 26.1 -23.1992 15.7246 26.1 -23.1669 15.7411 26.1 -23.128 15.7701 26.1 -22.4053 16.6157 26.1 -22.2094 16.8701 26.1 -22.205 16.8751 26.1 -22.1661 16.9109 26.1 -21.8153 17.5777 26.1 -21.8179 17.6244 26.1 -21.6907 18.5396 26.1 -21.7153 18.6336 26.1 -21.8619 19.5015 26.1 -22.1661 19.9424 26.1 -22.1866 19.9703 26.1 -22.205 19.9896 26.1 -23.128 20.1527 26.1 -23.9545 19.5363 26.1 -23.9 19.4858 26.1 -23 19.454 26.1 -22.9651 19.4337 26.1 -22.5314 19 26.1 -22.5112 18.1 26.1 -22.4986 18 26.1 -23 17.4986 26.1 -23.412 17.0524 26.1 -23.468 17 26.1 -24 16.468 26.1 -24.4832 16.056 26.1 -24.5438 16 26.1 -24.5832 15.9155 26.1 -24.9378 15.254 26.1 
