35
1
4
0 50.8 0 0 10.0429 0 50.8 10.0447 0 50.8 50.8 0 
1
4
0 10.0443 0.9 50.8 10.0463 0.9 50.8 50.8 0.9 0 50.8 0.9 
1
4
50.8 10.0481 1.8 50.8 50.8 1.8 0 50.8 1.8 0 10.046 1.8 
1
4
0 10.0476 2.7 50.8 10.05 2.7 50.8 50.8 2.7 0 50.8 2.7 
1
4
0 10.0493 3.6 0 50.8 3.6 50.8 50.8 3.6 50.8 10.052 3.6 
1
4
0 10.0512 4.5 50.8 10.0541 4.5 50.8 50.8 4.5 0 50.8 4.5 
1
4
0 10.0531 5.4 50.8 10.0563 5.4 50.8 50.8 5.4 0 50.8 5.4 
1
4
0 10.0551 6.3 0 50.8 6.3 50.8 50.8 6.3 50.8 10.0587 6.3 
1
4
0 10.0573 7.2 50.8 10.0613 7.2 50.8 50.8 7.2 0 50.8 7.2 
1
4
0 10.0595 8.1 50.8 10.064 8.1 50.8 50.8 8.1 0 50.8 8.1 
1
4
1.77636e-015 10.0618 9 0 50.8 9 50.8 50.8 9 50.8 10.0669 9 
1
4
0 10.0641 9.9 0 50.8 9.9 50.8 50.8 9.9 50.8 10.0702 9.9 
1
4
0 10.0666 10.8 0 50.8 10.8 50.8 50.8 10.8 50.8 10.0737 10.8 
1
4
0 10.0691 11.7 0 50.8 11.7 50.8 50.8 11.7 50.8 10.0775 11.7 
1
4
0 10.0719 12.6 0 50.8 12.6 50.8 50.8 12.6 50.8 10.0816 12.6 
1
4
0 50.8 13.5 50.8 50.8 13.5 50.8 10.0861 13.5 0 10.0747 13.5 
1
4
0 50.8 14.4 50.8 50.8 14.4 50.8 10.0905 14.4 0 10.0778 14.4 
1
5
0 50.8 15.3 50.8 50.8 15.3 50.8 10.0953 15.3 42 10.2072 15.3 0 10.0811 15.3 
1
15
0 10.0848 16.2 0 50.8 16.2 50.8 50.8 16.2 50.8 10.1003 16.2 43 10.2253 16.2 42.2 10.2427 16.2 42 10.2516 16.2 41.2 10.2617 16.2 41 10.2672 16.2 37 10.3128 16.2 14.2 10.3165 16.2 13.2 10.2929 16.2 13 10.285 16.2 12 10.2638 16.2 9.2 10.2126 16.2 
1
40
0 10.0886 17.1 0 50.8 17.1 50.8 50.8 17.1 50.8 10.106 17.1 43.1 10.261 17.1 42.1 10.3069 17.1 42 10.3156 17.1 41.1 10.3403 17.1 41 10.3486 17.1 40.1 10.3638 17.1 40 10.3683 17.1 39.1 10.3836 17.1 39 10.3876 17.1 38.1 10.4045 17.1 38 10.4092 17.1 37.1 10.4277 17.1 37 10.4333 17.1 36 10.4403 17.1 30 10.4172 17.1 27.1 10.4419 17.1 27 10.4443 17.1 26.1 10.4502 17.1 26 10.4527 17.1 25.1 10.4563 17.1 25 10.4587 17.1 15.1 10.4627 17.1 14.1 10.4303 17.1 14 10.4218 17.1 13.1 10.3861 17.1 13 10.3764 17.1 12.1 10.3473 17.1 12 10.3401 17.1 11.1 10.3158 17.1 11 10.31 17.1 10.1 10.2837 17.1 10 10.2764 17.1 9.1 10.2452 17.1 9 10.2387 17.1 8.1 10.2082 17.1 8 10.2034 17.1 
2
19
0 10.0921 18 0 50.8 18 50.8 50.8 18 50.8 10.1124 18 44 10.2633 18 43 10.3199 18 41 10.4904 18 37 10.6795 18 36 10.6989 18 30 10.6437 18 29 10.651 18 25 10.7445 18 20 10.7132 18 16 10.7582 18 15 10.7254 18 13 10.5433 18 11 10.4144 18 9 10.2759 18 8 10.2273 18 
19
14 24.9664 18 13.9722 25 18 14.1742 26 18 15 26.6644 18 16 26.8065 18 16.4634 27 18 17 27.1469 18 18 27.0566 18 18.311 27 18 19 26.7461 18 20 26.2249 18 20.1957 26 18 20 25.8984 18 19 25.1797 18 18.8074 25 18 18 24.7883 18 17 24.6731 18 16 24.5797 18 15 24.5218 18 
2
64
0 50.8 18.9 50.8 50.8 18.9 50.8 10.1194 18.9 45.9 10.2224 18.9 44.9 10.2686 18.9 43.9 10.3268 18.9 42.9 10.4108 18.9 42 10.5519 18.9 41.9 10.5602 18.9 41 10.8733 18.9 40.9 10.8778 18.9 40.5148 10.9535 18.9 40.1107 11 18.9 40 11.1654 18.9 39.5363 12 18.9 39 12.7355 18.9 38.859 12.859 18.9 38.808 13 18.9 38 13.3325 18.9 37.3192 13.3553 18.9 37 13.3845 18.9 36.2631 13.4088 18.9 35.2573 13.424 18.9 35 13.4207 18.9 34.2631 13.43 18.9 34 13.4245 18.9 33.2725 13.4348 18.9 33 13.4287 18.9 32.2826 13.4245 18.9 27 13.3118 18.9 26.3615 13.2776 18.9 26 13.2701 18.9 25.3788 13.2341 18.9 25 13.227 18.9 24.3976 13.1981 18.9 24 13.1913 18.9 23.4182 13.1678 18.9 23 13.1612 18.9 22.4409 13.1419 18.9 22 13.1355 18.9 21.4662 13.1174 18.9 21 13.1092 18.9 19.5416 13 18.9 19 12.8926 18.9 18.8989 12.8989 18.9 18 12.7593 18.9 17.2234 12.6552 18.9 17 12.6307 18.9 14 12.2292 18.9 13.4829 12 18.9 13 11.1575 18.9 12.9356 11 18.9 12.8418 10.9776 18.9 12.1 10.8268 18.9 11.9 10.8139 18.9 11 10.5892 18.9 10.9 10.5818 18.9 10 10.4281 18.9 9.9 10.4216 18.9 9 10.3233 18.9 8.9 10.3185 18.9 8 10.2584 18.9 7 10.2151 18.9 0 10.0953 18.9 
52
13 24.4983 18.9 12.5143 25 18.9 12.5608 25.3109 18.9 12.6164 26 18.9 12.8189 26.6748 18.9 12.9112 27 18.9 13 27.0453 18.9 13.2034 27.111 18.9 14 27.2297 18.9 14.2944 27.2034 18.9 15 27.0812 18.9 15.604 27 18.9 15.7704 26.9664 18.9 15.9 26.9496 18.9 16 26.9638 18.9 16.0463 26.9832 18.9 17.9 27.494 18.9 18 27.485 18.9 18.9 27.7331 18.9 19 27.7198 18.9 19.4776 27.8998 18.9 19.7881 28 18.9 20 28.0805 18.9 20.3044 28.1071 18.9 21 28.3178 18.9 21.6863 28.1433 18.9 22 28.1485 18.9 22.1634 28 18.9 22.396 27.7601 18.9 22.3282 27 18.9 22 26.5747 18.9 21.7757 26.3417 18.9 21.3115 26 18.9 21 25.8003 18.9 20.9196 25.7683 18.9 20.9 25.7582 18.9 20 25.1921 18.9 19.9 25.1202 18.9 19.8879 25.1009 18.9 19.7272 25 18.9 19 24.6282 18.9 18.9 24.6019 18.9 17 24.3627 18.9 16.9 24.3533 18.9 16 24.2413 18.9 15.9 24.2355 18.9 15 24.1318 18.9 14.9 24.1763 18.9 14 24.0888 18.9 13.9974 24.0919 18.9 13.7785 24.2215 18.9 13.7473 24.238 18.9 
2
74
0 50.8 19.8 50.8 50.8 19.8 50.8 10.1269 19.8 45.8 10.2585 19.8 44.8 10.3222 19.8 44 10.41 19.8 43.8 10.4267 19.8 42.8 10.5905 19.8 42 10.4306 19.8 41.8 10.5001 19.8 41.7205 10.9832 19.8 41.6931 11 19.8 41.4296 11.7696 19.8 41.3331 12 19.8 41.139 12.5967 19.8 41 12.9326 19.8 40.9732 12.9732 19.8 40.9647 13 19.8 40.9183 13.0817 19.8 40.4941 14 19.8 40 14.2017 19.8 39.4541 14.202 19.8 33 14.3989 19.8 32.2879 14.3199 19.8 32 14.3075 19.8 31.3156 14.2521 19.8 30 14.253 19.8 29.3258 14.2124 19.8 29 14.2027 19.8 28.3566 14.164 19.8 28 14.1524 19.8 27.402 14.1164 19.8 27 14.1019 19.8 25.2906 14 19.8 25 13.9708 19.8 24.9531 13.9685 19.8 24 13.8825 19.8 23.2 13.8266 19.8 22.8 13.8116 19.8 22 13.7592 19.8 21.8 13.7525 19.8 21 13.6991 19.8 19 13.5571 19.8 18.2 13.6708 19.8 18.0333 13.6589 19.8 18 13.6558 19.8 17.2037 13.7303 19.8 17 13.7068 19.8 16.2293 13.7314 19.8 16 13.7043 19.8 15.2579 13.7339 19.8 15 13.7071 19.8 14.8118 13.715 19.8 14.2702 13.7298 19.8 14 13.7033 19.8 13.6421 13.6421 19.8 13 13.6663 19.8 12.6466 13 19.8 12.375 12.684 19.8 12 12.2243 19.8 11.83 12 19.8 11.5271 11.5271 19.8 11.2367 11 19.8 11 10.9265 19.8 10.2 10.5955 19.8 10 10.5613 19.8 9.8 10.5395 19.8 9 10.3906 19.8 8.8 10.3773 19.8 8 10.2984 19.8 7.8 10.2895 19.8 7 10.2377 19.8 6 10.197 19.8 0 10.0981 19.8 
60
13.2 23.6146 19.8 13 23.6558 19.8 12.2383 24 19.8 12 24.2236 19.8 11.2131 25 19.8 11.2142 25.2142 19.8 11.0585 26 19.8 11.076 26.076 19.8 11.2574 27 19.8 11.3274 27.0621 19.8 12 27.3921 19.8 12.2 27.4942 19.8 13 27.6207 19.8 13.8 27.564 19.8 14 27.5938 19.8 14.8 27.4208 19.8 15 27.3861 19.8 15.8 27.213 19.8 16 27.1861 19.8 16.2 27.2414 19.8 17 27.5543 19.8 17.8 27.6771 19.8 18.2 27.7873 19.8 19 27.9896 19.8 19.1189 28.029 19.8 19.2 28.0598 19.8 20 28.4193 19.8 20.2 28.4799 19.8 21 28.9978 19.8 21.0067 29 19.8 21.2908 29.0748 19.8 22 29.2791 19.8 22.3101 29.2715 19.8 23 29.4703 19.8 23.5345 29 19.8 23.535 28.6905 19.8 23 27.5238 19.8 22.9042 27.4483 19.8 22.8044 27.2 19.8 22.7865 27 19.8 22.2342 26.2 19.8 22.046 26 19.8 22 25.9685 19.8 21.8803 25.8988 19.8 21.8 25.8473 19.8 21 25.4493 19.8 20.8 25.3235 19.8 20 24.9405 19.8 19.9638 24.9174 19.8 19.8 24.8336 19.8 19 24.5469 19.8 18.8 24.5212 19.8 18 24.2382 19.8 17.8 24.2133 19.8 17 24.0944 19.8 16.8 24.0695 19.8 16 23.9368 19.8 15 23.8126 19.8 14.8 23.7945 19.8 14 23.6945 19.8 
2
93
0 50.8 20.7 50.8 50.8 20.7 50.8 10.1342 20.7 46.7 10.2471 20.7 45.7 10.3075 20.7 45 10.3739 20.7 44.7 10.4068 20.7 44 10.5344 20.7 43.7 10.5841 20.7 43 10.9065 20.7 42.7684 10.8602 20.7 42.7438 11 20.7 42.6316 11.3684 20.7 42.4903 12 20.7 42.3531 12.5466 20.7 41.9327 14 20.7 41 14.8762 20.7 40.2122 14.7878 20.7 40 14.8727 20.7 39.7982 14.8729 20.7 39 14.8163 20.7 38.7084 14.8255 20.7 38 14.8211 20.7 35 14.9162 20.7 34.3 14.5961 20.7 33.7 14.6152 20.7 33 14.4987 20.7 32.7 14.4655 20.7 32 14.4783 20.7 31.7 14.4541 20.7 30 14.482 20.7 29.7 14.464 20.7 29 14.4681 20.7 24 14.1656 20.7 23.3 14.0949 20.7 23 14.0771 20.7 22.4046 14.0111 20.7 22 13.98 20.7 21.3 13.9011 20.7 20.7 13.8607 20.7 20 13.9088 20.7 19.7 13.888 20.7 19.6622 13.9045 20.7 19.4322 14 20.7 19.4569 14.253 20.7 19.4752 14.4752 20.7 19.5652 15 20.7 20.6425 16.6425 20.7 20.196 17 20.7 20.108 17.108 20.7 19 16.9965 20.7 18.9963 16.9963 20.7 18 16.9984 20.7 15.9477 17.9477 20.7 15.4137 18 20.7 15 18.0155 20.7 14.9668 18.0088 20.7 14.91 18 20.7 14 17.7724 20.7 13.7984 17.7984 20.7 13 17.6198 20.7 12.5692 17.5692 20.7 12 17.4541 20.7 11.473 17.4523 20.7 11 17.4413 20.7 10.6724 17.5142 20.7 10.4386 17.5613 20.7 10 17.0096 20.7 9.99345 17 20.7 9.99917 16.9921 20.7 10 16.9903 20.7 10.4367 16.4367 20.7 10.4567 16 20.7 11 15.1317 20.7 11.0604 15.0604 20.7 11.0766 15 20.7 11.6565 14 20.7 11.8321 13.599 20.7 11.8781 13 20.7 11.3 12.502 20.7 10.9085 12 20.7 10.7168 11.7 20.7 10.3937 11 20.7 10.2958 10.6836 20.7 10 10.5613 20.7 9.7 10.5054 20.7 9 10.4856 20.7 8.7 10.456 20.7 8 10.3426 20.7 7.7 10.3232 20.7 7 10.2637 20.7 6 10.2144 20.7 0 10.1002 20.7 
86
9.91438 25 20.7 10 24.9118 20.7 10.0856 24.8434 20.7 10.9688 24 20.7 11 23.9859 20.7 11.3 23.8454 20.7 12 23.539 20.7 12.7 23.6421 20.7 13 23.5094 20.7 13.7 23.4618 20.7 14 23.4918 20.7 14.7 23.5415 20.7 15 23.579 20.7 15.7 23.6083 20.7 16 23.6465 20.7 16.7 23.6712 20.7 16.9307 23.7098 20.7 17 23.7144 20.7 17.3795 24 20.7 17.6888 24.3093 20.7 17.7 24.3252 20.7 18 24.3697 20.7 18.7 24.4083 20.7 19 24.5144 20.7 19.7 24.5489 20.7 20 24.6564 20.7 20.0652 24.6874 20.7 20.4434 25 20.7 20.7652 25.3218 20.7 21 25.4346 20.7 21.7 25.4954 20.7 22 25.6447 20.7 22.0554 25.6826 20.7 22.4505 26 20.7 22.6576 26.3 20.7 22.9626 26.6049 20.7 23 26.6225 20.7 23.467 27 20.7 23.4887 27.0931 20.7 23.7 27.6474 20.7 23.7951 27.8543 20.7 23.9043 28 20.7 23.9685 28.14 20.7 24 28.2123 20.7 24.3581 29 20.7 24.6667 30 20.7 24.2509 30.7 20.7 24.2303 30.7251 20.7 24 30.8852 20.7 23.3 30.4093 20.7 23 30.2512 20.7 22.6114 30 20.7 22.3 29.8556 20.7 21.7 29.6827 20.7 21 29.2456 20.7 20.9461 29.2139 20.7 20.7361 29 20.7 20.2461 28.7945 20.7 20 28.6402 20.7 19.7 28.5054 20.7 19 28.3471 20.7 18.9678 28.3363 20.7 18.5617 28 20.7 18.2678 27.7061 20.7 18 27.6408 20.7 17.7 27.5947 20.7 17 27.5608 20.7 16.7 27.4434 20.7 16 27.4593 20.7 15.7 27.5243 20.7 15 27.6217 20.7 14 27.8447 20.7 13.7 27.8659 20.7 13.4933 27.9223 20.7 13.2709 28 20.7 13 28.0865 20.7 12.6155 28.0736 20.7 12 28.0042 20.7 11.9724 28 20.7 11 27.7712 20.7 10.3 27.6466 20.7 10 27.3325 20.7 9.76074 27 20.7 9.62207 26.6221 20.7 9.50776 26 20.7 9.84234 25.1577 20.7 
2
130
0 50.8 21.6 50.8 50.8 21.6 50.8 10.1405 21.6 47.6 10.2342 21.6 46.6 10.2907 21.6 45.6 10.3792 21.6 45 10.4701 21.6 44.6 10.543 21.6 44 10.7612 21.6 43.8996 10.8316 21.6 43.533 11 21.6 43.2026 13 21.6 43.0849 13.4014 21.6 43 13.8179 21.6 42.9418 14 21.6 42.7428 14.2414 21.6 42.5107 14.6 21.6 42.368 14.7689 21.6 42.2147 15 21.6 42 15.2792 21.6 41.7386 15.4785 21.6 41.4463 15.7087 21.6 41 16.0717 21.6 40.6071 16.363 21.6 40.3007 16.6 21.6 40.2936 16.6053 21.6 40 16.8319 21.6 39.995 16.8296 21.6 39.7283 16.7283 21.6 39.7665 17 21.6 39 17.5519 21.6 38.0916 17.0916 21.6 38.3335 18 21.6 37.9263 18.2912 21.6 37.2918 18.7082 21.6 37.6072 18 21.6 37.8847 17.1153 21.6 37.9379 17 21.6 37.9515 16.9236 21.6 38 16.7738 21.6 38.2187 16.2187 21.6 38.2553 16 21.6 38 15.8415 21.6 37.4 15.414 21.6 36.6 15.4392 21.6 36 15.3669 21.6 35.6 15.3765 21.6 35 15.315 21.6 34.9038 15.2798 21.6 34.4827 15 21.6 34.3038 14.7448 21.6 34 14.6003 21.6 33.6 14.5338 21.6 29 14.6127 21.6 28.6 14.5886 21.6 28 14.5786 21.6 27.6 14.5545 21.6 27 14.4928 21.6 26.6 14.4687 21.6 26 14.4046 21.6 25.6 14.3806 21.6 25 14.3165 21.6 24.6 14.2914 21.6 22.6 14.0816 21.6 22 14.5248 21.6 21.9327 14.5174 21.6 21.0124 14.9851 21.6 21 14.9727 21.6 20.9844 14.9844 21.6 20.9855 15 21.6 20.9953 15.0149 21.6 21.4856 16 21.6 24.3346 20.3346 21.6 24.5485 21 21.6 24.9394 21.9394 21.6 24 21.7881 21.6 23.7696 21.7696 21.6 23 21.6549 21.6 22.6103 21.6103 21.6 22 21.3347 21.6 21.2957 21 21.6 21 20.8482 21.6 20.8138 20.8138 21.6 20 20.3693 21.6 19.6029 20.1791 21.6 19 20.0381 21.6 18.9155 20.0052 21.6 18.8995 20 21.6 18 19.6031 21.6 17.6035 19.6035 21.6 17 19.4348 21.6 16.4294 19.5706 21.6 12 18.677 21.6 11 18.6715 21.6 10 18.894 21.6 9.98355 18.8847 21.6 9.78634 18.7863 21.6 9 19.1162 21.6 8.84769 19 21.6 8.25366 18.2537 21.6 8.03488 18 21.6 8 17.8562 21.6 7.94321 17 21.6 7.99543 16.866 21.6 8 16.8579 21.6 8.41104 16.411 21.6 8.73961 16 21.6 9 15.6299 21.6 9.41497 15 21.6 10 14.2669 21.6 10.1815 14 21.6 11 13.3051 21.6 11.1598 13 21.6 11 12.864 21.6 10.4 12.3917 21.6 10.0657 12.0332 21.6 10.0395 12 21.6 10.0092 11.9343 21.6 10 11.902 21.6 9.77342 11 21.6 9.50742 10.8424 21.6 9.4 10.6272 21.6 9 10.6159 21.6 8.6 10.5511 21.6 8 10.3993 21.6 7.6 10.3653 21.6 7 10.2958 21.6 6 10.235 21.6 5 10.1946 21.6 0 10.1018 21.6 
89
10 23.8563 21.6 10.4 23.6311 21.6 11 23.5561 21.6 11.6 23.5624 21.6 12 23.3873 21.6 12.6 23.3623 21.6 13 23.4212 21.6 13.6 23.4816 21.6 14 23.4544 21.6 15 23.5267 21.6 15.6 23.5605 21.6 17 23.6207 21.6 17.2204 23.7865 21.6 17.468 24 21.6 18 24.532 21.6 18.6 24.5522 21.6 19 24.5742 21.6 19.6 24.5596 21.6 20 24.5793 21.6 20.2161 24.7579 21.6 20.4654 25 21.6 21 25.5346 21.6 21.6 25.525 21.6 22 25.5598 21.6 22.2258 25.7412 21.6 22.4964 26 21.6 23 26.5036 21.6 23.2793 26.7294 21.6 23.5963 27 21.6 23.8793 27.283 21.6 24 27.5997 21.6 24.063 27.683 21.6 24.4504 28 21.6 24.6323 28.4 21.6 24.8449 28.8277 21.6 25 28.9731 21.6 25.0333 29 21.6 25.4161 30 21.6 25.3051 30.5586 21.6 25.1756 31 21.6 25 31.2988 21.6 24.6 31.6475 21.6 24 31.6586 21.6 23.4 31.1467 21.6 23.2668 31.0566 21.6 23.156 31 21.6 23 30.8945 21.6 22.4 30.2827 21.6 22 30.0204 21.6 21.9859 30 21.6 21.806 29.9167 21.6 21.4 29.7144 21.6 21 29.4646 21.6 20.88 29.3424 21.6 20.6058 29 21.6 20.28 28.6742 21.6 20 28.5568 21.6 19.6 28.4664 21.6 19 28.4079 21.6 18.7679 28.2157 21.6 18.5447 28 21.6 18 27.4553 21.6 17.6 27.4359 21.6 17 27.4284 21.6 16 27.4549 21.6 15.6 27.5105 21.6 15 27.5471 21.6 14.6 27.6374 21.6 14 27.6914 21.6 13.7236 27.9678 21.6 13.6055 28 21.6 13.3236 28.09 21.6 13 28.4625 21.6 12.6 28.4491 21.6 12 28.5309 21.6 11.6 28.4713 21.6 11 28.5152 21.6 10 28.4031 21.6 9.53235 28 21.6 9 27.2418 21.6 8.8514 27 21.6 8.72162 26.6 21.6 8.49033 26 21.6 8.49155 25.9964 21.6 8.31279 25.31 21.6 8.44719 25 21.6 8.51143 24.5114 21.6 9 24.0498 21.6 9.0935 24 21.6 
4
265
0 50.8 22.5 50.8 50.8 22.5 50.8 10.6433 22.5 48 10.7281 22.5 47 10.7834 22.5 46 10.8676 22.5 45.1261 11 22.5 45.1103 11.1103 22.5 45 11.5932 22.5 44.9548 11.9548 22.5 44 11.9239 22.5 43.9857 12 22.5 43.9784 12.0436 22.5 44 12.0959 22.5 44.7723 13 22.5 44.6511 13.6511 22.5 44.4291 14 22.5 44.3549 14.3549 22.5 44 14.7996 22.5 43.9282 15 22.5 43.7035 15.7035 22.5 43.2373 16 22.5 43.1642 16.1642 22.5 42.5918 16.5918 22.5 42.4877 17 22.5 42.3385 17.3385 22.5 42 17.5767 22.5 41.6637 17.6637 22.5 41.5188 18 22.5 41.3105 18.3105 22.5 41 18.5138 22.5 40.3604 18.3604 22.5 40.3233 19 22.5 40.1721 19.1721 22.5 40 19.262 22.5 39.8379 19 22.5 39.8142 18.1858 22.5 38.6943 19 22.5 38.9773 19.9773 22.5 38 19.4999 22.5 37.3053 20 22.5 37.7901 20.7901 22.5 37.5711 21 22.5 37.2941 21.2941 22.5 37 21.4338 22.5 36.4362 21 22.5 36.2149 20.7851 22.5 36 20.9356 22.5 35.9813 20.9189 22.5 35.7691 20.7691 22.5 35.8841 21 22.5 36 21.767 22.5 36.1526 22 22.5 36.0765 22.0765 22.5 36 22.1101 22.5 35.9567 22 22.5 35 21.5319 22.5 34.1375 21.1375 22.5 34.2677 22 22.5 34.7577 22.7577 22.5 34.6787 23 22.5 34.3476 23.3476 22.5 34 23.4939 22.5 33.5281 23 22.5 33 22.6875 22.5 32.741 22.741 22.5 32.5667 23 22.5 33 23.8601 22.5 33.1508 24 22.5 33.0758 24.0758 22.5 33 24.109 22.5 32.9613 24 22.5 32 23.2447 22.5 31.3418 23.3418 22.5 31 23.7152 22.5 30.7756 23.7756 22.5 30.3874 24 22.5 31 24.7005 22.5 31.4534 25 22.5 31.1751 25.1751 22.5 31 25.2789 22.5 30.9096 25 22.5 30 24.1282 22.5 29.2683 24.2683 22.5 29 24.4747 22.5 28.5909 24.5909 22.5 27.9297 24.9297 22.5 27.7402 25 22.5 27.1473 25.1473 22.5 27 25.2607 22.5 26.3584 25.3584 22.5 26 25.2987 22.5 25.5979 25 22.5 25 24.7055 22.5 24.449 24.449 22.5 23 23.6646 22.5 22.229 23.229 22.5 22.192 24 22.5 22.7985 24.7985 22.5 22 24.3886 22.5 21.457 24 22.5 21.8837 23.8837 22.5 21.8587 23 22.5 19.3033 21.3033 22.5 19.2432 22 22.5 20 22.9978 22.5 20.0009 23 22.5 20.0081 23.0081 22.5 20 23.0031 22.5 19.9956 23 22.5 19 22.3891 22.5 18.4565 22 22.5 18.8812 21.8812 22.5 18.8456 21 22.5 18 20.6309 22.5 17.9298 20.6067 22.5 17.3922 20.3922 22.5 17.0774 21 22.5 17.4257 21.4257 22.5 17 21.2128 22.5 16.1467 21.1467 22.5 16 21.1035 22.5 15.2848 21.2848 22.5 15 21.3103 22.5 14.2843 21.2843 22.5 14 21.3115 22.5 13.1377 21.1377 22.5 13 21.1517 22.5 12.3821 21 22.5 12.7985 20.7985 22.5 12.4953 20 22.5 12 19.8999 22.5 11 19.8916 22.5 10.8621 19.9222 22.5 10.5467 20 22.5 11 20.7905 22.5 11.6483 21 22.5 11.2027 21.2027 22.5 11.4068 22 22.5 12 22.2825 22.5 12.3822 22.3822 22.5 13 22.4355 22.5 13.7531 22.7531 22.5 14 22.7736 22.5 14.4665 23 22.5 15 23.039 22.5 17 23.1442 22.5 17.0924 23.2238 22.5 17.9127 24 22.5 18 24.0873 22.5 19 24.1209 22.5 20 24.0965 22.5 21 25.0845 22.5 22 25.0686 22.5 23 26.049 22.5 23.0472 26.0893 22.5 23.775 27 22.5 24 27.225 22.5 24.308 27.477 22.5 24.8347 28 22.5 25 28.3326 22.5 25.1654 28.4666 22.5 25.6773 28.9876 22.5 25.6718 29 22.5 25.8669 29.5 22.5 25.8724 29.5125 22.5 26 29.7319 22.5 26.0084 29.7251 22.5 26.6166 29.3834 22.5 26.2921 30 22.5 26.8876 30.8876 22.5 26 30.8453 22.5 25.9706 31 22.5 25.9287 31.0713 22.5 25.534 32 22.5 25.959 32.959 22.5 25.8298 33 22.5 25.3989 33.3989 22.5 25 33.5254 22.5 24.7444 33 22.5 24 32.6085 22.5 23.2182 32.2182 22.5 23 32.6849 22.5 22.4684 32 22.5 22 31.7116 22.5 21.1215 31 22.5 21 30.7543 22.5 20.5601 30 22.5 20.3785 29.3785 22.5 20.043 29 22.5 20 28.957 22.5 19 28.8595 22.5 18 27.8721 22.5 17 27.8596 22.5 16 27.8885 22.5 15 27.9494 22.5 14.4378 28 22.5 14.2226 28.2226 22.5 14 28.3262 22.5 13.5974 29 22.5 13.4506 29.4506 22.5 13 29.7984 22.5 12.5598 29 22.5 12 28.9429 22.5 11.765 28.9601 22.5 11.4692 29 22.5 11.8946 29.8946 22.5 11 29.9238 22.5 10.907 29.907 22.5 10 29.9927 22.5 9.99288 29.9929 22.5 9 29.7154 22.5 8.38034 29 22.5 8 28.4542 22.5 7.63249 28 22.5 7.36384 27.3638 22.5 8 27.7663 22.5 8.40056 27.4006 22.5 8.1464 27 22.5 8.04152 26.7279 22.5 8 26.6014 22.5 7.09797 26.098 22.5 7 26.3837 22.5 6.86723 26 22.5 6.83251 25.8325 22.5 6.53928 25 22.5 6.42341 24.4234 22.5 7 24.8119 22.5 7.39337 24 22.5 7.42661 23.9676 22.5 8 23.0119 22.5 8.01283 23.0077 22.5 8.06952 23 22.5 8 22.9654 22.5 7.38464 22 22.5 7.32071 21.3207 22.5 7.17255 21 22.5 7.18602 20.186 22.5 7.13344 20 22.5 7.09897 19.8422 22.5 7.12948 19 22.5 7.10613 18.7935 22.5 7.13728 18 22.5 7.15391 17.7329 22.5 7.24251 17 22.5 7.40648 16.5792 22.5 7 16.2548 22.5 6.4147 16 22.5 6.50399 15.504 22.5 6.81472 15 22.5 6.86937 14.8694 22.5 7 14.8045 22.5 7.30997 14.31 22.5 8 14.0087 22.5 8.01062 14 22.5 8.39662 13.3966 22.5 8.97439 13 22.5 8.96624 12.9662 22.5 8.50621 12 22.5 8.41407 11.4141 22.5 8.28854 11 22.5 8 10.927 22.5 7 10.8112 22.5 6 10.7448 22.5 0 10.6024 22.5 
71
12.804 30.804 22.5 13 30.8866 22.5 13.0749 31 22.5 13.0119 31.0119 22.5 13.1254 32 22.5 14 32.851 22.5 14.6665 32.6665 22.5 15 32.279 22.5 15.1899 32.1899 22.5 15.6363 32 22.5 15 31.2506 22.5 14.6965 31 22.5 14.8752 30.8752 22.5 15 30.8521 22.5 15.6519 30.6519 22.5 16 30.6249 22.5 16.9818 30.9818 22.5 17 30.9831 22.5 17.0306 31 22.5 18 31.8362 22.5 18.1211 32 22.5 18.3407 32.3407 22.5 18 32.0452 22.5 17.9381 32 22.5 17 31.0105 22.5 16.2557 31.2557 22.5 16.1603 32 22.5 17 32.4509 22.5 18 33.6224 22.5 18.2621 34 22.5 18.2737 34.2737 22.5 18.3188 35 22.5 19 35.9712 22.5 19.1164 36 22.5 19.0903 36.0903 22.5 19 36.288 22.5 18.5981 36 22.5 18 35.9138 22.5 17.9374 36 22.5 17.5213 36.5213 22.5 17 36.859 22.5 16.8917 36.8917 22.5 16.7568 37 22.5 17 37.5011 22.5 17.9501 37.9501 22.5 18 37.9907 22.5 18.0343 38 22.5 18.0184 38.0184 22.5 18 38.0236 22.5 17.3147 38.3147 22.5 17 38.3266 22.5 16.3925 38.3925 22.5 16 38.407 22.5 15.2605 38.2605 22.5 15 38.2249 22.5 14.628 38 22.5 14 37.359 22.5 13.7347 37 22.5 13.3467 36.3467 22.5 14 36.8789 22.5 14.9497 36.9497 22.5 14.5537 36 22.5 14 35.0005 22.5 13.9995 34.9995 22.5 13.7616 34 22.5 13.5851 33.5851 22.5 13.616 33 22.5 13 32.3379 22.5 12.893 32 22.5 12.9144 31.9144 22.5 12.9922 31 22.5 
57
22.2505 14.9312 22.5 22.5 14.6354 22.5 23 14.2661 22.5 23.5 14.2323 22.5 26 14.4963 22.5 26.5 14.5127 22.5 27 14.5661 22.5 27.5 14.5813 22.5 28 14.6327 22.5 28.5 14.6507 22.5 29 14.6591 22.5 29.5 14.6755 22.5 34 14.5938 22.5 34.2886 15 22.5 34.6491 15.323 22.5 35 15.5562 22.5 35.5 15.6074 22.5 36 15.79 22.5 36.6091 16 22.5 36.541 16.541 22.5 36.4952 17 22.5 36 17.7457 22.5 35.7577 18 22.5 35.5385 18.5385 22.5 35 18.8456 22.5 34.8045 19 22.5 34.683 19.683 22.5 34.1344 20 22.5 34.0635 20.0635 22.5 34 20.3257 22.5 33.8462 20.8462 22.5 33.7219 21 22.5 33.531 21.531 22.5 33 21.405 22.5 32.4524 21.4524 22.5 32 21.3886 22.5 31.4564 21.4564 22.5 31 21.4057 22.5 30.5612 21.5612 22.5 30 21.5187 22.5 29.4996 21.5004 22.5 29 21.6106 22.5 28.4234 21.4234 22.5 28 21.3559 22.5 26.9122 21 22.5 26 20.5553 22.5 25.4913 20 22.5 25 19.3959 22.5 24.7322 19 22.5 24 18.0016 22.5 23.3435 17 22.5 22.9025 16.3003 22.5 22.7058 16 22.5 22.5101 15.8036 22.5 22.5 15.771 22.5 22.2505 15.4674 22.5 22.1315 15 22.5 
14
25.6575 26.6575 22.5 26 26.5864 22.5 26.7575 26.7575 22.5 27 26.7043 22.5 27.2174 27 22.5 27.1862 27.1862 22.5 27.2798 28 22.5 27.2082 28.2082 22.5 27 28.5017 22.5 26.2855 28.2855 22.5 26 28.084 22.5 25.9028 28 22.5 25.6078 27.6078 22.5 25.3216 27 22.5 
1
44
23.0963 14.6451 23.4 23.4 14.4333 23.4 24 14.3927 23.4 24.4 14.4031 23.4 25 14.4672 23.4 25.4 14.4777 23.4 26 14.5413 23.4 30.4 14.6887 23.4 34 14.6282 23.4 34.2707 15 23.4 34.5123 15.4 23.4 34.6273 15.4831 23.4 35 15.817 23.4 35.4988 16 23.4 35.5049 16.4768 23.4 35.4628 17 23.4 35 17.4781 23.4 33.8845 18.4362 23.4 33.3196 19 23.4 33 19.2746 23.4 32.8316 19.4347 23.4 32 20.1166 23.4 31 20.2654 23.4 30.5324 20.3471 23.4 29 20.6757 23.4 28.8572 20.6272 23.4 28.4 20.4453 23.4 28.3476 20.418 23.4 28 20.2064 23.4 27.4159 20 23.4 27 19.7656 23.4 26.2959 19 23.4 26 18.7199 23.4 25.3837 18 23.4 25.305 17.9521 23.4 25 17.7223 23.4 24.866 17.6358 23.4 24.826 17.6 23.4 24.368 17 23.4 24.0351 16.6 23.4 24.0075 16.5603 23.4 24 16.5525 23.4 23.6205 16 23.4 22.7965 15 23.4 
1
46
23.9393 14.6293 24.3 23.4079 15 24.3 24.8201 16.7 24.3 24.93 16.8457 24.3 25 16.9286 24.3 25.0491 17 24.3 25.3 17.2879 24.3 26 17.8153 24.3 26.1516 17.9251 24.3 26.2351 18 24.3 26.4516 18.1809 24.3 27 18.6848 24.3 27.2722 18.8809 24.3 27.473 19 24.3 27.5722 19.0451 24.3 28 19.3664 24.3 28.3 19.4099 24.3 28.9082 19.7887 24.3 29 19.8262 24.3 29.2595 19.7405 24.3 30 19.59 24.3 30.6857 19.4853 24.3 32 19.3139 24.3 32.4017 19 24.3 32.5437 18.8237 24.3 32.7 18.6827 24.3 33 18.6121 24.3 33.0905 18.473 24.3 33.5331 18 24.3 33.6628 17.7 24.3 33.9203 17.4785 24.3 34 17.3569 24.3 34.4155 17 24.3 34.4503 16.4779 24.3 34.2414 16 24.3 34.0723 15.7201 24.3 34.1807 15 24.3 34 14.7561 24.3 33.7 14.668 24.3 32.3 14.6933 24.3 32 14.6906 24.3 31.3 14.6949 24.3 25.3 14.4931 24.3 25 14.5423 24.3 24.3 14.524 24.3 24 14.5901 24.3 
1
50
23.8321 15 25.2 23.9939 14.8954 25.2 24 14.8894 25.2 24.2 14.8222 25.2 25 14.646 25.2 25.2 14.6485 25.2 26 14.5173 25.2 26.2 14.5204 25.2 27 14.547 25.2 27.2 14.5193 25.2 32 14.6919 25.2 32.2 14.7116 25.2 33 14.719 25.2 33.797 14.9531 25.2 33.9395 15 25.2 33.5538 15.8 25.2 33.515 16 25.2 33.6911 16.8 25.2 33.758 17 25.2 33.412 17.8 25.2 33.1987 18 25.2 33 18.3055 25.2 32.9088 18.371 25.2 32.8 18.4417 25.2 32 18.6299 25.2 31.2 18.7343 25.2 31 18.862 25.2 30.2 18.9702 25.2 30 18.8766 25.2 29.8685 18.9718 25.2 29.0685 19.2366 25.2 29 19.3479 25.2 28.2 19.2316 25.2 28 19.1591 25.2 27.7354 19.0387 25.2 27.6966 19 25.2 27.5354 18.8786 25.2 27 18.561 25.2 26.4227 18.0786 25.2 26.3442 18 25.2 26.2227 17.8701 25.2 26 17.6705 25.2 25.483 17.0701 25.2 25.3461 17 25.2 25.283 16.9117 25.2 25 16.5003 25.2 24.707 16.1117 25.2 24.6591 16 25.2 24.507 15.8061 25.2 23.8382 15.0061 25.2 
1
52
23.9516 15 26.1 24 15.0484 26.1 24.6845 15.9211 26.1 24.7533 16 26.1 24.7845 16.0312 26.1 25 16.5339 26.1 25.284 16.9312 26.1 25.348 17 26.1 25.384 17.036 26.1 26 17.3515 26.1 26.5465 17.936 26.1 26.6044 18 26.1 27 18.3956 26.1 27.7257 18.9421 26.1 27.796 19 26.1 28 19.204 26.1 28.1 19.216 26.1 29 19.5425 26.1 29.0417 19.5009 26.1 29.35 19 26.1 29.9417 18.5715 26.1 30 18.5334 26.1 30.1 18.5272 26.1 31 18.9482 26.1 31.1 18.9382 26.1 32 18.3635 26.1 32.0457 18.3178 26.1 32.5353 18 26.1 32.5497 17.9 26.1 32.9601 17.6912 26.1 33 17.5736 26.1 33.6371 17 26.1 33.8262 16.9 26.1 33.525 16 26.1 33.4959 15.9 26.1 33.6704 15 26.1 33.641 14.9705 26.1 33 14.7594 26.1 32.1 14.6707 26.1 32 14.6696 26.1 31.1 14.6373 26.1 31 14.6363 26.1 30.1 14.6039 26.1 30 14.6029 26.1 29.1 14.5705 26.1 29 14.5696 26.1 28.1 14.5373 26.1 28 14.5364 26.1 27.1 14.6607 26.1 25 14.6322 26.1 24.1 14.9346 26.1 24 14.9516 26.1 
1
23
23.7886 15 27 24 15.2114 27 24.6883 16 27 25 16.3117 27 25.6399 17 27 26 17.3601 27 26.5791 18 27 27 18.4209 27 27.7031 19 27 28 19.2969 27 29 19.4167 27 29.4167 19 27 30 18.6187 27 31 18.5571 27 32 18.4573 27 32.4573 18 27 32.6014 17 27 33 16.5853 27 33.5853 16 27 33.2946 15 27 33 14.7054 27 25 14.6191 27 24 14.7886 27 
1
32
24 14.6264 27.9 23.6264 15 27.9 24 15.3736 27.9 24.0688 15.4524 27.9 24.5151 16 27.9 25 16.4849 27.9 25.4761 17 27.9 26 17.5239 27.9 26.0579 17.5879 27.9 26.4831 18 27.9 27 18.5169 27.9 27.0703 18.5748 27.9 27.5672 19 27.9 28 19.4328 27.9 28.9 19.4799 27.9 29 19.4918 27.9 29.4918 19 27.9 30 18.6686 27.9 30.9 18.629 27.9 31.9 18.5711 27.9 32 18.5611 27.9 32.5611 18 27.9 32.6569 17.1 27.9 32.6713 17 27.9 32.7112 16.9585 27.9 33 16.6015 27.9 33.6015 16 27.9 33.3693 15.1 27.9 33.3402 15 27.9 33 14.6598 27.9 25 14.5898 27.9 24.9 14.6067 27.9 
1
32
24 14.5286 28.8 24.8 14.5498 28.8 25 14.5454 28.8 33 14.6197 28.8 33.3803 15 28.8 33.4319 15.2 28.8 33.6166 16 28.8 33 16.6166 28.8 32.7803 16.9207 28.8 32.7161 17 28.8 32.6948 17.2 28.8 32.6457 18 28.8 32 18.6457 28.8 31.8 18.6572 28.8 31 18.6796 28.8 30.8 18.6883 28.8 30 18.7098 28.8 29.7074 18.9348 28.8 29.6074 19 28.8 29 19.6074 28.8 28.8 19.5969 28.8 28 19.5679 28.8 27.4321 19 28.8 27 18.6246 28.8 26 17.6339 28.8 25.3661 17 28.8 25.0916 16.6917 28.8 25 16.5925 28.8 24.4075 16 28.8 24.0992 15.593 28.8 24 15.4714 28.8 23.5286 15 28.8 
1
26
24 14.4813 29.7 23.4813 15 29.7 24 15.5187 29.7 24.1156 15.6713 29.7 24.3478 16 29.7 25 16.6522 29.7 25.1029 16.7678 29.7 25.3003 17 29.7 26.1054 17.8026 29.7 27 18.6983 29.7 27.3452 19 29.7 28 19.6548 29.7 29 19.684 29.7 29.684 19 29.7 29.7938 18.9156 29.7 30 18.751 29.7 31.7 18.7244 29.7 32 18.716 29.7 32.716 18 29.7 32.713 17.3 29.7 32.7314 17 29.7 33 16.6305 29.7 33.6305 16 29.7 33.4852 15.3 29.7 33.416 15 29.7 33 14.584 29.7 
1
24
24 14.4494 30.6 23.4494 15 30.6 24 15.5506 30.6 24.3214 16 30.6 25 16.6786 30.6 25.1128 16.8112 30.6 25.2605 17 30.6 26.2552 18 30.6 27 18.7448 30.6 27.2885 19 30.6 28 19.7115 30.6 29 19.7331 30.6 29.7331 19 30.6 30 18.7839 30.6 32 18.7673 30.6 32.7673 18 30.6 32.7407 17.4 30.6 32.739 17 30.6 32.8454 16.854 30.6 33 16.6493 30.6 33.6493 16 30.6 33.5494 15.4 30.6 33.4663 15 30.6 33 14.5337 30.6 
