39
1
6
0 11.3225 0 0.043678 11.2837 0 0.823394 11.2568 0 50.8 11.2528 0 50.8 50.8 0 0 50.8 0 
1
7
0 11.1944 0.9 0.043678 11.1556 0.9 0.78175 11.1099 0.9 1.00567 11.1022 0.9 50.8 11.1002 0.9 50.8 50.8 0.9 0 50.8 0.9 
1
6
0 11.195 1.8 0.043678 11.1562 1.8 1.00567 11.0966 1.8 50.8 11.0944 1.8 50.8 50.8 1.8 0 50.8 1.8 
1
6
0 11.1969 2.7 0 50.8 2.7 50.8 50.8 2.7 50.8 11.0959 2.7 1.00567 11.0984 2.7 0.043678 11.1581 2.7 
1
6
0 11.1988 3.6 0 50.8 3.6 50.8 50.8 3.6 50.8 11.0975 3.6 1.00567 11.1003 3.6 0.043678 11.1601 3.6 
1
6
0 11.201 4.5 0.043678 11.1622 4.5 1.00567 11.1023 4.5 50.8 11.0992 4.5 50.8 50.8 4.5 0 50.8 4.5 
1
6
0 11.2032 5.4 0 50.8 5.4 50.8 50.8 5.4 50.8 11.101 5.4 1.00567 11.1045 5.4 0.043678 11.1645 5.4 
1
6
0 11.2056 6.3 0.043678 11.1669 6.3 1.00567 11.1068 6.3 50.8 11.1029 6.3 50.8 50.8 6.3 0 50.8 6.3 
1
6
0 11.2081 7.2 0.043678 11.1695 7.2 1.00567 11.1093 7.2 50.8 11.1049 7.2 50.8 50.8 7.2 0 50.8 7.2 
1
6
0 11.2107 8.1 0.043678 11.1722 8.1 1.00567 11.1119 8.1 50.8 11.107 8.1 50.8 50.8 8.1 0 50.8 8.1 
1
6
0 11.2135 9 0.043678 11.175 9 1.00567 11.1147 9 50.8 11.1092 9 50.8 50.8 9 0 50.8 9 
1
7
0 11.2165 9.9 0.00291721 11.2138 9.9 0.043678 11.178 9.9 1.00567 11.1177 9.9 50.8 11.1115 9.9 50.8 50.8 9.9 0 50.8 9.9 
1
6
0 11.2196 10.8 0 50.8 10.8 50.8 50.8 10.8 50.8 11.114 10.8 1.00567 11.1208 10.8 0.043678 11.1811 10.8 
1
6
0 11.2228 11.7 0 50.8 11.7 50.8 50.8 11.7 50.8 11.1166 11.7 1.00567 11.1243 11.7 0.043678 11.1844 11.7 
1
6
0 11.2261 12.6 0 50.8 12.6 50.8 50.8 12.6 50.8 11.1192 12.6 1.00567 11.1277 12.6 0.043678 11.1877 12.6 
1
19
0.043678 11.1912 13.5 1.00567 11.1314 13.5 18.3214 11.3715 13.5 19.2834 11.3971 13.5 20.1156 11.4304 13.5 20.2454 11.4332 13.5 21.0776 11.4642 13.5 22.1694 11.4807 13.5 23.1314 11.4646 13.5 24.0934 11.441 13.5 26.9793 11.4376 13.5 30.8273 11.3798 13.5 31.7893 11.3584 13.5 32.6215 11.3323 13.5 32.7513 11.3301 13.5 50.8 11.1218 13.5 50.8 50.8 13.5 0 50.8 13.5 0 11.2296 13.5 
1
49
0.043678 11.1947 14.4 1.00567 11.1352 14.4 12.5495 11.2624 14.4 13.5115 11.2942 14.4 14.2818 11.3274 14.4 14.4735 11.3325 14.4 15.2438 11.3721 14.4 15.4355 11.3775 14.4 16.2058 11.4206 14.4 16.3975 11.4258 14.4 17.1678 11.4666 14.4 17.3595 11.4711 14.4 18.1297 11.5084 14.4 18.3214 11.5124 14.4 19.0917 11.5606 14.4 19.2834 11.5659 14.4 20.0537 11.5619 14.4 20.2454 11.5696 14.4 21.0157 11.52 14.4 21.2074 11.5271 14.4 21.3991 11.5302 14.4 22.1694 11.7895 14.4 22.9397 11.6605 14.4 23.1314 11.657 14.4 23.9017 11.6769 14.4 24.8637 11.6576 14.4 25.0554 11.6581 14.4 25.8256 11.4005 14.4 26.0173 11.4015 14.4 26.7876 11.6679 14.4 26.9793 11.6657 14.4 27.7496 11.6167 14.4 27.9413 11.6126 14.4 28.7116 11.5718 14.4 29.8653 11.5548 14.4 30.6356 11.5313 14.4 30.8273 11.5292 14.4 31.5976 11.4814 14.4 31.7893 11.4769 14.4 32.5596 11.4227 14.4 32.7513 11.4167 14.4 33.5215 11.3679 14.4 33.7132 11.3615 14.4 34.4835 11.3225 14.4 35.4455 11.2858 14.4 50.8 11.1246 14.4 50.8 50.8 14.4 0 50.8 14.4 0 11.233 14.4 
1
59
0.043678 11.1981 15.3 1.00567 11.1389 15.3 11.5875 11.2624 15.3 12.5495 11.2984 15.3 13.2578 11.3383 15.3 13.5115 11.3472 15.3 14.2198 11.4034 15.3 14.4735 11.4143 15.3 15.1818 11.4951 15.3 15.4355 11.5082 15.3 16.1438 11.6202 15.3 16.3975 11.6343 15.3 17.1058 11.7058 15.3 17.6132 11.7315 15.3 18.2713 11.8212 15.3 18.3214 11.8445 15.3 18.848 11.9901 15.3 19.2834 12.2179 15.3 20.0334 12.5712 15.3 20.2454 12.6422 15.3 20.4936 12.7832 15.3 21.2074 13.5857 15.3 21.7491 13.7452 15.3 22.1694 13.8419 15.3 22.3744 13.7452 15.3 22.8587 13.4725 15.3 23.1314 13.3382 15.3 23.9721 12.7832 15.3 24.0605 12.7503 15.3 25.0554 12.7569 15.3 25.9217 12.7832 15.3 26.0173 12.7898 15.3 26.0239 12.7898 15.3 26.0514 12.7832 15.3 26.842 12.6459 15.3 26.9793 12.7053 15.3 27.788 12.6299 15.3 27.9413 12.5833 15.3 28.6669 12.5468 15.3 28.9033 12.4607 15.3 29.5106 12.4285 15.3 29.8653 12.3856 15.3 30.4311 12.2174 15.3 30.7907 12.0932 15.3 30.8273 12.0646 15.3 31.1723 11.8212 15.3 31.5954 11.7693 15.3 31.7893 11.7572 15.3 32.4976 11.5968 15.3 32.7513 11.579 15.3 33.4595 11.4781 15.3 33.7132 11.462 15.3 34.4215 11.3944 15.3 35.3835 11.3364 15.3 36.3455 11.2939 15.3 50.8 11.1274 15.3 50.8 50.8 15.3 0 50.8 15.3 0 11.2364 15.3 
1
76
0 11.2398 16.2 0.043678 11.2015 16.2 1.00567 11.1427 16.2 11.5875 11.2941 16.2 12.2338 11.3331 16.2 12.5495 11.3459 16.2 13.1958 11.4087 16.2 13.5115 11.4264 16.2 14.1578 11.5369 16.2 14.4735 11.5619 16.2 15.1198 11.6591 16.2 15.4355 11.6951 16.2 15.7512 11.745 16.2 15.9834 11.8212 16.2 16.3975 12.5693 16.2 16.6475 12.7832 16.2 16.6584 13.0441 16.2 16.6277 13.7452 16.2 16.6895 14.0372 16.2 16.8157 14.7072 16.2 17.1471 15.6692 16.2 17.3595 16.1119 16.2 18.0057 16.6312 16.2 18.3214 16.8496 16.2 18.544 16.8538 16.2 19.2834 16.8498 16.2 19.4783 16.8261 16.2 20.2454 16.8346 16.2 20.4361 16.8218 16.2 21.2074 16.9179 16.2 21.4597 16.8834 16.2 22.1694 16.8765 16.2 22.7675 16.6312 16.2 23.029 16.5288 16.2 23.7016 16.2394 16.2 24.0934 16.0171 16.2 24.5007 16.0765 16.2 25.0554 16.0772 16.2 25.848 16.6312 16.2 26.0173 16.7735 16.2 26.7287 17.5931 16.2 26.9793 17.9172 16.2 27.5404 18.5551 16.2 27.9413 19.0316 16.2 28.3899 19.0037 16.2 28.9033 19.09 16.2 29.2347 18.8865 16.2 29.8653 18.7254 16.2 30.188 18.5551 16.2 30.5951 18.3229 16.2 30.8273 18.158 16.2 31.3541 17.5931 16.2 31.5371 17.3409 16.2 31.7893 16.8645 16.2 31.8898 16.6312 16.2 32.1273 16.0072 16.2 32.2018 15.6692 16.2 32.3177 15.2356 16.2 32.4049 14.7072 16.2 32.4469 14.4028 16.2 32.4567 13.7452 16.2 32.4689 13.4628 16.2 32.4501 12.7832 16.2 32.7513 12.3732 16.2 32.8541 12.2028 16.2 33.0249 11.8212 16.2 33.3975 11.6967 16.2 33.7132 11.6518 16.2 34.3595 11.5155 16.2 34.6752 11.4853 16.2 35.3215 11.4118 16.2 36.2835 11.3441 16.2 36.5992 11.3297 16.2 50.8 11.1302 16.2 50.8 50.8 16.2 0 50.8 16.2 
2
89
0 11.243 17.1 0.043678 11.2048 17.1 1.00567 11.1464 17.1 7.73958 11.2561 17.1 8.70157 11.2846 17.1 9.28586 11.3058 17.1 10.2478 11.3311 17.1 11.5875 11.3502 17.1 12.5495 11.4057 17.1 13.1338 11.5154 17.1 13.5115 11.5521 17.1 14.0958 11.6699 17.1 14.4735 11.7344 17.1 14.8512 11.7912 17.1 14.9123 11.8212 17.1 15.0708 12.4074 17.1 15.1404 12.7832 17.1 15.1024 13.3209 17.1 15.0272 13.7452 17.1 15.073 14.3305 17.1 15.0892 14.7072 17.1 15.228 15.4435 17.1 15.2639 15.6692 17.1 15.4355 16.3276 17.1 15.5328 16.6312 17.1 15.9534 17.5931 17.1 16.3975 18.3461 17.1 16.567 18.5551 17.1 17.3595 19.4117 17.1 17.5226 19.5171 17.1 18.3214 20.1365 17.1 19.2016 20.3973 17.1 19.2834 20.4129 17.1 20.0575 20.2912 17.1 20.2454 20.2725 17.1 20.842 20.1137 17.1 21.2074 20.0605 17.1 21.6137 19.9234 17.1 22.1694 19.788 17.1 23.0986 19.4843 17.1 23.1314 19.4719 17.1 23.9178 19.3415 17.1 24.0934 19.298 17.1 25.0554 19.7426 17.1 25.7404 20.4791 17.1 26.0173 20.7585 17.1 26.6231 21.4411 17.1 26.9793 21.7544 17.1 27.5564 22.0182 17.1 27.9413 22.2197 17.1 28.7035 22.2033 17.1 28.9033 22.2046 17.1 29.4511 21.9889 17.1 29.8653 21.8368 17.1 30.6465 21.4411 17.1 30.745 21.3588 17.1 30.8273 21.308 17.1 31.2538 20.9056 17.1 31.7893 20.4822 17.1 31.7925 20.4791 17.1 32.2499 19.9777 17.1 32.7106 19.5171 17.1 32.7513 19.4713 17.1 33.4178 18.5551 17.1 33.7132 17.9942 17.1 33.8099 17.7688 17.1 33.8803 17.5931 17.1 34.1113 16.6312 17.1 34.1734 16.1294 17.1 34.1976 15.6692 17.1 34.1963 15.1903 17.1 34.115 14.147 17.1 34.0354 13.7452 17.1 33.9053 12.9918 17.1 33.8492 12.7832 17.1 34.0294 12.3064 17.1 34.1512 11.8212 17.1 34.2975 11.7617 17.1 34.6752 11.6821 17.1 35.2595 11.5348 17.1 36.2215 11.4267 17.1 36.5992 11.3989 17.1 39.1075 11.332 17.1 39.4852 11.3259 17.1 40.0695 11.3041 17.1 40.4472 11.2964 17.1 50.8 11.1328 17.1 50.8 50.8 17.1 0 50.8 17.1 
45
28.9033 35.7678 17.1 29.7123 35.7179 17.1 29.8653 35.7332 17.1 30.011 35.7559 17.1 30.8273 35.8247 17.1 30.8859 35.8357 17.1 31.0106 35.8709 17.1 31.7893 36.122 17.1 32.2092 36.2908 17.1 32.7513 36.5488 17.1 33.4106 36.8329 17.1 33.7132 37.1105 17.1 34.2424 37.7949 17.1 33.7132 38.1638 17.1 33.2869 38.3306 17.1 32.7513 38.6959 17.1 32.7008 38.7064 17.1 32.6292 38.7569 17.1 32.4511 39.4187 17.1 32.3376 39.7189 17.1 32.5125 40.4421 17.1 32.6174 40.6809 17.1 32.4752 41.3667 17.1 32.3529 41.6428 17.1 32.0253 41.8788 17.1 31.7893 42.1446 17.1 31.4138 42.2293 17.1 30.8273 42.3775 17.1 30.5724 42.3499 17.1 29.8653 42.1812 17.1 29.0385 41.6428 17.1 28.9033 41.4638 17.1 28.5673 40.6809 17.1 28.5263 40.3039 17.1 28.5525 39.7189 17.1 28.4924 39.308 17.1 28.3754 38.7569 17.1 27.9413 38.328 17.1 27.4501 37.7949 17.1 26.9793 37.1635 17.1 26.7998 36.8329 17.1 26.9793 36.6178 17.1 27.4213 36.3129 17.1 27.9413 35.9992 17.1 28.4131 35.8709 17.1 
2
107
0 11.246 18 0.043678 11.2079 18 1.00567 11.1499 18 6.77759 11.2535 18 7.29988 11.2766 18 7.73958 11.2896 18 8.26187 11.32 18 8.70157 11.3353 18 9.22386 11.3739 18 9.66356 11.3899 18 10.1858 11.4283 18 11.1478 11.4591 18 11.5875 11.465 18 12.1098 11.4611 18 12.5495 11.4857 18 13.0718 11.5915 18 13.9512 11.7627 18 14.0645 11.8212 18 14.206 12.7832 18 14.1387 13.2372 18 14.0322 13.7452 18 14.0441 14.2129 18 14.0052 14.7072 18 13.9756 15.2051 18 14.0343 15.6692 18 14.1499 16.3076 18 14.1609 16.6312 18 14.4284 17.5469 18 14.4405 17.5931 18 14.4735 17.671 18 14.905 18.5551 18 15.4355 19.3217 18 15.5801 19.5171 18 16.3975 20.4572 18 17.3033 21.4411 18 17.3595 21.4939 18 18.3214 22.2261 18 18.71 22.4031 18 19.0426 22.5159 18 19.2834 22.6174 18 19.5483 22.668 18 20.2454 22.7072 18 20.5487 22.7064 18 21.2074 22.5981 18 21.9779 22.4031 18 22.1694 22.3398 18 22.8609 22.1326 18 23.1314 22.0447 18 23.6748 21.9845 18 24.0934 21.929 18 25.0177 22.4031 18 25.0554 22.421 18 25.1201 22.4678 18 26.0173 23.1387 18 26.3813 23.3651 18 26.9793 23.6538 18 27.2522 23.638 18 27.9413 23.7451 18 28.5899 23.6785 18 28.9033 23.6133 18 29.797 23.3651 18 29.8379 23.3512 18 29.8653 23.3429 18 29.9017 23.3287 18 31.5782 22.6142 18 31.6854 22.5655 18 31.7893 22.5221 18 32.0145 22.4031 18 32.7513 21.8622 18 33.2821 21.4411 18 33.7132 20.95 18 34.0939 20.4791 18 34.6752 19.6438 18 34.7561 19.5171 18 34.8197 19.3726 18 35.2206 18.5551 18 35.3313 18.2492 18 35.5498 17.5931 18 35.7264 16.7566 18 35.75 16.6312 18 35.7322 15.7748 18 35.7322 15.6692 18 35.6372 15.3738 18 35.4947 14.8897 18 35.4769 14.7072 18 35.4376 14.5076 18 35.1783 13.7452 18 35.0263 13.1343 18 35.0192 13.113 18 34.9175 12.7832 18 35.0135 12.3016 18 35.0873 11.8212 18 35.1975 11.7677 18 35.6372 11.6569 18 36.1595 11.5785 18 36.5992 11.5295 18 38.0835 11.4718 18 38.5232 11.4631 18 39.0455 11.4237 18 39.4852 11.4095 18 40.0075 11.3701 18 40.4472 11.3537 18 40.9695 11.322 18 41.9314 11.2828 18 50.8 11.1353 18 50.8 50.8 18 0 50.8 18 
61
26.0173 35.5033 18 25.9332 35.6467 18 25.853 35.8709 18 25.2549 36.8329 18 25.3187 37.0962 18 25.2423 37.7949 18 26.0173 38.7347 18 26.0388 38.7569 18 26.0431 38.7827 18 26.2846 39.7189 18 26.3059 40.0075 18 26.3715 40.6809 18 26.5039 41.1675 18 26.6673 41.6428 18 26.9793 42.1541 18 27.3023 42.6048 18 27.9413 43.2184 18 28.4468 43.5668 18 28.9033 43.7983 18 29.8653 44.1065 18 30.4744 44.1759 18 30.8273 44.2074 18 31.4503 44.1898 18 31.7893 44.1641 18 32.6975 43.8516 18 32.7513 43.8347 18 33.237 43.5668 18 33.7132 43.2009 18 34.3005 42.6048 18 34.4131 42.3427 18 34.6752 41.7737 18 34.7259 41.6428 18 34.8684 40.6809 18 34.8765 40.4796 18 34.8405 39.7189 18 35.0683 39.15 18 35.3858 38.7569 18 35.6372 38.5246 18 36.2262 37.7949 18 35.8234 37.0191 18 35.7363 36.8435 18 35.7305 36.8329 18 35.6372 36.7658 18 35.3167 36.5124 18 34.6752 36.0277 18 34.4326 35.8709 18 33.7132 35.2678 18 32.7513 34.7441 18 32.5106 34.6682 18 31.7893 34.3559 18 31.1945 34.3141 18 30.8273 34.2667 18 30.138 34.2196 18 29.8653 34.1861 18 28.9371 33.9807 18 28.9033 33.9775 18 28.8678 33.9824 18 27.9413 34.0347 18 27.2704 34.238 18 26.9793 34.3612 18 26.4451 34.9089 18 
3
114
0 11.2489 18.9 0.043678 11.2108 18.9 1.00567 11.1532 18.9 5.8156 11.2409 18.9 6.77759 11.2776 18.9 7.23788 11.3076 18.9 7.73958 11.3298 18.9 8.19987 11.3767 18.9 8.70157 11.4059 18.9 9.16187 11.487 18.9 9.66356 11.5241 18.9 10.1238 11.5844 18.9 10.6255 11.6213 18.9 11.1272 11.638 18.9 11.5875 11.7126 18.9 12.0982 11.6881 18.9 12.5495 11.6847 18.9 13.208 11.8212 18.9 13.5115 12.637 18.9 13.5338 12.7832 18.9 13.5115 12.8886 18.9 13.2994 13.4061 18.9 13.1816 13.7452 18.9 13.0369 14.7072 18.9 12.9439 15.6288 18.9 12.9414 15.6692 18.9 12.9535 16.0732 18.9 12.9345 16.6312 18.9 13.0474 17.129 18.9 13.0643 17.5931 18.9 13.3177 18.3613 18.9 13.3856 18.5551 18.9 13.5115 18.7672 18.9 13.9864 19.5171 18.9 14.4735 20.1149 18.9 14.7912 20.4791 18.9 15.6763 21.4411 18.9 16.7018 22.4031 18.9 17.3595 22.828 18.9 18.2901 23.3651 18.9 18.292 23.366 18.9 18.3214 23.3801 18.9 18.8722 23.5751 18.9 19.2834 23.7462 18.9 19.7851 23.8311 18.9 20.2454 24.0276 18.9 21.06 24.1913 18.9 21.2074 24.1931 18.9 21.3602 24.1743 18.9 22.1694 24.2276 18.9 22.9953 24.191 18.9 23.1314 24.1646 18.9 23.9921 24.2258 18.9 24.0934 24.2239 18.9 25.0554 24.6035 18.9 25.5722 24.8439 18.9 26.0173 25.0802 18.9 26.8423 25.1521 18.9 26.9793 25.1916 18.9 27.6152 24.9955 18.9 27.9413 24.9745 18.9 28.283 24.805 18.9 28.3625 24.7874 18.9 28.4811 24.7345 18.9 28.9033 24.6503 18.9 29.8179 24.3271 18.9 29.8332 24.3215 18.9 29.8653 24.3113 18.9 30.3559 24.0947 18.9 30.8273 23.9207 18.9 30.8854 23.8946 18.9 31.4683 23.6694 18.9 31.7893 23.5636 18.9 32.2372 23.3651 18.9 32.403 23.2721 18.9 32.7513 23.0882 18.9 33.1274 22.8634 18.9 33.7132 22.5717 18.9 33.9944 22.4031 18.9 35.12 21.4411 18.9 35.6372 20.7997 18.9 35.8854 20.4791 18.9 36.1417 20.0216 18.9 36.4558 19.5171 18.9 36.8448 18.5551 18.9 37.1409 17.5931 18.9 37.2077 17.2396 18.9 37.3642 16.6312 18.9 37.366 16.436 18.9 37.4878 15.6692 18.9 37.4366 15.5446 18.9 37.2192 14.7072 18.9 36.5992 14.0305 18.9 36.5213 13.9114 18.9 36.4361 13.7452 18.9 36.1629 13.3089 18.9 35.8466 12.7832 18.9 36.0269 12.2109 18.9 36.3078 11.8212 18.9 36.5992 11.7768 18.9 37.3356 11.7719 18.9 37.5612 11.7637 18.9 38.1175 11.7179 18.9 38.5232 11.699 18.9 38.9835 11.5963 18.9 39.4852 11.5585 18.9 39.9455 11.4793 18.9 40.4472 11.4414 18.9 40.9075 11.3897 18.9 41.8695 11.3258 18.9 42.8314 11.2801 18.9 50.8 11.1376 18.9 50.8 50.8 18.9 0 50.8 18.9 
32
20.2454 37.658 18.9 20.4737 36.8329 18.9 20.7369 36.3414 18.9 20.7988 35.8709 18.9 20.9217 35.4463 18.9 21.0884 34.9089 18.9 21.1596 34.7321 18.9 21.2074 34.5007 18.9 21.7145 34.454 18.9 21.9161 33.9469 18.9 22.1694 33.9087 18.9 22.21 33.9469 18.9 22.2245 34.0416 18.9 22.2898 34.9089 18.9 22.4373 35.201 18.9 22.6297 35.4748 18.9 22.7834 35.6845 18.9 22.9738 35.8709 18.9 23.127 36.0982 18.9 23.1314 36.1043 18.9 23.8942 36.8329 18.9 23.7785 37.48 18.9 23.6851 37.7949 18.9 23.1314 38.0105 18.9 22.6297 38.4089 18.9 22.1694 38.4649 18.9 21.6677 38.3614 18.9 21.2074 38.3999 18.9 20.9115 38.169 18.9 20.406 38.3655 18.9 20.2454 37.9668 18.9 20.0838 37.7949 18.9 
82
25.0554 34.861 18.9 25.0573 34.8586 18.9 25.6565 33.9469 18.9 26.0173 33.697 18.9 26.9793 33.3566 18.9 27.9413 33.2171 18.9 28.3143 33.2088 18.9 28.9033 33.2218 18.9 29.3636 33.3107 18.9 29.8653 33.3775 18.9 30.3256 33.4172 18.9 30.8273 33.4388 18.9 31.329 33.3598 18.9 31.4402 33.2955 18.9 31.7054 32.985 18.9 31.7472 32.8744 18.9 31.7893 32.5883 18.9 32.0518 32.2855 18.9 32.7513 32.6699 18.9 33.0691 32.9441 18.9 33.1472 32.985 18.9 33.7132 33.5756 18.9 34.049 33.9469 18.9 34.6752 34.4612 18.9 35.3865 34.9089 18.9 35.6372 35.2349 18.9 36.0526 35.8709 18.9 36.5992 36.2871 18.9 37.1585 36.8329 18.9 37.4759 37.7096 18.9 37.509 37.7949 18.9 37.4813 37.8449 18.9 37.4496 37.9065 18.9 37.1094 38.7569 18.9 36.5992 39.5546 18.9 36.4813 39.7189 18.9 36.4756 39.8425 18.9 36.2861 40.6809 18.9 36.1745 41.2182 18.9 36.1246 41.6428 18.9 35.8704 42.3716 18.9 35.7665 42.6048 18.9 35.6372 42.794 18.9 34.9733 43.5668 18.9 34.6752 43.8383 18.9 33.7388 44.5288 18.9 33.7132 44.5444 18.9 33.6865 44.5544 18.9 32.7513 44.9465 18.9 32.6565 44.9703 18.9 32.5446 44.9891 18.9 32.1377 45.1008 18.9 31.7893 45.1646 18.9 30.8273 45.1662 18.9 29.8653 45.0857 18.9 29.405 44.975 18.9 28.9033 44.842 18.9 28.5208 44.6912 18.9 28.1279 44.5288 18.9 27.9413 44.4353 18.9 27.481 44.1407 18.9 26.9793 43.8038 18.9 26.7084 43.5748 18.9 26.6979 43.5668 18.9 26.0173 42.8225 18.9 25.8412 42.6048 18.9 25.3882 41.6428 18.9 25.2974 41.2938 18.9 25.2296 40.6809 18.9 25.2146 40.4297 18.9 25.2032 39.7189 18.9 25.1486 39.4857 18.9 25.0554 39.1575 18.9 24.9516 38.7569 18.9 24.8888 38.6677 18.9 24.5951 38.2828 18.9 24.4009 37.9629 18.9 24.2898 37.7949 18.9 24.3056 37.4874 18.9 24.2271 36.8329 18.9 24.7849 35.8709 18.9 25.0241 34.9089 18.9 
2
128
0 11.2514 19.8 0.043678 11.2134 19.8 1.00567 11.1562 19.8 5.8156 11.2564 19.8 6.77759 11.3028 19.8 7.17589 11.3386 19.8 7.73958 11.3753 19.8 8.13788 11.4443 19.8 8.70157 11.5017 19.8 9.26526 11.601 19.8 9.66356 11.7072 19.8 10.3 11.8212 19.8 10.6255 12.6049 19.8 10.8471 12.7832 19.8 10.8283 12.986 19.8 10.7374 13.7452 19.8 10.7318 13.8515 19.8 10.8314 14.7072 19.8 10.8327 14.9144 19.8 11.0571 15.6692 19.8 11.1258 16.1695 19.8 11.3007 16.6312 19.8 11.5667 17.5723 19.8 11.5716 17.5839 19.8 11.5751 17.5931 19.8 12.0644 18.5551 19.8 12.5495 19.3507 19.8 12.5568 19.3613 19.8 12.653 19.5171 19.8 12.7053 19.586 19.8 13.1132 20.0817 19.8 13.3654 20.4486 19.8 13.3887 20.4791 19.8 13.5115 20.627 19.8 14.2485 21.4411 19.8 14.4735 21.669 19.8 15.2457 22.4031 19.8 15.9992 22.9341 19.8 16.6877 23.3651 19.8 16.9284 23.4785 19.8 17.3595 23.6942 19.8 17.9231 23.9653 19.8 18.3214 24.1733 19.8 18.6822 24.3271 19.8 18.9336 24.4282 19.8 19.2834 24.6014 19.8 19.8471 24.8137 19.8 20.2454 25.0081 19.8 21.0766 25.3235 19.8 21.2074 25.3992 19.8 21.4294 25.5111 19.8 22.9452 26.0648 19.8 23.1292 26.0982 19.8 23.1314 26.0986 19.8 23.6296 26.251 19.8 24.0934 26.4088 19.8 24.3762 26.5338 19.8 25.0554 26.8003 19.8 25.7584 26.954 19.8 26.0173 27.0286 19.8 26.5826 26.8163 19.8 26.9793 26.7523 19.8 27.7707 26.251 19.8 27.8205 26.2232 19.8 27.9413 26.1763 19.8 28.2893 25.9025 19.8 28.7077 25.6874 19.8 28.758 25.6517 19.8 28.9033 25.5845 19.8 29.3356 25.2891 19.8 29.4143 25.2372 19.8 29.8653 25.0386 19.8 29.9631 24.9761 19.8 30.2636 24.8132 19.8 30.8273 24.59 19.8 31.2256 24.4142 19.8 31.433 24.3445 19.8 31.7893 24.2064 19.8 31.9339 24.1361 19.8 32.1876 24.03 19.8 32.7513 23.7702 19.8 33.7337 23.3651 19.8 34.0237 23.2119 19.8 34.1115 23.1732 19.8 34.6752 22.8362 19.8 35.0735 22.6141 19.8 35.377 22.437 19.8 35.4281 22.4031 19.8 35.6372 22.2319 19.8 35.8338 22.0322 19.8 36.0295 21.8394 19.8 36.2312 21.6657 19.8 36.5001 21.4411 19.8 36.5992 21.3179 19.8 36.8169 20.9833 19.8 36.8953 20.8774 19.8 37.0758 20.6508 19.8 37.2315 20.4791 19.8 37.5612 19.9481 19.8 37.6451 19.7816 19.8 37.7927 19.5171 19.8 37.9097 19.1678 19.8 37.9996 18.9534 19.8 38.0494 18.8483 19.8 38.2231 18.5551 19.8 38.5232 17.7208 19.8 38.5426 17.6508 19.8 38.561 17.5931 19.8 38.6916 16.8885 19.8 38.7496 16.6312 19.8 38.799 16.3554 19.8 38.8883 15.6692 19.8 38.9114 15.0954 19.8 38.9687 14.7072 19.8 38.9416 14.1636 19.8 38.9598 13.7452 19.8 38.9067 13.1667 19.8 38.9154 12.7832 19.8 39.4852 11.9327 19.8 39.5358 11.8212 19.8 39.8835 11.6795 19.8 40.4472 11.5825 19.8 40.8455 11.4955 19.8 41.8075 11.3851 19.8 42.7694 11.3153 19.8 50.8 11.1395 19.8 50.8 50.8 19.8 0 50.8 19.8 
146
19.8336 35.4591 19.8 19.2834 35.6075 19.8 18.5465 35.8709 19.8 18.6161 36.1656 19.8 19.0699 36.8329 19.8 18.8275 37.1612 19.8 18.9464 37.5969 19.8 18.8069 37.7949 19.8 19.0271 38.1932 19.8 19.2465 38.7569 19.8 19.2834 38.7956 19.8 19.5208 38.8795 19.8 19.8471 39.027 19.8 20.2454 39.2531 19.8 20.6437 39.0108 19.8 21.2074 38.7587 19.8 21.4111 38.6514 19.8 21.6057 38.5662 19.8 22.1694 38.5191 19.8 22.5677 38.5091 19.8 23.1314 38.4406 19.8 23.6951 38.36 19.8 24.0819 38.7542 19.8 24.0862 38.7569 19.8 24.0934 38.781 19.8 24.3408 39.7189 19.8 24.3483 40.285 19.8 24.3479 40.6809 19.8 24.415 41.1426 19.8 24.4569 41.6428 19.8 24.5936 41.975 19.8 24.6571 42.1485 19.8 24.7561 42.4042 19.8 24.825 42.6048 19.8 25.0554 42.9641 19.8 25.1333 43.069 19.8 25.5373 43.5668 19.8 25.5531 43.5814 19.8 25.619 43.6455 19.8 26.0173 44.0015 19.8 26.6501 44.5288 19.8 26.6687 44.5436 19.8 26.9793 44.7621 19.8 27.543 45.0671 19.8 27.9413 45.2734 19.8 28.5048 45.4908 19.8 28.6685 45.551 19.8 28.9033 45.6333 19.8 29.8653 45.8544 19.8 30.8273 45.9206 19.8 31.2256 45.8961 19.8 31.7893 45.891 19.8 32.7513 45.7415 19.8 33.5511 45.4908 19.8 33.5678 45.4849 19.8 33.7132 45.4305 19.8 34.0119 45.2571 19.8 34.5528 44.9271 19.8 34.6525 44.8767 19.8 34.6752 44.8646 19.8 35.1565 44.5288 19.8 35.1708 44.515 19.8 35.6372 44.0897 19.8 36.1097 43.5668 19.8 36.5992 42.846 19.8 36.7489 42.6048 19.8 36.887 42.2708 19.8 37.0983 41.7937 19.8 37.1699 41.6428 19.8 37.3511 40.9367 19.8 37.3974 40.6809 19.8 37.5612 40.1227 19.8 37.6285 39.8692 19.8 37.7027 39.7189 19.8 38.1202 39.1552 19.8 38.3539 38.7569 19.8 38.316 38.1026 19.8 38.3592 37.7949 19.8 38.2654 37.3168 19.8 38.1358 36.8329 19.8 38.0719 36.7453 19.8 37.9595 36.6128 19.8 37.7307 36.3021 19.8 37.5612 36.104 19.8 37.3307 35.8709 19.8 37.1349 35.5065 19.8 36.9975 35.2094 19.8 36.9789 35.1756 19.8 36.8526 34.9089 19.8 36.5992 34.7047 19.8 36.4367 34.603 19.8 36.0355 34.3379 19.8 35.8684 34.2454 19.8 35.6372 34.1103 19.8 35.3729 33.9469 19.8 35.1543 33.8472 19.8 35.0735 33.7977 19.8 34.6752 33.5985 19.8 34.187 33.0843 19.8 33.7887 32.7312 19.8 33.7132 32.6586 19.8 33.1496 32.1722 19.8 32.9967 32.023 19.8 32.7513 31.7595 19.8 32.7403 31.7541 19.8 32.1876 31.4586 19.8 32.0407 31.3291 19.8 31.7893 31.0893 19.8 31.7666 31.1206 19.8 31.0568 32.023 19.8 30.8273 32.5119 19.8 30.5152 32.6729 19.8 29.8653 32.6025 19.8 29.271 32.3907 19.8 29.1363 32.3504 19.8 28.9033 32.2903 19.8 28.0535 32.1146 19.8 27.9413 32.1061 19.8 27.1582 32.1555 19.8 26.9793 32.1953 19.8 26.29 32.7123 19.8 26.0173 32.8985 19.8 25.987 32.9272 19.8 25.9677 32.985 19.8 25.1084 33.5721 19.8 25.0554 33.6188 19.8 24.7928 33.9469 19.8 24.1052 34.8695 19.8 24.0934 34.8834 19.8 24.0316 34.9089 19.8 23.6443 35.4218 19.8 23.4722 35.3595 19.8 23.1314 35.177 19.8 22.943 34.9089 19.8 22.8957 34.825 19.8 22.6974 34.5106 19.8 22.6108 33.9469 19.8 22.4108 33.7516 19.8 22.1694 33.5241 19.8 21.6057 33.6166 19.8 21.2074 33.6496 19.8 20.9673 33.812 19.8 20.8149 33.9469 19.8 20.5879 34.5106 19.8 20.354 34.9089 19.8 20.2454 35.2621 19.8 
1
287
0 11.2536 20.7 0.043678 11.2156 20.7 1.00567 11.1588 20.7 4.85362 11.2336 20.7 5.8156 11.271 20.7 6.77759 11.3279 20.7 7.11389 11.3676 20.7 7.73958 11.4238 20.7 8.07588 11.5159 20.7 8.70157 11.6243 20.7 9.31014 11.7865 20.7 9.3823 11.8212 20.7 9.5292 12.1575 20.7 9.65947 12.6337 20.7 9.66356 12.6382 20.7 9.71373 12.7832 20.7 9.68462 13.7452 20.7 9.74785 14.7072 20.7 9.9282 15.6692 20.7 10.0075 15.953 20.7 10.0195 16.0055 20.7 10.2065 16.6312 20.7 10.5261 17.5931 20.7 10.6255 17.7864 20.7 10.7522 17.9841 20.7 11.0587 18.5551 20.7 11.1965 18.7639 20.7 11.2512 18.8436 20.7 11.5875 19.3896 20.7 11.6727 19.5171 20.7 12.2132 20.2517 20.7 12.3692 20.4791 20.7 12.5495 20.7228 20.7 13.1464 21.4411 20.7 13.1528 21.4482 20.7 13.5115 21.8307 20.7 14.0772 22.4031 20.7 14.1226 22.4366 20.7 14.1372 22.4485 20.7 15.0992 23.137 20.7 15.4355 23.3399 20.7 15.4787 23.3651 20.7 15.7149 23.4769 20.7 16.0612 23.655 20.7 17.3595 24.3054 20.7 17.4034 24.3271 20.7 17.6325 24.4336 20.7 17.9851 24.6144 20.7 18.3214 24.7949 20.7 18.9471 25.1048 20.7 19.2443 25.2834 20.7 19.2834 25.306 20.7 19.9091 25.5992 20.7 20.2454 25.8207 20.7 20.9405 26.251 20.7 20.9747 26.2734 20.7 21.2074 26.4708 20.7 21.8331 26.8429 20.7 22.1694 27.1713 20.7 22.2444 27.213 20.7 23.1314 27.8221 20.7 23.7106 28.175 20.7 24.0934 28.4878 20.7 24.7252 29.137 20.7 24.7391 29.7827 20.7 24.8706 30.099 20.7 25.0554 31.0183 20.7 25.0716 31.0441 20.7 25.0721 31.061 20.7 25.0554 31.0999 20.7 24.8552 32.023 20.7 24.752 32.6816 20.7 24.7779 32.985 20.7 24.2533 33.7871 20.7 24.2173 33.8385 20.7 24.1305 33.9469 20.7 23.9399 34.1684 20.7 23.7571 34.3383 20.7 23.1314 34.6108 20.7 22.8199 34.1169 20.7 22.4836 33.7738 20.7 22.1694 33.467 20.7 21.5437 33.5187 20.7 21.2074 33.4327 20.7 20.8711 33.6321 20.7 20.7323 33.7484 20.7 20.4387 33.9469 20.7 20.2454 34.2474 20.7 20.1688 34.3331 20.7 19.9091 34.471 20.7 19.2834 34.6702 20.7 18.9471 34.569 20.7 18.3214 34.6605 20.7 18.0662 34.9089 20.7 17.9332 35.2972 20.7 17.5681 35.8709 20.7 17.6161 35.9604 20.7 18.0282 36.8329 20.7 18.2197 37.1692 20.7 18.2671 37.3298 20.7 18.3214 37.4967 20.7 18.393 37.7949 20.7 18.4177 37.8328 20.7 18.6433 38.1312 20.7 18.9892 38.7569 20.7 19.0999 38.8786 20.7 19.2834 39.0712 20.7 20.2454 39.6213 20.7 20.5817 39.4699 20.7 21.4831 38.9241 20.7 21.803 38.7569 20.7 22.1088 38.6232 20.7 22.1694 38.5937 20.7 22.7951 38.578 20.7 23.1314 38.6813 20.7 23.2501 38.7569 20.7 23.3658 39.0036 20.7 23.393 39.0932 20.7 23.624 39.7189 20.7 23.6381 40.3446 20.7 23.6594 40.6809 20.7 23.743 41.3065 20.7 23.8027 41.6428 20.7 23.9106 41.9791 20.7 24.0934 42.6021 20.7 24.0943 42.6048 20.7 24.2375 42.8556 20.7 24.2841 42.9411 20.7 24.6838 43.5668 20.7 24.938 43.9031 20.7 25.0554 44.044 20.7 25.5962 44.5288 20.7 25.6445 44.5649 20.7 25.681 44.5947 20.7 26.0173 44.8599 20.7 26.643 45.3 20.7 26.9158 45.4842 20.7 26.9261 45.4908 20.7 26.9793 45.5222 20.7 27.2743 45.6571 20.7 27.605 45.8175 20.7 27.9413 45.9731 20.7 28.9033 46.3124 20.7 29.5352 46.4528 20.7 29.8653 46.5193 20.7 30.8273 46.5727 20.7 31.6822 46.51 20.7 31.7893 46.4969 20.7 32.0195 46.4528 20.7 32.3418 46.3859 20.7 32.7513 46.322 20.7 33.0876 46.2015 20.7 33.7132 45.9962 20.7 34.0495 45.847 20.7 34.6752 45.5543 20.7 34.7914 45.4908 20.7 34.9232 45.4116 20.7 35.0115 45.3604 20.7 35.6372 44.9319 20.7 35.9735 44.6646 20.7 36.1252 44.5288 20.7 36.5992 44.0044 20.7 36.6185 43.9817 20.7 36.6807 43.9031 20.7 36.9717 43.5668 20.7 37.5612 42.6149 20.7 37.5669 42.6048 20.7 37.8272 41.9791 20.7 37.9788 41.6428 20.7 38.1585 41.0172 20.7 38.3164 40.6809 20.7 38.5232 40.2731 20.7 38.6577 40.0243 20.7 38.8024 39.7189 20.7 38.8306 39.6563 20.7 39.0702 39.0932 20.7 39.1171 38.7569 20.7 39.0771 38.4206 20.7 39.0274 37.7949 20.7 39.0076 37.4586 20.7 38.9141 36.8329 20.7 38.7335 36.4966 20.7 38.5795 36.2363 20.7 38.5232 36.156 20.7 38.3133 35.8709 20.7 37.8975 34.9764 20.7 37.8606 34.9089 20.7 37.5319 34.6309 20.7 36.9355 34.1504 20.7 36.8533 34.0921 20.7 36.6392 33.9469 20.7 36.5992 33.9238 20.7 36.3367 33.8 20.7 35.6372 33.5035 20.7 34.6752 33.0198 20.7 34.6352 32.985 20.7 34.4961 32.8339 20.7 34.0495 32.4351 20.7 33.871 32.2499 20.7 33.7132 32.1154 20.7 33.6187 32.023 20.7 33.4811 31.8593 20.7 33.0876 31.4369 20.7 32.827 31.2643 20.7 32.7513 31.2191 20.7 32.5719 31.061 20.7 32.5206 30.9612 20.7 32.1256 30.6436 20.7 31.9635 30.4071 20.7 31.7893 30.3019 20.7 31.5778 30.5111 20.7 30.9543 31.061 20.7 30.8273 31.2124 20.7 30.2477 31.2829 20.7 29.8653 31.4072 20.7 29.1938 31.061 20.7 28.9033 30.8417 20.7 28.1193 30.277 20.7 27.8428 30.099 20.7 27.8429 30.0006 20.7 27.6107 29.137 20.7 27.7552 28.3611 20.7 27.8258 28.1781 20.7 27.8271 28.175 20.7 27.9413 28.0206 20.7 28.2717 27.213 20.7 28.9033 26.5836 20.7 28.9529 26.5196 20.7 29.0924 26.251 20.7 29.14 26.195 20.7 29.2396 26.0693 20.7 29.8653 25.5953 20.7 30.0783 25.3848 20.7 30.232 25.2891 20.7 30.704 25.0332 20.7 30.8273 24.9503 20.7 31.1636 24.8185 20.7 31.7893 24.5424 20.7 32.1256 24.4346 20.7 32.7513 24.1741 20.7 33.0876 24.0214 20.7 34.6752 23.3744 20.7 34.6989 23.3651 20.7 34.8376 23.3043 20.7 35.0115 23.2327 20.7 35.6372 22.8838 20.7 35.9735 22.6833 20.7 36.1676 22.5521 20.7 36.3807 22.4031 20.7 36.5992 22.2149 20.7 36.6852 22.1303 20.7 37.0273 21.7774 20.7 37.2776 21.5475 20.7 37.3881 21.4411 20.7 37.5612 21.2239 20.7 37.6587 21.0852 20.7 38.0959 20.4925 20.7 38.1063 20.4791 20.7 38.5232 19.7532 20.7 38.5292 19.7412 20.7 38.6533 19.5171 20.7 38.7185 19.352 20.7 38.9283 18.8914 20.7 39.0616 18.5551 20.7 39.261 17.9294 20.7 39.3876 17.5931 20.7 39.4852 17.1884 20.7 39.553 16.8572 20.7 39.611 16.6312 20.7 39.6724 16.1842 20.7 39.7021 16.0055 20.7 39.7643 15.6692 20.7 39.8138 15.3329 20.7 39.9186 14.3709 20.7 39.9459 13.7452 20.7 39.961 13.1195 20.7 39.9844 12.7832 20.7 40.4346 11.8212 20.7 40.4472 11.8161 20.7 40.7835 11.6691 20.7 41.4092 11.5325 20.7 41.7455 11.4665 20.7 42.3711 11.3923 20.7 42.7074 11.3581 20.7 50.8 11.141 20.7 50.8 50.8 20.7 0 50.8 20.7 
1
274
0 11.2552 21.6 0.043678 11.2172 21.6 1.00567 11.1608 21.6 4.85362 11.2414 21.6 5.8156 11.2837 21.6 6.77759 11.3505 21.6 7.05192 11.3903 21.6 7.73958 11.4716 21.6 8.42724 11.6599 21.6 8.70157 11.7548 21.6 8.83972 11.8212 21.6 8.84911 11.8353 21.6 8.93006 12.0955 21.6 9.23045 12.7832 21.6 9.21715 13.4709 21.6 9.20715 13.7452 21.6 9.23726 14.4329 21.6 9.24032 14.7072 21.6 9.33945 15.3949 21.6 9.36714 15.6692 21.6 9.56757 16.6312 21.6 9.66356 16.9428 21.6 9.88397 17.5931 21.6 9.99907 17.8674 21.6 10.3576 18.5551 21.6 10.5613 18.9072 21.6 10.6255 19.0153 21.6 10.9423 19.5171 21.6 11.3132 20.0684 21.6 11.5675 20.4791 21.6 11.5875 20.5087 21.6 11.7262 20.6934 21.6 11.769 20.7534 21.6 12.2783 21.4411 21.6 12.5098 21.7019 21.6 12.5495 21.7493 21.6 13.1536 22.3896 21.6 13.1687 22.4031 21.6 13.4279 22.5855 21.6 13.5115 22.6539 21.6 14.1992 23.1403 21.6 14.5975 23.3651 21.6 15.1612 23.6493 21.6 16.6463 24.3724 21.6 17.3595 24.7254 21.6 18.0471 25.0946 21.6 19.0091 25.6496 21.6 19.8871 26.2184 21.6 19.9307 26.251 21.6 20.1615 26.4465 21.6 20.2454 26.5128 21.6 20.9331 27.096 21.6 20.9807 27.1479 21.6 21.0459 27.213 21.6 21.2074 27.399 21.6 21.8951 28.0648 21.6 21.9463 28.135 21.6 21.9793 28.175 21.6 22.1694 28.4448 21.6 22.8431 29.137 21.6 23.1314 29.5993 21.6 23.1783 29.6438 21.6 23.5258 30.099 21.6 23.746 30.7136 21.6 23.9302 31.061 21.6 23.8174 31.4834 21.6 23.8483 31.7587 21.6 23.7912 32.023 21.6 23.8414 32.7107 21.6 23.8668 32.985 21.6 23.5597 33.6726 21.6 23.4683 33.9469 21.6 23.1314 34.2602 21.6 22.8204 33.9469 21.6 22.7864 33.8469 21.6 22.4437 33.493 21.6 22.1694 33.3905 21.6 21.4817 33.2145 21.6 21.2074 33.0745 21.6 20.9545 33.1427 21.6 20.9331 33.1569 21.6 20.2454 33.5648 21.6 19.9711 33.766 21.6 19.8486 33.8466 21.6 19.7199 33.9469 21.6 19.2834 34.1786 21.6 18.5624 33.9469 21.6 18.475 33.914 21.6 18.3214 33.8766 21.6 17.9712 33.9469 21.6 17.3595 34.5479 21.6 17.2933 34.7491 21.6 17.3062 34.9089 21.6 17.1901 35.5966 21.6 17.2543 35.8709 21.6 17.2816 36.0273 21.6 17.3595 36.2103 21.6 17.597 36.7149 21.6 17.6196 36.8329 21.6 18.0112 37.5206 21.6 18.2237 37.7949 21.6 18.2629 37.8364 21.6 18.7828 38.5241 21.6 18.9964 38.7569 21.6 19.0572 38.8182 21.6 19.2834 39.067 21.6 19.5577 39.2453 21.6 20.2454 39.6437 21.6 20.5197 39.6099 21.6 21.2074 39.3003 21.6 21.4817 39.1963 21.6 22.1694 38.7597 21.6 22.8571 39.3632 21.6 22.9565 39.6089 21.6 23.033 39.7189 21.6 23.1193 40.6594 21.6 23.1235 40.6809 21.6 23.1314 40.7146 21.6 23.2162 41.0545 21.6 23.3205 41.6428 21.6 23.4239 41.9171 21.6 23.6446 42.6048 21.6 23.7626 42.8791 21.6 24.0934 43.5664 21.6 24.0936 43.5668 21.6 24.1888 43.7043 21.6 24.2871 43.8411 21.6 24.807 44.5288 21.6 24.983 44.7162 21.6 25.0554 44.7901 21.6 25.743 45.3324 21.6 25.9346 45.4908 21.6 26.0173 45.5504 21.6 26.9793 46.1145 21.6 27.7118 46.4528 21.6 27.9413 46.5503 21.6 28.9033 46.8561 21.6 29.8653 47.0518 21.6 30.1396 47.0583 21.6 30.8273 47.0914 21.6 31.1016 47.0474 21.6 31.7893 46.9632 21.6 32.0636 46.8921 21.6 32.7513 46.7403 21.6 33.0256 46.6406 21.6 33.7132 46.4064 21.6 33.9875 46.2748 21.6 34.6752 45.9696 21.6 35.5434 45.4908 21.6 35.6372 45.4364 21.6 35.9115 45.2661 21.6 36.7915 44.5653 21.6 36.8311 44.5288 21.6 37.5064 43.7503 21.6 37.5612 43.6935 21.6 37.6587 43.5668 21.6 37.7069 43.4782 21.6 38.1743 42.6584 21.6 38.2067 42.6048 21.6 38.5485 41.8602 21.6 38.6743 41.6428 21.6 38.7138 41.5559 21.6 39.0167 40.9552 21.6 39.1005 40.816 21.6 39.1906 40.6809 21.6 39.4852 40.0454 21.6 39.5443 39.91 21.6 39.5984 39.7189 21.6 39.6792 39.0312 21.6 39.6799 38.7569 21.6 39.6734 38.4826 21.6 39.597 37.7949 21.6 39.5248 36.9021 21.6 39.5122 36.8329 21.6 39.4852 36.7781 21.6 39.3998 36.6158 21.6 39.373 36.5586 21.6 39.0038 35.8709 21.6 38.9551 35.5966 21.6 38.71 34.9089 21.6 38.5232 34.7079 21.6 38.5073 34.6949 21.6 37.8355 34.1265 21.6 37.7586 34.0661 21.6 37.6121 33.9469 21.6 37.5612 33.9119 21.6 37.3931 33.8111 21.6 36.6386 33.3722 21.6 36.5992 33.3497 21.6 35.7929 32.985 21.6 35.6372 32.8412 21.6 35.2692 32.617 21.6 34.6752 32.2302 21.6 34.4754 32.023 21.6 34.3102 31.8162 21.6 33.9875 31.4814 21.6 33.9099 31.4138 21.6 33.7132 31.2719 21.6 33.3947 31.061 21.6 33.1804 30.8826 21.6 33.0256 30.6786 21.6 32.9506 30.5827 21.6 32.7513 30.1792 21.6 32.6963 30.099 21.6 32.4199 29.9255 21.6 32.0636 29.7276 21.6 31.85 29.6268 21.6 31.7893 29.6015 21.6 31.1376 30.0097 21.6 31.0157 30.099 21.6 30.8273 30.2483 21.6 30.4566 30.099 21.6 29.8653 29.4976 21.6 29.8117 29.438 21.6 29.6203 29.137 21.6 29.5625 28.8342 21.6 29.2893 28.175 21.6 29.198 27.8803 21.6 29.1998 27.8679 21.6 29.3226 27.213 21.6 29.3562 26.8753 21.6 29.6805 26.251 21.6 29.8653 26.0176 21.6 29.8828 25.9939 21.6 30.3185 25.5634 21.6 30.4564 25.2891 21.6 30.7084 25.1197 21.6 30.8273 25.0043 21.6 31.1016 24.9401 21.6 31.7893 24.6705 21.6 32.0636 24.6402 21.6 32.7513 24.4198 21.6 32.952 24.3271 21.6 33.5797 24.0427 21.6 33.7132 23.9628 21.6 34.872 23.4946 21.6 35.204 23.3651 21.6 35.6372 23.1868 21.6 35.9115 23.0533 21.6 36.5992 22.6433 21.6 36.7742 22.5343 21.6 36.95 22.4031 21.6 37.4618 21.933 21.6 37.5612 21.8587 21.6 37.7557 21.6586 21.6 37.9552 21.4411 21.6 38.4434 20.7809 21.6 38.5232 20.6776 21.6 38.6532 20.4791 21.6 38.7953 20.2048 21.6 39.1763 19.5171 21.6 39.4488 18.8294 21.6 39.5423 18.5551 21.6 39.8519 17.5931 21.6 40.1028 16.6312 21.6 40.2301 15.9435 21.6 40.3013 15.6692 21.6 40.4518 14.7072 21.6 40.5161 14.0039 21.6 40.5488 13.7452 21.6 40.5877 13.0575 21.6 40.6124 12.7832 21.6 40.7334 12.5089 21.6 41.0516 11.8212 21.6 41.3883 11.6752 21.6 41.4092 11.6618 21.6 41.6835 11.576 21.6 42.3711 11.441 21.6 42.6454 11.4057 21.6 43.3331 11.3359 21.6 44.2951 11.2753 21.6 50.8 11.142 21.6 50.8 50.8 21.6 0 50.8 21.6 
1
253
0 11.2562 22.5 0.043678 11.2183 22.5 1.00567 11.1621 22.5 4.85362 11.2466 22.5 5.8156 11.2926 22.5 6.77759 11.3669 22.5 7.73958 11.5091 22.5 8.45486 11.756 22.5 8.60998 11.8212 22.5 8.66725 11.9197 22.5 8.70157 11.9583 22.5 8.92277 12.6693 22.5 8.95025 12.7832 22.5 8.91457 13.7452 22.5 8.92247 14.7072 22.5 8.99815 15.4568 22.5 9.01538 15.6692 22.5 9.16581 16.4188 22.5 9.19929 16.6312 22.5 9.43291 17.3807 22.5 9.48917 17.5931 22.5 9.5623 17.8055 22.5 9.66356 18.0736 22.5 9.86384 18.5551 22.5 9.9611 18.7675 22.5 10.3976 19.5171 22.5 10.532 19.7636 22.5 10.6255 19.9246 22.5 10.9636 20.4791 22.5 11.5875 21.4104 22.5 11.6094 21.4411 22.5 12.3371 22.265 22.5 12.4766 22.4031 22.5 12.5495 22.4594 22.5 13.2991 22.9874 22.5 13.5115 23.1113 22.5 13.9646 23.3626 22.5 14.4735 23.621 22.5 14.6859 23.7109 22.5 15.9243 24.3087 22.5 16.1367 24.4052 22.5 16.3975 24.529 22.5 16.6099 24.6435 22.5 17.3595 25.0128 22.5 18.3214 25.5644 22.5 19.071 26.052 22.5 19.2834 26.1851 22.5 19.3713 26.251 22.5 20.033 26.8158 22.5 20.2454 27.02 22.5 20.4387 27.213 22.5 20.995 27.8526 22.5 21.2074 28.119 22.5 21.2535 28.175 22.5 21.3183 28.2689 22.5 21.3898 28.3874 22.5 21.9237 29.137 22.5 22.03 29.3494 22.5 22.0755 29.4272 22.5 22.515 30.099 22.5 22.555 30.2251 22.5 22.5801 30.3114 22.5 22.9391 31.061 22.5 22.9531 31.2734 22.5 23.0331 32.023 22.5 22.8003 32.3541 22.5 23.1314 32.8963 22.5 23.1364 32.938 22.5 23.1407 32.985 22.5 23.1314 33.0148 22.5 22.6413 33.2848 22.5 22.1694 33.1085 22.5 21.9596 32.985 22.5 21.8361 32.8531 22.5 21.4198 32.6439 22.5 21.2074 32.6273 22.5 20.995 32.7144 22.5 20.2454 32.9398 22.5 20.1561 32.985 22.5 20.124 33.0239 22.5 20.033 33.073 22.5 19.2834 33.6228 22.5 18.5338 33.4406 22.5 18.3214 33.5469 22.5 17.5719 33.6445 22.5 17.3595 33.6031 22.5 17.1827 33.7015 22.5 16.8724 33.9469 22.5 16.9326 34.6965 22.5 17.0589 34.9089 22.5 17.2343 35.6585 22.5 17.2849 35.8042 22.5 17.3031 35.8709 22.5 17.3595 36.1939 22.5 17.4384 36.6205 22.5 17.4468 36.8329 22.5 18.1956 37.7949 22.5 18.2143 37.813 22.5 18.3214 37.9264 22.5 18.905 38.5626 22.5 19.2834 38.9364 22.5 19.4958 39.0922 22.5 20.2454 39.5793 22.5 20.4578 39.573 22.5 21.2074 39.4807 22.5 21.957 39.1965 22.5 22.1694 39.2755 22.5 22.4777 39.7189 22.5 22.4971 39.763 22.5 22.5667 39.9313 22.5 22.7141 40.6809 22.5 22.9606 41.6428 22.5 23.0344 41.8552 22.5 23.0543 41.908 22.5 23.1314 42.1223 22.5 23.313 42.6048 22.5 23.73 43.5668 22.5 23.8518 43.7792 22.5 24.0934 44.1701 22.5 24.3511 44.5288 22.5 24.8126 45.02 22.5 24.843 45.0537 22.5 25.0554 45.2803 22.5 25.306 45.4908 22.5 25.3383 45.5154 22.5 26.0173 46.0066 22.5 26.7246 46.4195 22.5 26.7782 46.4528 22.5 26.9793 46.5634 22.5 27.9413 46.9722 22.5 28.9033 47.2709 22.5 29.7425 47.4309 22.5 29.8653 47.4491 22.5 30.6453 47.4656 22.5 30.8273 47.463 22.5 31.7893 47.3081 22.5 32.7513 47.0561 22.5 32.9637 46.9752 22.5 33.7132 46.7028 22.5 33.9064 46.6069 22.5 34.656 46.2537 22.5 34.6752 46.2438 22.5 35.6372 45.7057 22.5 36.0031 45.4908 22.5 36.529 45.1626 22.5 36.5992 45.1218 22.5 36.8116 44.9663 22.5 37.3558 44.5288 22.5 37.5612 44.316 22.5 37.579 44.2967 22.5 37.9772 43.7792 22.5 38.159 43.5668 22.5 38.5104 42.9636 22.5 38.5232 42.9443 22.5 38.6555 42.7512 22.5 39.1762 41.8552 22.5 39.3321 41.6428 22.5 39.7946 40.8933 22.5 39.9201 40.6809 22.5 40.1324 39.9313 22.5 40.1775 39.7189 22.5 40.185 39.4008 22.5 40.1866 38.7569 22.5 40.1671 38.4869 22.5 40.1508 37.7949 22.5 40.0981 37.5825 22.5 39.9621 36.8329 22.5 39.8801 36.6205 22.5 39.5094 35.8709 22.5 39.3397 34.9089 22.5 39.2791 34.8252 22.5 38.7356 34.2405 22.5 38.6277 34.1118 22.5 38.5232 34.0148 22.5 38.4367 33.9469 22.5 37.5612 33.3469 22.5 36.9474 32.985 22.5 36.9194 32.9641 22.5 36.8116 32.8637 22.5 36.6606 32.6722 22.5 36.5992 32.5749 22.5 36.0389 32.023 22.5 35.8496 31.8459 22.5 35.6372 31.5877 22.5 34.8308 31.061 22.5 34.6752 30.9699 22.5 33.7518 30.1529 22.5 33.7132 30.1178 22.5 33.6985 30.099 22.5 32.7513 29.2704 22.5 32.4687 29.137 22.5 32.1674 28.9601 22.5 32.0017 28.8705 22.5 31.9476 28.835 22.5 31.7893 28.7393 22.5 30.9893 28.3176 22.5 30.8273 28.2907 22.5 30.7462 28.175 22.5 30.4933 27.8803 22.5 30.2155 27.213 22.5 30.14 27.1284 22.5 30.0585 27.0006 22.5 30.0441 26.251 22.5 29.9838 26.0386 22.5 30.3606 25.2891 22.5 30.6855 24.9739 22.5 30.8273 24.8465 22.5 31.0397 24.812 22.5 31.7893 24.6364 22.5 32.0017 24.6211 22.5 32.7513 24.5381 22.5 33.2132 24.3271 22.5 33.5781 24.1087 22.5 33.7132 24.025 22.5 33.9256 23.9574 22.5 34.6752 23.6472 22.5 34.8876 23.5963 22.5 35.6372 23.2873 22.5 36.5992 22.8201 22.5 36.7841 22.7008 22.5 37.2622 22.4031 22.5 37.5337 22.2001 22.5 37.5612 22.1776 22.5 38.2807 21.4411 22.5 38.4988 21.1588 22.5 38.5232 21.1239 22.5 38.9412 20.4791 22.5 39.0383 20.2667 22.5 39.4268 19.5171 22.5 39.4829 19.3556 22.5 39.4852 19.3502 22.5 39.5633 19.1432 22.5 40.0698 17.5931 22.5 40.3282 16.6312 22.5 40.4361 16.2057 22.5 40.4825 15.9933 22.5 40.5651 15.6692 22.5 40.615 15.4568 22.5 40.7321 14.7072 22.5 40.7515 14.4948 22.5 40.8463 13.7452 22.5 40.9308 12.7832 22.5 41.2615 12.0336 22.5 41.3825 11.8212 22.5 41.4092 11.8041 22.5 41.4514 11.7847 22.5 41.6216 11.7113 22.5 42.3711 11.4767 22.5 43.3331 11.351 22.5 44.2951 11.2829 22.5 50.8 11.1426 22.5 50.8 50.8 22.5 0 50.8 22.5 
1
256
0 11.2567 23.4 0.043678 11.2188 23.4 1.00567 11.1626 23.4 4.85362 11.2488 23.4 5.8156 11.2961 23.4 6.77759 11.3735 23.4 7.73958 11.5244 23.4 8.44607 11.8212 23.4 8.48273 11.9267 23.4 8.70157 12.3028 23.4 8.80655 12.7383 23.4 8.81345 12.7832 23.4 8.77553 13.7452 23.4 8.77324 14.7072 23.4 8.83906 15.5188 23.4 8.84671 15.6692 23.4 8.97465 16.4808 23.4 9.00268 16.6312 23.4 9.21768 17.4427 23.4 9.24744 17.5931 23.4 9.52686 18.4047 23.4 9.57261 18.5551 23.4 9.61145 18.7015 23.4 9.66356 18.8219 23.4 9.97862 19.5131 23.4 9.97982 19.5171 23.4 10.5 20.4791 23.4 10.5696 20.5845 23.4 10.6255 20.6783 23.4 11.0947 21.3961 23.4 11.1223 21.4411 23.4 11.2451 21.5845 23.4 11.5875 22.0099 23.4 11.9734 22.3961 23.4 11.9815 22.4031 23.4 12.1238 22.5015 23.4 12.5495 22.8303 23.4 13.3611 23.3034 23.4 13.5115 23.3839 23.4 14.3231 23.7912 23.4 15.4355 24.2628 23.4 15.5769 24.3271 23.4 15.5898 24.3333 23.4 16.2471 24.6318 23.4 16.3975 24.6962 23.4 16.5479 24.7696 23.4 17.3595 25.2072 23.4 17.4914 25.2828 23.4 17.5001 25.2891 23.4 18.3214 25.7642 23.4 18.9961 26.1839 23.4 19.0856 26.251 23.4 19.1465 26.3385 23.4 19.2834 26.4549 23.4 19.9939 27.1501 23.4 20.0357 27.213 23.4 20.1443 27.3049 23.4 20.2454 27.3985 23.4 20.8258 28.1165 23.4 20.8914 28.175 23.4 21.2074 28.6654 23.4 21.4807 29.118 23.4 21.4912 29.137 23.4 21.8972 29.9486 23.4 21.9603 30.099 23.4 21.9875 30.2494 23.4 22.1694 30.9324 23.4 22.2068 31.061 23.4 22.2491 31.348 23.4 22.2935 32.023 23.4 22.1694 32.2788 23.4 22.1175 32.3306 23.4 22.019 32.3709 23.4 21.2074 32.3077 23.4 20.3958 32.6403 23.4 20.2454 32.6622 23.4 20.1217 32.7504 23.4 19.6578 32.985 23.4 19.3101 33.1725 23.4 19.2834 33.1988 23.4 18.4718 33.6051 23.4 18.3214 33.6606 23.4 17.5099 33.5022 23.4 17.3595 33.5085 23.4 17.2559 33.5708 23.4 16.5803 33.9469 23.4 17.0627 34.7585 23.4 17.1656 34.9089 23.4 17.1663 34.9149 23.4 17.3595 35.4718 23.4 17.4257 35.7265 23.4 17.4383 35.8709 23.4 17.4703 36.6825 23.4 17.4791 36.8329 23.4 18.2378 37.7949 23.4 18.3214 37.8761 23.4 18.4718 38.0125 23.4 19.2834 38.8009 23.4 19.4338 38.9211 23.4 20.2454 39.5161 23.4 21.057 39.4918 23.4 21.2074 39.5365 23.4 21.7727 39.7189 23.4 21.9675 39.8767 23.4 22.019 39.9043 23.4 22.1694 40.1052 23.4 22.4352 40.7483 23.4 22.4681 40.8313 23.4 22.6781 41.6428 23.4 23.0136 42.6048 23.4 23.0776 42.7392 23.4 23.4396 43.5508 23.4 23.4479 43.5668 23.4 23.9134 44.3784 23.4 24.0093 44.5288 23.4 24.0934 44.6383 23.4 24.7984 45.4005 23.4 24.8758 45.4908 23.4 24.9488 45.5603 23.4 25.0554 45.6543 23.4 25.8669 46.2445 23.4 26.0173 46.3601 23.4 26.1664 46.4528 23.4 26.8289 46.8177 23.4 26.9793 46.8886 23.4 27.9413 47.2955 23.4 28.7529 47.535 23.4 28.9033 47.5732 23.4 29.0537 47.5905 23.4 29.8653 47.7106 23.4 30.0157 47.7029 23.4 30.8273 47.6916 23.4 30.9777 47.6644 23.4 31.7893 47.5303 23.4 32.7383 47.2789 23.4 32.7513 47.2756 23.4 32.9017 47.2238 23.4 33.7132 46.9146 23.4 34.6451 46.4528 23.4 34.6752 46.4372 23.4 35.6372 45.9004 23.4 36.598 45.335 23.4 36.5992 45.3342 23.4 36.7496 45.2276 23.4 37.5612 44.6334 23.4 37.6107 44.5904 23.4 37.6788 44.5288 23.4 38.3733 43.7172 23.4 38.5076 43.5668 23.4 38.5232 43.5432 23.4 38.5594 43.4929 23.4 39.0649 42.7552 23.4 39.179 42.6127 23.4 39.1851 42.6048 23.4 39.4913 42.1794 23.4 39.7874 41.7932 23.4 39.8982 41.6428 23.4 40.4368 40.7276 23.4 40.4472 40.7105 23.4 40.4624 40.6809 23.4 40.626 39.8693 23.4 40.6648 39.7189 23.4 40.6769 39.5685 23.4 40.7021 38.7569 23.4 40.6932 38.6065 23.4 40.6315 37.7949 23.4 40.5927 37.6445 23.4 40.3971 36.8329 23.4 40.3441 36.6539 23.4 40.0418 35.8709 23.4 39.997 35.7205 23.4 39.8126 34.9089 23.4 39.7006 34.7585 23.4 39.4852 34.4265 23.4 39.0831 33.9469 23.4 39.0728 33.9382 23.4 38.5232 33.4957 23.4 37.804 33.007 23.4 37.7767 32.985 23.4 37.6536 32.8521 23.4 37.5612 32.7722 23.4 36.9702 32.023 23.4 36.8828 31.8726 23.4 36.5992 31.441 23.4 36.2906 31.061 23.4 36.2299 30.9916 23.4 35.7876 30.5966 23.4 35.7183 30.5156 23.4 35.6372 30.4417 23.4 35.1094 30.099 23.4 34.8256 29.8621 23.4 34.6752 29.7217 23.4 33.9822 29.137 23.4 33.7132 28.899 23.4 32.7513 28.1169 23.4 32.4952 27.9189 23.4 31.7893 27.3921 23.4 31.5831 27.213 23.4 31.1419 26.8974 23.4 30.8273 26.6401 23.4 30.5792 26.251 23.4 30.5158 26.173 23.4 30.4546 26.1006 23.4 30.2242 25.2891 23.4 30.7661 24.8022 23.4 30.8273 24.7347 23.4 30.9777 24.6982 23.4 31.7893 24.5664 23.4 31.9397 24.5511 23.4 32.7513 24.4925 23.4 32.8062 24.4613 23.4 33.1016 24.3271 23.4 33.6177 24.0073 23.4 33.7132 23.9321 23.4 34.6752 23.6258 23.4 34.8256 23.6225 23.4 35.6372 23.4283 23.4 35.6966 23.4046 23.4 35.7702 23.3651 23.4 36.5082 23.0097 23.4 36.5992 22.961 23.4 36.7161 22.8593 23.4 37.4226 22.4031 23.4 37.5277 22.317 23.4 37.5612 22.2878 23.4 38.4012 21.4411 23.4 38.4942 21.3079 23.4 38.6278 21.1575 23.4 39.0595 20.4791 23.4 39.4573 19.6088 23.4 39.4852 19.5499 23.4 39.8035 18.7055 23.4 39.8239 18.5551 23.4 39.8929 18.4047 23.4 40.1521 17.5931 23.4 40.3636 16.7816 23.4 40.4308 16.6312 23.4 40.6073 15.8196 23.4 40.6333 15.5188 23.4 40.8241 14.7072 23.4 40.8357 14.5568 23.4 40.9098 13.7452 23.4 40.9447 13.5948 23.4 41.0097 12.7832 23.4 41.3563 12.1064 23.4 41.4092 12.0233 23.4 41.4673 11.956 23.4 41.6286 11.8212 23.4 42.2788 11.5404 23.4 42.3711 11.4854 23.4 43.3331 11.3542 23.4 44.2951 11.2845 23.4 45.2571 11.241 23.4 50.8 11.1426 23.4 50.8 50.8 23.4 0 50.8 23.4 
1
262
0 11.2565 24.3 0.043678 11.2185 24.3 1.00567 11.1623 24.3 5.8156 11.2938 24.3 6.77759 11.3687 24.3 6.86599 11.3796 24.3 7.73958 11.5116 24.3 8.40019 11.7889 24.3 8.44855 11.8212 24.3 8.46907 11.9096 24.3 8.59926 12.3636 24.3 8.70157 12.6578 24.3 8.72079 12.7832 24.3 8.68715 13.6799 24.3 8.68285 14.7072 24.3 8.727 15.6692 24.3 8.74816 15.7247 24.3 8.76341 15.7576 24.3 9.09911 17.5047 24.3 9.13161 17.5931 24.3 9.39731 18.4667 24.3 9.41399 18.6435 24.3 9.6454 19.5171 24.3 9.66356 19.566 24.3 9.67053 19.5817 24.3 10.1458 20.4791 24.3 10.2214 20.5591 24.3 10.6255 21.1716 24.3 10.7854 21.4327 24.3 10.7919 21.4411 24.3 10.8663 21.5295 24.3 11.5875 22.3694 24.3 11.6265 22.4031 24.3 11.6346 22.4097 24.3 12.4611 22.9814 24.3 12.5495 23.0376 24.3 13.1152 23.3394 24.3 13.1739 23.3651 24.3 13.2036 23.3774 24.3 13.5115 23.5426 24.3 13.5999 23.6033 24.3 15.2676 24.3117 24.3 15.3009 24.3271 24.3 15.356 24.3468 24.3 15.4355 24.3829 24.3 15.5239 24.3899 24.3 16.3975 24.764 24.3 16.4859 24.8042 24.3 17.3595 25.2307 24.3 17.41 25.2676 24.3 17.4984 25.3482 24.3 18.3214 25.8317 24.3 18.8417 26.2217 24.3 18.9301 26.3089 24.3 19.2834 26.8172 24.3 19.5261 27.1825 24.3 19.6145 27.2789 24.3 20.2454 27.8126 24.3 20.627 28.1525 24.3 20.6462 28.175 24.3 20.7105 28.2634 24.3 21.2074 29.0345 24.3 21.2641 29.137 24.3 21.2684 29.1481 24.3 21.2971 29.2254 24.3 21.6637 30.099 24.3 21.8214 30.9726 24.3 21.8397 31.061 24.3 21.8262 31.9346 24.3 21.8349 32.023 24.3 21.263 32.2574 24.3 21.2074 32.2907 24.3 20.2454 32.4292 24.3 20.1822 32.4726 24.3 19.4638 32.985 24.3 19.2834 33.1622 24.3 18.3214 33.5169 24.3 17.3595 33.5566 24.3 16.7096 33.9469 24.3 17.3073 34.8205 24.3 17.3437 34.9089 24.3 17.3552 34.9353 24.3 17.3595 34.9699 24.3 17.4326 35.8089 24.3 17.45 35.8709 24.3 17.501 36.7445 24.3 17.5046 36.8329 24.3 18.2491 37.7942 24.3 18.2498 37.7949 24.3 18.4098 37.947 24.3 19.2834 38.7393 24.3 19.2959 38.7517 24.3 19.3011 38.7569 24.3 19.3843 38.8311 24.3 20.2454 39.5167 24.3 20.8698 39.7047 24.3 20.903 39.7189 24.3 20.9582 39.7554 24.3 21.2074 39.8536 24.3 21.8925 40.629 24.3 21.9232 40.6809 24.3 21.9726 40.7693 24.3 22.1694 41.1785 24.3 22.3878 41.7312 24.3 22.6993 42.6048 24.3 22.7372 42.6932 24.3 23.1314 43.5203 24.3 23.1557 43.5668 24.3 23.1799 43.6044 24.3 23.215 43.6552 24.3 23.7721 44.5288 24.3 23.8253 44.5921 24.3 24.0934 44.9415 24.3 24.5432 45.4657 24.3 24.5669 45.4908 24.3 24.6316 45.5497 24.3 25.0554 45.9532 24.3 25.6583 46.4233 24.3 25.6943 46.4528 24.3 26.0173 46.6679 24.3 26.1057 46.7126 24.3 26.9793 47.1242 24.3 27.6525 47.4062 24.3 27.6702 47.4148 24.3 27.7409 47.4459 24.3 27.9413 47.5267 24.3 28.0297 47.5402 24.3 28.9033 47.7622 24.3 28.9917 47.768 24.3 29.8653 47.8681 24.3 30.8273 47.8193 24.3 31.7893 47.6464 24.3 31.8777 47.626 24.3 32.7513 47.4063 24.3 32.8397 47.3741 24.3 33.7132 47.0733 24.3 33.8016 47.0327 24.3 34.6752 46.608 24.3 35.5959 46.1042 24.3 35.6372 46.0805 24.3 35.7256 46.0215 24.3 36.5992 45.4921 24.3 36.6072 45.4865 24.3 36.6876 45.4251 24.3 37.5612 44.8055 24.3 37.5939 44.7785 24.3 37.8812 44.5288 24.3 38.4675 43.9063 24.3 38.5232 43.8576 24.3 38.5805 43.8179 24.3 38.791 43.5668 24.3 39.4541 42.7392 24.3 39.4852 42.7076 24.3 39.531 42.6508 24.3 39.5667 42.6048 24.3 40.2105 41.7312 24.3 40.2537 41.6428 24.3 40.4472 41.3242 24.3 40.4477 41.3233 24.3 40.7326 40.7693 24.3 40.7799 40.6809 24.3 40.8073 40.5925 24.3 41.0329 39.7189 24.3 41.046 39.6305 24.3 41.1161 38.7569 24.3 41.064 37.8833 24.3 41.0642 37.7949 24.3 41.0468 37.7065 24.3 40.8214 36.8329 24.3 40.8023 36.7445 24.3 40.581 35.8709 24.3 40.5454 35.7825 24.3 40.4472 35.4309 24.3 40.2897 34.9089 24.3 40.2728 34.887 24.3 40.2147 34.8205 24.3 39.5637 33.9469 24.3 39.5335 33.9161 24.3 39.4852 33.8654 24.3 38.6116 33.1705 24.3 38.5232 33.089 24.3 38.3943 32.985 24.3 38.3648 32.949 24.3 37.6496 32.1772 24.3 37.6103 32.1248 24.3 37.5612 32.0669 24.3 37.5262 32.023 24.3 37.4763 31.9346 24.3 36.9688 31.061 24.3 36.9199 30.9726 24.3 36.5992 30.5209 24.3 36.238 30.099 24.3 36.1965 30.0387 24.3 35.7256 29.4856 24.3 35.7061 29.4575 24.3 35.6372 29.377 24.3 35.3809 29.137 24.3 35.0568 28.8025 24.3 34.6752 28.4234 24.3 33.7132 27.5888 24.3 33.2633 27.213 24.3 32.8397 26.8761 24.3 32.7513 26.8061 24.3 31.9657 26.251 24.3 31.8819 26.2042 24.3 31.8777 26.2017 24.3 31.7893 26.1622 24.3 30.9157 25.7117 24.3 30.8273 25.6777 24.3 30.4989 25.2891 24.3 30.8273 24.9269 24.3 30.9095 24.8972 24.3 30.9157 24.8943 24.3 31.7893 24.6822 24.3 31.8777 24.6454 24.3 32.7513 24.5569 24.3 32.795 24.5082 24.3 33.1137 24.3271 24.3 33.6685 23.8905 24.3 33.7132 23.8399 24.3 33.8016 23.8101 24.3 34.6752 23.53 24.3 35.6372 23.5096 24.3 35.9994 23.3651 24.3 36.5992 23.0448 24.3 36.6547 22.9942 24.3 37.5283 22.2337 24.3 37.5612 22.2038 24.3 38.325 21.4411 24.3 38.4934 21.2552 24.3 38.5756 21.1668 24.3 39.183 20.4791 24.3 39.4492 19.9183 24.3 39.4852 19.8384 24.3 39.4881 19.8299 24.3 39.603 19.5171 24.3 39.6103 19.4287 24.3 39.7285 18.5551 24.3 40.1708 17.5931 24.3 40.4103 17.0991 24.3 40.4472 17.0283 24.3 40.5996 16.6312 24.3 40.6049 16.5428 24.3 40.6805 15.6692 24.3 40.6861 15.5808 24.3 40.7616 14.7072 24.3 40.7669 14.6188 24.3 40.8341 13.7452 24.3 40.8564 13.6568 24.3 41.0588 12.7832 24.3 41.3662 12.3005 24.3 41.4092 12.243 24.3 41.4378 12.2121 24.3 41.7753 11.8212 24.3 42.3711 11.4655 24.3 42.4595 11.4562 24.3 43.3331 11.3458 24.3 44.2951 11.28 24.3 45.2571 11.2382 24.3 50.8 11.1422 24.3 50.8 50.8 24.3 0 50.8 24.3 
1
255
0 11.2556 25.2 0.043678 11.2176 25.2 1.00567 11.1611 25.2 6.77759 11.3505 25.2 6.80399 11.3529 25.2 7.73958 11.4676 25.2 8.26797 11.8212 25.2 8.49106 12.7832 25.2 8.48327 15.6692 25.2 8.48735 15.6799 25.2 8.70157 16.2677 25.2 8.86303 16.6155 25.2 8.87118 16.6312 25.2 9.21515 17.5667 25.2 9.22551 17.5931 25.2 9.31447 18.5287 25.2 9.31563 18.5551 25.2 9.40327 19.4907 25.2 9.40478 19.5171 25.2 9.41 19.532 25.2 9.66356 20.2153 25.2 9.79892 20.4676 25.2 9.80421 20.4791 25.2 9.82532 20.5035 25.2 10.6255 21.3506 25.2 10.6943 21.4391 25.2 11.4833 22.3767 25.2 11.5079 22.402 25.2 11.6139 22.4949 25.2 12.5495 23.089 25.2 13.181 23.3651 25.2 13.1977 23.3708 25.2 13.5115 23.5013 25.2 13.5379 23.5147 25.2 14.4735 24.1572 25.2 14.8417 24.3271 25.2 14.8522 24.3306 25.2 15.4355 24.539 25.2 15.4619 24.5399 25.2 16.3975 24.6141 25.2 16.4239 24.6255 25.2 17.3595 25.0506 25.2 17.6127 25.2785 25.2 17.6391 25.3038 25.2 18.3214 25.9291 25.2 18.6359 26.2393 25.2 18.6623 26.2664 25.2 19.2834 26.8788 25.2 20.2454 27.9282 25.2 20.4557 28.175 25.2 21.1553 29.137 25.2 21.1558 29.1393 25.2 21.2074 29.2566 25.2 21.5104 30.0749 25.2 21.5144 30.099 25.2 21.708 31.0346 25.2 21.8019 31.9966 25.2 21.8009 32.023 25.2 21.2129 32.376 25.2 21.2074 32.3826 25.2 20.2718 32.5066 25.2 20.2454 32.5157 25.2 19.5609 32.985 25.2 19.2937 33.2434 25.2 19.2834 33.2531 25.2 18.3478 33.594 25.2 18.3214 33.6028 25.2 17.3595 33.6377 25.2 16.8398 33.9469 25.2 17.2257 34.8825 25.2 17.2203 34.9089 25.2 17.2378 34.9316 25.2 17.3595 35.2107 25.2 17.5435 35.8672 25.2 17.5467 35.8709 25.2 17.5847 36.8065 25.2 17.5901 36.8329 25.2 18.3214 37.7849 25.2 18.3289 37.7922 25.2 18.3553 37.819 25.2 19.2834 38.6991 25.2 19.3398 38.7569 25.2 19.364 38.7801 25.2 20.2454 39.5655 25.2 20.5968 39.7157 25.2 20.6029 39.7189 25.2 20.6231 39.7453 25.2 20.6233 39.7455 25.2 21.2074 40.1317 25.2 21.5325 40.6809 25.2 21.5326 40.6811 25.2 21.55 40.7073 25.2 22.0731 41.6428 25.2 22.1694 41.8532 25.2 22.464 42.598 25.2 22.4662 42.6048 25.2 22.8665 43.5404 25.2 22.8789 43.5668 25.2 22.8907 43.5834 25.2 23.1314 43.981 25.2 23.5282 44.5552 25.2 24.0934 45.2271 25.2 24.3432 45.4908 25.2 24.3447 45.4923 25.2 25.029 46.1161 25.2 25.0554 46.1371 25.2 25.4362 46.4489 25.2 25.4423 46.4528 25.2 26.0173 46.8382 25.2 26.9529 47.3106 25.2 26.9793 47.33 25.2 27.154 47.4148 25.2 27.9149 47.7494 25.2 27.9413 47.7548 25.2 27.9677 47.7582 25.2 28.9033 47.9011 25.2 29.8653 47.9641 25.2 30.8273 47.9203 25.2 30.8537 47.9178 25.2 31.7893 47.7613 25.2 31.8157 47.7579 25.2 32.7513 47.5416 25.2 33.7106 47.1876 25.2 34.6752 46.7438 25.2 34.6958 46.731 25.2 35.6314 46.2018 25.2 35.6372 46.1971 25.2 36.5728 45.5727 25.2 36.5987 45.5509 25.2 36.5992 45.5506 25.2 36.6836 45.4908 25.2 37.5348 44.8404 25.2 37.5612 44.8193 25.2 37.5695 44.8143 25.2 37.9156 44.5288 25.2 38.5051 44.0138 25.2 38.5232 44.0038 25.2 38.5496 43.9964 25.2 38.5936 43.9677 25.2 39.1716 43.5668 25.2 39.4852 43.2476 25.2 39.502 43.2318 25.2 39.9868 42.6312 25.2 39.9963 42.6158 25.2 40.0015 42.6048 25.2 40.4472 41.6952 25.2 40.4505 41.6847 25.2 40.4559 41.6692 25.2 40.4581 41.6428 25.2 40.4714 41.6164 25.2 40.9719 40.6809 25.2 41.2622 39.7453 25.2 41.2708 39.7189 25.2 41.4101 38.7795 25.2 41.4144 38.7569 25.2 41.4161 37.8213 25.2 41.4177 37.7949 25.2 41.4161 37.7685 25.2 41.4092 37.732 25.2 41.0241 35.8709 25.2 41.0232 35.8686 25.2 41.0122 35.8445 25.2 40.6351 34.9089 25.2 40.6197 34.8909 25.2 40.4472 34.6597 25.2 39.8315 33.9553 25.2 39.8239 33.9469 25.2 39.8051 33.9246 25.2 39.4852 33.5988 25.2 38.855 32.9891 25.2 38.8518 32.985 25.2 38.8371 32.9586 25.2 38.8224 32.9397 25.2 38.5232 32.5665 25.2 38.1152 32.023 25.2 38.1068 32.0114 25.2 37.5876 31.147 25.2 37.5773 31.1322 25.2 37.5612 31.1045 25.2 37.5371 31.061 25.2 37.5218 31.0324 25.2 37.0055 30.099 25.2 37.0041 30.0962 25.2 36.6256 29.4585 25.2 36.6156 29.4349 25.2 36.5992 29.404 25.2 36.4141 29.137 25.2 36.3941 29.1044 25.2 35.745 28.175 25.2 35.7393 28.1679 25.2 35.6636 28.0701 25.2 35.6508 28.0508 25.2 35.6372 28.0296 25.2 34.8541 27.213 25.2 34.8338 27.1991 25.2 34.7016 27.0896 25.2 34.6858 27.0772 25.2 34.6752 27.0671 25.2 33.6051 26.251 25.2 33.5661 26.2291 25.2 32.7777 25.7337 25.2 32.769 25.7292 25.2 32.7513 25.7189 25.2 31.7893 25.2906 25.2 31.7847 25.2891 25.2 31.7893 25.287 25.2 31.8376 25.2593 25.2 32.7513 24.8789 25.2 32.769 24.8691 25.2 33.2316 24.3535 25.2 33.2317 24.3271 25.2 33.7046 23.7915 25.2 33.7132 23.7794 25.2 33.7396 23.7671 25.2 34.6752 23.4517 25.2 34.7016 23.4503 25.2 35.6372 23.4364 25.2 35.6387 23.4358 25.2 35.8209 23.3651 25.2 36.5743 22.965 25.2 36.5992 22.9509 25.2 36.6121 22.9386 25.2 37.5477 22.0862 25.2 37.5612 22.0734 25.2 38.1946 21.4411 25.2 38.5103 21.1058 25.2 38.5359 21.0794 25.2 39.0902 20.4791 25.2 39.4835 19.6076 25.2 39.5142 19.5171 25.2 39.5926 18.5551 25.2 40.0422 17.5931 25.2 40.0565 17.5667 25.2 40.4467 16.8174 25.2 40.5195 16.6312 25.2 40.5205 16.6048 25.2 40.5774 15.6692 25.2 40.5785 15.6428 25.2 40.6375 14.7072 25.2 40.6386 14.6808 25.2 40.6944 13.7452 25.2 40.7015 13.7188 25.2 40.9371 12.7832 25.2 41.3925 12.1738 25.2 41.4092 12.154 25.2 41.4158 12.1474 25.2 41.7184 11.8212 25.2 42.3711 11.4292 25.2 42.3975 11.4271 25.2 43.3331 11.3286 25.2 44.2951 11.2703 25.2 45.2571 11.2323 25.2 50.8 11.1414 25.2 50.8 50.8 25.2 0 50.8 25.2 
1
248
0 11.2539 26.1 0.043678 11.2159 26.1 1.00567 11.1591 26.1 6.77759 11.3244 26.1 7.70398 11.4085 26.1 7.73958 11.4129 26.1 8.34271 11.8212 26.1 8.55816 12.7832 26.1 8.54995 15.6692 26.1 8.69342 16.044 26.1 8.70157 16.0664 26.1 8.70771 16.0796 26.1 8.9936 16.6312 26.1 9.00669 16.6668 26.1 9.37044 17.5931 26.1 9.37382 17.6287 26.1 9.41447 18.5551 26.1 9.4178 18.5907 26.1 9.47087 19.5171 26.1 9.65391 20.0406 26.1 9.66356 20.0666 26.1 9.66871 20.0762 26.1 9.8543 20.4791 26.1 10.5951 21.3354 26.1 10.6255 21.3676 26.1 10.6281 21.371 26.1 10.7185 21.4767 26.1 11.5845 22.364 26.1 11.6276 22.4031 26.1 12.5139 23.1805 26.1 12.5495 23.2031 26.1 12.916 23.3651 26.1 13.4996 23.5637 26.1 13.5115 23.5686 26.1 14.4379 24.0412 26.1 14.4735 24.0656 26.1 15.0477 24.3271 26.1 15.4133 24.4513 26.1 15.4355 24.4593 26.1 16.3619 24.4927 26.1 16.3975 24.4955 26.1 17.3239 24.8931 26.1 17.3595 24.9093 26.1 17.3691 24.918 26.1 18.2954 25.8062 26.1 18.3214 25.83 26.1 18.3334 25.8418 26.1 19.2598 26.7908 26.1 19.2834 26.8141 26.1 20.2454 27.8715 26.1 20.5059 28.175 26.1 21.1893 29.137 26.1 21.2054 29.2173 26.1 21.2074 29.2218 26.1 21.2189 29.2529 26.1 21.3588 30.099 26.1 21.3661 30.1346 26.1 21.4568 31.0966 26.1 21.4225 32.023 26.1 21.4001 32.0364 26.1 21.2074 32.2652 26.1 21.1718 32.27 26.1 20.2454 32.5911 26.1 19.6563 32.985 26.1 19.6462 32.9948 26.1 19.2834 33.335 26.1 19.2478 33.3479 26.1 18.3214 33.6568 26.1 17.3595 33.6841 26.1 16.9154 33.9469 26.1 16.9301 33.9825 26.1 16.7379 34.9089 26.1 17.3549 35.7054 26.1 17.3595 35.716 26.1 17.3665 35.741 26.1 17.4783 35.8709 26.1 17.4798 35.9065 26.1 17.6683 36.8329 26.1 18.3214 37.7005 26.1 18.3217 37.7008 26.1 19.2481 38.6401 26.1 19.2834 38.6736 26.1 19.3629 38.7569 26.1 20.2119 39.5718 26.1 20.2454 39.6017 26.1 20.2588 39.6074 26.1 20.4718 39.7189 26.1 21.1824 40.6453 26.1 21.1906 40.6539 26.1 21.2074 40.6651 26.1 21.2168 40.6809 26.1 21.2198 40.6868 26.1 21.8308 41.6072 26.1 21.8507 41.6428 26.1 22.1694 42.3385 26.1 22.1806 42.3668 26.1 22.2569 42.6048 26.1 22.2721 42.6404 26.1 22.7073 43.5668 26.1 23.1222 44.1493 26.1 23.1314 44.1644 26.1 24.022 45.4552 26.1 24.0523 45.4908 26.1 24.0934 45.5333 26.1 24.103 45.5425 26.1 24.129 45.5662 26.1 25.0554 46.3031 26.1 25.0699 46.315 26.1 25.2868 46.4528 26.1 26.0173 46.9366 26.1 26.0529 46.9546 26.1 26.6632 47.4148 26.1 26.9793 47.6148 26.1 27.0149 47.6304 26.1 27.9413 47.82 26.1 28.8677 47.9381 26.1 28.9033 47.9435 26.1 29.8653 48.0033 26.1 30.8273 47.9623 26.1 31.7537 47.8748 26.1 31.7893 47.8688 26.1 32.7157 47.7498 26.1 32.7513 47.7416 26.1 33.6231 47.4062 26.1 34.6752 46.9133 26.1 35.3966 46.4634 26.1 35.4322 46.4432 26.1 35.6372 46.2804 26.1 35.6728 46.2566 26.1 36.5833 45.4931 26.1 36.5863 45.4908 26.1 36.6348 45.4536 26.1 37.5612 44.7124 26.1 37.852 44.5397 26.1 37.8652 44.5288 26.1 37.8876 44.5092 26.1 38.5232 44.1575 26.1 39.4496 43.8982 26.1 39.4852 43.8749 26.1 40.0624 43.5668 26.1 40.076 43.5541 26.1 40.0944 43.5312 26.1 40.43 42.9906 26.1 40.4472 42.9539 26.1 40.563 42.5698 26.1 40.5633 42.5692 26.1 40.6405 41.6428 26.1 41.1064 40.7165 26.1 41.1254 40.6809 26.1 41.1365 40.6453 26.1 41.4092 39.8164 26.1 41.439 39.7189 26.1 41.4443 39.6832 26.1 41.624 38.7569 26.1 41.6241 38.7213 26.1 41.6818 37.7949 26.1 41.623 36.8685 26.1 41.4256 35.8709 26.1 41.4092 35.8279 26.1 41.3945 35.7915 26.1 41.0077 34.9445 26.1 40.9933 34.9089 26.1 40.4538 34.2781 26.1 40.4472 34.2693 26.1 40.4238 34.2425 26.1 40.1568 33.9469 26.1 39.4974 33.1631 26.1 39.4852 33.1507 26.1 39.4612 33.1275 26.1 39.3488 32.985 26.1 38.8333 32.0586 26.1 38.8056 32.023 26.1 38.5074 31.6149 26.1 38.4876 31.582 26.1 38.126 31.0637 26.1 38.1244 31.061 26.1 37.5825 30.099 26.1 37.5612 30.0449 26.1 37.54 30.0001 26.1 37.5256 29.9758 26.1 37.1752 29.1483 26.1 37.1691 29.137 26.1 36.7227 28.175 26.1 36.5992 27.9669 26.1 36.5665 27.9261 26.1 36.5636 27.9223 26.1 36.1134 27.2449 26.1 36.093 27.213 26.1 35.6372 26.7446 26.1 35.6066 26.7236 26.1 35.6016 26.7194 26.1 35.0477 26.2824 26.1 35.0147 26.251 26.1 34.6752 26.0233 26.1 34.6358 26.0022 26.1 33.7076 25.4823 26.1 33.6776 25.4635 26.1 33.3729 25.3058 26.1 33.3441 25.2891 26.1 33.3729 25.2731 26.1 33.3905 25.2535 26.1 33.3938 24.3271 26.1 33.4118 24.3067 26.1 33.7132 23.8806 26.1 34.6396 23.4495 26.1 34.6752 23.4375 26.1 35.6016 23.3894 26.1 35.6372 23.3889 26.1 35.6893 23.3678 26.1 35.6962 23.3651 26.1 35.7249 23.3499 26.1 36.5992 22.8554 26.1 37.0517 22.4235 26.1 37.0873 22.391 26.1 37.5612 21.9391 26.1 38.0594 21.4411 26.1 38.0715 21.4283 26.1 38.9693 20.5019 26.1 38.9903 20.4791 26.1 39.4267 19.5205 26.1 39.4278 19.5171 26.1 39.468 18.609 26.1 39.4717 18.5551 26.1 39.4852 18.5157 26.1 39.9167 17.5931 26.1 40.4164 16.6668 26.1 40.4312 16.6383 26.1 40.434 16.6312 26.1 40.4678 15.7048 26.1 40.47 15.6692 26.1 40.5072 14.7428 26.1 40.5095 14.7072 26.1 40.5472 13.7808 26.1 40.5493 13.7452 26.1 40.7973 12.8188 26.1 40.8063 12.7832 26.1 40.8236 12.76 26.1 41.4092 12.0668 26.1 41.6423 11.8336 26.1 41.6539 11.8212 26.1 42.3711 11.3866 26.1 43.2975 11.3117 26.1 43.3331 11.3079 26.1 44.2951 11.2586 26.1 45.2571 11.2249 26.1 50.8 11.1401 26.1 50.8 50.8 26.1 0 50.8 26.1 
1
222
0 11.2516 27 0.043678 11.2136 27 1.00567 11.1564 27 7.64198 11.3553 27 7.73958 11.3642 27 8.40626 11.8212 27 8.61801 12.7832 27 8.61178 15.6692 27 8.68645 15.8558 27 8.70157 15.8953 27 8.73169 15.9534 27 9.11112 16.6312 27 9.49713 17.5931 27 9.50141 17.6907 27 9.51687 18.5551 27 9.52246 18.6527 27 9.54647 19.5171 27 9.64428 19.8124 27 9.66356 19.8675 27 9.93853 20.4791 27 10.5475 21.1465 27 10.6319 21.244 27 10.8119 21.4411 27 11.5875 22.233 27 11.592 22.2371 27 11.7657 22.4031 27 12.4564 23.0414 27 12.5495 23.123 27 12.5856 23.139 27 13.1306 23.3651 27 13.45 23.4642 27 13.5115 23.4851 27 14.4735 23.9765 27 15.2315 24.3271 27 15.4355 24.3959 27 16.2999 24.4141 27 16.3975 24.4177 27 17.3595 24.8184 27 18.3214 25.7585 27 19.2834 26.7524 27 20.2454 27.7952 27 20.272 27.8262 27 20.5826 28.175 27 20.6518 28.2726 27 21.2057 28.9641 27 21.2074 28.9663 27 21.3174 29.137 27 21.3336 29.2346 27 21.4264 30.1966 27 21.4835 31.061 27 21.4799 31.1586 27 21.4254 32.023 27 21.2074 32.2828 27 20.2454 32.6156 27 19.7058 32.985 27 19.2834 33.3905 27 18.3214 33.7007 27 17.3595 33.7204 27 16.9747 33.9469 27 16.9545 34.0445 27 16.7585 34.9089 27 17.3595 35.6818 27 17.5264 35.8709 27 17.7209 36.8329 27 18.3214 37.6466 27 18.4644 37.7949 27 19.1956 38.5844 27 19.2834 38.6734 27 19.2916 38.682 27 19.3603 38.7569 27 20.2454 39.6106 27 20.2678 39.6223 27 20.4428 39.7189 27 21.1727 40.6809 27 21.2071 40.7594 27 21.2074 40.7601 27 21.2718 40.857 27 22.1362 42.5056 27 22.1694 42.5781 27 22.1774 42.6032 27 22.1782 42.6048 27 22.2241 42.7024 27 22.7143 43.5668 27 23.0877 44.2643 27 23.1314 44.3256 27 23.1561 44.3619 27 23.2332 44.5288 27 23.3008 44.6264 27 23.7944 45.4908 27 24.0881 45.7422 27 24.0934 45.7477 27 24.9578 46.2853 27 25.0554 46.3629 27 25.9426 46.9178 27 26.0173 46.9673 27 26.0811 47.0154 27 26.6328 47.4148 27 26.9793 47.6294 27 27.9413 47.8226 27 28.9033 47.9516 27 29.8653 48.0099 27 30.8273 47.9744 27 31.7893 47.8891 27 33.6156 47.6503 27 33.7132 47.6127 27 34.1141 47.4148 27 34.1215 47.4103 27 34.5776 47.1151 27 34.6752 47.0693 27 35.3661 46.5002 27 35.4421 46.4528 27 36.5016 45.6095 27 36.5992 45.5276 27 36.6449 45.4908 27 36.6467 45.4895 27 37.5612 44.772 27 38.013 44.547 27 38.0436 44.5288 27 38.1106 44.4917 27 38.5232 44.3367 27 39.3876 44.3199 27 39.4852 44.2925 27 40.4472 43.6599 27 40.5011 43.5668 27 40.5307 43.4692 27 40.746 42.6048 27 40.85 41.7404 27 40.8581 41.6428 27 41.2469 40.7785 27 41.296 40.6809 27 41.3242 40.5954 27 41.4092 40.4267 27 41.6871 39.731 27 41.6908 39.7189 27 41.7973 38.8545 27 41.8162 38.7569 27 41.9046 37.8925 27 41.9107 37.7949 27 41.9151 36.9305 27 41.9089 36.8329 27 41.7058 35.8709 27 41.4124 35.1383 27 41.4092 35.1299 27 41.3684 35.0407 27 41.3028 34.9089 27 40.5966 34.0445 27 40.5126 33.9469 27 40.4472 33.85 27 40.4191 33.8097 27 40.3496 33.7271 27 39.9093 33 27 39.8983 32.985 27 39.4852 32.0577 27 39.4818 32.0507 27 39.4664 32.023 27 39.419 31.9704 27 39.3876 31.9274 27 38.5815 31.1156 27 38.5376 31.061 27 38.5232 31.0468 27 38.4851 31.0036 27 37.9056 30.1966 27 37.8502 30.099 27 37.6069 29.2346 27 37.5713 29.137 27 37.5612 29.1078 27 37.5243 29.0164 27 37.2535 28.2726 27 37.2083 28.175 27 36.7886 27.3106 27 36.7346 27.213 27 36.5992 27.0477 27 36.5518 27.0009 27 36.5016 26.9493 27 35.7623 26.297 27 35.7121 26.251 27 35.6372 26.1968 27 35.5788 26.1605 27 35.5396 26.1342 27 34.6752 25.6066 27 34.5776 25.5519 27 34.5243 25.5201 27 34.1118 25.2891 27 33.7132 24.837 27 33.6811 24.8073 27 33.519 24.4247 27 33.5193 24.3271 27 33.5511 24.2822 27 33.7132 23.9798 27 34.5776 23.5148 27 34.6752 23.4694 27 35.5396 23.4061 27 35.6372 23.401 27 35.7087 23.3673 27 35.7142 23.3651 27 35.8063 23.313 27 36.5992 22.7833 27 36.94 22.4486 27 38.9138 20.4791 27 39.3594 19.5171 27 39.3816 18.6527 27 39.386 18.5551 27 39.3878 18.5497 27 39.4852 18.2788 27 39.7829 17.6853 27 39.8262 17.5931 27 40.3128 16.7288 27 40.3655 16.6312 27 40.4456 13.7452 27 40.4472 13.7368 27 40.7011 12.7832 27 40.7628 12.7102 27 41.4092 11.9973 27 41.5677 11.8458 27 41.5923 11.8212 27 42.3711 11.344 27 43.2355 11.2931 27 43.3331 11.2852 27 44.2951 11.2448 27 50.8 11.1384 27 50.8 50.8 27 0 50.8 27 
1
199
0 11.2488 27.9 0.043678 11.2107 27.9 1.00567 11.1531 27.9 7.57998 11.3109 27.9 7.73958 11.3214 27.9 8.45972 11.8212 27.9 8.66774 12.7832 27.9 8.66597 15.6692 27.9 8.70157 15.7571 27.9 9.20365 16.6312 27.9 9.59285 17.5931 27.9 9.60015 18.5551 27.9 9.60458 18.7147 27.9 9.61416 19.5171 27.9 9.66356 19.6698 27.9 10.0216 20.4791 27.9 10.5131 20.9958 27.9 10.6587 21.1554 27.9 10.9312 21.4411 27.9 11.5875 22.1053 27.9 12.422 22.9106 27.9 12.5495 23.0285 27.9 13.3774 23.3651 27.9 13.5115 23.4056 27.9 14.4735 23.8974 27.9 15.384 24.3271 27.9 15.4355 24.3445 27.9 16.3975 24.3613 27.9 17.3595 24.7553 27.9 18.3214 25.7005 27.9 19.2834 26.6906 27.9 20.2454 27.7114 27.9 20.3027 27.7758 27.9 21.1051 28.6524 27.9 21.2074 28.7801 27.9 21.228 28.812 27.9 21.4558 29.137 27.9 21.4713 29.2966 27.9 21.5037 30.099 27.9 21.5143 30.2586 27.9 21.5417 31.061 27.9 21.5317 31.2206 27.9 21.4636 32.023 27.9 21.2074 32.3273 27.9 21.0478 32.3825 27.9 20.2454 32.6403 27.9 19.7326 32.985 27.9 19.2834 33.4088 27.9 19.1238 33.4601 27.9 18.3214 33.7318 27.9 17.3595 33.7507 27.9 17.0249 33.9469 27.9 16.9887 34.1065 27.9 16.792 34.9089 27.9 17.3595 35.6401 27.9 17.5662 35.8709 27.9 17.7518 36.8329 27.9 18.2227 37.503 27.9 18.3214 37.6371 27.9 19.3675 38.7569 27.9 20.0985 39.4221 27.9 20.2454 39.5639 27.9 20.2777 39.5817 27.9 20.5706 39.7189 27.9 20.6916 39.8785 27.9 21.201 40.5991 27.9 21.2235 40.6809 27.9 21.3062 40.8405 27.9 21.652 41.6428 27.9 22.162 42.6048 27.9 22.1695 42.6176 27.9 22.6702 43.4072 27.9 23.0625 44.1013 27.9 23.1314 44.2301 27.9 23.2724 44.5288 27.9 23.8146 45.4908 27.9 24.0392 45.7256 27.9 24.0934 45.772 27.9 24.253 45.8713 27.9 24.3117 45.9267 27.9 24.8501 46.4528 27.9 25.0554 46.6007 27.9 25.0777 46.6124 27.9 25.215 46.6982 27.9 26.0173 46.9662 27.9 26.1192 47.04 27.9 26.6639 47.4148 27.9 26.9793 47.6053 27.9 27.9413 47.7982 27.9 28.9033 47.9372 27.9 29.8653 47.9992 27.9 30.8273 47.9625 27.9 31.7893 47.8751 27.9 32.5917 47.7912 27.9 33.7132 47.6482 27.9 34.1777 47.4148 27.9 34.2619 47.3603 27.9 34.6752 47.0842 27.9 35.2955 46.5579 27.9 35.4231 46.4528 27.9 35.4551 46.4272 27.9 35.6372 46.276 27.9 36.4396 45.8497 27.9 36.5992 45.7227 27.9 37.0726 45.4979 27.9 37.2322 45.3727 27.9 37.5612 45.1894 27.9 38.3636 44.609 27.9 38.5232 44.5301 27.9 38.5274 44.5288 27.9 39.3256 44.3356 27.9 39.4852 44.3325 27.9 40.2876 43.9515 27.9 40.4472 43.8463 27.9 40.5622 43.5895 27.9 40.5754 43.5668 27.9 40.6856 42.7644 27.9 40.7253 42.6048 27.9 41.0854 41.8024 27.9 41.1046 41.6428 27.9 41.1764 41.4832 27.9 41.4092 41.0497 27.9 41.5637 40.6809 27.9 41.6274 40.5213 27.9 41.7264 39.7189 27.9 41.8456 38.9165 27.9 41.8653 38.7569 27.9 41.981 37.9545 27.9 41.9973 37.7949 27.9 42.0317 36.9925 27.9 42.0325 36.8329 27.9 41.8977 36.0305 27.9 41.8637 35.8709 27.9 41.629 35.0685 27.9 41.5647 34.9089 27.9 41.4092 34.6855 27.9 41.3971 34.6708 27.9 40.9498 34.1065 27.9 40.8194 33.9469 27.9 40.4472 33.3825 27.9 40.3659 33.2482 27.9 40.2141 32.985 27.9 39.8305 32.1826 27.9 39.7592 32.023 27.9 39.4922 31.6819 27.9 39.4852 31.6722 27.9 38.8789 31.061 27.9 38.534 30.743 27.9 38.5232 30.7324 27.9 38.4162 30.5834 27.9 37.9759 30.099 27.9 37.7898 29.2966 27.9 37.7449 29.137 27.9 37.5689 28.5574 27.9 37.5612 28.5351 27.9 37.5112 28.3978 27.9 37.438 28.175 27.9 36.983 27.213 27.9 36.6313 26.8318 27.9 36.5992 26.7926 27.9 36.4627 26.6722 27.9 35.6603 26.1261 27.9 35.6372 26.1094 27.9 34.6752 25.5176 27.9 34.2627 25.2891 27.9 33.7916 24.7843 27.9 33.7132 24.6953 27.9 33.5557 24.3271 27.9 33.5856 24.2713 27.9 33.7132 24.021 27.9 34.5156 23.5591 27.9 34.6752 23.4733 27.9 35.6372 23.4028 27.9 35.699 23.3713 27.9 35.7122 23.3651 27.9 35.8586 23.2673 27.9 36.5992 22.7308 27.9 38.8563 20.4791 27.9 39.3074 19.5171 27.9 39.3246 18.5551 27.9 39.4852 18.1232 27.9 39.706 17.7027 27.9 39.7609 17.5931 27.9 40.3145 16.6312 27.9 40.3722 13.7452 27.9 40.3743 13.7343 27.9 40.4472 13.3886 27.9 40.5832 12.9319 27.9 40.6234 12.7832 27.9 40.7428 12.6516 27.9 41.4092 11.9435 27.9 41.5396 11.8212 27.9 42.3711 11.3058 27.9 43.1735 11.2714 27.9 43.3331 11.262 27.9 44.2951 11.2305 27.9 50.8 11.1365 27.9 50.8 50.8 27.9 0 50.8 27.9 
1
190
0 11.2458 28.8 0.043678 11.2077 28.8 1.00567 11.1495 28.8 7.51798 11.2734 28.8 7.73958 11.2838 28.8 8.50523 11.8212 28.8 8.69576 12.6997 28.8 8.70853 12.7832 28.8 8.70917 15.6692 28.8 8.8345 15.8908 28.8 9.27219 16.6312 28.8 9.65103 17.5595 28.8 9.6608 17.5931 28.8 9.67001 19.5171 28.8 9.76451 19.7387 28.8 10.0938 20.4791 28.8 11.5875 22.0083 28.8 12.5495 22.9513 28.8 13.4907 23.336 28.8 13.5115 23.3421 28.8 13.5726 23.3651 28.8 14.4735 23.835 28.8 15.4297 24.3001 28.8 15.4355 24.3021 28.8 16.3975 24.3182 28.8 16.4277 24.3271 28.8 17.3595 24.7103 28.8 18.3214 25.6529 28.8 20.7477 28.175 28.8 21.0875 28.5885 28.8 21.2074 28.7203 28.8 21.5011 29.137 28.8 21.51 29.3586 28.8 21.5845 30.099 28.8 21.592 30.3206 28.8 21.6019 31.061 28.8 21.5113 32.023 28.8 21.2074 32.3812 28.8 20.9858 32.4524 28.8 20.2454 32.6723 28.8 19.8818 32.9066 28.8 19.7647 32.985 28.8 19.6602 33.0832 28.8 19.2834 33.4253 28.8 18.3214 33.7529 28.8 17.3595 33.774 28.8 17.0643 33.9469 28.8 16.8176 34.9089 28.8 17.3595 35.6106 28.8 17.5949 35.8709 28.8 17.6373 36.0925 28.8 17.7665 36.8329 28.8 18.3214 37.6231 28.8 19.3904 38.7569 28.8 20.0435 39.3028 28.8 20.2454 39.4865 28.8 20.3263 39.5244 28.8 20.8237 39.7189 28.8 21.0667 40.0382 28.8 21.2074 40.2372 28.8 21.3248 40.6809 28.8 21.4203 40.9025 28.8 21.4782 41.6428 28.8 21.9942 42.6048 28.8 22.1673 42.7924 28.8 22.1694 42.7959 28.8 22.3077 43.014 28.8 22.8575 43.5668 28.8 23.0481 43.8588 28.8 23.1314 44.0064 28.8 23.3771 44.5288 28.8 23.5017 44.7504 28.8 23.8915 45.4908 28.8 24.0934 45.6994 28.8 24.8639 46.4528 28.8 25.0554 46.5888 28.8 25.7957 46.7859 28.8 26.0173 46.8599 28.8 26.1677 46.9634 28.8 26.7554 47.4148 28.8 26.9793 47.5515 28.8 27.7197 47.6475 28.8 27.9413 47.6919 28.8 28.6817 47.7877 28.8 28.9033 47.8201 28.8 29.6437 47.8579 28.8 29.8653 47.8723 28.8 30.6057 47.8604 28.8 30.8273 47.8519 28.8 31.5677 47.803 28.8 31.7893 47.7827 28.8 32.5297 47.732 28.8 32.7513 47.7088 28.8 33.4916 47.6511 28.8 33.7132 47.6231 28.8 34.0409 47.469 28.8 34.1484 47.4148 28.8 34.2625 47.3386 28.8 34.6752 47.082 28.8 35.2193 46.5982 28.8 35.4409 46.411 28.8 35.6372 46.2308 28.8 36.5992 45.7211 28.8 37.0018 45.5529 28.8 37.1325 45.4908 28.8 37.2234 45.4402 28.8 38.3016 44.9294 28.8 38.5232 44.7691 28.8 39.2636 44.5682 28.8 39.4118 44.5323 28.8 39.4235 44.5288 28.8 39.4852 44.5137 28.8 39.5542 44.4834 28.8 40.2256 43.8506 28.8 40.4472 43.7454 28.8 40.5265 43.5668 28.8 40.656 42.8264 28.8 40.6864 42.6048 28.8 41.1155 41.6428 28.8 41.4092 41.0948 28.8 41.5825 40.6809 28.8 41.7854 38.9785 28.8 41.8183 38.7569 28.8 42.0212 38.0165 28.8 42.0532 37.7949 28.8 42.0627 37.5733 28.8 42.343 36.8329 28.8 42.2973 36.7546 28.8 41.8871 36.0925 28.8 41.8499 35.8709 28.8 41.6539 35.1305 28.8 41.5891 34.9089 28.8 41.4549 34.7004 28.8 41.4092 34.6347 28.8 41.2857 34.4788 28.8 40.8977 33.9469 28.8 40.5453 33.3836 28.8 40.4472 33.2347 28.8 40.3035 32.985 28.8 39.9196 32.2446 28.8 39.8136 32.023 28.8 39.5589 31.7094 28.8 39.4852 31.6152 28.8 38.9302 31.061 28.8 38.5232 30.6783 28.8 38.4016 30.5445 28.8 37.9307 30.099 28.8 37.7012 29.137 28.8 37.6661 28.3966 28.8 37.599 28.175 28.8 37.5612 28.0998 28.8 37.541 28.0629 28.8 37.1254 27.4346 28.8 37.0211 27.213 28.8 36.6963 26.8978 28.8 36.5992 26.7925 28.8 36.4294 26.6762 28.8 35.689 26.0397 28.8 35.6372 26.0052 28.8 34.6752 25.419 28.8 34.5837 25.3685 28.8 34.3683 25.2891 28.8 33.8433 24.7938 28.8 33.7132 24.6544 28.8 33.678 24.5722 28.8 33.5829 24.3271 28.8 33.6181 24.258 28.8 33.7132 24.0567 28.8 34.4536 23.5785 28.8 34.6752 23.4509 28.8 35.6372 23.3822 28.8 35.671 23.3651 28.8 36.5992 22.6993 28.8 38.8139 20.4791 28.8 39.2682 19.5171 28.8 39.2798 18.5551 28.8 39.4852 18.0185 28.8 39.714 17.5931 28.8 40.2759 16.6312 28.8 40.3173 13.7452 28.8 40.4472 13.1611 28.8 40.5271 12.9093 28.8 40.5646 12.7832 28.8 41.4092 11.9014 28.8 41.4958 11.8212 28.8 42.3711 11.2732 28.8 43.3331 11.241 28.8 50.8 11.1345 28.8 50.8 50.8 28.8 0 50.8 28.8 
1
180
0 11.2426 29.7 0.043678 11.2044 29.7 1.00567 11.146 29.7 7.73958 11.2539 29.7 8.54044 11.8212 29.7 8.70157 12.5353 29.7 8.74159 12.7832 29.7 8.74314 15.6692 29.7 9.32183 16.6312 29.7 9.55286 17.169 29.7 9.66356 17.4396 29.7 9.71003 17.5931 29.7 9.71412 19.5171 29.7 10.1483 20.4791 29.7 12.5495 22.8897 29.7 13.5115 23.2942 29.7 13.6945 23.3651 29.7 14.2196 23.6538 29.7 14.4735 23.788 29.7 15.4355 24.2682 29.7 16.3975 24.2841 29.7 16.5397 24.3271 29.7 17.3595 24.675 29.7 18.3214 25.6151 29.7 20.3988 27.7458 29.7 20.7105 28.175 29.7 20.8426 28.8535 29.7 21.0742 29.137 29.7 21.2074 29.2925 29.7 21.2958 29.4108 29.7 21.5839 29.8155 29.7 21.6124 30.099 29.7 21.6162 30.3825 29.7 21.6506 31.061 29.7 21.552 32.023 29.7 21.2074 32.4259 29.7 20.2454 32.7016 29.7 19.7978 32.985 29.7 19.2834 33.444 29.7 18.3214 33.7687 29.7 17.3595 33.791 29.7 17.094 33.9469 29.7 16.8337 34.9089 29.7 17.3595 35.598 29.7 17.6074 35.8709 29.7 17.7783 36.8329 29.7 18.3214 37.6041 29.7 19.411 38.7569 29.7 19.9953 39.205 29.7 20.2454 39.4141 29.7 20.9239 39.643 29.7 21.1144 39.7175 29.7 21.1176 39.7189 29.7 21.2074 39.8369 29.7 21.2485 39.9926 29.7 21.4522 40.6809 29.7 21.4744 40.9644 29.7 21.4878 41.6428 29.7 22.0054 42.6048 29.7 22.1694 42.7799 29.7 22.38 42.9916 29.7 22.9747 43.5668 29.7 23.0584 43.6872 29.7 23.1314 43.799 29.7 23.4807 44.5288 29.7 23.63 44.8123 29.7 23.9739 45.4908 29.7 24.0934 45.6133 29.7 24.327 45.8418 29.7 24.9795 46.4528 29.7 25.0055 46.4701 29.7 25.0554 46.5053 29.7 25.7338 46.6233 29.7 26.0173 46.6987 29.7 26.2424 46.8716 29.7 26.8585 47.4148 29.7 26.9208 47.4551 29.7 26.9793 47.4911 29.7 27.6578 47.5347 29.7 27.9413 47.5715 29.7 28.6198 47.6311 29.7 28.9033 47.6678 29.7 29.5818 47.7124 29.7 29.8653 47.7269 29.7 30.5438 47.7264 29.7 30.8273 47.7219 29.7 31.5058 47.6957 29.7 32.4678 47.6409 29.7 32.7513 47.6215 29.7 33.4297 47.5887 29.7 33.7132 47.5666 29.7 34.0405 47.4148 29.7 34.6752 47.021 29.7 35.3043 46.4528 29.7 35.6372 46.1453 29.7 36.3157 45.8836 29.7 36.5992 45.7335 29.7 37.2777 45.5717 29.7 37.4697 45.4908 29.7 37.5612 45.4483 29.7 38.2397 45.0156 29.7 38.5232 44.88 29.7 39.2017 44.6169 29.7 39.4852 44.54 29.7 39.4856 44.5398 29.7 39.5121 44.5288 29.7 40.177 43.8503 29.7 40.4341 43.608 29.7 40.4521 43.5668 29.7 40.5179 42.8883 29.7 40.5675 42.6048 29.7 40.9959 41.6428 29.7 41.0854 41.4757 29.7 41.4092 40.9631 29.7 41.4851 40.7973 29.7 41.5338 40.6809 29.7 41.5969 40.0024 29.7 41.6316 39.7189 29.7 41.7324 38.7569 29.7 42.0036 37.7949 29.7 42.0934 37.5638 29.7 42.3711 36.9088 29.7 42.3977 36.8329 29.7 42.3893 36.8199 29.7 42.214 36.5363 29.7 41.7654 35.8709 29.7 41.6261 35.1924 29.7 41.5511 34.9089 29.7 41.4092 34.6895 29.7 40.8735 33.9469 29.7 40.6652 33.2685 29.7 40.4941 32.985 29.7 40.4472 32.9151 29.7 40.4082 32.8614 29.7 39.9128 32.3065 29.7 39.7657 32.023 29.7 39.5827 31.8496 29.7 39.4852 31.7295 29.7 39.3211 31.566 29.7 37.7693 30.099 29.7 37.6684 29.4205 29.7 37.6002 29.137 29.7 37.5867 28.8535 29.7 37.565 28.175 29.7 37.5612 28.1673 29.7 37.3823 27.8915 29.7 36.8949 27.213 29.7 36.5992 26.9253 29.7 36.4081 26.7625 29.7 35.7296 26.1408 29.7 35.6372 26.0599 29.7 35.3537 25.8877 29.7 34.6752 25.4431 29.7 34.5927 25.4127 29.7 34.2752 25.2891 29.7 33.9142 24.9047 29.7 33.7132 24.7151 29.7 33.6768 24.6212 29.7 33.5705 24.3271 29.7 33.6069 24.25 29.7 33.7132 24.033 29.7 34.3917 23.6136 29.7 34.6752 23.4304 29.7 35.6372 23.3518 29.7 36.5992 22.6807 29.7 38.7818 20.4791 29.7 39.2379 19.5171 29.7 39.2469 18.5551 29.7 39.4852 17.9465 29.7 39.6802 17.5931 29.7 40.2464 16.6312 29.7 40.2751 13.7452 29.7 40.4472 13.0044 29.7 40.5192 12.7832 29.7 41.4092 11.869 29.7 41.4612 11.8212 29.7 42.3711 11.2463 29.7 50.8 11.1321 29.7 50.8 50.8 29.7 0 50.8 29.7 
1
165
0 11.2394 30.6 0.043678 11.2012 30.6 1.00567 11.1423 30.6 7.73958 11.2306 30.6 8.56777 11.8212 30.6 8.70157 12.3877 30.6 8.76804 12.7832 30.6 8.7697 15.6692 30.6 9.35767 16.6312 30.6 9.66356 17.3281 30.6 9.74621 17.5931 30.6 9.74818 19.5171 30.6 10.1892 20.4791 30.6 12.5495 22.8444 30.6 13.5115 23.2583 30.6 13.7808 23.3651 30.6 14.4735 23.7522 30.6 15.4355 24.2421 30.6 16.3975 24.2557 30.6 16.629 24.3271 30.6 17.3595 24.6446 30.6 18.3214 25.5889 30.6 20.2454 27.5433 30.6 20.7075 28.175 30.6 20.7747 28.5205 30.6 20.8713 29.137 30.6 21.2074 29.5272 30.6 21.3541 29.7333 30.6 21.6392 30.099 30.6 21.6882 31.061 30.6 21.586 32.023 30.6 21.2074 32.4618 30.6 20.2454 32.7266 30.6 19.8292 32.985 30.6 19.2834 33.4632 30.6 18.3214 33.7834 30.6 17.3595 33.8029 30.6 17.1154 33.9469 30.6 16.8439 34.9089 30.6 17.3595 35.5897 30.6 17.6156 35.8709 30.6 17.7882 36.8329 30.6 18.3214 37.59 30.6 19.433 38.7569 30.6 19.9478 39.1392 30.6 20.2454 39.3674 30.6 21.2074 39.6883 30.6 21.2397 39.7189 30.6 21.3419 40.0644 30.6 21.544 40.6809 30.6 21.5651 41.6428 30.6 22.0863 42.6048 30.6 22.1694 42.6928 30.6 22.4723 42.9857 30.6 23.0431 43.5668 30.6 23.1314 43.693 30.6 23.2682 43.9772 30.6 24.0438 45.4908 30.6 24.0934 45.5415 30.6 24.7099 46.0971 30.6 25.0422 46.4083 30.6 25.0554 46.4194 30.6 25.5175 46.4806 30.6 25.6718 46.4986 30.6 26.0173 46.5587 30.6 26.3311 46.8353 30.6 26.9465 47.4148 30.6 26.9476 47.4156 30.6 26.9793 47.4361 30.6 27.5958 47.459 30.6 27.9413 47.4813 30.6 28.5578 47.5049 30.6 28.9033 47.5353 30.6 29.8653 47.5908 30.6 30.4818 47.6059 30.6 31.4438 47.6008 30.6 32.4058 47.5638 30.6 33.7132 47.4995 30.6 33.899 47.4148 30.6 34.6752 46.9334 30.6 35.6372 46.0536 30.6 36.2537 45.8726 30.6 36.5992 45.7393 30.6 37.2157 45.6636 30.6 37.5612 45.5812 30.6 37.7132 45.4908 30.6 38.0443 45.2794 30.6 38.5232 44.9357 30.6 39.1397 44.6658 30.6 39.4852 44.5319 30.6 39.4922 44.5289 30.6 39.4924 44.5288 30.6 40.0699 43.9123 30.6 40.4085 43.5668 30.6 40.4351 42.9503 30.6 40.4685 42.6048 30.6 40.7256 41.9883 30.6 40.8795 41.6428 30.6 41.0444 41.3818 30.6 41.4092 40.8257 30.6 41.476 40.6809 30.6 41.5207 40.0644 30.6 41.6016 39.1024 30.6 41.6364 38.7569 30.6 41.9081 37.7949 30.6 42.202 37.1784 30.6 42.3434 36.8449 30.6 42.3482 36.8329 30.6 42.115 36.4874 30.6 41.672 35.8709 30.6 41.5685 35.2544 30.6 41.4976 34.9089 30.6 41.4092 34.7743 30.6 41.2121 34.4998 30.6 40.7803 33.9469 30.6 40.637 33.3305 30.6 40.5309 32.985 30.6 40.4472 32.861 30.6 40.1949 32.5785 30.6 39.6759 32.023 30.6 39.5784 31.9342 30.6 38.6302 31.061 30.6 38.5932 31.0236 30.6 38.2311 30.6781 30.6 37.6569 30.099 30.6 37.6055 29.7535 30.6 37.5632 29.5371 30.6 37.508 29.137 30.6 37.4664 28.175 30.6 37.0003 27.5585 30.6 36.7521 27.213 30.6 36.6864 27.1459 30.6 36.5992 27.0609 30.6 36.3141 26.8004 30.6 35.6976 26.1808 30.6 35.6372 26.1247 30.6 34.6752 25.4839 30.6 34.5135 25.421 30.6 34.1476 25.2891 30.6 33.897 25.0354 30.6 33.7132 24.8397 30.6 33.5301 24.3271 30.6 33.5843 24.2166 30.6 33.7132 23.9651 30.6 34.3297 23.6214 30.6 34.6752 23.4078 30.6 35.3169 23.3566 30.6 35.6372 23.3319 30.6 36.5992 22.6669 30.6 37.5612 21.6772 30.6 38.7573 20.4791 30.6 39.2146 19.5171 30.6 39.2221 18.5551 30.6 39.4852 17.8948 30.6 39.6548 17.5931 30.6 40.2229 16.6312 30.6 40.243 13.7452 30.6 40.4472 12.8958 30.6 40.4851 12.7832 30.6 41.4092 11.8427 30.6 41.4326 11.8212 30.6 42.3711 11.2237 30.6 50.8 11.1296 30.6 50.8 50.8 30.6 0 50.8 30.6 
1
150
0 11.236 31.5 0.043678 11.1978 31.5 1.00567 11.1386 31.5 7.73958 11.2118 31.5 8.58963 11.8212 31.5 8.70157 12.2781 31.5 8.78942 12.7832 31.5 8.79061 15.6692 31.5 9.38448 16.6312 31.5 9.66356 17.2496 31.5 9.77345 17.5931 31.5 9.77468 19.5171 31.5 10.2203 20.4791 31.5 12.5495 22.8116 31.5 13.5115 23.2306 31.5 13.844 23.3651 31.5 14.4735 23.7246 31.5 15.4355 24.2208 31.5 16.3975 24.2319 31.5 16.7005 24.3271 31.5 17.3595 24.6192 31.5 20.2454 27.5154 31.5 20.7318 28.175 31.5 20.8853 29.137 31.5 21.2074 29.5101 31.5 21.6693 30.099 31.5 21.7187 31.061 31.5 21.6141 32.023 31.5 21.2074 32.4903 31.5 20.2454 32.7478 31.5 19.855 32.985 31.5 19.2834 33.4752 31.5 18.3214 33.7941 31.5 17.3595 33.8123 31.5 17.1311 33.9469 31.5 16.8515 34.9089 31.5 17.3595 35.5803 31.5 17.625 35.8709 31.5 17.7976 36.8329 31.5 18.3214 37.5764 31.5 19.4574 38.7569 31.5 20.2454 39.3357 31.5 20.7999 39.5065 31.5 21.2074 39.6416 31.5 21.2888 39.7189 31.5 21.608 40.6809 31.5 21.6264 41.6428 31.5 22.1474 42.5951 31.5 22.1545 42.6048 31.5 22.1694 42.6206 31.5 23.0943 43.5668 31.5 23.1314 43.6196 31.5 24.0828 45.4647 31.5 24.1019 45.4908 31.5 25.0554 46.342 31.5 25.8427 46.4396 31.5 25.9687 46.4528 31.5 26.0173 46.4596 31.5 26.035 46.4773 31.5 26.9793 47.3727 31.5 27.5251 47.4009 31.5 29.4578 47.4563 31.5 29.8653 47.478 31.5 30.8273 47.5016 31.5 31.3818 47.5051 31.5 32.3438 47.4917 31.5 33.1588 47.4567 31.5 33.7132 47.4386 31.5 33.766 47.4148 31.5 34.105 47.2045 31.5 34.6752 46.8536 31.5 35.6372 45.9688 31.5 36.1917 45.7914 31.5 36.5992 45.6718 31.5 37.1537 45.6985 31.5 37.5612 45.6484 31.5 37.7725 45.545 31.5 37.8635 45.4908 31.5 38.5232 45.0204 31.5 38.9307 44.842 31.5 39.4212 44.5308 31.5 39.4852 44.5022 31.5 39.964 44.0121 31.5 40.0036 43.9743 31.5 40.3853 43.5668 31.5 40.4266 42.6048 31.5 40.4472 42.537 31.5 40.8254 41.6428 31.5 41.1575 41.0884 31.5 41.3987 40.7208 31.5 41.4174 40.6809 31.5 41.4469 40.1264 31.5 41.4764 39.7189 31.5 41.5053 39.1644 31.5 41.5376 38.7569 31.5 41.8008 37.7949 31.5 42.1023 37.2404 31.5 42.2966 36.8329 31.5 41.8673 36.2784 31.5 41.5745 35.8709 31.5 41.5064 35.3164 31.5 41.438 34.9089 31.5 41.4092 34.8656 31.5 41.1238 34.5001 31.5 40.656 33.9469 31.5 40.5766 33.3925 31.5 40.4819 32.985 31.5 40.4472 32.9339 31.5 39.5849 32.023 31.5 39.5496 31.989 31.5 39.1022 31.5815 31.5 38.5625 31.061 31.5 38.5477 31.0449 31.5 38.1437 30.6374 31.5 37.6497 30.099 31.5 37.5612 29.6376 31.5 37.4929 29.137 31.5 37.4461 28.175 31.5 36.7129 27.213 31.5 36.6426 27.1442 31.5 36.239 26.7367 31.5 35.6372 26.1555 31.5 35.2297 25.8816 31.5 34.6752 25.526 31.5 34.0078 25.2891 31.5 33.7132 24.9937 31.5 33.4763 24.3271 31.5 33.5615 24.1608 31.5 33.7132 23.879 31.5 34.2677 23.607 31.5 34.6752 23.3798 31.5 34.6863 23.3792 31.5 35.0938 23.3488 31.5 35.6372 23.3166 31.5 36.5992 22.6584 31.5 38.7382 20.4791 31.5 39.1965 19.5171 31.5 39.2032 18.5551 31.5 39.4852 17.856 31.5 39.635 17.5931 31.5 40.2035 16.6312 31.5 40.2179 13.7452 31.5 40.4472 12.8172 31.5 40.4477 12.8156 31.5 40.4589 12.7832 31.5 41.4092 11.8209 31.5 42.3711 11.2045 31.5 50.8 11.1271 31.5 50.8 50.8 31.5 0 50.8 31.5 
1
141
0 11.2327 32.4 0.043678 11.1944 32.4 1.00567 11.1349 32.4 7.73958 11.1962 32.4 8.60745 11.8212 32.4 8.70157 12.1941 32.4 8.80701 12.7832 32.4 8.80752 15.6692 32.4 9.40528 16.6312 32.4 9.66356 17.1915 32.4 9.79461 17.5931 32.4 9.79565 19.5171 32.4 10.2446 20.4791 32.4 12.5495 22.7865 32.4 13.5115 23.2087 32.4 13.8919 23.3651 32.4 14.4735 23.703 32.4 15.4355 24.203 32.4 16.3975 24.2121 32.4 16.758 24.3271 32.4 17.3595 24.5981 32.4 20.2454 27.4938 32.4 20.7511 28.175 32.4 20.9085 29.137 32.4 21.2074 29.4834 32.4 21.6945 30.099 32.4 21.7424 31.061 32.4 21.6908 31.5305 32.4 21.6282 32.023 32.4 21.2074 32.5042 32.4 20.2454 32.759 32.4 19.868 32.985 32.4 19.2834 33.4795 32.4 18.3214 33.7988 32.4 17.3595 33.8172 32.4 17.1395 33.9469 32.4 16.8586 34.9089 32.4 17.3595 35.5705 32.4 17.6349 35.8709 32.4 17.8071 36.8329 32.4 18.3214 37.562 32.4 19.4805 38.7569 32.4 20.2454 39.3062 32.4 20.7379 39.4467 32.4 21.2074 39.5914 32.4 21.3411 39.7189 32.4 21.6594 40.6809 32.4 21.6726 41.6428 32.4 22.1694 42.547 32.4 22.2143 42.6048 32.4 23.1436 43.5668 32.4 24.0934 45.4224 32.4 24.1432 45.4908 32.4 25.0554 46.2872 32.4 26.0173 46.4067 32.4 26.0784 46.4528 32.4 26.9793 47.309 32.4 27.9413 47.3627 32.4 31.7893 47.4219 32.4 32.7513 47.4107 32.4 33.7132 47.386 32.4 34.6752 46.7892 32.4 35.6372 45.8925 32.4 36.1297 45.706 32.4 36.5992 45.5559 32.4 37.0917 45.5622 32.4 37.5612 45.5849 32.4 37.5778 45.5784 32.4 37.7567 45.4908 32.4 38.0473 45.2848 32.4 38.5232 45.0178 32.4 39.2958 44.5288 32.4 39.4852 44.4456 32.4 39.9221 44.0121 32.4 40.357 43.5668 32.4 40.3964 42.6048 32.4 40.4472 42.4435 32.4 40.6162 42.0649 32.4 40.7956 41.6428 32.4 41.3734 40.6809 32.4 41.389 40.1884 32.4 41.4141 39.7189 32.4 41.4272 39.2264 32.4 41.4516 38.7569 32.4 41.5758 38.2644 32.4 41.7018 37.7949 32.4 41.9911 37.3024 32.4 42.2463 36.8329 32.4 41.8446 36.3404 32.4 41.4811 35.8709 32.4 41.4234 35.4014 32.4 41.4099 35.2511 32.4 41.4092 35.2412 32.4 41.3776 34.9089 32.4 40.9805 34.4394 32.4 40.5345 33.9469 32.4 40.4673 33.4774 32.4 40.4534 33.3284 32.4 40.4472 33.2392 32.4 40.4237 32.985 32.4 39.5077 32.023 32.4 39.4852 32.0013 32.4 38.9927 31.5084 32.4 38.529 31.061 32.4 37.6578 30.099 32.4 37.6124 29.8009 32.4 37.5612 29.5313 32.4 37.5342 29.3314 32.4 37.5132 29.137 32.4 37.4654 28.175 32.4 36.7339 27.213 32.4 36.6587 27.1428 32.4 36.1726 26.6733 32.4 35.7025 26.251 32.4 35.6372 26.1883 32.4 34.6752 25.5789 32.4 33.8528 25.2891 32.4 33.7132 25.1513 32.4 33.4179 24.3271 32.4 33.5463 24.0884 32.4 33.7132 23.792 32.4 34.1827 23.5617 32.4 34.6066 23.3656 32.4 34.6752 23.3478 32.4 35.1447 23.32 32.4 35.6372 23.2989 32.4 36.5992 22.6521 32.4 38.7236 20.4791 32.4 39.183 19.5171 32.4 39.189 18.5551 32.4 39.4852 17.8276 32.4 40.1875 16.6312 32.4 40.1978 13.7452 32.4 40.4384 12.7846 32.4 40.4389 12.7832 32.4 40.4472 12.774 32.4 41.4092 11.8034 32.4 42.3711 11.1884 32.4 50.8 11.1245 32.4 50.8 50.8 32.4 0 50.8 32.4 
1
147
0 11.2302 33.3 0.043678 11.1919 33.3 0.474174 11.1778 33.3 1.00567 11.1449 33.3 7.73958 11.1932 33.3 8.61891 11.8212 33.3 8.65421 11.9435 33.3 8.70157 12.1283 33.3 8.82156 12.7832 33.3 8.82142 15.6692 33.3 9.42112 16.6312 33.3 9.66356 17.147 33.3 9.81148 17.5931 33.3 9.81244 19.5171 33.3 10.2639 20.4791 33.3 12.5495 22.7667 33.3 13.5115 23.191 33.3 13.9294 23.3651 33.3 14.4735 23.6854 33.3 15.4355 24.1881 33.3 16.3975 24.1954 33.3 16.8047 24.3271 33.3 17.3595 24.581 33.3 20.2454 27.4764 33.3 20.7666 28.175 33.3 20.8547 28.7065 33.3 20.9189 29.137 33.3 21.0484 29.2771 33.3 21.2074 29.4614 33.3 21.7155 30.099 33.3 21.741 30.6305 33.3 21.7456 31.061 33.3 21.6781 31.5925 33.3 21.6357 32.023 33.3 21.2074 32.5115 33.3 20.6759 32.6522 33.3 20.2454 32.7518 33.3 20.0824 32.8613 33.3 19.8753 32.985 33.3 19.2834 33.4829 33.3 18.7519 33.6593 33.3 18.3214 33.7913 33.3 17.3595 33.8098 33.3 17.2599 33.8757 33.3 17.1395 33.9469 33.3 16.8583 34.9089 33.3 17.3595 35.563 33.3 17.6424 35.8709 33.3 17.8086 36.8329 33.3 18.04 37.1504 33.3 18.3214 37.5492 33.3 19.5027 38.7569 33.3 20.2454 39.2839 33.3 20.6759 39.398 33.3 21.2074 39.5497 33.3 21.3841 39.7189 33.3 21.5579 40.2504 33.3 21.6877 40.6809 33.3 21.6986 41.6428 33.3 21.9068 42.0049 33.3 22.1694 42.4829 33.3 22.2641 42.6048 33.3 23.1909 43.5668 33.3 23.4566 44.0983 33.3 23.6569 44.5288 33.3 24.0934 45.3841 33.3 24.1295 45.4341 33.3 24.168 45.4908 33.3 25.0554 46.2518 33.3 26.0173 46.3712 33.3 26.1243 46.4528 33.3 26.9793 47.2573 33.3 27.9413 47.3172 33.3 33.7132 47.3406 33.3 34.6752 46.7356 33.3 35.6372 45.8262 33.3 36.1687 45.6249 33.3 36.4656 45.4909 33.3 36.5992 45.4477 33.3 37.0286 45.445 33.3 37.5612 45.4519 33.3 38.0927 45.1567 33.3 38.5232 44.9256 33.3 39.1545 44.5288 33.3 39.4852 44.3838 33.3 39.8496 44.0345 33.3 40.321 43.5668 33.3 40.3577 42.6048 33.3 40.4472 42.3286 33.3 40.7578 41.6428 33.3 41.3436 40.6809 33.3 41.3698 39.7189 33.3 41.3902 38.7569 33.3 41.4092 38.655 33.3 41.4856 38.3676 33.3 41.6296 37.7949 33.3 42.2017 36.8329 33.3 41.7681 36.3014 33.3 41.4238 35.8979 33.3 41.4092 35.8799 33.3 41.4034 35.8709 33.3 41.3196 34.9089 33.3 40.8382 34.3774 33.3 40.4472 33.9661 33.3 40.4337 33.9469 33.3 40.3546 32.985 33.3 39.4852 32.0643 33.3 38.5232 31.0988 33.3 38.0905 30.6305 33.3 37.6145 30.099 33.3 37.5612 29.7496 33.3 37.4937 29.137 33.3 37.4801 28.7065 33.3 37.4533 28.175 33.3 36.7263 27.213 33.3 36.6804 27.1678 33.3 36.5992 27.0921 33.3 35.6677 26.251 33.3 35.6372 26.2222 33.3 35.1057 25.8895 33.3 34.6752 25.6308 33.3 33.746 25.3048 33.3 33.7132 25.2892 33.3 33.7131 25.2891 33.3 33.3633 24.3271 33.3 33.5434 24.0072 33.3 33.7132 23.7163 33.3 34.481 23.3651 33.3 34.6752 23.3143 33.3 35.1057 23.3023 33.3 35.6372 23.2795 33.3 36.5992 22.6464 33.3 38.7156 20.4791 33.3 39.1727 19.5171 33.3 39.1781 18.5551 33.3 39.4852 17.8062 33.3 39.5393 17.7159 33.3 40.1748 16.6312 33.3 40.1817 13.7452 33.3 40.4237 12.7832 33.3 40.4472 12.7572 33.3 41.4092 11.7891 33.3 41.8397 11.5278 33.3 42.3711 11.1883 33.3 50.8 11.1354 33.3 50.8 50.8 33.3 0 50.8 33.3 
1
214
0 11.5104 34.2 0.043678 11.4721 34.2 0.465343 11.4673 34.2 1.00567 11.4495 34.2 7.73958 11.4846 34.2 8.21707 11.8212 34.2 8.25972 11.969 34.2 8.33307 12.2626 34.2 8.48973 12.7281 34.2 8.50579 12.7832 34.2 8.50489 15.6692 34.2 8.70157 15.905 34.2 8.77591 16.0689 34.2 9.12672 16.6312 34.2 9.26391 16.9194 34.2 9.29506 17.1475 34.2 9.49598 17.522 34.2 9.50675 17.5931 34.2 9.50821 19.5171 34.2 9.66356 19.7466 34.2 9.74518 19.9809 34.2 9.97958 20.4791 34.2 10.1617 20.6616 34.2 10.257 20.9904 34.2 10.6255 21.127 34.2 11.1213 21.6239 34.2 11.219 21.9599 34.2 11.5875 22.0905 34.2 12.0827 22.585 34.2 12.181 22.9196 34.2 12.5495 23.0509 34.2 13.3364 23.3651 34.2 13.3879 23.4622 34.2 13.5115 23.4809 34.2 14.105 23.9022 34.2 14.4735 23.9738 34.2 15.203 24.3271 34.2 15.2525 24.4582 34.2 15.4355 24.4988 34.2 16.3975 24.5103 34.2 16.991 24.8283 34.2 17.3595 24.8744 34.2 17.916 25.4286 34.2 17.9529 25.674 34.2 18.3214 25.8329 34.2 18.8795 26.3902 34.2 18.9149 26.6281 34.2 19.2834 26.7947 34.2 19.8407 27.3604 34.2 19.8769 27.6376 34.2 20.2454 27.8374 34.2 20.4979 28.175 34.2 20.54 28.6014 34.2 20.6199 29.137 34.2 20.781 29.3113 34.2 20.8389 29.6947 34.2 21.2074 29.7912 34.2 21.4536 30.099 34.2 21.4599 31.061 34.2 21.4208 31.6353 34.2 21.3826 32.023 34.2 21.2074 32.2224 34.2 20.2454 32.445 34.2 19.6905 32.8814 34.2 19.5364 32.985 34.2 19.2834 33.197 34.2 18.9149 33.2961 34.2 18.3214 33.478 34.2 17.3595 33.496 34.2 16.991 33.5517 34.2 16.8182 33.8824 34.2 16.7209 33.9469 34.2 16.6723 34.5514 34.2 16.5669 34.9089 34.2 16.755 35.1509 34.2 16.991 35.635 34.2 17.3595 35.8349 34.2 17.3926 35.8709 34.2 17.4726 36.4524 34.2 17.5355 36.8329 34.2 17.7399 37.1135 34.2 17.9529 37.6129 34.2 18.283 37.7922 34.2 18.2851 37.7949 34.2 19.2834 38.843 34.2 19.4641 38.9376 34.2 19.9571 39.3386 34.2 20.2454 39.5437 34.2 20.9397 39.7189 34.2 21.2074 39.9524 34.2 21.2937 40.2574 34.2 21.4213 40.6809 34.2 21.4312 41.6428 34.2 21.7874 42.2228 34.2 21.9038 42.6048 34.2 22.8177 43.5668 34.2 23.1314 43.9601 34.2 23.1746 44.0626 34.2 23.3914 44.5288 34.2 23.6943 45.0917 34.2 23.7785 45.4908 34.2 24.0934 45.8036 34.2 24.9315 46.4528 34.2 25.0554 46.5698 34.2 25.1778 46.5752 34.2 26.0173 46.7295 34.2 26.8067 47.4148 34.2 26.9793 47.5815 34.2 27.1498 47.5853 34.2 27.9413 47.6567 34.2 28.9033 47.6817 34.2 33.993 47.6946 34.2 34.0461 47.4148 34.2 34.1738 47.3636 34.2 34.6752 47.0456 34.2 35.6372 46.1342 34.2 36.2296 45.8604 34.2 36.5992 45.8044 34.2 37.853 45.7826 34.2 37.9196 45.4908 34.2 38.0605 45.4415 34.2 38.5232 45.1931 34.2 39.2902 44.7238 34.2 39.4852 44.6774 34.2 39.6234 44.667 34.2 39.6474 44.5288 34.2 40.4472 43.8131 34.2 40.6548 43.7744 34.2 40.6614 43.5668 34.2 40.7065 42.8641 34.2 40.7156 42.6048 34.2 40.7611 42.2909 34.2 41.0611 41.6428 34.2 41.4092 41.0435 34.2 41.7125 40.9842 34.2 41.7213 40.6809 34.2 41.749 40.0587 34.2 41.7735 39.1213 34.2 41.7784 38.7569 34.2 41.8108 38.3553 34.2 41.8667 38.1673 34.2 41.9656 37.7949 34.2 42.3711 37.007 34.2 42.5132 36.975 34.2 42.5145 36.8329 34.2 42.3711 36.6726 34.2 41.7978 35.8709 34.2 41.6957 35.1955 34.2 41.6833 34.9089 34.2 41.4092 34.6121 34.2 40.8266 33.9469 34.2 40.736 33.2737 34.2 40.7128 32.985 34.2 40.4472 32.704 34.2 39.8415 32.023 34.2 38.8919 31.061 34.2 38.5232 30.6636 34.2 38.4905 30.5906 34.2 38.0367 30.099 34.2 37.8972 29.473 34.2 37.8579 28.4717 34.2 37.8523 28.175 34.2 37.5612 27.8402 34.2 37.4986 27.6744 34.2 37.149 27.213 34.2 36.5992 26.6842 34.2 35.6372 25.8068 34.2 34.9636 25.5735 34.2 34.6752 25.4001 34.2 34.3541 25.2891 34.2 33.7132 24.6624 34.2 33.7022 24.629 34.2 33.5942 24.3271 34.2 33.7132 24.1231 34.2 34.097 23.9433 34.2 34.6752 23.6901 34.2 34.9912 23.6811 34.2 35.6372 23.6474 34.2 35.9134 23.6413 34.2 35.9288 23.3651 34.2 36.0474 23.3093 34.2 36.5992 22.9513 34.2 37.5612 21.9626 34.2 37.8285 21.9412 34.2 37.9579 21.8096 34.2 38.0591 21.6751 34.2 38.0729 21.4411 34.2 38.5232 20.981 34.2 38.675 20.9669 34.2 38.7925 20.8476 34.2 39.0092 20.6028 34.2 39.0193 20.4791 34.2 39.3346 19.7049 34.2 39.4231 19.5171 34.2 39.4275 18.5551 34.2 39.4852 18.4149 34.2 39.8164 18.0861 34.2 39.891 17.9616 34.2 39.9131 17.5931 34.2 40.2601 16.9997 34.2 40.4199 16.6312 34.2 40.4239 13.7452 34.2 40.4472 13.6519 34.2 40.7527 13.1191 34.2 40.7578 12.7832 34.2 40.788 12.7618 34.2 41.3848 12.1619 34.2 41.4092 12.1272 34.2 41.8104 11.8212 34.2 41.8503 11.7998 34.2 42.3711 11.4836 34.2 50.8 11.4417 34.2 50.8 50.8 34.2 0 50.8 34.2 
