15
1
4
-24.8269 19 19.0146 -24.8269 18.9999 19.0146 -24.8269 19 19.0146 -24.5956 19.9627 19.0146 
0
0
0
0
0
1
9
-19.9629 34.2728 24.4146 -19.7753 35 24.4146 -19.6362 35.5854 24.4146 -19.8295 35.9859 24.4146 -19.2923 35.7321 24.4146 -19.1774 35.6706 24.4146 -19.1771 35.4636 24.4146 -19.177 35.4601 24.4146 -19.1762 35 24.4146 
2
11
-19.3271 31.3146 25.3146 -19.2182 31.0748 25.3146 -19.274 31.5751 25.3146 -19 31.9838 25.3146 -18.9742 32 25.3146 -18.9663 32.0337 25.3146 -19 32.0123 25.3146 -19.2406 32.9579 25.3146 -19.2444 32.9514 25.3146 -19.339 32.6854 25.3146 -19.4064 32 25.3146 
11
-19 34.088 25.3146 -19.1355 34.0173 25.3146 -19.0626 34.3146 25.3146 -19.0933 35 25.3146 -19.2185 35.3146 25.3146 -19.524 35.9474 25.3146 -19.139 35.7413 25.3146 -18.9719 35.4266 25.3146 -18.6347 35 25.3146 -18.6284 34.5565 25.3146 -18.8246 34.3565 25.3146 
0
0
0
0
0
0
2
6
-19.6065 18.3935 31.6146 -19.8011 19 31.6146 -19 19.5816 31.6146 -18.6915 19.3085 31.6146 -18.6213 19 31.6146 -19 18.3783 31.6146 
7
-13 24.6966 31.6146 -12.4169 24.9391 31.6146 -12.4777 25 31.6146 -12.6506 25.2245 31.6146 -12.9046 25.5274 31.6146 -13 25.4819 31.6146 -13.2037 25.2401 31.6146 
