68
0 1 0 1 1 2 1 2 2 3 2 3 3 4 3 4 4 5 4 5 5 6 5 6 6 7 6 7 7 9 7 9 8 10 8 10 9 11 9 11 10 12 10 12 11 13 11 13 12 14 12 14 13 15 13 15 14 16 14 16 15 17 15 17 16 18 16 18 
15
0 
1 0 
1 1 
1 2 
1 3 
1 4 
1 5 
1 6 
2 7 8 
2 9 10 
2 11 12 
2 13 14 
2 15 16 
2 17 18 
0 
19
1 0 0 19.9146
1 1 
1
21
-24.4434 17.9146 19.9146 -24.1538 17 19.9146 -24.0002 16.8464 19.9146 -24 16.8462 19.9146 -23.9146 16.8416 19.9146 -23.1035 16.7842 19.9146 -23.2957 16.9765 19.9146 -23.3207 17 19.9146 -23.6122 17.8822 19.9146 -23.6305 18 19.9146 -23.6337 18.8406 19.9146 -23.6254 19 19.9146 -23.959 19.8596 19.9146 -23.9934 19.9727 19.9146 -24 19.9604 19.9146 -24.0506 19.8791 19.9146 -24.4754 19.0854 19.9146 -24.4959 19 19.9146 -24.4922 18.0854 19.9146 -24.5089 18 19.9146 -24.5065 17.9957 19.9146 
2 1 0 20.8146
2 0 2 
1
27
-24.4213 17.8146 20.8146 -24.0147 17 20.8146 -24 16.9853 20.8146 -23.1854 16.9074 20.8146 -22.8146 16.8831 20.8146 -22.2073 16.8339 20.8146 -22.3308 16.9574 20.8146 -22.3763 17 20.8146 -22.6539 17.7592 20.8146 -22.7364 18 20.8146 -22.8175 18.5783 20.8146 -22.8187 19 20.8146 -22.799 19.5746 20.8146 -22.724 20.6605 20.8146 -22.6179 21.7364 20.8146 -22.5992 21.9855 20.8146 -23 21.4783 20.8146 -23.0487 21.4543 20.8146 -23.5191 21.1854 20.8146 -23.5666 21 20.8146 -23.6427 20.8146 20.8146 -23.569 20 20.8146 -23.9869 19.4755 20.8146 -24.0861 19.2901 20.8146 -24.3762 19 20.8146 -24.3754 18.8146 20.8146 -24.48 18 20.8146 
3 2 0 21.7146
2 1 3 
1
28
-22.2854 16.971 21.7146 -22 16.9479 21.7146 -21.3029 16.8813 21.7146 -21.3708 16.9491 21.7146 -21.4254 17 21.7146 -21.691 17.6526 21.7146 -21.8229 18 21.7146 -21.9691 19 21.7146 -21.9735 19.0955 21.7146 -21.9489 20 21.7146 -21.8799 21.3171 21.7146 -21.8295 22 21.7146 -22 22.3391 21.7146 -22.1771 22.45 21.7146 -22.3998 22.6941 21.7146 -22.4458 22 21.7146 -22.849 21.4996 21.7146 -23 21.3084 21.7146 -23.1648 21.2142 21.7146 -23.379 21 21.7146 -23.3532 20.7146 21.7146 -23.4774 20 21.7146 -24 19.3566 21.7146 -24.3566 19 21.7146 -24.3932 18.7146 21.7146 -24.4456 18 21.7146 -24.3074 17.7197 21.7146 -24 17.1561 21.7146 
4 3 0 22.6146
2 2 4 
1
38
-24 17.3093 22.6146 -23.6146 17.2669 22.6146 -23 17.2202 22.6146 -21.0183 17.0023 22.6146 -21.0766 17.1454 22.6146 -20.9101 18 22.6146 -21.0616 19 22.6146 -21.1077 20 22.6146 -21.0649 21 22.6146 -21.0066 22 22.6146 -21.0106 22.008 22.6146 -21.0176 22.0176 22.6146 -21 22.0781 22.6146 -20.9365 23 22.6146 -20.8257 24 22.6146 -20.8625 24.356 22.6146 -20.8039 24.9624 22.6146 -21.0269 24.6953 22.6146 -21.1676 24.3854 22.6146 -21.2909 24 22.6146 -21.4316 23.3854 22.6146 -21.7298 23 22.6146 -22 22.6678 22.6146 -22.1424 22.5904 22.6146 -22.3474 22.3854 22.6146 -22.3729 22 22.6146 -22.4708 21.3854 22.6146 -22.772 21 22.6146 -23 20.7237 22.6146 -23.1155 20.6223 22.6146 -23.3524 20.3854 22.6146 -23.4194 20 22.6146 -23.7971 19.5208 22.6146 -24 19.273 22.6146 -24.273 19 22.6146 -24.3012 18.6146 22.6146 -24.4001 18 22.6146 -24.2344 17.6961 22.6146 
5 4 0 23.5146
2 3 5 
1
46
-24 17.495 23.5146 -23.5146 17.4581 23.5146 -23 17.4512 23.5146 -22.5146 17.3979 23.5146 -22 17.2336 23.5146 -21.5146 17.1802 23.5146 -21 17.1613 23.5146 -20.4854 17.1068 23.5146 -20.08 17.0199 23.5146 -20.0588 17.1138 23.5146 -20.0022 18 23.5146 -20.1532 19 23.5146 -20.2343 20 23.5146 -20.2133 21 23.5146 -20.1723 22 23.5146 -20.1071 23 23.5146 -20 23.9621 23.5146 -19.9964 24 23.5146 -19.9952 24.0086 23.5146 -19.8344 25 23.5146 -19.6451 25.4854 23.5146 -19.5722 25.9602 23.5146 -19.916 25.5484 23.5146 -20 25.4335 23.5146 -20.2844 25.063 23.5146 -21 24.206 23.5146 -21.1112 23.9612 23.5146 -21.4671 23.4854 23.5146 -21.5783 23 23.5146 -21.7369 22.7348 23.5146 -22 22.4113 23.5146 -22.1619 22.2494 23.5146 -22.2575 22 23.5146 -22.3349 21.5146 23.5146 -22.6806 21 23.5146 -22.7538 20.8732 23.5146 -23 20.5749 23.5146 -23.1871 20.3878 23.5146 -23.3219 20 23.5146 -23.4204 19.4854 23.5146 -23.7937 19 23.5146 -24 18.769 23.5146 -24.107 18.6849 23.5146 -24.3065 18.4854 23.5146 -24.3846 18 23.5146 -24.1996 17.6945 23.5146 
6 5 0 24.4146
2 4 6 
2
38
-24 18.3905 24.4146 -24.3904 18 24.4146 -24 17.6096 24.4146 -23 17.5964 24.4146 -22.4146 17.4095 24.4146 -22 17.4043 24.4146 -21.4146 17.3828 24.4146 -21 17.3782 24.4146 -20.4146 17.3163 24.4146 -20 17.1634 24.4146 -19.5854 17.1146 24.4146 -19.2876 17.0203 24.4146 -19.2407 17.4577 24.4146 -19.1114 18 24.4146 -19.2552 19 24.4146 -19.3333 20 24.4146 -19.3482 21 24.4146 -19.3088 22 24.4146 -19.2537 23 24.4146 -19.1711 24 24.4146 -19.0339 25 24.4146 -19.0223 25.0756 24.4146 -19.092 25.9696 24.4146 -21 23.6845 24.4146 -21.4049 23.1432 24.4146 -21.5223 23 24.4146 -21.7973 22.5854 24.4146 -22 22.2452 24.4146 -22.1088 21.9615 24.4146 -22.351 21.5854 24.4146 -22.7442 21 24.4146 -22.7062 20.5854 24.4146 -22.895 20 24.4146 -23 19.8994 24.4146 -23.1534 19.7982 24.4146 -23.3662 19.5854 24.4146 -23.4783 19 24.4146 -23.68 18.7488 24.4146 
9
-22.1999 18.8001 24.4146 -22.3998 19 24.4146 -22 19.3338 24.4146 -21.4108 20 24.4146 -21 20.7204 24.4146 -20.9421 20 24.4146 -20.9437 19 24.4146 -21 18.7183 24.4146 -21.2672 18.7328 24.4146 
7 6 0 25.3146
2 5 7 
1
39
-20.9918 17.5663 25.3146 -20.3146 17.3165 25.3146 -20 17.3138 25.3146 -19.3146 17.2332 25.3146 -19 17.1054 25.3146 -18.6854 17.0644 25.3146 -18.5454 17.0194 25.3146 -18.3669 17.6817 25.3146 -18.2236 18 25.3146 -18.3612 19 25.3146 -18.4371 20 25.3146 -18.4357 21 25.3146 -18.3591 23 25.3146 -18.3001 24 25.3146 -18.2149 25 25.3146 -18.3292 25.4058 25.3146 -18.5174 25.9771 25.3146 -18.7746 25.6854 25.3146 -18.8703 25.5986 25.3146 -19.3702 25 25.3146 -19.6416 24.6854 25.3146 -19.7953 24.5364 25.3146 -20.5084 23.6854 25.3146 -20.7798 23.4028 25.3146 -21.114 23 25.3146 -21.194 22.8752 25.3146 -21.2624 22.6854 25.3146 -21.717 22 25.3146 -21.9633 21.8111 25.3146 -22 21.7474 25.3146 -22.2324 21.3864 25.3146 -21.9973 21.4781 25.3146 -21.3128 21.7004 25.3146 -21 21.5546 25.3146 -20.4454 21 25.3146 -20.3903 20.3146 25.3146 -20.3524 20 25.3146 -20.3582 19 25.3146 -20.5581 18 25.3146 
8 7 0 26.2146
2 6 9 
1
38
-20.9889 17.5687 26.2146 -20 17.5602 26.2146 -19.2146 17.2414 26.2146 -19 17.2395 26.2146 -18.2146 17.1371 26.2146 -18 17.0374 26.2146 -17.8447 17.0188 26.2146 -17.7858 17 26.2146 -17.0593 16.8298 26.2146 -17 16.8231 26.2146 -16.8557 16.7622 26.2146 -17 16.9754 26.2146 -17.0742 17 26.2146 -17.0412 17.0749 26.2146 -17.3352 18 26.2146 -17.467 19 26.2146 -17.5408 20 26.2146 -17.5208 21 26.2146 -17.4333 23 26.2146 -17.3635 24 26.2146 -17.5165 24.2146 26.2146 -17.4346 25 26.2146 -17.713 25.7537 26.2146 -18 25.4746 26.2146 -20.7854 22.5005 26.2146 -21 22.5015 26.2146 -21.1707 22.0277 26.2146 -21.1947 22 26.2146 -21.283 21.7854 26.2146 -21.3525 21.7221 26.2146 -21.1679 21.6361 26.2146 -21 21.5356 26.2146 -20.4644 21 26.2146 -20.3699 20.2146 26.2146 -20.3381 20 26.2146 -20.3499 19.2146 26.2146 -20.3581 19 26.2146 -20.5577 18 26.2146 
8 8 0 26.2146
1 10 
1
18
-18 30.1423 26.2146 -17.7406 30.6386 26.2146 -17.5647 30.8145 26.2146 -17.5776 31 26.2146 -18 31.4813 26.2146 -18.5187 32 26.2146 -18.8538 32.7854 26.2146 -18.911 32.8713 26.2146 -18.9536 32.7854 26.2146 -18.9568 32.7774 26.2146 -18.9574 32.7761 26.2146 -19.2333 32 26.2146 -19 31.4563 26.2146 -18.8761 31.2146 26.2146 -18.7408 31 26.2146 -18.3337 30.2146 26.2146 -18.2076 30.0112 26.2146 -18.0015 30.1414 26.2146 
9 9 0 27.1146
2 7 11 
1
35
-19 17.5515 27.1146 -18.1146 17.1399 27.1146 -18 17.1381 27.1146 -17.8854 17.079 27.1146 -16.8854 16.9631 27.1146 -16 16.7705 27.1146 -15.9913 16.7666 27.1146 -16 16.78 27.1146 -16.149 17 27.1146 -16.4463 18 27.1146 -16.5727 19 27.1146 -16.6374 20 27.1146 -16.5595 22 27.1146 -16.4921 23 27.1146 -16.6157 23.1146 27.1146 -16.5247 24 27.1146 -16.4461 24.0536 27.1146 -16.8302 24.6577 27.1146 -17 24.9593 27.1146 -17.0694 24.9876 27.1146 -18 24.0827 27.1146 -19.0779 22.9318 27.1146 -19.9592 22.1101 27.1146 -20 22.1157 27.1146 -20.1146 22.1276 27.1146 -21 22.1319 27.1146 -21.0986 22.0175 27.1146 -21.1161 22 27.1146 -21.2469 21.6821 27.1146 -21 21.5335 27.1146 -20.4665 21 27.1146 -20.3193 20 27.1146 -20.3579 19 27.1146 -20.5573 18 27.1146 -20.989 17.5684 27.1146 
9 10 0 27.1146
2 8 12 
1
23
-17 29.1834 27.1146 -16.8563 29.4532 27.1146 -16.9292 29.5484 27.1146 -17 29.6439 27.1146 -17.3561 30 27.1146 -17.4516 30.1146 27.1146 -17.5737 31 27.1146 -18 31.495 27.1146 -18.1146 31.602 27.1146 -18.1228 31.6133 27.1146 -18.5096 32 27.1146 -18.7784 32.4373 27.1146 -18.9384 32.1146 27.1146 -18.9178 32 27.1146 -18.3594 31.1146 27.1146 -18.3103 31 27.1146 -18 30.508 27.1146 -17.9968 30.5033 27.1146 -17.7607 30.1146 27.1146 -17.6757 30 27.1146 -17.3233 29.1146 27.1146 -17.2727 29.0118 27.1146 -17.0005 29.183 27.1146 
10 11 0 28.0146
2 9 13 
1
35
-18 17.5356 28.0146 -17 17.0196 28.0146 -16.9931 17.0189 28.0146 -16 16.9205 28.0146 -15.1117 16.7442 28.0146 -15.2781 17 28.0146 -15.5568 18 28.0146 -15.6782 19 28.0146 -15.6762 20 28.0146 -15.6531 21 28.0146 -15.6082 22 28.0146 -15.6282 22.0146 28.0146 -15.5361 23 28.0146 -15.5216 23.011 28.0146 -15.5512 23.0464 28.0146 -16 23.8135 28.0146 -16.6138 23.9886 28.0146 -17 23.7143 28.0146 -17.7098 23 28.0146 -17.7266 22.9854 28.0146 -17.7374 22.9781 28.0146 -18 22.6977 28.0146 -18.7759 22 28.0146 -18.9854 21.9106 28.0146 -19.9888 22.0481 28.0146 -20 22.0494 28.0146 -21 22.1533 28.0146 -21.1533 22 28.0146 -21.2656 21.7062 28.0146 -21 21.5442 28.0146 -20.4558 21 28.0146 -20.3142 20 28.0146 -20.3578 19 28.0146 -20.5569 18 28.0146 -20.989 17.568 28.0146 
10 12 0 28.0146
2 10 14 
1
16
-16 28.621 28.0146 -16.379 29 28.0146 -16.9872 29.8212 28.0146 -17 29.8354 28.0146 -17.1646 30 28.0146 -17.6902 30.6307 28.0146 -17.2331 30.0146 28.0146 -17.2273 30 28.0146 -17.0002 29.5484 28.0146 -17 29.5482 28.0146 -16.9876 29.5338 28.0146 -16.7297 29 28.0146 -16.3515 28.0123 28.0146 -16 28.2323 28.0146 -15.878 28.4593 28.0146 -15.9912 28.6082 28.0146 
11 13 0 28.9146
2 11 15 
1
42
-18 17.5417 28.9146 -17 17.0415 28.9146 -16.5661 17.0016 28.9146 -16 16.952 28.9146 -15.9146 16.9351 28.9146 -15 16.8624 28.9146 -14.9146 16.8213 28.9146 -14.1053 16.5261 28.9146 -14.4016 17 28.9146 -14.6648 18 28.9146 -14.7092 18.8008 28.9146 -14.7377 19 28.9146 -14.7137 19.7221 28.9146 -14.713 20 28.9146 -14.6766 21 28.9146 -14.6269 22 28.9146 -15 22.5723 28.9146 -15.7671 22.7738 28.9146 -15.96 22.9146 28.9146 -15.952 23 28.9146 -15.0452 23.6911 28.9146 -15.1089 23.7673 28.9146 -16 23.0816 28.9146 -16.1683 22.9637 28.9146 -17 22.356 28.9146 -17.3306 22.1683 28.9146 -17.426 22.0854 28.9146 -17.5523 22 28.9146 -18 21.8746 28.9146 -18.0854 21.8382 28.9146 -19.2966 22.0042 28.9146 -20 22.089 28.9146 -21 22.1872 28.9146 -21.1872 22 28.9146 -21.2198 21.9146 28.9146 -21.2851 21.7312 28.9146 -21 21.5544 28.9146 -20.4456 21 28.9146 -20.3093 20 28.9146 -20.3576 19 28.9146 -20.5565 18 28.9146 -20.989 17.5676 28.9146 
11 14 0 28.9146
2 12 16 
1
20
-15.0861 26.1182 28.9146 -15 26.1855 28.9146 -14.6101 27 28.9146 -14.6152 27.0894 28.9146 -15 27.5936 28.9146 -15.4063 28 28.9146 -15.4464 28.0527 28.9146 -16 28.8558 28.9146 -16.1442 29 28.9146 -16.1969 29.0712 28.9146 -17 29.9576 28.9146 -17.0177 29.9753 28.9146 -17.0104 29.9608 28.9146 -17 29.9453 28.9146 -16.2217 29.0463 28.9146 -16.1993 29 28.9146 -16 28.4807 28.9146 -15.9983 28.4761 28.9146 -15.0756 26.0149 28.9146 -15.0538 26.0321 28.9146 
12 15 0 29.8146
2 13 17 
1
50
-18 17.5422 29.8146 -17.8146 17.4498 29.8146 -17 17.0635 29.8146 -15 16.8942 29.8146 -14.8146 16.8266 29.8146 -14 16.7717 29.8146 -13.8146 16.7624 29.8146 -13.2943 16.7013 29.8146 -13.4301 16.9053 29.8146 -13.491 17 29.8146 -13.7561 18 29.8146 -13.7262 18.5571 29.8146 -13.7594 19 29.8146 -13.7296 19.4896 29.8146 -13.688 20.5325 29.8146 -13.6637 21 29.8146 -13.6876 21.574 29.8146 -13.665 22 29.8146 -14 22.5865 29.8146 -14.096 22.7762 29.8146 -14.1854 22.9133 29.8146 -14.2712 22.9518 29.8146 -14.3757 22.9882 29.8146 -15 22.1174 29.8146 -15.1806 22 29.8146 -16 21.225 29.8146 -16.0977 21.0977 29.8146 -16.6667 21.2289 29.8146 -17 21.344 29.8146 -17.0737 21.3069 29.8146 -17.1854 21.2756 29.8146 -18 21.7248 29.8146 -18.8146 21.4715 29.8146 -19 21.4969 29.8146 -19.704 21.9941 29.8146 -19.7468 22 29.8146 -19.8894 22.0172 29.8146 -20 22.1278 29.8146 -21 22.2184 29.8146 -21.2184 22 29.8146 -21.2844 21.8146 29.8146 -21.3041 21.7556 29.8146 -21 21.5642 29.8146 -20.4358 21 29.8146 -20.4106 20.8146 29.8146 -20.3357 20 29.8146 -20.3447 19.8146 29.8146 -20.3575 19 29.8146 -20.5562 18 29.8146 -20.989 17.5673 29.8146 
12 16 0 29.8146
2 14 18 
1
19
-14.1734 25.0145 29.8146 -14.1241 25.0524 29.8146 -14.2006 25.252 29.8146 -14 25.3865 29.8146 -13.7016 26 29.8146 -13.7125 26.1941 29.8146 -14 26.5692 29.8146 -14.4307 27 29.8146 -14.5164 27.1122 29.8146 -15 27.7759 29.8146 -15.2241 28 29.8146 -15.3363 28.1628 29.8146 -16 28.9287 29.8146 -16.0545 28.9832 29.8146 -16.0334 28.9284 29.8146 -16 28.874 29.8146 -15.3922 28.1138 29.8146 -15.28 27.8146 29.8146 -14.9178 27 29.8146 
13 17 0 30.7146
1 15 
1
60
-20.9889 17.5721 30.7146 -18.7146 17.5491 30.7146 -18 17.6583 30.7146 -17.7146 17.5229 30.7146 -17 17.6078 30.7146 -16.2854 17.022 30.7146 -16.2708 17.0184 30.7146 -14.7146 16.8932 30.7146 -14 16.8694 30.7146 -13.7146 16.836 30.7146 -13 16.809 30.7146 -12.7146 16.7798 30.7146 -12.2497 16.8442 30.7146 -12.2854 16.8428 30.7146 -12.3094 16.8712 30.7146 -12.4279 17 30.7146 -13 17.4198 30.7146 -13.2936 17.7146 30.7146 -13.3684 18 30.7146 -13.7919 18.7146 30.7146 -13.7593 19.2854 30.7146 -13.1278 19.6663 30.7146 -13.0971 20 30.7146 -13.1912 20.7146 30.7146 -13.1816 21 30.7146 -13.3019 21.7146 30.7146 -13.3138 22 30.7146 -13.13 22.419 30.7146 -13.2363 22.597 30.7146 -13.3386 22.3478 30.7146 -13.4911 22 30.7146 -13.5689 21.5602 30.7146 -13.4723 21 30.7146 -13.3251 20.3251 30.7146 -13.5801 20 30.7146 -14 19.6609 30.7146 -14.4598 19.4598 30.7146 -15.8313 19.8749 30.7146 -16 19.897 30.7146 -16.2339 20 30.7146 -17.3498 20.3498 30.7146 -18 20.4489 30.7146 -18.8737 21 30.7146 -18.9334 21.0467 30.7146 -19 21.0259 30.7146 -19.1578 21.1578 30.7146 -20 21.745 30.7146 -20.2656 22 30.7146 -20.7146 22.1403 30.7146 -21 22.1657 30.7146 -21.1657 22 30.7146 -21.2607 21.7146 30.7146 -21.2661 21.6943 30.7146 -21 21.4616 30.7146 -20.5384 21 30.7146 -20.5122 20.7146 30.7146 -20.3785 20 30.7146 -20.383 19.7146 30.7146 -20.3595 19 30.7146 -20.561 18 30.7146 
13 18 0 30.7146
1 16 
1
21
-14.4711 27.2325 30.7146 -15 27.8846 30.7146 -15.1154 28 30.7146 -15.1999 28.0975 30.7146 -15.1219 28 30.7146 -15.0495 27.8374 30.7146 -15 27.7409 30.7146 -14.575 27.1228 30.7146 -14.5206 27 30.7146 -14.4136 26.7146 30.7146 -14.0157 26 30.7146 -13.2713 24.0142 30.7146 -13.2023 24.0656 30.7146 -13.333 24.3942 30.7146 -13 24.5816 30.7146 -12.7934 25 30.7146 -12.8097 25.299 30.7146 -13 25.5461 30.7146 -13.4539 26 30.7146 -14 26.6983 30.7146 -14.3017 27 30.7146 
