32
0
0
0
0
0
0
0
0
0
0
0
0
0
0
0
0
0
0
0
0
0
0
0
0
0
6
9
14 22.7449 -28.3 13.9828 23 -28.3 14.0034 23.2084 -28.3 14.4689 23.4689 -28.3 15 23.4119 -28.3 15.3815 23.3815 -28.3 15.2389 23 -28.3 15 22.7946 -28.3 14.7864 22.7864 -28.3 
6
17 23.8446 -28.3 17.2728 24 -28.3 17.4213 24.4213 -28.3 17 24.5352 -28.3 16.5827 24 -28.3 16.7329 23.7329 -28.3 
6
15.2515 36 -28.3 16 36.2385 -28.3 16.2857 36.2259 -28.3 16.4609 36 -28.3 16 35.3644 -28.3 15.5414 35.5414 -28.3 
9
18 34.5121 -28.3 17.4526 34.4526 -28.3 17.6389 35 -28.3 18 35.255 -28.3 19 35.1034 -28.3 19.1119 35.1119 -28.3 19.1365 35 -28.3 19 34.7717 -28.3 18.7235 34.7235 -28.3 
7
20 27.2031 -28.3 19.6911 27 -28.3 19.7719 26.7719 -28.3 20 26.8451 -28.3 20.0289 26.9112 -28.3 20.0593 27 -28.3 20.096 27.096 -28.3 
6
20 32.425 -28.3 19.28 32.28 -28.3 19.3471 33 -28.3 20 33.8325 -28.3 20.327 33.327 -28.3 20.4492 33 -28.3 
8
6
26 6.16787 -27.4 25.3171 6.31712 -27.4 25.6112 7 -27.4 26 7.11359 -27.4 26.2882 7.19271 -27.4 26.4793 7 -27.4 
6
30 8.4375 -27.4 29.6377 8.63769 -27.4 29.8451 9 -27.4 30 9.25218 -27.4 30.4043 9.4043 -27.4 30.4317 9 -27.4 
6
30.2495 13 -27.4 30.5344 12.5344 -27.4 31 12.5028 -27.4 31.4743 13 -27.4 31.5671 13.5671 -27.4 31 13.6613 -27.4 
7
36 12.3043 -27.4 35.5487 12.5487 -27.4 35.6954 13 -27.4 36 13.2125 -27.4 36.0101 13.2193 -27.4 36.7834 13.7834 -27.4 36.5954 13 -27.4 
6
37.9592 15 -27.4 38 15.1293 -27.4 38.3015 15.3015 -27.4 38.3132 15 -27.4 38 14.7526 -27.4 37.4942 14.4942 -27.4 
6
38 17.4697 -27.4 37.8812 18 -27.4 37.7029 18.2971 -27.4 38 18.3513 -27.4 38.8669 18.8669 -27.4 38.7141 18 -27.4 
6
28 29.7101 -27.4 27.6983 29.6983 -27.4 27.4769 30 -27.4 28 30.8443 -27.4 28.9518 30.9518 -27.4 28.5902 30 -27.4 
6
30.6272 28.3728 -27.4 29.8262 28.9546 -27.4 29.7421 29 -27.4 30 29.6478 -27.4 30.9829 29.9829 -27.4 30.4667 29 -27.4 
0
0
0
0
0
