80
0 1 1 2 2 3 3 4 4 5 5 6 6 7 7 8 8 9 9 10 10 11 11 12 12 13 13 14 14 15 15 16 16 17 17 18 18 19 19 20 20 21 21 22 22 23 23 24 24 25 24 26 25 27 25 28 25 29 25 30 25 31 25 32 25 33 25 34 25 35 29 36 36 37 37 38 38 39 39 40 
32
1 0 
1 1 
1 2 
1 3 
1 4 
1 5 
1 6 
1 7 
1 8 
1 9 
1 10 
1 11 
1 12 
1 13 
1 14 
1 15 
1 16 
1 17 
1 18 
1 19 
1 20 
1 21 
1 22 
1 23 
1 24 
2 25 26 
9 27 28 29 30 31 32 33 34 35 
1 36 
1 37 
1 38 
1 39 
1 40 
41
0 0 0 -50.8
1 1 
1
4
50.8 4.39906e-015 -50.8 50.8 50.8 -50.8 10.0442 50.8 -50.8 10.0419 4.39906e-015 -50.8 
1 1 0 -49.9
2 0 2 
1
4
50.8 4.32112e-015 -49.9 50.8 50.8 -49.9 10.046 50.8 -49.9 10.0433 4.32112e-015 -49.9 
2 2 0 -49
2 1 3 
1
4
50.8 4.24319e-015 -49 50.8 50.8 -49 10.0476 50.8 -49 10.0447 4.24318e-015 -49 
3 3 0 -48.1
2 2 4 
1
4
50.8 4.16525e-015 -48.1 50.8 50.8 -48.1 10.0496 50.8 -48.1 10.0461 4.16525e-015 -48.1 
4 4 0 -47.2
2 3 5 
1
4
50.8 4.08732e-015 -47.2 50.8 50.8 -47.2 10.0516 50.8 -47.2 10.0477 4.08731e-015 -47.2 
5 5 0 -46.3
2 4 6 
1
4
50.8 4.00938e-015 -46.3 50.8 50.8 -46.3 10.0539 50.8 -46.3 10.0494 4.00938e-015 -46.3 
6 6 0 -45.4
2 5 7 
1
4
50.8 3.93144e-015 -45.4 50.8 50.8 -45.4 10.0563 50.8 -45.4 10.0513 3.93144e-015 -45.4 
7 7 0 -44.5
2 6 8 
1
4
50.8 3.85351e-015 -44.5 50.8 50.8 -44.5 10.0589 50.8 -44.5 10.0533 3.8535e-015 -44.5 
8 8 0 -43.6
2 7 9 
1
4
50.8 3.77557e-015 -43.6 50.8 50.8 -43.6 10.0617 50.8 -43.6 10.0554 3.77557e-015 -43.6 
9 9 0 -42.7
2 8 10 
1
4
50.8 3.69764e-015 -42.7 50.8 50.8 -42.7 10.0648 50.8 -42.7 10.0576 3.69763e-015 -42.7 
10 10 0 -41.8
2 9 11 
1
4
50.8 3.6197e-015 -41.8 50.8 50.8 -41.8 10.0681 50.8 -41.8 10.0601 3.6197e-015 -41.8 
11 11 0 -40.9
2 10 12 
1
4
50.8 3.54176e-015 -40.9 50.8 50.8 -40.9 10.0717 50.8 -40.9 10.0627 3.54176e-015 -40.9 
12 12 0 -40
2 11 13 
1
4
50.8 3.46383e-015 -40 50.8 50.8 -40 10.0755 50.8 -40 10.0654 3.46382e-015 -40 
13 13 0 -39.1
2 12 14 
1
4
50.8 3.38589e-015 -39.1 50.8 50.8 -39.1 10.0798 50.8 -39.1 10.0683 3.38589e-015 -39.1 
14 14 0 -38.2
2 13 15 
1
4
50.8 3.30795e-015 -38.2 50.8 50.8 -38.2 10.0844 50.8 -38.2 10.0712 3.30795e-015 -38.2 
15 15 0 -37.3
2 14 16 
1
4
50.8 3.23002e-015 -37.3 50.8 50.8 -37.3 10.0892 50.8 -37.3 10.0742 3.23002e-015 -37.3 
16 16 0 -36.4
2 15 17 
1
4
50.8 3.15208e-015 -36.4 50.8 50.8 -36.4 10.0943 50.8 -36.4 10.0772 3.15208e-015 -36.4 
17 17 0 -35.5
2 16 18 
1
4
50.8 3.07415e-015 -35.5 50.8 50.8 -35.5 10.0996 50.8 -35.5 10.0802 3.07414e-015 -35.5 
18 18 0 -34.6
2 17 19 
1
12
50.8 2.99621e-015 -34.6 50.8 50.8 -34.6 10.1047 50.8 -34.6 10.27 40 -34.6 10.2839 39.6 -34.6 10.308 38.6 -34.6 10.3178 38 -34.6 10.3304 37.6 -34.6 10.2577 12 -34.6 10.2433 11.6 -34.6 10.2328 11 -34.6 10.0831 2.99621e-015 -34.6 
19 19 0 -33.7
2 18 20 
1
35
50.8 2.91827e-015 -33.7 50.8 50.8 -33.7 10.1098 50.8 -33.7 10.2347 44 -33.7 10.26 43 -33.7 10.2716 42.7 -33.7 10.2862 42 -33.7 10.2991 41.7 -33.7 10.3157 41 -33.7 10.3322 40.7 -33.7 10.3521 40 -33.7 10.3741 39.7 -33.7 10.3983 39 -33.7 10.4233 38.7 -33.7 10.4454 38 -33.7 10.4704 37.7 -33.7 10.4925 37 -33.7 10.5067 36.7 -33.7 10.4962 23 -33.7 10.484 22.7 -33.7 10.4746 22 -33.7 10.4637 21.7 -33.7 10.4542 21 -33.7 10.4445 20.7 -33.7 10.4356 20 -33.7 10.4273 19.7 -33.7 10.3631 14 -33.7 10.3557 13.7 -33.7 10.3494 13 -33.7 10.3369 12.7 -33.7 10.3269 12 -33.7 10.3053 11.7 -33.7 10.28 11 -33.7 10.2645 10.7 -33.7 10.0857 2.91827e-015 -33.7 
20 20 0 -32.8
2 19 21 
2
51
50.8 2.84034e-015 -32.8 50.8 50.8 -32.8 10.1145 50.8 -32.8 10.184 47 -32.8 10.2138 46 -32.8 10.2242 45.8 -32.8 10.2499 45 -32.8 10.2633 44.8 -32.8 10.2898 44 -32.8 10.3031 43.8 -32.8 10.3305 43 -32.8 10.3481 42.8 -32.8 10.3792 42 -32.8 10.3993 41.8 -32.8 10.4337 41 -32.8 10.4637 40.8 -32.8 10.5078 40 -32.8 10.5665 39.2 -32.8 10.6148 39 -32.8 10.6582 38.708 -32.8 10.717 38 -32.8 10.7682 37.5799 -32.8 10.855 36.4581 -32.8 10.8768 36 -32.8 10.8783 26 -32.8 10.8321 23 -32.8 10.8089 22.6264 -32.8 10.7834 22 -32.8 10.7647 21.6805 -32.8 10.7401 21 -32.8 10.7247 20.7209 -32.8 10.6899 19.7486 -32.8 10.6606 18.7683 -32.8 10.6451 18 -32.8 10.6373 17.7851 -32.8 10.6226 17 -32.8 10.6156 16.7996 -32.8 10.6016 16 -32.8 10.6014 15.9961 -32.8 10.5834 15.8 -32.8 10.5702 15 -32.8 10.5508 14.8 -32.8 10.5342 14 -32.8 10.5121 13.8 -32.8 10.4922 13 -32.8 10.4628 12.8 -32.8 10.4293 12 -32.8 10.4043 11.8 -32.8 10.3302 10.8 -32.8 10.2773 9.8 -32.8 10.0881 2.84033e-015 -32.8 
29
26 13.7759 -32.8 25.7939 13.7939 -32.8 25.1141 14 -32.8 25 14.089 -32.8 24.7989 15 -32.8 24.7803 15.2197 -32.8 24.7618 15.312 -32.8 24.5721 16 -32.8 24.5699 16.2411 -32.8 24.4292 17 -32.8 24.4558 17.2 -32.8 24.503 18 -32.8 24.5297 18.2 -32.8 25 19.0295 -32.8 25.0807 19.0807 -32.8 26 19.4979 -32.8 26.4741 19.4741 -32.8 26.6473 19 -32.8 26.6981 18.3019 -32.8 26.714 18.2413 -32.8 26.7882 18 -32.8 26.6342 17.4939 -32.8 26.7453 17 -32.8 26.6837 16.6135 -32.8 26.8 16 -32.8 26.8396 15.492 -32.8 26.7092 15 -32.8 26.4137 14.4137 -32.8 26.2386 14 -32.8 
21 21 0 -31.9
2 20 22 
2
80
50.8 2.7624e-015 -31.9 50.8 50.8 -31.9 10.1194 50.8 -31.9 10.202 47 -31.9 10.2074 46.9 -31.9 10.2434 46 -31.9 10.252 45.9 -31.9 10.2986 45 -31.9 10.3118 44.9 -31.9 10.3721 44 -31.9 10.3922 43.9 -31.9 10.4521 43 -31.9 10.4796 42.9 -31.9 10.6492 41.1 -31.9 10.6717 41 -31.9 10.7315 40.6952 -31.9 10.8357 40 -31.9 11 39.3267 -31.9 11.723 39.277 -31.9 12 39.3878 -31.9 12.2307 39.2307 -31.9 12.4013 39 -31.9 13 38.0023 -31.9 13.0003 38.0003 -31.9 13.0003 37.9998 -31.9 13.1423 37.042 -31.9 13.1413 36.9 -31.9 13.3204 36 -31.9 13.3197 35.9 -31.9 13.4897 35 -31.9 13.489 34.9 -31.9 13.6044 34 -31.9 13.606 33.9 -31.9 13.6416 33 -31.9 13.6488 32.1 -31.9 13.6727 31 -31.9 13.6771 30.8728 -31.9 13.6933 30 -31.9 13.689 29.8851 -31.9 13.6685 29 -31.9 13.6302 27.9652 -31.9 13.5878 27 -31.9 13.5779 26.9 -31.9 13.5097 26 -31.9 13.4998 25.9 -31.9 13.4265 25 -31.9 13.2246 22.9 -31.9 13.1143 22 -31.9 13.1044 21.9 -31.9 13.0274 21.3742 -31.9 13 21.2127 -31.9 12.9192 21 -31.9 12.5956 20 -31.9 12.5545 19.8223 -31.9 12.268 19 -31.9 12.0136 18.0136 -31.9 12.0097 18 -31.9 12 17.9593 -31.9 11.7678 17.6016 -31.9 11.5459 17 -31.9 11.4082 16.7841 -31.9 11.0006 15.1079 -31.9 11 15.1058 -31.9 10.9903 15 -31.9 10.942 14.6432 -31.9 10.8797 14 -31.9 10.8492 13.8065 -31.9 10.7599 13 -31.9 10.7321 12.92 -31.9 10.6471 12.9 -31.9 10.5146 12 -31.9 10.5612 11.9 -31.9 10.4486 11 -31.9 10.4336 10.9 -31.9 10.3499 9.9 -31.9 10.2978 9 -31.9 10.2904 8.9 -31.9 10.2525 8 -31.9 10.2466 7.9 -31.9 10.0904 2.7624e-015 -31.9 
56
24.4097 13 -31.9 24.1835 13.6035 -31.9 24.0202 14 -31.9 24 14.1728 -31.9 23.9296 14.9 -31.9 23.9179 15 -31.9 23.8642 15.9 -31.9 23.8826 16 -31.9 23.8902 16.9 -31.9 23.8499 17 -31.9 23.8554 17.1 -31.9 23.9581 18 -31.9 24 18.0607 -31.9 24.0669 18.1 -31.9 24.1871 19 -31.9 24.5264 19.9 -31.9 24.5569 20 -31.9 24.5223 20.1 -31.9 24.7626 20.4978 -31.9 25 20.7306 -31.9 25.4225 21 -31.9 25.8009 21.1 -31.9 25.8715 21.1911 -31.9 27 21.9166 -31.9 27.4056 22 -31.9 28 22.2141 -31.9 28.1503 22.1503 -31.9 28.0818 22 -31.9 28.0702 21.9943 -31.9 28.366 21.0919 -31.9 28.3088 21 -31.9 28.2871 20.9 -31.9 28.121 20 -31.9 28.1 19.9319 -31.9 28 19.5505 -31.9 27.8284 19 -31.9 27.7894 18.9 -31.9 27.5789 18 -31.9 27.5399 17.9 -31.9 27.2399 17 -31.9 27.2622 16.9 -31.9 27.114 16 -31.9 27.1497 15.9 -31.9 27.4976 15 -31.9 27.4717 14.1 -31.9 27.5172 14 -31.9 27.5201 13.8671 -31.9 27.2175 13 -31.9 27.0592 12.6071 -31.9 27 12.4792 -31.9 26.6474 12.511 -31.9 26 12.3009 -31.9 25 12.3808 -31.9 24.9205 12.4919 -31.9 24.9 12.5755 -31.9 24.4164 12.9835 -31.9 
22 22 0 -31
2 21 23 
3
35
50.8 2.68447e-015 -31 50.8 50.8 -31 10.1246 50.8 -31 10.2189 47 -31 10.2736 46 -31 10.3599 45 -31 10.4913 44 -31 10.6929 43 -31 10.968 42 -31 11 41.9048 -31 11.3888 42 -31 12 42.0966 -31 13 42.0862 -31 13.16 42 -31 13.8592 41 -31 14 40.2108 -31 14.0222 40 -31 13.9756 34 -31 14.0595 30 -31 13.9782 27 -31 13.3865 21 -31 13.3123 20 -31 13.2989 19 -31 13.1048 17 -31 13 16.5492 -31 12.8186 16 -31 11.7368 13 -31 11 12.1999 -31 10.1505 12 -31 10.6162 11 -31 10.4659 10 -31 10.372 9 -31 10.2979 8 -31 10.2381 7 -31 10.0944 2.68446e-015 -31 
38
27 10.7768 -31 25 10.8887 -31 24.8868 11 -31 24.2053 12 -31 24 12.8352 -31 23.9695 13 -31 23.7995 14 -31 23.6826 15 -31 23.8663 16 -31 23.4635 17 -31 23.5193 18 -31 24 18.6971 -31 24.5187 19 -31 24.8229 20 -31 24.4775 21 -31 25 21.7712 -31 25.4378 22 -31 26 22.728 -31 26.3928 23 -31 27 23.58 -31 27.6409 24 -31 28 24.1405 -31 29 24.5492 -31 29.6414 24 -31 29.8097 23 -31 29.1286 22 -31 29 21.919 -31 28.4275 21 -31 28.2103 20 -31 27.8973 19 -31 27.1181 17 -31 27.3412 16 -31 27.6978 15 -31 28 14.2912 -31 28.1093 14 -31 28.225 13 -31 28 11.9482 -31 27.423 11 -31 
22
14.436 24 -31 14.499 27 -31 14.5078 33 -31 15 33.4922 -31 16 33.6588 -31 16.6588 33 -31 17 32.7423 -31 18 32.7867 -31 18.7867 32 -31 18.7965 30 -31 19 29.7515 -31 19.7515 29 -31 19.7331 28 -31 19 27.2669 -31 18.7616 27 -31 18 26.2384 -31 17.7539 26 -31 17 25.2461 -31 16.6854 25 -31 16 24.3146 -31 15.564 24 -31 15 23.436 -31 
23 23 0 -30.1
2 22 24 
3
88
50.8 2.60653e-015 -30.1 50.8 50.8 -30.1 10.1306 50.8 -30.1 10.1954 48 -30.1 10.2381 47 -30.1 10.3043 46 -30.1 10.4127 45.1 -30.1 10.4214 45 -30.1 10.6691 44.1 -30.1 10.6823 44 -30.1 10.7024 43.9 -30.1 11 43.3553 -30.1 11.3659 43.2905 -30.1 12 43.1607 -30.1 12.6699 43 -30.1 12.9133 42.9217 -30.1 13 42.9208 -30.1 13.153 42.847 -30.1 14 42.5302 -30.1 14.6589 42 -30.1 14.7087 41.8878 -30.1 14.6141 41 -30.1 14.6248 40.9 -30.1 14.6209 40 -30.1 14.5332 39.1 -30.1 14.5322 39 -30.1 14.3528 38.1 -30.1 14.352 38 -30.1 14.22 37.1 -30.1 14.2063 34.8903 -30.1 14.2266 33.8969 -30.1 14.2229 33 -30.1 14.2252 32.9 -30.1 14.1791 31.1 -30.1 14.1814 31 -30.1 14.1584 30.1 -30.1 14.1605 30 -30.1 14.0932 27 -30.1 14.0299 26 -30.1 13.5449 21 -30.1 13.5375 20.9 -30.1 13.9375 20 -30.1 14 19.7614 -30.1 14.8173 20 -30.1 14.8326 20.0026 -30.1 16 20.1835 -30.1 16.3338 20.2223 -30.1 17 20.3464 -30.1 17.6698 20.6698 -30.1 18 20.6863 -30.1 18.7634 21 -30.1 18.7663 21.0013 -30.1 19 21.2222 -30.1 19.0921 21 -30.1 18.6334 20 -30.1 18.6233 19.6719 -30.1 18.4312 19 -30.1 18.4082 18.636 -30.1 18.3564 18 -30.1 18.2849 17 -30.1 18.0432 13.1568 -30.1 18.0279 13 -30.1 18 12.7956 -30.1 17.5045 12 -30.1 17 11.2339 -30.1 16.8513 11 -30.1 16.55 10.55 -30.1 16.1138 10 -30.1 16 9.9577 -30.1 15.9132 10 -30.1 14.5879 11 -30.1 14 11.6164 -30.1 13.6537 12 -30.1 13.1927 12.4427 -30.1 13 12.644 -30.1 12.4226 12.1527 -30.1 12.2199 12 -30.1 12 11.9086 -30.1 11.0182 11 -30.1 11 10.982 -30.1 10.9616 10.8641 -30.1 10.6832 10.1 -30.1 10.6681 10 -30.1 10.4789 9.1 -30.1 10.4695 9 -30.1 10.341 8.1 -30.1 10.2595 7.1 -30.1 10.0982 2.60653e-015 -30.1 
90
25 9.40087 -30.1 24.5649 10.0889 -30.1 24.5536 10.1 -30.1 24.2114 11 -30.1 24.1433 11.1 -30.1 24.1019 11.2532 -30.1 24 11.6701 -30.1 23.9248 12 -30.1 23.9063 12.1 -30.1 23.9015 13 -30.1 23.8845 13.1 -30.1 23.5017 14 -30.1 23.49 14.1 -30.1 23.5364 15 -30.1 23.5547 15.1 -30.1 23.5886 16 -30.1 23.5483 16.1 -30.1 23.5588 17 -30.1 23.5644 17.1 -30.1 23.6252 18.9 -30.1 23.6891 19 -30.1 24 19.3928 -30.1 24.0519 19.4127 -30.1 24.5391 19.9 -30.1 24.5695 20 -30.1 24.535 20.1 -30.1 24.5785 21 -30.1 24.9478 21.4907 -30.1 25 21.5678 -30.1 25.0438 21.5907 -30.1 25.4531 22 -30.1 25.9438 22.6023 -30.1 26 22.6751 -30.1 26.0393 22.7023 -30.1 26.6461 23 -30.1 26.9393 23.3565 -30.1 27 23.4145 -30.1 27.0641 23.4565 -30.1 27.6184 24 -30.1 27.9641 24.5783 -30.1 28 24.5923 -30.1 28.1 24.6332 -30.1 28.2986 24.7492 -30.1 28.6283 25 -30.1 29 25.1155 -30.1 29.2652 25.1209 -30.1 30 25.1807 -30.1 30.3463 25 -30.1 30.8799 24.1201 -30.1 30.9466 24 -30.1 30.8955 23.8955 -30.1 30.7641 23.6574 -30.1 30.1538 23 -30.1 30 22.9302 -30.1 29.981 22.9178 -30.1 29.5955 22.1 -30.1 29.5274 22 -30.1 29.0129 21.404 -30.1 29 21.3959 -30.1 28.9428 21.304 -30.1 28.6387 21 -30.1 28.5268 20.1 -30.1 28.5051 20 -30.1 28.021 19.3854 -30.1 27.9897 19.2854 -30.1 27.7043 19 -30.1 27.6277 18.1 -30.1 27.5887 18 -30.1 27.5179 17.1 -30.1 27.4789 17 -30.1 27.5193 16.1 -30.1 27.5416 16 -30.1 27.5437 15.1 -30.1 27.5794 15 -30.1 27.6096 14.9291 -30.1 28 14.5387 -30.1 28.4333 14.0291 -30.1 28.4442 14 -30.1 28.4347 13.1 -30.1 28.4463 13 -30.1 28.7083 12.1 -30.1 28.6869 12 -30.1 28.4899 11 -30.1 28.4198 10.7416 -30.1 28.243 10 -30.1 28 9.73702 -30.1 27.8099 9.71281 -30.1 27 9.38951 -30.1 26.7985 9.39812 -30.1 26 9.35521 -30.1 
24
14.4662 24 -30.1 14.566 33 -30.1 15 33.434 -30.1 15.9 33.6208 -30.1 16 33.6375 -30.1 16.6375 33 -30.1 16.6716 32.9742 -30.1 17 32.7348 -30.1 17.9 32.7387 -30.1 18 32.7431 -30.1 18.7431 32 -30.1 18.7681 30 -30.1 19 29.71 -30.1 19.71 29 -30.1 19.6846 28 -30.1 19 27.3154 -30.1 18.7237 27 -30.1 18 26.2763 -30.1 17 25.2784 -30.1 16.9685 25.2538 -30.1 16.67 25 -30.1 16 24.33 -30.1 15.5338 24 -30.1 15 23.4662 -30.1 
24 24 0 -29.2
3 23 25 26 
3
137
50.8 2.52859e-015 -29.2 50.8 50.8 -29.2 10.1362 50.8 -29.2 10.2106 48 -29.2 10.2608 47 -29.2 10.3292 46.2 -29.2 10.3427 46 -29.2 10.4759 45.2 -29.2 10.5 45 -29.2 10.8726 44.2 -29.2 10.9277 44 -29.2 10.987 43.8916 -29.2 11 43.8771 -29.2 11.8 43.8584 -29.2 12 43.8175 -29.2 12.8 43.7886 -29.2 13 43.7406 -29.2 13.8 43.3789 -29.2 14 43.3079 -29.2 14.6548 42.8029 -29.2 15.6748 42 -29.2 15.9267 41.6856 -29.2 16.673 41 -29.2 16.9896 40.5631 -29.2 17.4383 40 -29.2 17.9329 39.3027 -29.2 18 39.2116 -29.2 18.1659 39 -29.2 18.4331 38.5669 -29.2 18 38.3354 -29.2 17 37.8479 -29.2 16.8292 37.8292 -29.2 16 37.5399 -29.2 15.6652 37.6652 -29.2 15 37.3395 -29.2 14.894 37.174 -29.2 14.8685 37 -29.2 14.4676 36.2 -29.2 14.4662 36 -29.2 14.3754 35.2 -29.2 14.3744 35 -29.2 14.3539 34.2 -29.2 14.3581 34 -29.2 14.3376 33.2 -29.2 14.3368 33 -29.2 14.1815 26.2 -29.2 14.1696 26 -29.2 13.8842 23 -29.2 13.8208 22.2 -29.2 13.7831 21.8 -29.2 13.9251 21.4634 -29.2 14 21.2638 -29.2 14.4718 21.3007 -29.2 15 21.3886 -29.2 15.8101 21.8101 -29.2 16 21.8648 -29.2 16.1863 22 -29.2 17.2175 23 -29.2 17.4756 23.1068 -29.2 18 23.3836 -29.2 18.704 23.9205 -29.2 18.8218 24 -29.2 19 24.0983 -29.2 19.5253 24.5253 -29.2 20 24.8596 -29.2 20.2284 25 -29.2 20.242 25.242 -29.2 20.4565 25.6076 -29.2 20.6337 26 -29.2 20.788 26.6854 -29.2 20.8955 27 -29.2 21 27.2731 -29.2 21.7631 27.7631 -29.2 21.9027 27 -29.2 21.9601 26.9601 -29.2 22.0379 26 -29.2 22.0519 25.9481 -29.2 22.2209 25 -29.2 22.6391 23.6391 -29.2 22.4253 23 -29.2 22 22.1937 -29.2 21.905 22 -29.2 20 18.5644 -29.2 19.8021 18 -29.2 19.7846 17.7846 -29.2 19.6939 17 -29.2 19.6692 16.6823 -29.2 19.5411 16 -29.2 19.5089 15.6417 -29.2 19.3797 15 -29.2 19.3019 14.5102 -29.2 19.1859 14 -29.2 19.1143 13.3137 -29.2 19.1149 13 -29.2 19.2704 12 -29.2 19.3078 11.5923 -29.2 19.3893 11 -29.2 19.6854 10.3146 -29.2 19.566 10 -29.2 19.0749 9.0749 -29.2 19.0385 9 -29.2 19 8.94369 -29.2 18.5824 8.41763 -29.2 18 8.51895 -29.2 17.6502 8.43941 -29.2 17 8.63845 -29.2 16.2703 9 -29.2 16.1672 9.16721 -29.2 16.0775 9.14685 -29.2 16 9.11805 -29.2 15.9403 9.16078 -29.2 15.2 9.60689 -29.2 15.1195 9.64611 -29.2 15 9.69515 -29.2 14.4941 10 -29.2 14.4127 10.0888 -29.2 14.2 10.217 -29.2 14.0525 10.3282 -29.2 14 10.35 -29.2 13 10.9344 -29.2 12.249 11 -29.2 12.0345 11.0345 -29.2 12.0151 11.029 -29.2 12 11.0227 -29.2 11.9754 11 -29.2 11.8306 10.884 -29.2 11.0945 10.2 -29.2 11.0638 10.1698 -29.2 11 10.0968 -29.2 10.9647 10 -29.2 10.9381 9.9554 -29.2 10.5786 9.2 -29.2 10.5365 9 -29.2 10.3843 8.2 -29.2 10.3557 8 -29.2 10.2652 7 -29.2 10.1015 2.52859e-015 -29.2 
97
24 9.74728 -29.2 23.6916 10 -29.2 23.3524 10.3524 -29.2 23.4871 10.5633 -29.2 23.9235 11 -29.2 23.8806 11.1117 -29.2 23.8605 11.2 -29.2 23.5922 12 -29.2 23.5911 12.2 -29.2 23.6283 13 -29.2 23.5432 13.2 -29.2 23.5719 14 -29.2 23.5822 14.2 -29.2 23.614 15.2 -29.2 23.6261 17 -29.2 23.6335 17.2 -29.2 23.6378 18 -29.2 23.644 18.2 -29.2 23.5941 19 -29.2 23.9274 19.2984 -29.2 24 19.3901 -29.2 24.6099 20 -29.2 24.6195 20.2 -29.2 24.5829 21 -29.2 24.9179 21.3692 -29.2 25 21.4782 -29.2 25.5218 22 -29.2 26 22.5783 -29.2 26.1348 22.6445 -29.2 26.4904 23 -29.2 26.9348 23.4576 -29.2 27 23.5368 -29.2 27.4656 24 -29.2 27.9232 24.5028 -29.2 28 24.6313 -29.2 28.094 24.7028 -29.2 28.6859 25 -29.2 28.894 25.3286 -29.2 29 25.3616 -29.2 29.8 25.6509 -29.2 30 25.6672 -29.2 30.8 25.5763 -29.2 31 25.4607 -29.2 31.5091 25 -29.2 31.6992 24.5849 -29.2 31.9671 24.0329 -29.2 31.9806 24.0032 -29.2 31.9822 24 -29.2 31.8163 23.7802 -29.2 31.8 23.7523 -29.2 31 23.6186 -29.2 30.8403 23.4465 -29.2 30.5654 23 -29.2 30.0403 22.632 -29.2 30 22.6137 -29.2 29.9143 22.432 -29.2 29.4823 22 -29.2 29.1143 21.5589 -29.2 29 21.4264 -29.2 28.5736 21 -29.2 28.46 20.2 -29.2 28.4352 20 -29.2 28.1076 19.6379 -29.2 28 19.5013 -29.2 27.4987 19 -29.2 27.4691 18.2 -29.2 27.452 18 -29.2 27.4263 17.2 -29.2 27.4105 17 -29.2 27.4076 16.2 -29.2 27.4165 16 -29.2 27.4152 15 -29.2 28 14.4152 -29.2 28.3414 14.1132 -29.2 28.4376 14 -29.2 28.6205 13.2 -29.2 28.6184 13 -29.2 28.6766 12.8 -29.2 28.7848 12.6243 -29.2 29 12.1837 -29.2 29.1497 12 -29.2 29.113 11.4712 -29.2 29.1124 11 -29.2 29 10.3654 -29.2 28.9507 10.1137 -29.2 28.9236 10 -29.2 28.8655 9.91988 -29.2 28.1307 9.2 -29.2 28.0652 9.12908 -29.2 28 9.07901 -29.2 27.7319 8.95349 -29.2 27 8.58368 -29.2 26.7721 8.56083 -29.2 26 8.24962 -29.2 25.728 8.29246 -29.2 25 8.29293 -29.2 24.2201 9 -29.2 
26
14.5009 24 -29.2 14.6032 33 -29.2 15 33.3968 -29.2 15.8 33.5814 -29.2 16 33.6229 -29.2 16.6229 33 -29.2 17 32.7271 -29.2 17.8 32.678 -29.2 18 32.6789 -29.2 18.6789 32 -29.2 18.7012 31.2 -29.2 18.7279 30 -29.2 18.775 29.9411 -29.2 19 29.6484 -29.2 19.6484 29 -29.2 19.6142 28 -29.2 19 27.3858 -29.2 18.6629 27 -29.2 17.9436 26.281 -29.2 17 25.3309 -29.2 16.9337 25.2745 -29.2 16.6253 25 -29.2 16 24.3747 -29.2 15.9061 24.3083 -29.2 15.4991 24 -29.2 15 23.5009 -29.2 
25 25 0 -28.3
10 24 27 28 29 30 31 32 33 34 35 
3
259
50.8 2.45066e-015 -28.3 50.8 50.8 -28.3 10.1407 50.8 -28.3 10.185 49 -28.3 10.2247 48 -28.3 10.2859 47 -28.3 10.3662 46.3 -28.3 10.3918 46 -28.3 10.5642 45.3 -28.3 10.6141 45 -28.3 10.7538 44.7 -28.3 10.7631 44.6872 -28.3 11 44.2918 -28.3 11.3301 44.2845 -28.3 12.3673 44.2435 -28.3 13 44.1669 -28.3 13.4897 44 -28.3 13.5419 43.9767 -28.3 13.7 43.9146 -28.3 14 43.779 -28.3 14.7 43.3353 -28.3 15 43.1123 -28.3 15.1605 43 -28.3 16.6531 41.836 -28.3 17 41.5199 -28.3 17.6522 41 -28.3 17.6942 40.9622 -28.3 18 40.6031 -28.3 18.6819 40 -28.3 20 38.3459 -28.3 20.2616 38 -28.3 21 37.0852 -28.3 21.0608 37 -28.3 21.2319 36.7681 -28.3 21.6748 36 -28.3 21.6792 35.6792 -28.3 22 35.583 -28.3 22.0513 35.4641 -28.3 22.9735 34.1542 -28.3 23 34.112 -28.3 23.0732 34 -28.3 23.1765 33.8235 -28.3 23.51 33 -28.3 23.6254 32.6254 -28.3 24 32.126 -28.3 24.0062 32.1093 -28.3 24.0623 32 -28.3 24.1475 31.8525 -28.3 24.496 31 -28.3 24.63 30.63 -28.3 24.9544 30 -28.3 24.958 29.958 -28.3 25 29.8938 -28.3 25.3536 29 -28.3 25.4081 28.4081 -28.3 25.708 28 -28.3 25.7329 27.7329 -28.3 25.6172 27 -28.3 25.4702 26.4702 -28.3 25.4008 26 -28.3 25.3342 25.6658 -28.3 25.1123 25.7241 -28.3 25 25.7587 -28.3 24.6248 25.0784 -28.3 24.5853 25 -28.3 24.3187 24.3402 -28.3 24.1561 24 -28.3 24 23.7072 -28.3 23.7669 23.3975 -28.3 23.7177 23.3 -28.3 23.6507 23.0666 -28.3 23.6379 23 -28.3 23 21.74 -28.3 22.7843 21.4227 -28.3 22.7218 21.3 -28.3 22.6375 21.1006 -28.3 22.6056 21 -28.3 22.2571 20.2823 -28.3 22.1116 20 -28.3 22 19.8124 -28.3 21.7626 19.5348 -28.3 21.6331 19.3 -28.3 21.5705 19.1607 -28.3 21.5239 19 -28.3 21 18.0599 -28.3 20.9861 18.0468 -28.3 20.9591 18 -28.3 20.738 17.7898 -28.3 20.473 17.3 -28.3 20.4351 17.0487 -28.3 20.4313 17 -28.3 20.365 16.5873 -28.3 20.2357 16 -28.3 20.0352 15 -28.3 20 14.9063 -28.3 19.8775 14.6403 -28.3 19.7526 14.3 -28.3 19.6844 14 -28.3 19.6849 13.7 -28.3 19.9827 13.0969 -28.3 20 13.052 -28.3 20.0229 13 -28.3 20.1682 11.5065 -28.3 20.4503 11 -28.3 20.5065 10.9642 -28.3 21 10.5646 -28.3 21.6095 10.3629 -28.3 22 10.2838 -28.3 22.2304 10.3905 -28.3 22.6626 10.7 -28.3 22.9753 10.8531 -28.3 23 10.875 -28.3 23.2552 11.1286 -28.3 23.4796 11.7 -28.3 23.379 12 -28.3 23.3929 12.3 -28.3 23.5382 13 -28.3 23.549 13.3 -28.3 23.5981 14 -28.3 23.6072 14.3 -28.3 23.6436 15 -28.3 23.6467 15.3 -28.3 23.6776 16 -28.3 23.6782 16.3 -28.3 23.6446 17 -28.3 23.6463 17.3 -28.3 23.5781 18.3 -28.3 23.504 19 -28.3 24 19.4352 -28.3 24.5648 20 -28.3 24.5511 20.3 -28.3 24.4715 21 -28.3 24.8744 21.5128 -28.3 25 21.6512 -28.3 25.3488 22 -28.3 25.6366 22.7 -28.3 25.9241 22.8355 -28.3 26 22.9269 -28.3 26.0731 23 -28.3 26.8783 23.7809 -28.3 27 23.9062 -28.3 27.0938 24 -28.3 27.2191 24.1377 -28.3 27.8323 24.8885 -28.3 28 24.8305 -28.3 28.222 24.9419 -28.3 28.2801 25 -28.3 28.922 25.5627 -28.3 29 25.6859 -28.3 29.3 25.7944 -28.3 29.4498 25.892 -28.3 29.6574 26 -28.3 29.3206 26.6794 -28.3 30 26.6332 -28.3 30.4119 26.5881 -28.3 30.7528 26.5029 -28.3 31 26.4206 -28.3 31.5502 26.3763 -28.3 32 26.3548 -28.3 32.2928 26 -28.3 32.3912 25.601 -28.3 32.4951 25 -28.3 32.5766 24.8219 -28.3 32.628 24.7 -28.3 32.6847 24 -28.3 32.0514 23.334 -28.3 32 23.2515 -28.3 31.7 23.2014 -28.3 31 23.3619 -28.3 30.8969 23.1945 -28.3 30.7522 23 -28.3 30.1969 22.7017 -28.3 30 22.5637 -28.3 29.4363 22 -28.3 29.138 21.7209 -28.3 29 21.5555 -28.3 28.4445 21 -28.3 28.3873 20.3 -28.3 28.3447 20 -28.3 28.1229 19.7659 -28.3 28 19.6301 -28.3 27.3699 19 -28.3 27.3421 18 -28.3 27.3178 17 -28.3 27.3462 16.3 -28.3 27.3451 16 -28.3 27.4311 15.3 -28.3 27.4304 15 -28.3 28 14.4304 -28.3 28.3269 14.1132 -28.3 28.4549 14 -28.3 28.5825 13.3 -28.3 28.6511 13 -28.3 28.7545 12.7883 -28.3 29 12.1593 -28.3 29.0779 12.0883 -28.3 29.1499 12 -28.3 29.5592 11.3 -28.3 29.5589 11 -28.3 29.5948 10.3 -28.3 29.5436 10 -28.3 29.0204 9.31071 -28.3 29 9.28066 -28.3 28.7245 9.01071 -28.3 28.7119 9 -28.3 28 8.44427 -28.3 27.7 8.2927 -28.3 27.3096 8.07223 -28.3 27.1886 8 -28.3 27 7.89745 -28.3 26.6887 7.77184 -28.3 26 7.58275 -28.3 25.696 7.57834 -28.3 24.1551 7.1551 -28.3 24 7.16548 -28.3 23.1682 7.16821 -28.3 23 7.17718 -28.3 22.1329 7.13286 -28.3 22 7.14171 -28.3 21.037 7.03701 -28.3 21 7.03999 -28.3 20.6554 7 -28.3 20 6.97173 -28.3 19.7604 7 -28.3 19.205 7.20504 -28.3 19.0129 7.1551 -28.3 19 7.15002 -28.3 18.6882 7.29018 -28.3 18.3 7.4252 -28.3 18.2374 7.43502 -28.3 18 7.46385 -28.3 17.313 7.74735 -28.3 17 7.89512 -28.3 16.3 8.32044 -28.3 16 8.47378 -28.3 15.3 8.87129 -28.3 15.1038 8.99533 -28.3 15 9.0579 -28.3 14.7808 9.16729 -28.3 14.3 9.42009 -28.3 14.0798 9.5528 -28.3 14 9.60344 -28.3 13.537 10 -28.3 13.4779 10.0481 -28.3 13.3 10.2397 -28.3 13 10.4173 -28.3 12.7 10.4482 -28.3 12 10.3719 -28.3 11.7239 10.1154 -28.3 11.5681 10 -28.3 11.0239 9.76174 -28.3 11 9.74502 -28.3 10.8652 9.46174 -28.3 10.5939 9 -28.3 10.4352 8.3 -28.3 10.3781 8 -28.3 10.2774 7 -28.3 10.219 6 -28.3 10.1041 2.45066e-015 -28.3 
28
33.1455 15 -28.3 33.0895 15.0895 -28.3 32.9682 16 -28.3 32.8829 16.8049 -28.3 32.8594 17 -28.3 33 17.2451 -28.3 33.6503 18 -28.3 33.7136 18.0344 -28.3 34 18.223 -28.3 34.8219 18.9606 -28.3 34.8709 19 -28.3 35 19.0751 -28.3 35.3155 19 -28.3 35.7393 18.7393 -28.3 36 18.7005 -28.3 36.9043 18 -28.3 36.9465 17.9465 -28.3 37 17.8519 -28.3 37.1452 17.401 -28.3 37.2289 17 -28.3 37.2683 16.47 -28.3 37.3554 16 -28.3 37 15.2496 -28.3 35.602 14.602 -28.3 35 14.3501 -28.3 34.0251 14.0251 -28.3 34 14.0178 -28.3 33.4113 14.4113 -28.3 
9
28 26.1563 -28.3 27.3802 26.3802 -28.3 27.8518 28.0524 -28.3 28 28.1329 -28.3 28.5713 28.3844 -28.3 29 28.3168 -28.3 29.4321 28 -28.3 29 27.4348 -28.3 28.4514 27 -28.3 
25 26 0 -28.3
1 24 
1
11
21 29.6117 -28.3 21.1048 29.8455 -28.3 21.1265 30 -28.3 21.2024 30.2024 -28.3 21.2731 31 -28.3 21.2445 31.2445 -28.3 21 31.8387 -28.3 20.4393 31 -28.3 20.4272 30.4272 -28.3 20.5247 30 -28.3 20.5982 29.5982 -28.3 
26 27 0 -27.4
1 25 
1
224
50.8 2.37272e-015 -27.4 50.8 50.8 -27.4 10.742 50.8 -27.4 10.8293 48 -27.4 10.8944 47 -27.4 11 46.0793 -27.4 11.0729 46.0729 -27.4 11.52 46 -27.4 11.9681 45.9681 -27.4 12 45.9647 -27.4 12.8972 45.8972 -27.4 13 45.8753 -27.4 13.8058 45.8058 -27.4 14 45.7343 -27.4 14.5726 45.5726 -27.4 15 45.1453 -27.4 15.1053 45.1053 -27.4 15.22 45 -27.4 15.8111 44.8111 -27.4 16 44.6039 -27.4 16.4442 44.4442 -27.4 16.8498 44 -27.4 16 43.8186 -27.4 15.3844 43.6156 -27.4 15.6121 43.1076 -27.4 15.7659 43 -27.4 16 42.8194 -27.4 16.6553 42.3447 -27.4 16.7435 43 -27.4 17 43.898 -27.4 17.6148 43.6148 -27.4 18 43.1133 -27.4 18.075 43.075 -27.4 18.1371 43 -27.4 18.7273 42.7273 -27.4 19 42.352 -27.4 19.2324 42.2324 -27.4 19.4204 42 -27.4 19.8215 41.8215 -27.4 20 41.5666 -27.4 20.3674 41.3674 -27.4 20.6104 41 -27.4 20.8635 40.8635 -27.4 21 40.5716 -27.4 21.3257 40.3257 -27.4 21.4893 40 -27.4 21.769 39.769 -27.4 22 39.2675 -27.4 22.1434 39.1434 -27.4 22.2139 39 -27.4 22.6317 38.6317 -27.4 22.939 38 -27.4 22 37.5173 -27.4 21.5808 37.4192 -27.4 22 36.8382 -27.4 22.3827 36.6173 -27.4 22.6282 37 -27.4 23 37.9071 -27.4 23.4701 37.4701 -27.4 23.7083 37 -27.4 23.8687 36.8687 -27.4 24 36.5587 -27.4 24.2841 36.284 -27.4 24.432 36 -27.4 24.7384 35.7384 -27.4 25 35.1441 -27.4 25.0722 35.0722 -27.4 25.1105 35 -27.4 25.5778 34.5778 -27.4 25.8451 34 -27.4 25 33.7315 -27.4 24.15 33.85 -27.4 24.6732 33.0317 -27.4 25 32.4702 -27.4 25.8621 33 -27.4 26 33.7039 -27.4 26.3261 33.3261 -27.4 26.4683 33 -27.4 26.7189 32.7189 -27.4 26.9854 32 -27.4 26 31.6362 -27.4 25.5221 31.4779 -27.4 25.7172 31.0716 -27.4 25.7556 31 -27.4 26 30.5837 -27.4 26.7824 31 -27.4 27 31.9705 -27.4 27.5027 31.5027 -27.4 28 31.3893 -27.4 28.3447 31.3447 -27.4 29 31.1263 -27.4 29.0876 31.0876 -27.4 29.2115 31 -27.4 29.7861 30.7861 -27.4 30 30.6175 -27.4 30.4293 30.4293 -27.4 31 30.0236 -27.4 31.0165 30.0165 -27.4 31.0367 30 -27.4 31.7139 29.7139 -27.4 32 29.4908 -27.4 32.3349 29.3349 -27.4 32.524 29 -27.4 32.8112 28.8112 -27.4 33 28.4005 -27.4 33.2146 28.2146 -27.4 33.315 28 -27.4 33.7002 27.7002 -27.4 33.9942 27 -27.4 33.9731 26.9731 -27.4 34 26.9912 -27.4 34.5465 26.5465 -27.4 34.7774 26 -27.4 34.8334 25.8334 -27.4 35 25.5061 -27.4 35.2836 25.2836 -27.4 36 25.1346 -27.4 36.1038 25.1038 -27.4 36.3283 25 -27.4 36.8128 24.8128 -27.4 37 24.6528 -27.4 37.3415 24.3415 -27.4 37.4348 24 -27.4 37.3365 23 -27.4 37.162 22.162 -27.4 37.1355 22 -27.4 37 21.4678 -27.4 36.9252 21 -27.4 36.9496 20.9496 -27.4 37 20.9167 -27.4 37.6662 20.6662 -27.4 38 20.4416 -27.4 38.3419 20.3419 -27.4 38.6017 20 -27.4 38.8703 19.8703 -27.4 39 19.3582 -27.4 39.1481 19.1481 -27.4 39.1828 19 -27.4 39.3684 18.3684 -27.4 39.545 17.545 -27.4 39.6115 17 -27.4 39.6817 16.6817 -27.4 39.7517 16 -27.4 39.7209 15 -27.4 39 14.0677 -27.4 38.9502 14 -27.4 38.5731 13.5731 -27.4 38.1115 13 -27.4 38 12.877 -27.4 37.5119 12.5119 -27.4 37 12.0855 -27.4 36.8732 12 -27.4 36 11.3188 -27.4 35.53 11 -27.4 35 10.5884 -27.4 34.1367 10 -27.4 34 9.90123 -27.4 33.7595 9.75954 -27.4 33 9.2155 -27.4 32.6202 9 -27.4 32 8.56843 -27.4 31.0067 8 -27.4 31 7.99539 -27.4 30.9891 7.98908 -27.4 30 7.30351 -27.4 29.477 7 -27.4 29 6.67516 -27.4 28.2562 6.25616 -27.4 28 6.07509 -27.4 27.6287 6 -27.4 27 5.83643 -27.4 26.7962 5.79619 -27.4 26 5.6061 -27.4 25.4691 5.46911 -27.4 25 5.27738 -27.4 24.0359 5.03589 -27.4 24 5.02088 -27.4 23.7641 5 -27.4 23 4.86372 -27.4 22.8637 4.86372 -27.4 19.9134 4.91343 -27.4 19 4.86582 -27.4 18.8753 4.87533 -27.4 18.4591 5 -27.4 18.0506 5.05058 -27.4 18 5.0785 -27.4 17.3061 5.30611 -27.4 17 5.55646 -27.4 16.6696 5.6696 -27.4 16.2709 6 -27.4 17 6.14464 -27.4 17.4384 7 -27.4 17.3243 7.06256 -27.4 17 7.21566 -27.4 16.4804 7.51957 -27.4 16 6.12965 -27.4 15.3492 6.34922 -27.4 15 6.63485 -27.4 14.731 6.73098 -27.4 14.3832 7 -27.4 15 7.09487 -27.4 15.5733 8 -27.4 15.3736 8.09994 -27.4 15 8.31207 -27.4 14.0143 8.99765 -27.4 14 9.00516 -27.4 13.9817 9.01826 -27.4 13.9537 9 -27.4 13.6641 8.66412 -27.4 14 8.92787 -27.4 14.2382 8 -27.4 14 7.17233 -27.4 13.4054 7.40542 -27.4 13 7.81603 -27.4 12.8853 7.88525 -27.4 12.7176 8 -27.4 12.1961 8.19614 -27.4 12 8.23698 -27.4 11.0917 8.09167 -27.4 11 8.06266 -27.4 10.9858 8 -27.4 10.8816 7 -27.4 10.8216 6 -27.4 10.7049 2.37272e-015 -27.4 
26 28 0 -27.4
1 25 
1
9
32 10.7524 -27.4 31.2972 10 -27.4 31.2743 9.27427 -27.4 32 9.10848 -27.4 32.7866 10 -27.4 33 10.6167 -27.4 33.2964 11 -27.4 33.2858 11.2858 -27.4 32.6613 11 -27.4 
26 29 0 -27.4
2 25 36 
1
62
21.6737 11.6737 -27.4 22 11.6125 -27.4 22.7811 11.7811 -27.4 22.9334 11.8376 -27.4 23 11.8675 -27.4 23.052 12 -27.4 23.1282 12.1427 -27.4 23.353 12.6 -27.4 23.436 13 -27.4 23.4641 13.4 -27.4 23.5663 14 -27.4 23.5871 14.4 -27.4 23.6441 15 -27.4 23.6618 15.4 -27.4 23.6789 16 -27.4 23.6597 16.4 -27.4 23.589 17.4 -27.4 23.4846 18.4 -27.4 23.3797 19 -27.4 23.788 19.3355 -27.4 24 19.5202 -27.4 24.4798 20 -27.4 24.4343 20.4 -27.4 24.3009 21 -27.4 24.1698 21.3299 -27.4 24.9203 21.8615 -27.4 25 21.9629 -27.4 25.0371 22 -27.4 25 22.3204 -27.4 24.1341 22.1341 -27.4 24 22.0568 -27.4 23.9965 22.0502 -27.4 23.9709 22 -27.4 23.7681 21.7299 -27.4 23.5584 21.4 -27.4 23.3902 21.0701 -27.4 23.36 21 -27.4 23 20.3877 -27.4 22.9693 20.3435 -27.4 22.7923 20 -27.4 22.7581 19.9538 -27.4 22.4047 19.4 -27.4 22.2467 19.1342 -27.4 22.1779 19 -27.4 22 18.7035 -27.4 21.1776 17.4 -27.4 21.0291 17.154 -27.4 21 17.1077 -27.4 20.9417 17 -27.4 20.6386 16.4 -27.4 20.5505 16 -27.4 20.2046 15.4 -27.4 20.1213 15 -27.4 20.0772 14.6203 -27.4 19.9286 14.2203 -27.4 19.9044 14 -27.4 19.9758 13.8146 -27.4 20 13.7644 -27.4 20.3028 13.2146 -27.4 20.3973 13 -27.4 20.4356 12.6 -27.4 21 11.6764 -27.4 
26 30 0 -27.4
1 25 
1
11
29.546 12.454 -27.4 29.8059 13 -27.4 30 13.8907 -27.4 30.0738 14 -27.4 30.0595 14.0595 -27.4 30 14.3633 -27.4 29.8735 14 -27.4 29 13.8304 -27.4 28.8116 13.3534 -27.4 28.876 13 -27.4 29 12.6824 -27.4 
26 31 0 -27.4
1 25 
1
29
29.6756 15 -27.4 29.5413 15.5413 -27.4 29.6556 16 -27.4 29.5756 16.5756 -27.4 29.5909 17 -27.4 30 17.8958 -27.4 30.0287 18 -27.4 30.2247 18.2247 -27.4 30.8019 19 -27.4 30.7492 19.7492 -27.4 30.6535 20 -27.4 30.3151 20.3151 -27.4 30.1191 21 -27.4 30.1226 21.1226 -27.4 30 21.3273 -27.4 29.0474 21.0474 -27.4 29.0009 21.0022 -27.4 29 21.0013 -27.4 28.9987 21 -27.4 28.917 20 -27.4 28.0312 19.0984 -27.4 28 19.0655 -27.4 27.9345 19 -27.4 27.8897 17 -27.4 27.9302 16 -27.4 28 15.4321 -27.4 28.4819 15.4819 -27.4 28.6 15 -27.4 29 14.6543 -27.4 
26 32 0 -27.4
1 25 
1
10
31.4533 16 -27.4 31.4121 16.4121 -27.4 31.3337 17 -27.4 31.6023 17.6023 -27.4 31 17.5758 -27.4 30.1577 17 -27.4 30.1177 16.1177 -27.4 30.087 16 -27.4 30.0513 15.0513 -27.4 31 15.3276 -27.4 
26 33 0 -27.4
1 25 
1
11
32.951 18.7683 -27.4 33 18.7962 -27.4 33.2948 19 -27.4 34 19.7238 -27.4 34.6154 20 -27.4 34.65 20.65 -27.4 34 20.4886 -27.4 33.4371 20 -27.4 33 19.5852 -27.4 32.409 19 -27.4 32.4508 18.4508 -27.4 
26 34 0 -27.4
1 25 
1
14
32.6275 20.6275 -27.4 33 20.7524 -27.4 33.1963 21 -27.4 33.1936 21.1936 -27.4 33 21.1484 -27.4 32.515 21.515 -27.4 32.0277 22 -27.4 32.0277 22.0277 -27.4 32 22.0131 -27.4 31.9295 22 -27.4 31.9316 21.9316 -27.4 31.2675 21 -27.4 31.0818 20.0818 -27.4 32 20.2166 -27.4 
26 35 0 -27.4
1 25 
1
17
34.1984 23.1984 -27.4 34.5285 23 -27.4 35 22.0471 -27.4 35.0135 22.0135 -27.4 36 22.3643 -27.4 36.8818 23 -27.4 36.8537 23.8537 -27.4 36 23.7164 -27.4 35.4122 23.4122 -27.4 35.7605 24 -27.4 35.9658 24.9658 -27.4 35 24.9172 -27.4 34.9007 24.9007 -27.4 34 24.65 -27.4 33.6035 24 -27.4 33.4463 23.4463 -27.4 34 23.2323 -27.4 
27 36 0 -26.5
2 29 37 
1
44
21 12.2006 -26.5 21.5 12.3381 -26.5 22 12.3167 -26.5 22.5 12.4183 -26.5 23 12.4664 -26.5 23.1873 12.8475 -26.5 23.3398 13 -26.5 23.425 13.5 -26.5 23.5317 14 -26.5 23.5792 14.5 -26.5 23.6469 15 -26.5 23.6724 16 -26.5 23.5989 17 -26.5 23.5471 17.5 -26.5 23.4854 18 -26.5 23.3979 18.5 -26.5 23.281 19 -26.5 23.6213 19.2796 -26.5 24 19.6018 -26.5 24.3982 20 -26.5 24.2871 20.5 -26.5 24.1292 21 -26.5 24.0199 21.275 -26.5 24 21.3146 -26.5 23.1877 20 -26.5 23.0236 19.7716 -26.5 23 19.7331 -26.5 22.7056 19.2716 -26.5 22.2055 18.5947 -26.5 22 18.2521 -26.5 21.9005 18.0947 -26.5 21.8503 18 -26.5 21.4611 17.5 -26.5 21.0851 16.9063 -26.5 21 16.7514 -26.5 20.825 16.4064 -26.5 20.6771 16 -26.5 20.5874 15.5 -26.5 20.2991 15 -26.5 20.0882 14.5 -26.5 20.0312 14 -26.5 20.0515 13.9581 -26.5 20.3038 13.5 -26.5 20.8596 12.5922 -26.5 
28 37 0 -25.6
2 36 38 
1
41
23 12.682 -25.6 23.318 13 -25.6 23.532 14 -25.6 23.6644 15 -25.6 23.678 15.6 -25.6 23.6813 16 -25.6 23.6075 17 -25.6 23.4892 18 -25.6 23.3489 18.6 -25.6 23.2686 19 -25.6 24 19.6286 -25.6 24.3714 20 -25.6 24.1819 20.6 -25.6 24.1482 20.6249 -25.6 24 20.7731 -25.6 23.97 20.758 -25.6 23.812 20.6 -25.6 23.4388 20 -25.6 23.1968 19.7231 -25.6 22.7593 19.1231 -25.6 22.6362 19 -25.6 22.3593 18.6764 -25.6 22 18.19 -25.6 21.9397 18.0764 -25.6 21.8633 18 -25.6 21.7588 17.6 -25.6 21.2919 17 -25.6 21.0728 16.7401 -25.6 21 16.6277 -25.6 20.8225 16.1401 -25.6 20.6824 16 -25.6 20.6316 15.6 -25.6 20.5239 15 -25.6 20.4135 14.6 -25.6 20.1604 14 -25.6 20.3755 13.6 -25.6 20.7453 13 -25.6 20.9137 12.53 -25.6 21 12.4437 -25.6 21.4 12.3126 -25.6 22 12.4776 -25.6 
29 38 0 -24.7
2 37 39 
1
32
23.3507 13 -24.7 23.5634 14 -24.7 23.653 14.7 -24.7 23.6821 15 -24.7 23.6923 16 -24.7 23.6241 17 -24.7 23.5169 18 -24.7 23.3765 18.7 -24.7 23.3243 19 -24.7 24 19.5922 -24.7 24.4078 20 -24.7 24 20.4078 -24.7 23.5922 20 -24.7 23 19.3243 -24.7 22.6757 19 -24.7 22 18.2132 -24.7 21.7868 18 -24.7 21.7201 17.7 -24.7 21.5372 17 -24.7 21.3834 16.8121 -24.7 21 16.3572 -24.7 20.6428 16 -24.7 20.6111 15.7 -24.7 20.5221 15 -24.7 20.5581 14.7 -24.7 20.3649 14 -24.7 20.4082 13.7 -24.7 20.7845 13 -24.7 21 12.7845 -24.7 22 12.454 -24.7 22.3 12.5051 -24.7 23 12.6494 -24.7 
30 39 0 -23.8
2 38 40 
1
34
23.3869 13 -23.8 23.5532 13.8 -23.8 23.6523 14.8 -23.8 23.6679 15 -23.8 23.6797 15.8 -23.8 23.691 16 -23.8 23.6396 16.8 -23.8 23.6393 17 -23.8 23.5418 18 -23.8 23.4026 18.8 -23.8 23.3722 19 -23.8 24 19.555 -23.8 24.445 20 -23.8 24 20.445 -23.8 23.555 20 -23.8 23 19.3722 -23.8 22.6278 19 -23.8 22 18.2774 -23.8 21.7226 18 -23.8 21.6844 17.8 -23.8 21.5066 17 -23.8 21.4102 16.8753 -23.8 21 16.3742 -23.8 20.6258 16 -23.8 20.6102 15.8 -23.8 20.5256 15 -23.8 20.6444 14 -23.8 20.6769 13.8 -23.8 20.7925 13 -23.8 21 12.7925 -23.8 21.2 12.7194 -23.8 22 12.4499 -23.8 22.2 12.4766 -23.8 23 12.6131 -23.8 
31 40 0 -22.9
1 39 
1
36
21 12.7912 -22.9 21.1 12.779 -22.9 22 12.4503 -22.9 22.1 12.4742 -22.9 23 12.5943 -22.9 23.4057 13 -22.9 23.5135 14 -22.9 23.5909 15 -22.9 23.6478 16 -22.9 23.6462 16.9 -22.9 23.6511 17 -22.9 23.5702 17.9 -22.9 23.5686 18 -22.9 23.4319 18.9 -22.9 23.426 19 -22.9 23.9569 19.4723 -22.9 24 19.5127 -22.9 24.4873 20 -22.9 24 20.4873 -22.9 23.5127 20 -22.9 23.4723 19.9569 -22.9 23 19.426 -22.9 22.574 19 -22.9 22.5309 18.9537 -22.9 22 18.3479 -22.9 21.6521 18 -22.9 21.6457 17.9 -22.9 21.4738 17 -22.9 21 16.3871 -22.9 20.6129 16 -22.9 20.6171 15.9 -22.9 20.5468 15 -22.9 20.5461 14.9 -22.9 20.648 14 -22.9 20.6446 13.9 -22.9 20.7912 13 -22.9 
