28
0
1
7
23.7026 14.2125 -13.4966 25.6261 14.1985 -13.4966 25.6362 14.1986 -13.4966 24.7005 15 -13.4966 24.6958 20.1328 -13.4966 23.3768 20.1175 -13.4966 23.3768 14.3371 -13.4966 
1
9
21.818 14.3377 -12.5966 22.1438 14.2137 -12.5966 24.0672 14.2024 -12.5966 26.1554 14.2243 -12.5966 25.2461 15 -12.5966 25.2413 20.1537 -12.5966 21.8179 20.1116 -12.5966 21.8179 19.7964 -12.5966 21.818 19.7957 -12.5966 
1
7
20.2592 20.1192 -11.6966 25.797 20.1822 -11.6966 25.8009 15 -11.6966 26.6745 14.2596 -11.6966 22.5084 14.2038 -11.6966 20.5848 14.2128 -11.6966 20.2591 14.3367 -11.6966 
1
11
19.026 14.2098 -10.7966 20.9495 14.2023 -10.7966 26.7199 14.2976 -10.7966 27.1456 14.3112 -10.7966 27.1935 14.3136 -10.7966 26.3711 15 -10.7966 26.3705 20.2235 -10.7966 19.0223 20.1267 -10.7966 19.0217 15 -10.7966 18.7002 14.7188 -10.7966 18.7003 14.3336 -10.7966 
1
13
18.6073 14.201 -9.8966 19.3907 14.1979 -9.8966 27.0845 14.3639 -9.8966 27.6653 14.4051 -9.8966 27.7117 14.4101 -9.8966 27.1414 14.8655 -9.8966 26.979 15 -9.8966 26.979 20.2896 -9.8966 25.4631 20.2098 -9.8966 24.3084 20.1713 -9.8966 23.1537 20.1561 -9.8966 19.5194 20.1456 -9.8966 19.5194 15 -9.8966 
2
28
27.0744 14.4114 -8.9966 27.4492 14.4469 -8.9966 27.9156 14.5019 -8.9966 28.1849 14.6012 -8.9966 28.8351 14.772 -8.9966 28.8423 14.7755 -8.9966 29.2954 15.3509 -8.9966 29.3653 15.3656 -8.9966 29.3726 15.3639 -8.9966 30.406 15.6984 -8.9966 30.5662 15.5878 -8.9966 30.569 20.979 -8.9966 29.5826 20.9679 -8.9966 29.4469 20.9639 -8.9966 29.2614 20.9106 -8.9966 28.6449 20.6909 -8.9966 28.6465 15 -8.9966 28.2921 14.8088 -8.9966 27.7697 15 -8.9966 27.7731 20.4457 -8.9966 27.5825 20.4018 -8.9966 27.1374 20.3493 -8.9966 25.9827 20.2522 -8.9966 24.8281 20.1969 -8.9966 23.6733 20.1779 -8.9966 20.0086 20.1709 -8.9966 20.0086 15 -8.9966 19.1131 14.2118 -8.9966 
15
39.3546 15.7337 -8.9966 39.4867 15.4904 -8.9966 39.6303 15.434 -8.9966 39.6443 20.618 -8.9966 39.6443 20.6181 -8.9966 39.6548 29 -8.9966 39.5826 29.451 -8.9966 39.3723 29.2576 -8.9966 39.4061 29.1981 -8.9966 39.4223 28.3686 -8.9966 39.3935 28.2363 -8.9966 39.3828 27.3788 -8.9966 39.3651 27.2746 -8.9966 39.3558 16.6937 -8.9966 39.3558 16.6935 -8.9966 
2
36
19.6322 14.2438 -8.0966 20.4846 15 -8.0966 20.4847 20.2066 -8.0966 24.1929 20.203 -8.0966 25.3477 20.2254 -8.0966 26.5024 20.3047 -8.0966 27.1561 20.406 -8.0966 27.657 20.4704 -8.0966 28.5233 20.7259 -8.0966 28.8117 20.9587 -8.0966 28.9038 21 -8.0966 28.9038 29 -8.0966 28.9518 30 -8.0966 28.9635 30.1315 -8.0966 29.0091 31 -8.0966 29.0357 31.1939 -8.0966 29.1129 32 -8.0966 29.1217 32.0384 -8.0966 29.0881 31.4537 -8.0966 29.0465 31.1215 -8.0966 29.0237 30.4363 -8.0966 29.0015 30.1598 -8.0966 28.9811 29.4376 -8.0966 28.9694 29.1981 -8.0966 28.9621 15.7337 -8.0966 28.7045 15.3759 -8.0966 28.6965 15.3673 -8.0966 28.565 15.1476 -8.0966 28.4379 14.772 -8.0966 28.369 14.7332 -8.0966 27.8139 14.5795 -8.0966 27.6745 14.5281 -8.0966 27.594 14.5186 -8.0966 27.2937 14.5029 -8.0966 26.4835 14.4319 -8.0966 25.8903 14.4293 -8.0966 
31
36.827 14.5607 -8.0966 37.4312 14.7483 -8.0966 37.5007 14.772 -8.0966 37.5194 14.7881 -8.0966 37.531 14.7958 -8.0966 37.5887 14.8707 -8.0966 38.1794 15.7337 -8.0966 38.1742 29.1981 -8.0966 38.158 29.6104 -8.0966 38.1804 30.1598 -8.0966 38.2114 30.6991 -8.0966 38.1973 31.1215 -8.0966 38.239 31.6847 -8.0966 38.2167 32.0833 -8.0966 38.2776 32.68 -8.0966 38.2457 33.045 -8.0966 38.4462 33.7876 -8.0966 38.4586 34.0067 -8.0966 38.5227 34.1817 -8.0966 38.3545 34 -8.0966 38.0493 33.1643 -8.0966 38.0314 33.0285 -8.0966 38.0266 33 -8.0966 37.99 32 -8.0966 37.9525 30 -8.0966 37.9572 21 -8.0966 37.4967 20.7004 -8.0966 37.5172 15 -8.0966 36.8946 14.8654 -8.0966 36.1997 14.4956 -8.0966 36.4782 14.5156 -8.0966 
2
25
20.1503 14.2911 -7.1966 20.9371 15 -7.1966 20.9371 20.2604 -7.1966 21.2485 20.2693 -7.1966 22.4032 20.2735 -7.1966 24.7125 20.23 -7.1966 25.8673 20.2536 -7.1966 27.022 20.3551 -7.1966 27.7829 20.5189 -7.1966 28.1766 20.5922 -7.1966 28.2821 20.6231 -7.1966 28.328 20.6602 -7.1966 28.4649 20.7576 -7.1966 28.7081 20.881 -7.1966 28.7034 20.8049 -7.1966 28.6903 20.7655 -7.1966 28.6229 20.5424 -7.1966 28.6221 15.7337 -7.1966 28.3444 14.772 -7.1966 28.1784 14.6636 -7.1966 28.137 14.6403 -7.1966 28.1136 14.6338 -7.1966 28.025 14.6218 -7.1966 27.0031 14.4435 -7.1966 24.3315 14.4297 -7.1966 
38
34.5703 14.4456 -7.1966 35.8872 14.4429 -7.1966 36.5858 14.5209 -7.1966 36.9978 14.7294 -7.1966 37.1227 14.772 -7.1966 37.125 14.774 -7.1966 37.2899 14.883 -7.1966 37.7308 15.4559 -7.1966 37.7959 15.5316 -7.1966 37.9622 15.7337 -7.1966 37.9649 15.7449 -7.1966 37.9758 15.8237 -7.1966 37.9837 29.1981 -7.1966 37.9612 30.0771 -7.1966 37.938 31.1215 -7.1966 37.8981 32.0321 -7.1966 37.8967 32.0833 -7.1966 37.8157 33.0351 -7.1966 37.8153 33.045 -7.1966 37.7897 34.0067 -7.1966 37.7904 34.0207 -7.1966 37.7906 34.9073 -7.1966 37.4143 34.1782 -7.1966 37.3527 34 -7.1966 37.3562 33.8928 -7.1966 37.3589 33 -7.1966 37.3622 32.8954 -7.1966 37.382 21 -7.1966 37.3578 20.9707 -7.1966 37.0668 20.5275 -7.1966 36.4649 20.4153 -7.1966 36.2596 20.3736 -7.1966 35.8653 20.3371 -7.1966 35.8655 17 -7.1966 35.847 16.6427 -7.1966 35.8471 16 -7.1966 35.7571 15.5649 -7.1966 35.6792 15 -7.1966 
2
23
20.8596 14.3781 -6.2966 20.8738 14.3785 -6.2966 21.9702 14.4257 -6.2966 22.7726 14.4373 -6.2966 23.5013 14.4308 -6.2966 26.6196 14.4435 -6.2966 27.5227 14.4607 -6.2966 27.8962 14.531 -6.2966 28.1833 14.772 -6.2966 28.3953 15.7337 -6.2966 28.3984 20.5379 -6.2966 27.5416 20.38 -6.2966 26.3869 20.2731 -6.2966 25.2321 20.2527 -6.2966 24.906 20.2719 -6.2966 22.9457 20.3531 -6.2966 22.9228 20.3545 -6.2966 21.7681 20.3687 -6.2966 21.3416 20.3486 -6.2966 21.3416 15 -6.2966 20.906 14.5867 -6.2966 20.6667 14.3694 -6.2966 20.8492 14.3773 -6.2966 
57
33.0758 14.481 -6.2966 34.1203 15 -6.2966 34.3116 15.863 -6.2966 34.3276 16 -6.2966 34.3393 20.2503 -6.2966 34.4698 20.24 -6.2966 34.906 20.2477 -6.2966 35.6245 20.2803 -6.2966 36.7792 20.3994 -6.2966 36.8256 20.4081 -6.2966 36.8424 20.4336 -6.2966 36.906 20.5107 -6.2966 37.2642 21 -6.2966 37.2422 32 -6.2966 37.1757 34.2984 -6.2966 37.3389 35 -6.2966 37.3138 35.5023 -6.2966 37.3023 36 -6.2966 37.3339 36.4804 -6.2966 37.3202 37 -6.2966 37.5039 37.6277 -6.2966 37.6831 38 -6.2966 37.9339 38.6497 -6.2966 38.1489 38.8138 -6.2966 38.5026 38.8601 -6.2966 38.4584 38.8154 -6.2966 38.4278 38.7713 -6.2966 38.1605 38.5804 -6.2966 37.918 38.3117 -6.2966 37.6536 37.8537 -6.2966 37.5274 36.9007 -6.2966 37.5233 36.892 -6.2966 37.6451 36.0408 -6.2966 37.6211 35.9302 -6.2966 37.8053 35.1461 -6.2966 37.7686 34.9685 -6.2966 37.7685 34.7725 -6.2966 37.7043 34.0801 -6.2966 37.6943 34.0067 -6.2966 37.7301 33.2602 -6.2966 37.7361 33.045 -6.2966 37.7686 32.2792 -6.2966 37.7853 32.0833 -6.2966 37.807 31.2982 -6.2966 37.8147 31.1215 -6.2966 37.8384 29.3591 -6.2966 37.8425 29.1981 -6.2966 37.843 16.5368 -6.2966 37.7459 15.8341 -6.2966 37.7222 15.7337 -6.2966 37.5174 15.4849 -6.2966 37.4469 15.404 -6.2966 37.4245 15.3657 -6.2966 37.1844 14.772 -6.2966 36.9679 14.6471 -6.2966 36.4069 14.4477 -6.2966 34.1858 14.4439 -6.2966 
2
36
22.4897 14.6159 -5.3966 21.6052 14.5596 -5.3966 21.3792 14.5598 -5.3966 21.2138 14.5254 -5.3966 21.176 14.5223 -5.3966 21.1781 14.5243 -5.3966 21.3472 14.6848 -5.3966 21.578 15 -5.3966 21.5779 20.5076 -5.3966 22.2877 20.5663 -5.3966 23.3472 20.4807 -5.3966 23.4424 20.4648 -5.3966 23.5724 20.4488 -5.3966 24.5971 20.3456 -5.3966 25.3472 20.2964 -5.3966 25.7518 20.2633 -5.3966 26.9065 20.2749 -5.3966 27.3472 20.3133 -5.3966 28.0052 20.3572 -5.3966 28.0048 17 -5.3966 28.0076 16.9536 -5.3966 28.0074 16 -5.3966 28.0168 15.9616 -5.3966 28.0612 15.5939 -5.3966 28.1421 15.0701 -5.3966 28.142 15 -5.3966 28.4692 14.8549 -5.3966 28.4448 14.772 -5.3966 28.2215 14.6073 -5.3966 28.0423 14.4984 -5.3966 26.9842 14.4445 -5.3966 26.9318 14.4429 -5.3966 24.7108 14.4427 -5.3966 24.2327 14.4644 -5.3966 23.6002 14.5109 -5.3966 23.1373 14.5747 -5.3966 
62
32.7547 14.4472 -5.3966 36.6017 14.4432 -5.3966 36.9265 14.4952 -5.3966 37.3285 14.764 -5.3966 37.3371 14.772 -5.3966 37.5129 15.2781 -5.3966 37.6165 15.7337 -5.3966 37.6278 16.2468 -5.3966 37.695 16.6955 -5.3966 37.6977 18.6189 -5.3966 38.0306 19.5724 -5.3966 38.0354 19.5807 -5.3966 37.9997 20.1172 -5.3966 37.9001 20.935 -5.3966 37.6977 21.5042 -5.3966 37.6792 31.1215 -5.3966 37.659 32.0833 -5.3966 37.6395 32.5558 -5.3966 37.6294 33.0162 -5.3966 37.6294 33.0171 -5.3966 37.6287 33.045 -5.3966 37.6059 33.5046 -5.3966 37.5782 34.495 -5.3966 37.6342 34.9685 -5.3966 37.5832 35.2077 -5.3966 37.535 35.4635 -5.3966 37.4977 35.9302 -5.3966 37.4211 36.4822 -5.3966 37.3853 36.892 -5.3966 37.3262 37.361 -5.3966 37.3094 37.8537 -5.3966 37.4517 38.3086 -5.3966 37.4142 38.8154 -5.3966 37.6698 39.4591 -5.3966 37.6698 39.4602 -5.3966 37.6678 39.7772 -5.3966 37.7723 39.9406 -5.3966 37.994 40.1563 -5.3966 37.7963 40 -5.3966 37.3957 39.3192 -5.3966 37.3472 39.2724 -5.3966 37.3292 39.25 -5.3966 37.2988 39.1582 -5.3966 37.2665 39 -5.3966 37.2638 38.6614 -5.3966 37.2451 38 -5.3966 36.923 37 -5.3966 36.9575 36.3164 -5.3966 36.9616 36 -5.3966 37.0848 21 -5.3966 36.8542 20.7211 -5.3966 36.5845 20.3233 -5.3966 36.1441 20.282 -5.3966 34.9893 20.2239 -5.3966 34.5006 20.2406 -5.3966 33.8347 20.2525 -5.3966 33.3472 20.278 -5.3966 32.68 20.3333 -5.3966 32.5195 20.4814 -5.3966 32.5197 15 -5.3966 31.9718 14.7437 -5.3966 32.4844 14.4856 -5.3966 
2
33
21.5784 15.1445 -4.4966 21.8988 15.6125 -4.4966 22.2917 15.4019 -4.4966 22.8393 15.4024 -4.4966 22.8814 15.3359 -4.4966 23.0094 15.3043 -4.4966 23.502 14.8477 -4.4966 23.5519 14.772 -4.4966 23.9838 14.6193 -4.4966 24.1199 14.5688 -4.4966 25.2304 14.4429 -4.4966 27.4515 14.4438 -4.4966 27.6563 14.4589 -4.4966 26.5741 15 -4.4966 26.3525 16 -4.4966 26.3489 16.0671 -4.4966 26.2796 17 -4.4966 26.2796 20.258 -4.4966 26.2714 20.258 -4.4966 25.1167 20.3542 -4.4966 23.962 20.552 -4.4966 23.9015 20.5786 -4.4966 23.7884 20.6344 -4.4966 22.919 20.8727 -4.4966 22.8073 20.9164 -4.4966 21.7883 20.9578 -4.4966 21.6526 20.9578 -4.4966 21.4672 20.9067 -4.4966 21.2365 20.8304 -4.4966 21.2365 15 -4.4966 21.1899 14.922 -4.4966 21.0781 14.799 -4.4966 21.2715 14.8962 -4.4966 
27
31.5008 15.9385 -4.4966 31.51 15.7337 -4.4966 31.7728 14.772 -4.4966 32.3422 14.4448 -4.4966 36.3356 14.4429 -4.4966 37.2059 14.6841 -4.4966 36.5741 15 -4.4966 36.3525 16 -4.4966 36.3075 16.6915 -4.4966 36.2672 17 -4.4966 36.2672 17.6567 -4.4966 36.2548 18 -4.4966 36.255 20.2516 -4.4966 35.509 20.218 -4.4966 34.3543 20.2038 -4.4966 33.7883 20.2215 -4.4966 33.1996 20.2491 -4.4966 32.3644 21 -4.4966 32.4325 33.7184 -4.4966 32.0449 33.538 -4.4966 31.7883 33.4082 -4.4966 31.6534 33.3585 -4.4966 31.6167 32.2937 -4.4966 31.54 32.1115 -4.4966 31.5232 32.0833 -4.4966 31.5113 31.3042 -4.4966 31.4945 31.1215 -4.4966 
3
20
23.491 15.7085 -3.5966 23.529 15.5859 -3.5966 23.8666 15.1 -3.5966 24.0309 14.772 -3.5966 24.3565 14.602 -3.5966 24.6394 14.5422 -3.5966 25.6953 14.4492 -3.5966 25.75 14.4429 -3.5966 26.1295 14.4429 -3.5966 25.6363 14.6894 -3.5966 25.0553 15 -3.5966 24.9915 15.4415 -3.5966 24.9918 20.4421 -3.5966 24.826 20.4718 -3.5966 24.4816 20.5247 -3.5966 24.4194 20.5819 -3.5966 24.2295 20.6468 -3.5966 23.6966 20.881 -3.5966 23.4872 20.9842 -3.5966 23.4811 15.7337 -3.5966 
40
31.2594 15.7337 -3.5966 31.3026 15.5439 -3.5966 31.4556 15.0411 -3.5966 31.5317 14.772 -3.5966 31.5605 14.7554 -3.5966 31.8753 14.6023 -3.5966 32.101 14.4834 -3.5966 32.4131 14.4429 -3.5966 36.1295 14.4429 -3.5966 35.0152 15 -3.5966 34.7936 16 -3.5966 34.6695 17 -3.5966 34.5902 18 -3.5966 34.5765 18.7424 -3.5966 34.5648 19 -3.5966 34.5648 20.1799 -3.5966 34.2295 20.1836 -3.5966 33.174 20.2114 -3.5966 32.5997 20.9765 -3.5966 32.5837 21 -3.5966 32.6625 36 -3.5966 32.6996 37 -3.5966 32.7402 37.8245 -3.5966 32.5645 37.7591 -3.5966 32.2295 37.6155 -3.5966 32.1921 37.6027 -3.5966 32.2021 37.2128 -3.5966 32.0674 36.932 -3.5966 32.0453 36.892 -3.5966 31.8641 36.1019 -3.5966 31.8582 35.9302 -3.5966 31.8126 35.1208 -3.5966 31.7755 34.1446 -3.5966 31.7501 33.045 -3.5966 31.5605 32.6406 -3.5966 31.3862 32.2264 -3.5966 31.3026 32.0862 -3.5966 31.3008 32.0833 -3.5966 31.2136 31.1215 -3.5966 31.2148 16.6955 -3.5966 
24
44.4987 14.5672 -3.5966 45.2169 15 -3.5966 45.2164 15.9569 -3.5966 45.2177 16 -3.5966 45.2163 20.9603 -3.5966 45.2335 20.9846 -3.5966 45.2452 21 -3.5966 45.2246 32.0636 -3.5966 45.2663 32.1143 -3.5966 45.7728 32.9372 -3.5966 45.8751 32.2008 -3.5966 45.8589 32.0833 -3.5966 45.9753 31.3258 -3.5966 45.9623 31.1215 -3.5966 45.9891 30.3761 -3.5966 45.9816 30.1598 -3.5966 45.9161 29.3512 -3.5966 45.9136 29.1981 -3.5966 45.9243 15.7337 -3.5966 45.7394 15.3849 -3.5966 45.5519 14.772 -3.5966 45.4778 14.7146 -3.5966 45.0248 14.6485 -3.5966 44.6288 14.5806 -3.5966 
4
41
23.6811 15.7337 -2.6966 23.6903 29.4685 -2.6966 23.7108 30.1598 -2.6966 23.8193 32.0833 -2.6966 23.8689 32.5097 -2.6966 23.9463 33.045 -2.6966 24.1268 33.9545 -2.6966 24.1287 34.0067 -2.6966 24.1273 34.0587 -2.6966 24.2312 34.4675 -2.6966 24.3253 34.9685 -2.6966 24.3358 35.0095 -2.6966 24.3395 35.0227 -2.6966 24.4691 35.9302 -2.6966 24.4867 36.7642 -2.6966 24.5403 36.892 -2.6966 24.4157 37.7615 -2.6966 24.4447 37.8537 -2.6966 24.4465 37.939 -2.6966 24.4752 37.9111 -2.6966 24.4822 37.9058 -2.6966 24.6706 37.3518 -2.6966 24.7385 37 -2.6966 24.7335 36.9686 -2.6966 24.6762 36 -2.6966 24.6759 35.9973 -2.6966 24.6706 35.9296 -2.6966 24.5742 35.0482 -2.6966 24.5807 35 -2.6966 24.4939 34.0884 -2.6966 24.4932 34 -2.6966 24.4384 33.1161 -2.6966 24.4274 33 -2.6966 24.3733 32.1487 -2.6966 24.3523 32 -2.6966 24.3285 31.2458 -2.6966 24.2717 31.2063 -2.6966 23.9752 31 -2.6966 23.9234 30.0665 -2.6966 23.8978 29.0444 -2.6966 23.8977 15.0215 -2.6966 
37
31.5856 14.9417 -2.6966 31.6364 14.772 -2.6966 31.8222 14.6019 -2.6966 31.8598 14.5821 -2.6966 32.9327 14.4429 -2.6966 34.5707 14.4429 -2.6966 34.2388 14.6088 -2.6966 33.9524 15 -2.6966 33.8713 16 -2.6966 33.8259 17 -2.6966 33.7805 19 -2.6966 33.7805 20.1725 -2.6966 33.0842 20.1846 -2.6966 32.6707 20.549 -2.6966 32.3405 21 -2.6966 32.4948 37.9998 -2.6966 32.5696 39 -2.6966 32.55 39.0676 -2.6966 32.6461 39.7387 -2.6966 32.5436 39.717 -2.6966 32.4464 38.9025 -2.6966 32.44 38.8154 -2.6966 32.3134 38.0557 -2.6966 32.2905 37.8537 -2.6966 31.9251 37.1779 -2.6966 31.8583 37.0386 -2.6966 31.7766 36.892 -2.6966 31.7369 35.9302 -2.6966 31.7063 34.9685 -2.6966 31.6631 33.045 -2.6966 31.5427 32.8538 -2.6966 31.2802 32.0833 -2.6966 31.275 31.4466 -2.6966 31.2368 31.1215 -2.6966 31.2339 17.6572 -2.6966 31.2564 16.6955 -2.6966 31.3213 15.7337 -2.6966 
17
27.3801 14.4429 -2.6966 26.7706 14.4429 -2.6966 27.8849 15 -2.6966 28.1065 16 -2.6966 28.1879 16.7597 -2.6966 28.217 17 -2.6966 28.217 20.2048 -2.6966 28.4654 20.2029 -2.6966 28.9609 20.2086 -2.6966 28.9555 17.6572 -2.6966 28.9322 16.6955 -2.6966 28.8987 16.1275 -2.6966 28.8812 15.7337 -2.6966 28.7017 15.1088 -2.6966 28.6207 14.772 -2.6966 28.4907 14.6451 -2.6966 28.3396 14.5259 -2.6966 
45
45.2367 14.6671 -2.6966 44.8192 14.6044 -2.6966 44.7946 14.6002 -2.6966 45.2492 15 -2.6966 45.186 32 -2.6966 45.1642 32.2468 -2.6966 44.994 32.3202 -2.6966 44.9141 34 -2.6966 44.846 35 -2.6966 44.8086 35.4386 -2.6966 44.8671 36 -2.6966 44.7787 36.7652 -2.6966 44.791 37 -2.6966 44.8482 37.0777 -2.6966 44.8938 36.892 -2.6966 44.9464 36.5128 -2.6966 44.9576 35.9302 -2.6966 45.0863 35.3924 -2.6966 45.1484 35.0204 -2.6966 45.1638 34.9818 -2.6966 45.1621 34.9685 -2.6966 45.1617 34.957 -2.6966 45.3604 34.0067 -2.6966 45.3894 33.766 -2.6966 45.4721 33.2144 -2.6966 45.4999 33.045 -2.6966 45.6084 32.284 -2.6966 45.7159 31.3425 -2.6966 45.7297 31.1215 -2.6966 45.6708 30.3276 -2.6966 45.6431 30.1598 -2.6966 45.5882 29.3625 -2.6966 45.5893 25.3511 -2.6966 45.622 25.2348 -2.6966 45.6233 22.5829 -2.6966 45.6195 22.5659 -2.6966 45.5904 22.4659 -2.6966 45.5916 19.5807 -2.6966 45.6247 19.4631 -2.6966 45.6266 15.8523 -2.6966 45.6226 15.8348 -2.6966 45.5932 15.7337 -2.6966 45.3894 14.8512 -2.6966 45.376 14.7864 -2.6966 45.3716 14.772 -2.6966 
4
24
25.2626 14.4701 -1.7966 26.3261 15 -1.7966 26.5174 15.863 -1.7966 26.5358 16 -1.7966 26.5609 16.9007 -1.7966 26.5607 20.2441 -1.7966 26.6755 20.2354 -1.7966 27.8302 20.1866 -1.7966 28.963 20.1769 -1.7966 28.963 19.5807 -1.7966 28.9423 19.4223 -1.7966 28.9418 18.6189 -1.7966 28.9099 18.4773 -1.7966 28.8893 17.6572 -1.7966 28.937 17.4609 -1.7966 28.9225 16.6955 -1.7966 28.8546 15.7337 -1.7966 28.5361 14.772 -1.7966 28.526 14.763 -1.7966 28.4427 14.7161 -1.7966 28.183 14.5277 -1.7966 28.0985 14.461 -1.7966 27.8997 14.4438 -1.7966 25.6787 14.4474 -1.7966 
68
31.3371 16.6955 -1.7966 31.39 15.7337 -1.7966 31.6829 14.772 -1.7966 31.7354 14.7187 -1.7966 32.2897 14.463 -1.7966 32.3097 14.4524 -1.7966 32.3228 14.4449 -1.7966 32.3418 14.4429 -1.7966 34.7007 14.4429 -1.7966 34.0574 15 -1.7966 33.9294 16 -1.7966 33.8578 17 -1.7966 33.8119 18 -1.7966 33.7842 19 -1.7966 33.7842 19.6638 -1.7966 33.7792 20 -1.7966 33.7792 20.1532 -1.7966 33.6038 20.1549 -1.7966 32.6425 21 -1.7966 32.6999 35 -1.7966 32.7286 36 -1.7966 32.7386 36.1866 -1.7966 32.7653 37 -1.7966 32.7774 37.1672 -1.7966 32.8192 38 -1.7966 32.8347 38.1385 -1.7966 32.8925 39 -1.7966 32.9089 39.1014 -1.7966 32.9935 40 -1.7966 33.004 40.0539 -1.7966 33.1198 40.996 -1.7966 33.1201 41 -1.7966 33.2413 41.9353 -1.7966 33.2425 41.9459 -1.7966 33.1118 41.9445 -1.7966 33.0282 41.9504 -1.7966 33.0129 41.9506 -1.7966 33.0191 42 -1.7966 33.0008 42.0555 -1.7966 33.1118 42.9334 -1.7966 33.1188 43 -1.7966 33.1118 43.0164 -1.7966 32.7107 43.7994 -1.7966 32.449 43.9773 -1.7966 32.392 43.9727 -1.7966 32.7722 43.6241 -1.7966 32.8138 43.3621 -1.7966 33.0365 42.6624 -1.7966 32.9325 42.341 -1.7966 33.0185 41.7007 -1.7966 32.9693 41.0787 -1.7966 32.8904 40.7389 -1.7966 32.4357 39.8577 -1.7966 32.3968 39.7772 -1.7966 32.2944 38.8177 -1.7966 32.2941 38.8154 -1.7966 32.2897 38.7875 -1.7966 32.1656 37.8537 -1.7966 32.1072 37.7625 -1.7966 31.8209 36.892 -1.7966 31.7815 35.9302 -1.7966 31.746 34.6966 -1.7966 31.5541 34.1895 -1.7966 31.4587 34.0067 -1.7966 31.4513 33.7428 -1.7966 31.4046 33.045 -1.7966 31.3331 32.7853 -1.7966 31.3049 32.0833 -1.7966 
25
41.2813 14.4776 -1.7966 41.9071 14.4429 -1.7966 43.447 14.4429 -1.7966 43.8306 14.457 -1.7966 44.5576 14.4957 -1.7966 44.9955 14.5731 -1.7966 45.0222 14.5938 -1.7966 44.5459 15 -1.7966 44.5887 31.2615 -1.7966 44.6259 32 -1.7966 44.3091 32.194 -1.7966 44.3262 32 -1.7966 44.344 31.3013 -1.7966 44.3586 31 -1.7966 44.3763 30 -1.7966 44.3838 21 -1.7966 43.996 20.7589 -1.7966 43.1118 20.2594 -1.7966 42.8414 20.2397 -1.7966 42.6704 20.2326 -1.7966 42.6704 18 -1.7966 42.6607 17.8435 -1.7966 42.6607 17 -1.7966 42.5477 16 -1.7966 42.3261 15 -1.7966 
51
45.339 33.2088 -1.7966 45.1507 33.3644 -1.7966 45.1431 33.3729 -1.7966 45.1118 33.411 -1.7966 44.8328 33.6157 -1.7966 44.6543 33.7712 -1.7966 44.6455 34 -1.7966 44.6302 34.2408 -1.7966 44.5591 35 -1.7966 44.0814 35.4301 -1.7966 44.0303 36 -1.7966 43.996 36.2916 -1.7966 43.9066 36.9225 -1.7966 43.8998 37 -1.7966 43.782 37.8146 -1.7966 43.7625 38 -1.7966 43.8399 38.8648 -1.7966 43.8222 39 -1.7966 43.9961 39.9515 -1.7966 44.0387 40 -1.7966 44.8871 40.2283 -1.7966 44.9375 40.22 -1.7966 45.1118 40.1748 -1.7966 45.1435 40.1539 -1.7966 45.1507 40.1466 -1.7966 45.1598 40.1368 -1.7966 45.309 40 -1.7966 45.4476 39.8321 -1.7966 45.6325 39.6281 -1.7966 45.6036 39.618 -1.7966 45.4808 39.6403 -1.7966 45.4805 39.6403 -1.7966 45.3928 39.6196 -1.7966 45.1989 39.7772 -1.7966 44.5914 39.9809 -1.7966 44.5575 40.011 -1.7966 44.2682 39.7772 -1.7966 44.3051 39.5586 -1.7966 44.048 38.8154 -1.7966 44.0431 38.2165 -1.7966 44.1522 37.8537 -1.7966 44.2114 37.6364 -1.7966 44.3878 37.039 -1.7966 44.4248 36.892 -1.7966 44.5575 36.4634 -1.7966 44.6854 35.9302 -1.7966 44.7301 35.7641 -1.7966 44.8978 34.9685 -1.7966 44.9955 34.5892 -1.7966 45.0934 34.0067 -1.7966 45.31 33.3386 -1.7966 
3
36
23.9773 14.5579 -0.896601 23.8995 14.6104 -0.896601 24.7408 15 -0.896601 24.7371 29.8713 -0.896601 24.7346 30 -0.896601 24.6889 30.8295 -0.896601 24.6829 31 -0.896601 24.6049 32 -0.896601 24.5303 32.6922 -0.896601 24.488 33 -0.896601 24.6952 33.0684 -0.896601 24.8858 33.1394 -0.896601 25.2799 33.2619 -0.896601 25.553 33.3604 -0.896601 26.3351 33.7102 -0.896601 26.2869 21 -0.896601 27.1952 20.1981 -0.896601 28.3498 20.1634 -0.896601 29.1422 20.1571 -0.896601 29.1418 19.5807 -0.896601 29.0484 18.7394 -0.896601 29.0348 18.6908 -0.896601 29.0133 18.6189 -0.896601 28.8388 17.6791 -0.896601 28.8343 17.6572 -0.896601 28.8418 17.64 -0.896601 29.0735 16.6955 -0.896601 29.0148 15.7787 -0.896601 29.0127 15.7337 -0.896601 28.8074 15.0421 -0.896601 28.7161 14.772 -0.896601 28.5179 14.5952 -0.896601 28.4194 14.5397 -0.896601 27.8893 14.5061 -0.896601 27.3088 14.4429 -0.896601 24.9605 14.4467 -0.896601 
59
31.2657 18.6189 -0.896601 31.2713 33.045 -0.896601 31.3126 33.7159 -0.896601 31.3166 34.0067 -0.896601 31.4592 34.3709 -0.896601 31.7509 34.8467 -0.896601 31.8047 34.9685 -0.896601 31.8391 36.69 -0.896601 31.8685 37.611 -0.896601 31.9328 37.8537 -0.896601 32.0313 38.0108 -0.896601 32.3019 38.6392 -0.896601 32.3297 38.8154 -0.896601 32.4287 39.6644 -0.896601 32.439 39.7772 -0.896601 32.5794 40.1786 -0.896601 32.6544 40.4401 -0.896601 32.7543 40.7389 -0.896601 32.7692 40.7963 -0.896601 32.7928 40.8977 -0.896601 33.0038 41.7007 -0.896601 33.0548 41.8812 -0.896601 33.2693 42.6624 -0.896601 33.1835 43.3596 -0.896601 33.2676 43.6087 -0.896601 33.3 43.1265 -0.896601 33.3538 43 -0.896601 33.3428 42.8949 -0.896601 33.3777 42.8953 -0.896601 33.553 42.1267 -0.896601 33.5843 42 -0.896601 33.5831 41.9849 -0.896601 33.4761 41.0384 -0.896601 33.4712 41 -0.896601 33.3925 40.0802 -0.896601 33.3819 40 -0.896601 33.3245 39.1142 -0.896601 33.3131 39 -0.896601 33.2743 38.1393 -0.896601 33.2645 38 -0.896601 33.2345 37.1592 -0.896601 33.2263 37 -0.896601 33.1992 36 -0.896601 33.1336 21 -0.896601 34.1234 20.1334 -0.896601 34.2818 20.1335 -0.896601 34.2818 20 -0.896601 34.2998 19 -0.896601 34.3774 17 -0.896601 34.449 16 -0.896601 34.577 15 -0.896601 35.2203 14.4429 -0.896601 32.8615 14.4429 -0.896601 32.0816 14.5252 -0.896601 31.7509 14.715 -0.896601 31.6886 14.772 -0.896601 31.5298 15.3343 -0.896601 31.4017 15.7337 -0.896601 31.3349 16.6955 -0.896601 
69
41.2341 14.5014 -0.896601 41.7456 14.4429 -0.896601 43.9667 14.4429 -0.896601 44.7543 14.4943 -0.896601 45.0772 14.6934 -0.896601 45.1832 14.772 -0.896601 45.2086 14.839 -0.896601 45.0284 15 -0.896601 45.0636 31 -0.896601 45.1054 32 -0.896601 44.9032 32.1283 -0.896601 44.5157 32.3861 -0.896601 43.8141 33 -0.896601 43.873 34 -0.896601 43.9696 35 -0.896601 44.5157 35.4787 -0.896601 44.5527 35.447 -0.896601 44.4852 35.7852 -0.896601 44.4495 35.9302 -0.896601 44.1952 36.4046 -0.896601 44.045 36.7648 -0.896601 44.0014 36.8619 -0.896601 43.9921 36.892 -0.896601 43.9666 36.993 -0.896601 43.8718 37.3352 -0.896601 43.7714 37.8537 -0.896601 43.6657 38.2281 -0.896601 43.5625 38.8154 -0.896601 43.3709 39.3313 -0.896601 43.3354 39.7772 -0.896601 43.4143 40.2606 -0.896601 43.0035 40.7389 -0.896601 43.9648 41.6394 -0.896601 43.553 41.7815 -0.896601 43.5213 41.7786 -0.896601 43.361 41.6492 -0.896601 43.0248 41.2911 -0.896601 43.0313 41 -0.896601 42.6885 40.4176 -0.896601 42.6717 40 -0.896601 42.7653 39.4841 -0.896601 42.5943 39 -0.896601 42.6491 38.3835 -0.896601 42.6958 38 -0.896601 42.743 37.4648 -0.896601 42.7965 37.024 -0.896601 43.361 37.4871 -0.896601 43.553 37.3121 -0.896601 43.9144 37 -0.896601 43.553 36.6879 -0.896601 43.361 36.5129 -0.896601 42.8011 36.9722 -0.896601 42.8273 36.5378 -0.896601 42.8818 36 -0.896601 42.901 35.6017 -0.896601 42.9458 35 -0.896601 42.9585 34.6514 -0.896601 42.9944 34 -0.896601 43.0303 33 -0.896601 43.0568 32 -0.896601 43.0911 21 -0.896601 42.2062 20.5219 -0.896601 42.0168 20.2582 -0.896601 42.0168 19 -0.896601 41.9981 18 -0.896601 41.9522 17 -0.896601 41.8806 16 -0.896601 41.7526 15 -0.896601 41.1969 14.5187 -0.896601 
3
57
24.4969 14.4494 0.00339928 24.096 14.5158 0.00339928 24.012 14.5951 0.00339928 23.7917 14.772 0.00339928 23.6822 15.2277 0.00339928 23.5374 15.7337 0.00339928 23.5164 16.6955 0.00339928 23.5161 20.9016 0.00339928 23.7848 21 0.00339928 23.7746 30 0.00339928 23.7314 31.4251 0.00339928 23.7316 31.4271 0.00339928 23.7406 32.0475 0.00339928 23.7411 32.0833 0.00339928 23.8033 32.2292 0.00339928 23.8249 32.295 0.00339928 23.9101 33.045 0.00339928 23.9969 33.3426 0.00339928 24.0577 33.4408 0.00339928 24.2506 33.5426 0.00339928 25.1926 34 0.00339928 25.0507 35 0.00339928 24.9198 35.5795 0.00339928 24.8674 35.7905 0.00339928 24.8948 35.9302 0.00339928 25.1861 36.8225 0.00339928 25.2358 36.892 0.00339928 25.2349 37 0.00339928 25.2453 37.3408 0.00339928 25.4054 37.4045 0.00339928 25.9941 37.5735 0.00339928 26.9662 37.9525 0.00339928 26.9103 37 0.00339928 26.8675 36 0.00339928 26.8351 35 0.00339928 26.7697 21 0.00339928 27.7148 20.1688 0.00339928 29.1099 20.1424 0.00339928 29.1095 19.5807 0.00339928 29.1058 19.5476 0.00339928 29.001 19.1727 0.00339928 28.939 18.9649 0.00339928 28.8544 18.6189 0.00339928 28.8178 18.287 0.00339928 28.7276 17.6572 0.00339928 28.939 16.9628 0.00339928 28.9783 16.8625 0.00339928 29.0172 16.7729 0.00339928 29.0362 16.6955 0.00339928 28.999 16.1135 0.00339928 28.9817 15.7337 0.00339928 28.9601 15.6609 0.00339928 28.939 15.5733 0.00339928 28.7042 14.772 0.00339928 28.5228 14.6487 0.00339928 28.3202 14.4965 0.00339928 27.8285 14.4429 0.00339928 
57
31.4885 15.7337 0.00339928 31.4888 15.7328 0.00339928 31.7944 14.772 0.00339928 31.9223 14.6512 0.00339928 32.2705 14.4885 0.00339928 33.0189 14.4429 0.00339928 35.74 14.4429 0.00339928 35.0966 15 0.00339928 34.9686 16 0.00339928 34.897 17 0.00339928 34.796 20 0.00339928 34.7959 20.121 0.00339928 34.4055 20.1205 0.00339928 33.9941 20.6833 0.00339928 33.632 21 0.00339928 33.7067 37 0.00339928 33.7341 38 0.00339928 33.7724 39 0.00339928 33.7795 39.1073 0.00339928 33.8224 40 0.00339928 33.8297 40.0822 0.00339928 33.8886 41 0.00339928 33.8944 41.0499 0.00339928 33.9694 42 0.00339928 33.9659 42.0141 0.00339928 33.9941 42.2739 0.00339928 34.0408 43 0.00339928 34.022 43.073 0.00339928 33.9941 43.1398 0.00339928 33.6054 44 0.00339928 33.5868 44.0333 0.00339928 33.6262 43.6241 0.00339928 33.406 42.8666 0.00339928 33.381 42.7733 0.00339928 33.3485 42.6624 0.00339928 33.1249 41.7537 0.00339928 33.0994 41.7007 0.00339928 33.019 41.3546 0.00339928 32.8594 40.7389 0.00339928 32.8274 40.6431 0.00339928 32.4544 39.8635 0.00339928 32.4182 39.7772 0.00339928 32.3132 38.8154 0.00339928 32.2706 38.7274 0.00339928 32.2412 38.6782 0.00339928 32.002 38.3069 0.00339928 31.8452 37.8537 0.00339928 31.7962 35.9302 0.00339928 31.7597 35.3006 0.00339928 31.6901 35.0907 0.00339928 31.6261 34.9685 0.00339928 31.3803 34.2094 0.00339928 31.366 34.0067 0.00339928 31.3596 18.6189 0.00339928 31.3865 17.6572 0.00339928 31.4259 16.6955 0.00339928 31.4737 16.0046 0.00339928 
59
41.7582 14.5009 0.00339928 41.7004 14.5047 0.00339928 42.2722 15 0.00339928 42.4002 16 0.00339928 42.4718 17 0.00339928 42.5177 18 0.00339928 42.536 19 0.00339928 42.5307 31 0.00339928 42.333 31.171 0.00339928 42.2194 38 0.00339928 42.1671 39 0.00339928 42.0834 40 0.00339928 42.0695 40.1159 0.00339928 42.2303 41 0.00339928 42.1216 41.4682 0.00339928 42.102 41.7597 0.00339928 42.1212 41.7007 0.00339928 42.2652 41.3792 0.00339928 42.5207 40.7389 0.00339928 42.6364 40.4817 0.00339928 42.7934 40.1986 0.00339928 43.3204 39.1278 0.00339928 43.3758 38.9967 0.00339928 43.4468 38.8154 0.00339928 43.4795 38.654 0.00339928 43.5028 37.8537 0.00339928 43.5379 37.6868 0.00339928 43.6121 37.25 0.00339928 43.3243 37 0.00339928 43.8806 36.5168 0.00339928 43.9051 36.538 0.00339928 43.9074 36.5347 0.00339928 44.0644 36.2955 0.00339928 44.3354 35.9302 0.00339928 44.4862 35.4359 0.00339928 44.487 35.4321 0.00339928 44.4596 35.2328 0.00339928 44.5328 35.207 0.00339928 44.5539 35.1029 0.00339928 44.4421 35 0.00339928 44.4299 34.7821 0.00339928 44.3548 34 0.00339928 44.3485 33.8228 0.00339928 44.305 33 0.00339928 44.5716 32.7613 0.00339928 44.5656 32.5932 0.00339928 44.5358 32 0.00339928 44.5091 31 0.00339928 44.4893 17 0.00339928 44.547 16.5771 0.00339928 44.5582 16 0.00339928 44.7798 15 0.00339928 45.2235 14.7782 0.00339928 45.2213 14.772 0.00339928 45.0747 14.6888 0.00339928 44.5598 14.473 0.00339928 44.5131 14.4447 0.00339928 44.4862 14.4429 0.00339928 42.2652 14.4429 0.00339928 
4
66
23.4401 15.7337 0.903399 23.6963 14.772 0.903399 23.7662 14.7071 0.903399 23.873 14.6267 0.903399 23.906 14.6055 0.903399 24.097 14.5881 0.903399 25.0165 14.4429 0.903399 28.079 14.4429 0.903399 28.5122 14.772 0.903399 28.7599 15.7337 0.903399 28.8133 16.6955 0.903399 28.8017 16.7276 0.903399 28.7038 17.1119 0.903399 28.7258 17.6572 0.903399 28.7693 18.0409 0.903399 28.7924 19.2085 0.903399 28.8791 19.5807 0.903399 28.8811 20.5714 0.903399 28.4353 20.9606 0.903399 28.386 20.9794 0.903399 28.3494 21 0.903399 28.4353 35.2382 0.903399 28.5448 39 0.903399 28.6021 40 0.903399 28.674 41 0.903399 28.7486 41.8433 0.903399 28.7649 42 0.903399 28.4352 42.6821 0.903399 28.2754 42.9012 0.903399 28.2446 43 0.903399 28.2343 43.0464 0.903399 28.182 43.2197 0.903399 28.025 43.6143 0.903399 27.9741 43.5329 0.903399 27.941 43.4602 0.903399 28.0554 42.6624 0.903399 27.9312 42.5034 0.903399 27.7355 41.7007 0.903399 27.7212 41.6862 0.903399 27.6132 41.5293 0.903399 27.2814 41.0036 0.903399 27.2376 40.9276 0.903399 27.1238 40.7389 0.903399 26.8792 40.3719 0.903399 26.5446 39.7772 0.903399 26.4655 39.7038 0.903399 26.127 39.272 0.903399 25.8285 38.8717 0.903399 25.784 38.8154 0.903399 25.4276 37.8537 0.903399 25.4226 37.7201 0.903399 25.1944 37.2465 0.903399 25.0165 36.9886 0.903399 24.9538 36.892 0.903399 24.9428 36.7817 0.903399 24.8656 35.9302 0.903399 24.4701 35.3205 0.903399 24.4033 35.0993 0.903399 24.4076 35.0139 0.903399 24.4087 35 0.903399 24.4418 34 0.903399 24.5051 21 0.903399 23.6156 20.2589 0.903399 23.3841 20.2611 0.903399 23.3937 16.6955 0.903399 23.4327 15.9578 0.903399 
12
36.2596 14.4429 0.903399 35.6162 15 0.903399 35.4883 16 0.903399 35.4166 17 0.903399 35.3072 20.6782 0.903399 34.8964 20.117 0.903399 34.1643 20.1176 0.903399 33.864 20.5273 0.903399 33.7538 17 0.903399 33.6822 16 0.903399 33.5542 15 0.903399 32.9109 14.4429 0.903399 
22
33.5217 33.2965 0.903399 32.8532 33.8708 0.903399 32.6985 34 0.903399 32.6201 38 0.903399 32.5787 39 0.903399 32.5163 40 0.903399 32.4806 40.0303 0.903399 32.5864 40.3403 0.903399 32.7841 40.6795 0.903399 32.7901 40.6906 0.903399 32.8128 40.7389 0.903399 32.9219 41.2638 0.903399 32.9858 41.5018 0.903399 33.032 41.7007 0.903399 33.492 42.6624 0.903399 33.496 42.6685 0.903399 33.542 42.7416 0.903399 33.742 43.3993 0.903399 33.855 43 0.903399 33.74 42 0.903399 33.6673 41 0.903399 33.6196 40 0.903399 
41
42.7959 31.2233 0.903399 42.8294 33 0.903399 42.8653 34 0.903399 42.9095 35 0.903399 42.9646 35.7567 0.903399 42.9781 36 0.903399 43.069 36.8471 0.903399 43.0805 37 0.903399 43.2455 37.9841 0.903399 43.2486 38 0.903399 43.3636 38.0434 0.903399 43.3469 38.6425 0.903399 43.3227 38.8154 0.903399 43.001 39.3383 0.903399 42.7849 39.7561 0.903399 42.1816 40.7389 0.903399 41.7306 41.6519 0.903399 41.7192 41.671 0.903399 41.7036 41.7007 0.903399 41.6743 41.777 0.903399 41.336 42.4863 0.903399 41.2639 42.6624 0.903399 41.534 43.4136 0.903399 41.2123 43 0.903399 41.1248 42 0.903399 41.262 41.2822 0.903399 41.3415 41 0.903399 41.4289 40.4268 0.903399 41.5414 40 0.903399 41.5891 39.5655 0.903399 41.7011 39 0.903399 41.727 38.6849 0.903399 41.8148 38 0.903399 41.8287 37.773 0.903399 41.8977 37 0.903399 41.9051 36.8392 0.903399 41.9606 36 0.903399 42.0055 35 0.903399 42.0405 34 0.903399 42.0854 31.8378 0.903399 42.0908 31.8325 0.903399 
5
21
18.9872 14.455 1.8034 19.9835 14.4429 1.8034 20.0935 14.4619 1.8034 20.1863 14.503 1.8034 20.738 14.7338 1.8034 20.782 14.772 1.8034 20.8567 15.0584 1.8034 21.0765 15.5966 1.8034 21.094 15.6305 1.8034 21.123 15.7337 1.8034 21.1535 16.6013 1.8034 21.1535 16.6018 1.8034 21.1575 16.6955 1.8034 21.1614 20.2498 1.8034 20.8764 20.26 1.8034 20.6711 20.2628 1.8034 20.3541 20.2779 1.8034 20.3542 16.7256 1.8034 20.2943 16 1.8034 20.2271 15.6155 1.8034 20.0907 15 1.8034 
74
23.8262 14.9243 1.8034 23.5271 15.7337 1.8034 23.4628 16.6955 1.8034 23.4576 17.0321 1.8034 23.4344 17.6572 1.8034 23.4253 20.2111 1.8034 24.1352 20.2042 1.8034 24.8764 20.8302 1.8034 25.0964 20.9076 1.8034 25.2899 20.9535 1.8034 25.417 21 1.8034 25.2899 34.8575 1.8034 25.2796 35 1.8034 25.182 36 1.8034 25.0568 37 1.8034 25.0023 37.3441 1.8034 25.354 37.8537 1.8034 25.5361 38.0991 1.8034 25.6179 38.2533 1.8034 25.8913 38.7339 1.8034 25.9209 38.8154 1.8034 26.0543 38.9841 1.8034 26.3147 39.3621 1.8034 26.4299 39.5501 1.8034 26.6467 39.7632 1.8034 26.6597 39.7772 1.8034 26.7891 39.9405 1.8034 26.9955 40.2477 1.8034 27.265 40.7389 1.8034 27.7251 41.3499 1.8034 27.7571 41.3983 1.8034 27.8036 41.4657 1.8034 27.9778 41.6425 1.8034 28.0279 41.7007 1.8034 28.0337 41.7094 1.8034 28.0544 41.739 1.8034 28.6015 42.6624 1.8034 28.7816 42.8682 1.8034 28.9423 43.3889 1.8034 28.9917 43.4224 1.8034 28.8764 43.095 1.8034 28.8509 43 1.8034 28.8764 42.9402 1.8034 29.2573 42 1.8034 29.1549 41 1.8034 29.0839 40 1.8034 29.0318 39 1.8034 28.9926 38 1.8034 28.9113 33.336 1.8034 28.8677 33.2586 1.8034 28.7884 33.045 1.8034 28.8677 32.8041 1.8034 28.8952 32.7458 1.8034 28.9065 32.723 1.8034 28.8986 31.3476 1.8034 28.8677 31.2824 1.8034 28.8173 31.1215 1.8034 28.8177 30.9701 1.8034 28.7959 30.1598 1.8034 28.7892 19.5807 1.8034 28.7745 18.6189 1.8034 28.7509 17.6572 1.8034 28.7166 16.6955 1.8034 28.6566 15.7337 1.8034 28.3458 14.772 1.8034 28.3191 14.7451 1.8034 27.9778 14.5492 1.8034 27.8379 14.4429 1.8034 24.4256 14.4429 1.8034 24.3177 14.4623 1.8034 24.2966 14.4811 1.8034 24.1308 14.6057 1.8034 23.9009 14.7536 1.8034 23.8764 14.772 1.8034 
26
33.4306 14.4429 1.8034 34.0739 15 1.8034 34.2019 16 1.8034 34.2735 17 1.8034 34.3789 20.2457 1.8034 34.5275 20.117 1.8034 34.6552 20.117 1.8034 35.3016 21 1.8034 35.1892 41 1.8034 35.1454 41.8802 1.8034 35.6822 41.4098 1.8034 35.8788 41.2085 1.8034 36.0933 41 1.8034 36.0451 40.4157 1.8034 36.0027 40 1.8034 35.9459 39 1.8034 35.8933 37.5084 1.8034 35.8945 37.508 1.8034 35.8598 36 1.8034 37.004 35 1.8034 37.0909 17 1.8034 37.1625 16 1.8034 37.2905 15 1.8034 37.6665 14.6744 1.8034 37.5952 14.6328 1.8034 36.6413 14.4429 1.8034 
28
33.3728 33.8844 1.8034 33.5138 33.763 1.8034 33.6104 39 1.8034 33.6535 40 1.8034 33.6971 40.5897 1.8034 33.719 41 1.8034 33.7801 41.5482 1.8034 33.8139 42 1.8034 33.8986 42.4889 1.8034 33.9586 43 1.8034 34.0539 43.4113 1.8034 34.143 44 1.8034 34.1362 44.259 1.8034 34.0737 43.7868 1.8034 33.9893 43.6269 1.8034 33.9881 43.6241 1.8034 33.4327 42.7498 1.8034 33.3757 42.6624 1.8034 33.3221 42.5475 1.8034 33.3097 42.5241 1.8034 32.8066 41.3206 1.8034 32.7662 41.1517 1.8034 32.7236 41.065 1.8034 32.6351 40.7389 1.8034 32.5486 40.4531 1.8034 33.0824 40 1.8034 33.1318 39 1.8034 33.2335 34 1.8034 
43
42.6104 38.5475 1.8034 43.223 38.809 1.8034 43.2219 38.8154 1.8034 43.0278 39.055 1.8034 42.4888 39.7772 1.8034 41.4422 41.2205 1.8034 41.172 41.7007 1.8034 41.0834 41.8886 1.8034 40.6707 42.6624 1.8034 40.5837 43.1914 1.8034 40.3837 43.6241 1.8034 40.5323 44.1086 1.8034 40.5872 44.5859 1.8034 40.7719 44.7513 1.8034 41.0834 44.8467 1.8034 41.4422 44.8538 1.8034 41.5663 44.8097 1.8034 41.5561 44.8138 1.8034 41.4557 44.8705 1.8034 40.8764 44.8661 1.8034 40.6391 44.7405 1.8034 40.6148 44.7282 1.8034 40.301 44.1184 1.8034 40.1866 44 1.8034 40.2037 43.9158 1.8034 39.837 43 1.8034 39.8902 42.6442 1.8034 39.9986 42 1.8034 40.0259 41.7617 1.8034 40.1598 41 1.8034 40.1702 40.8867 1.8034 40.2801 40 1.8034 40.2813 39.9829 1.8034 40.3602 39.0512 1.8034 40.3665 39 1.8034 40.3851 38.707 1.8034 41.2006 38 1.8034 41.2337 37 1.8034 41.3103 36.9314 1.8034 41.3133 37 1.8034 41.387 37.9405 1.8034 41.3907 38 1.8034 41.4557 38.0303 1.8034 
4
21
20.5032 14.5975 2.7034 20.5525 14.6182 2.7034 20.6485 14.7017 2.7034 20.7193 14.772 2.7034 20.7367 14.8594 2.7034 20.9308 15.7337 2.7034 20.9318 16.0118 2.7034 20.9451 16.6955 2.7034 20.9467 20.2909 2.7034 20.036 20.3631 2.7034 19.3176 20.4651 2.7034 18.8813 20.5041 2.7034 18.3837 20.5329 2.7034 18.3851 15 2.7034 17.7266 14.7488 2.7034 17.465 14.6399 2.7034 17.677 14.6299 2.7034 18.2821 14.6455 2.7034 18.725 14.609 2.7034 19.3926 14.5762 2.7034 20.3046 14.5875 2.7034 
62
23.5152 16.6955 2.7034 23.5467 16.2121 2.7034 23.5876 15.7337 2.7034 23.7316 15.2322 2.7034 23.8347 14.9156 2.7034 23.8783 14.772 2.7034 23.9066 14.7507 2.7034 24.0766 14.5995 2.7034 24.9452 14.4429 2.7034 27.1662 14.4429 2.7034 28.1871 14.606 2.7034 28.2768 14.6142 2.7034 28.294 14.6241 2.7034 28.4414 14.772 2.7034 28.4543 14.8245 2.7034 28.1189 14.9922 2.7034 28.1132 15 2.7034 28.0321 16 2.7034 27.9867 17 2.7034 27.9817 38 2.7034 28.6361 38.8823 2.7034 28.7327 39 2.7034 28.7715 40 2.7034 28.8339 41 2.7034 28.9482 42 2.7034 29.3176 42.5046 2.7034 29.7544 42.9032 2.7034 29.8777 43 2.7034 29.8553 43.7312 2.7034 29.9287 44 2.7034 29.9258 44.1138 2.7034 29.7627 43.8757 2.7034 29.8111 43.6241 2.7034 29.5821 43.487 2.7034 29.3873 43.2942 2.7034 28.8035 42.6624 2.7034 28.7484 42.6215 2.7034 28.3424 42.074 2.7034 28.2853 41.9925 2.7034 28.2768 41.9797 2.7034 28.0414 41.7007 2.7034 27.8133 41.4794 2.7034 27.5968 41.2759 2.7034 27.3357 40.8462 2.7034 27.1663 40.5738 2.7034 26.7372 40.0396 2.7034 26.5212 39.7772 2.7034 26.5164 39.7711 2.7034 26.5458 39.3859 2.7034 26.5899 39 2.7034 26.6249 38.3464 2.7034 26.6516 38 2.7034 26.6781 37.3197 2.7034 26.6955 37 2.7034 26.7262 36 2.7034 26.7981 21 2.7034 25.8095 20.1548 2.7034 23.5001 20.1794 2.7034 23.4675 20.1805 2.7034 23.4696 18.6189 2.7034 23.4836 17.6572 2.7034 23.5021 17.1922 2.7034 
63
33.9501 14.4429 2.7034 34.5935 15 2.7034 34.7215 16 2.7034 34.7931 17 2.7034 34.9434 23.9091 2.7034 34.9434 23 2.7034 34.9974 21 2.7034 35.0471 20.9818 2.7034 35.0604 21 2.7034 35.0471 36.087 2.7034 34.9439 29.1291 2.7034 34.9311 33 2.7034 33.8924 33.895 2.7034 33.7657 34 2.7034 33.676 39 2.7034 33.6342 40 2.7034 32.7377 40.7649 2.7034 32.6507 40.8292 2.7034 32.7189 40.9267 2.7034 33.0015 41.446 2.7034 33.1542 41.7007 2.7034 33.3487 42.0827 2.7034 33.4646 42.6624 2.7034 33.8 43.4677 2.7034 33.8148 43.4899 2.7034 33.8294 43.5111 2.7034 33.9019 43.6241 2.7034 33.911 43.6441 2.7034 34.1129 44.027 2.7034 34.2402 44.1887 2.7034 34.5681 44.2638 2.7034 34.9399 43.8202 2.7034 34.9713 43.6241 2.7034 34.9897 43.581 2.7034 35.5001 42.6624 2.7034 35.6422 42.1234 2.7034 35.5025 42 2.7034 35.7403 41.7899 2.7034 35.772 41.7007 2.7034 36.0363 41.3621 2.7034 36.0411 41.3539 2.7034 36.0504 41.3424 2.7034 36.4659 40.7389 2.7034 36.5374 40.6284 2.7034 36.5221 40.3978 2.7034 36.489 40 2.7034 36.4416 39 2.7034 36.3658 36 2.7034 37.4339 35.067 2.7034 37.4279 21 2.7034 37.4932 20.9107 2.7034 37.6105 17 2.7034 37.6822 16 2.7034 37.7354 15.5843 2.7034 37.5829 15.1539 2.7034 37.5658 15.1226 2.7034 37.4683 14.772 2.7034 37.1609 14.6406 2.7034 36.071 14.449 2.7034 36.0504 14.446 2.7034 36.0363 14.4475 2.7034 34.9399 14.5999 2.7034 34.1128 14.4429 2.7034 
35
39.7524 39.8427 2.7034 39.7578 39.7772 2.7034 39.7537 39.701 2.7034 41.0071 38.619 2.7034 41.3176 38.7634 2.7034 41.8779 39 2.7034 42.0219 39.9874 2.7034 41.8068 40.3515 2.7034 40.4925 42.1367 2.7034 39.8833 42.6494 2.7034 39.872 42.6624 2.7034 39.7256 43.3265 2.7034 39.6108 43.6241 2.7034 39.6274 43.8367 2.7034 39.4928 44.5859 2.7034 39.6796 44.9773 2.7034 39.8833 45.1454 2.7034 40.3544 45.4417 2.7034 39.9284 45.4029 2.7034 39.6659 45.2244 2.7034 39.4195 45 2.7034 39.443 44.807 2.7034 39.3236 44.5746 2.7034 39.3176 44.5644 2.7034 39.0592 44 2.7034 39.0693 43.928 2.7034 39.3307 43.6241 2.7034 39.3202 43.5529 2.7034 39.2527 42.9777 2.7034 39.2731 42.6624 2.7034 39.231 42.4974 2.7034 39.2703 42.0515 2.7034 39.331 41 2.7034 39.343 40.6864 2.7034 39.382 40.5964 2.7034 
3
9
16.9681 15.5406 3.6034 16.9664 29 3.6034 16.9891 29.9113 3.6034 16.9959 30.0066 3.6034 17.1548 29.8189 3.6034 17.2117 29.1981 3.6034 17.2107 15.7337 3.6034 17.1662 15.6632 3.6034 17.011 15.5753 3.6034 
57
24.3543 14.4955 3.6034 24.8601 14.4429 3.6034 27.6859 14.4429 3.6034 28.0597 14.5026 3.6034 28.1857 14.591 3.6034 28.3162 14.672 3.6034 27.9375 15 3.6034 27.8095 16 3.6034 27.7587 16.7089 3.6034 27.7455 17 3.6034 27.7405 38 3.6034 27.7587 38.0249 3.6034 28.6386 38.7987 3.6034 28.8965 39 3.6034 28.9504 40 3.6034 28.9875 40.3856 3.6034 29.0329 41 3.6034 29.0912 41.3338 3.6034 29.1804 42 3.6034 29.7932 42.5579 3.6034 30.2325 42.9106 3.6034 30.2965 42.9575 3.6034 30.2277 43.4227 3.6034 30.2505 43.4804 3.6034 30.3236 43.6241 3.6034 30.6306 44.1931 3.6034 30.7027 44.3092 3.6034 30.7052 44.3154 3.6034 30.7024 44.3146 3.6034 30.6306 44.2717 3.6034 30.2182 43.8943 3.6034 29.9403 43.6241 3.6034 29.907 43.6004 3.6034 29.4678 43.2334 3.6034 29.2352 42.9583 3.6034 28.9975 42.6624 3.6034 28.7637 42.4597 3.6034 28.7134 42.4113 3.6034 28.7071 42.4056 3.6034 27.6859 41.4111 3.6034 27.3556 41.0677 3.6034 27.0602 40.7707 3.6034 27.0919 40.3334 3.6034 27.1263 40 3.6034 27.1642 39.2972 3.6034 27.1861 39 3.6034 27.2285 38 3.6034 27.2596 37 3.6034 27.3397 21 3.6034 26.3291 20.1333 3.6034 24.9895 20.1467 3.6034 24.9895 19 3.6034 24.9662 18 3.6034 24.9204 17 3.6034 24.8487 16 3.6034 24.7208 15 3.6034 24.2294 14.5745 3.6034 
65
36.3592 15.7152 3.6034 36.3633 15.7149 3.6034 36.4009 15.6724 3.6034 36.5701 15.5094 3.6034 36.7458 15.7337 3.6034 36.9443 16.6955 3.6034 36.9851 17.0549 3.6034 37.064 17.6572 3.6034 37.1453 18.6189 3.6034 37.2041 19.5807 3.6034 37.2486 20.5424 3.6034 37.2608 20.8988 3.6034 37.1868 21 3.6034 37.1917 35.7222 3.6034 36.8728 36 3.6034 36.9039 37.7067 3.6034 36.8444 37.793 3.6034 36.7952 37.8537 3.6034 36.7781 38.5216 3.6034 36.7435 38.8154 3.6034 36.7141 39.7772 3.6034 36.57 40.021 3.6034 36.401 39.9447 3.6034 35.8684 39.7772 3.6034 35.7617 39.1758 3.6034 35.7049 38.8154 3.6034 35.6054 38.0362 3.6034 35.4595 36.5047 3.6034 35.3476 38.8154 3.6034 35.2686 39.7772 3.6034 35.1194 40.4443 3.6034 35.0909 40.7389 3.6034 34.9985 41.3014 3.6034 34.9437 41.7007 3.6034 34.833 42.1198 3.6034 34.7193 42.6624 3.6034 34.6188 42.7527 3.6034 34.4775 43.2379 3.6034 34.349 43.2932 3.6034 34.2298 42.7863 3.6034 34.1532 42.6624 3.6034 34.0427 41.9181 3.6034 33.9731 41.7007 3.6034 33.9084 41.0235 3.6034 33.4591 40.7389 3.6034 33.4454 40.6286 3.6034 34.1788 40 3.6034 34.2951 34 3.6034 34.412 33.9037 3.6034 35.4593 33.0006 3.6034 35.4601 33 3.6034 35.3749 18.5139 3.6034 35.3839 18.6189 3.6034 35.4419 19.5807 3.6034 35.4595 19.9739 3.6034 35.495 19.6292 3.6034 35.499 19.5807 3.6034 35.6022 18.8089 3.6034 35.6227 18.6189 3.6034 35.7338 18.0097 3.6034 35.7845 17.6572 3.6034 35.8966 17.2319 3.6034 36.0051 16.6955 3.6034 36.0996 16.4704 3.6034 36.3248 15.7337 3.6034 
1
44
24.8739 14.4429 4.5034 24.6499 14.4886 4.5034 25.2404 15 4.5034 25.3683 16 4.5034 25.44 17 4.5034 25.4858 18 4.5034 25.5163 19 4.5034 25.5224 20.1346 4.5034 26.8487 20.1199 4.5034 27.8675 21 4.5034 27.7486 39 4.5034 27.7007 40 4.5034 27.6368 41 4.5034 27.604 41.2979 4.5034 27.6021 41.3195 4.5034 27.8185 41.5357 4.5034 27.8392 41.5551 4.5034 28.2055 41.9448 4.5034 28.5226 42.2497 4.5034 28.6507 42.3627 4.5034 28.9543 42.6624 4.5034 29.0717 42.782 4.5034 29.316 42.9524 4.5034 29.8867 43.3132 4.5034 30.2163 42.7056 4.5034 30.2516 42.6624 4.5034 30.1819 42.5088 4.5034 29.6159 42 4.5034 29.5452 41.3273 4.5034 29.5001 41 4.5034 29.4321 40 4.5034 29.3874 39 4.5034 29.1582 38.8232 4.5034 28.2182 38 4.5034 28.1386 21 4.5034 28.2116 18 4.5034 28.2575 17 4.5034 28.3291 16 4.5034 28.4571 15 4.5034 28.5588 14.9119 4.5034 28.515 14.772 4.5034 28.4397 14.691 4.5034 28.2055 14.5575 4.5034 27.1482 14.4429 4.5034 
1
20
25.3935 14.4429 5.4034 25.1695 14.4886 5.4034 25.76 15 5.4034 25.8879 16 5.4034 25.9596 17 5.4034 26.0373 19 5.4034 26.0559 20 5.4034 26.0559 20.1251 5.4034 28.362 20.117 5.4034 28.641 20.2191 5.4034 28.6717 20.2457 5.4034 28.7771 17 5.4034 28.8487 16 5.4034 28.8903 15.6752 5.4034 28.8075 15.4193 5.4034 28.7251 15.1054 5.4034 28.6086 14.772 5.4034 28.4847 14.7007 5.4034 28.2814 14.5681 5.4034 27.6146 14.4429 5.4034 
1
19
25.6363 14.4429 6.3034 26.2797 15 6.3034 26.4076 16 6.3034 26.4793 17 6.3034 26.58 20 6.3034 26.589 20.9989 6.3034 26.7332 20.9461 6.3034 26.853 20.8992 6.3034 28.9887 20.117 6.3034 29.0427 20.117 6.3034 29.0613 20.1332 6.3034 29.0135 17.6572 6.3034 28.979 16.6955 6.3034 28.9488 16.2363 6.3034 28.9242 15.7337 6.3034 28.6282 14.772 6.3034 28.5994 14.739 6.3034 28.1342 14.4751 6.3034 27.8775 14.4429 6.3034 
1
54
27.5433 14.4429 7.2034 28.5031 14.6515 7.2034 28.6538 14.742 7.2034 28.6839 14.772 7.2034 28.7542 15.028 7.2034 28.9904 15.7337 7.2034 29.0603 16.6955 7.2034 29.1036 17.6572 7.2034 29.1989 23.4276 7.2034 29.1709 23.925 7.2034 29.0224 24.3894 7.2034 28.9375 24.9466 7.2034 28.9098 25.3511 7.2034 29.1268 25.7935 7.2034 29.2007 26.3129 7.2034 29.1616 36.3899 7.2034 29.3505 36.892 7.2034 29.4135 37.4379 7.2034 29.5353 37.8537 7.2034 29.7644 38.467 7.2034 29.8152 38.5731 7.2034 29.8661 38.6657 7.2034 29.9147 38.8154 7.2034 29.912 38.9422 7.2034 30.0605 39.7772 7.2034 30.0745 39.8227 7.2034 30.0431 40.7389 7.2034 30.2846 41.7007 7.2034 30.2891 41.734 7.2034 30.2948 41.7653 7.2034 30.1656 42.0039 7.2034 29.9567 42.5371 7.2034 29.809 42.6554 7.2034 29.7982 42.6624 7.2034 29.7644 42.6909 7.2034 29.4646 42.7146 7.2034 29.0209 42.6624 7.2034 28.6538 42.6256 7.2034 28.5031 42.5151 7.2034 28.2421 42.2989 7.2034 27.888 41.99 7.2034 27.9096 41.8069 7.2034 28.0357 41 7.2034 28.0535 40.7349 7.2034 28.1164 40 7.2034 28.1661 39 7.2034 28.2009 38 7.2034 27.2529 37.1865 7.2034 27.0461 37 7.2034 27.1166 21 7.2034 26.9989 17 7.2034 26.9272 16 7.2034 26.7993 15 7.2034 26.1559 14.4429 7.2034 
1
54
26.6756 14.4429 8.1034 27.3189 15 8.1034 27.4468 16 8.1034 27.5185 17 8.1034 27.6502 22 8.1034 27.587 37 8.1034 27.7725 37.1701 8.1034 28.7385 38 8.1034 28.71 39 8.1034 28.669 40 8.1034 28.6071 41 8.1034 28.5244 41.7201 8.1034 28.5017 42 8.1034 28.9272 42.4805 8.1034 29.5091 42.9583 8.1034 29.9476 42.8357 8.1034 30.2839 42.8122 8.1034 30.3855 42.6661 8.1034 30.3898 42.6624 8.1034 30.4197 42.6072 8.1034 30.3395 42.1685 8.1034 30.284 41.7569 8.1034 30.2738 41.7007 8.1034 30.2644 41.6647 8.1034 29.9625 40.7389 8.1034 29.9931 39.7772 8.1034 29.8691 39.2802 8.1034 29.8053 38.8154 8.1034 29.6488 38.3747 8.1034 29.5764 37.8537 8.1034 29.4051 37.2912 8.1034 29.3561 37.2103 8.1034 29.1842 36.892 8.1034 29.2046 34.8777 8.1034 29.1922 34.0067 8.1034 29.1924 33.9527 8.1034 29.2162 33.045 8.1034 29.2099 31.9824 8.1034 29.1864 31.1215 8.1034 29.1888 26.3129 8.1034 29.1734 26.2792 8.1034 28.8331 25.4643 8.1034 28.833 25.2379 8.1034 28.9584 24.3894 8.1034 28.958 24.2138 8.1034 29.187 23.4276 8.1034 29.0802 16.6955 8.1034 29.0269 15.7337 8.1034 28.966 15.4493 8.1034 28.7563 14.772 8.1034 28.6068 14.6724 8.1034 28.3137 14.5172 8.1034 28.262 14.4862 8.1034 28.0629 14.4429 8.1034 
2
16
28.7858 15.7337 9.0034 28.7248 15.4493 9.0034 28.5152 14.772 9.0034 28.0209 14.4429 9.0034 27.1951 14.4429 9.0034 27.8385 15 9.0034 27.9664 16 9.0034 28.0381 17 9.0034 28.1413 20.1185 9.0034 28.4056 20.2153 9.0034 28.6536 20.5539 9.0034 28.7112 19 9.0034 28.7663 18 9.0034 28.8457 17 9.0034 28.8487 16.9759 9.0034 28.839 16.6955 9.0034 
24
29.6093 38.4621 9.0034 29.6421 38.7532 9.0034 29.6556 38.8154 9.0034 29.693 38.9086 9.0034 29.8587 39.2341 9.0034 29.8793 39.2694 9.0034 30.0108 39.7772 9.0034 29.9946 40.2273 9.0034 30.1047 40.7389 9.0034 30.2205 41.0761 9.0034 30.354 41.7007 9.0034 30.3006 42.3653 9.0034 30.3503 42.6624 9.0034 30.3334 42.7104 9.0034 30.1329 43.105 9.0034 29.6931 43.4345 9.0034 29.6581 43.4163 9.0034 30.154 43 9.0034 29.4468 42.4064 9.0034 29.2282 42.1567 9.0034 29.0746 42 9.0034 29.1549 41 9.0034 29.2076 40 9.0034 29.262 38.2859 9.0034 
0
