28
0
0
0
0
0
0
1
6
39.1673 19.7932 -8.9966 39.1404 21.4772 -8.9966 39.0921 29 -8.9966 39.1609 29.0633 -8.9966 39.1418 28.2363 -8.9966 39.1556 27.4657 -8.9966 
2
5
40.4748 15.7337 -8.0966 40.5223 15.6319 -8.0966 40.5226 28.1424 -8.0966 40.5092 27.659 -8.0966 40.4758 27.2746 -8.0966 
29
40.5202 29.4844 -8.0966 40.5123 30 -8.0966 40.4899 30.511 -8.0966 40.3897 31.8323 -8.0966 40.3727 32 -8.0966 40.3587 32.103 -8.0966 40.307 32.3712 -8.0966 40.233 32.8954 -8.0966 40.2305 33 -8.0966 40.0237 33.8541 -8.0966 39.9626 33.9694 -8.0966 39.9573 33.9737 -8.0966 39.9395 34 -8.0966 39.204 34.9182 -8.0966 38.9677 34.6628 -8.0966 39.0343 34.6626 -8.0966 39.3547 34.6494 -8.0966 39.699 34.1789 -8.0966 39.7782 34.0067 -8.0966 39.8097 33.9458 -8.0966 39.8538 33.7784 -8.0966 39.9954 33.3654 -8.0966 40.0459 33.045 -8.0966 40.0821 32.6812 -8.0966 40.2299 32.0833 -8.0966 40.2598 31.6307 -8.0966 40.3432 31.1215 -8.0966 40.4524 30.1598 -8.0966 40.4977 29.5883 -8.0966 
0
0
0
2
8
46.9986 15.4535 -4.4966 47.1247 15.4887 -4.4966 47.1249 15.4887 -4.4966 47.1671 15.5005 -4.4966 47.1855 29 -4.4966 47.1472 29.1893 -4.4966 47.056 29.8352 -4.4966 46.9892 29 -4.4966 
18
36.82 34.1821 -4.4966 36.6648 37.9981 -4.4966 36.6652 38 -4.4966 36.6637 38.0268 -4.4966 36.636 38.941 -4.4966 36.6324 39 -4.4966 36.6637 39.0989 -4.4966 37.173 40.227 -4.4966 37.0125 39.7772 -4.4966 37.0167 39.752 -4.4966 37.1247 38.8154 -4.4966 37.1329 38.7321 -4.4966 37.2048 37.7345 -4.4966 37.2933 36.892 -4.4966 37.3018 36.7242 -4.4966 37.3698 35.9302 -4.4966 37.3733 35.8354 -4.4966 37.4603 34.4422 -4.4966 
5
7
20.9949 15.451 -3.5966 21.024 15.5375 -3.5966 21.0714 15.7337 -3.5966 21.0622 28.2357 -3.5966 21.0622 28.2363 -3.5966 20.9975 29.0651 -3.5966 20.9945 29 -3.5966 
5
48.3081 15.7337 -3.5966 48.4165 15.5866 -3.5966 48.4205 29 -3.5966 48.4185 29.0644 -3.5966 48.3102 28.5171 -3.5966 
15
32.6142 40.5796 -3.5966 32.6382 41 -3.5966 32.5645 41.2977 -3.5966 32.3577 41.9359 -3.5966 32.3676 42 -3.5966 32.344 42.0573 -3.5966 32.2295 42.1212 -3.5966 31.4098 42.4986 -3.5966 31.3562 42.4776 -3.5966 31.5604 42.3773 -3.5966 32.2027 42.0218 -3.5966 32.3295 41.7007 -3.5966 32.4131 41.5736 -3.5966 32.5697 41.2435 -3.5966 32.5983 40.7389 -3.5966 
22
36.6366 34.9239 -3.5966 36.4632 39.2715 -3.5966 36.6117 40 -3.5966 36.5874 40.4671 -3.5966 36.5971 41 -3.5966 36.8699 41.6083 -3.5966 36.8552 41.5188 -3.5966 36.8079 40.7389 -3.5966 36.8228 40.5647 -3.5966 36.8552 39.7984 -3.5966 36.8567 39.7785 -3.5966 36.8567 39.7784 -3.5966 36.8562 39.7772 -3.5966 36.988 38.9868 -3.5966 37.0078 38.8154 -3.5966 37.0898 37.9743 -3.5966 37.1614 37.0316 -3.5966 37.0837 37 -3.5966 37.0726 36.9041 -3.5966 36.9077 36 -3.5966 36.8889 35.745 -3.5966 36.8067 35 -3.5966 
23
48.4039 29.5332 -3.5966 48.392 29.9188 -3.5966 48.3913 30 -3.5966 48.3207 30.9544 -3.5966 48.3193 31 -3.5966 48.2295 31.8111 -3.5966 48.1937 32 -3.5966 47.9697 32.8701 -3.5966 47.9369 32.9721 -3.5966 47.93 33 -3.5966 47.6636 33.6927 -3.5966 47.5785 34 -3.5966 47.5727 34.0141 -3.5966 47.2375 34.5025 -3.5966 47.4769 34.0067 -3.5966 47.5745 33.6937 -3.5966 47.7948 33.045 -3.5966 47.9225 32.5995 -3.5966 48.0118 32.1096 -3.5966 48.0179 32.0833 -3.5966 48.0944 31.5102 -3.5966 48.1656 31.1215 -3.5966 48.2578 30.1598 -3.5966 
5
9
42.7706 14.4429 -2.6966 42.9274 14.4429 -2.6966 44.0379 14.473 -2.6966 44.5143 14.5531 -2.6966 43.9785 15 -2.6966 43.971 15.3498 -2.6966 43.971 15.7544 -2.6966 43.8978 15.3649 -2.6966 43.885 15 -2.6966 
13
21.1901 31.9019 -2.6966 21.1878 32 -2.6966 21.2956 32.6875 -2.6966 21.2989 33 -2.6966 21.3181 33.3237 -2.6966 21.5372 34.5386 -2.6966 21.5999 34.7152 -2.6966 21.6913 34.9029 -2.6966 21.6634 34.7431 -2.6966 21.4686 34.0067 -2.6966 21.3653 33.5355 -2.6966 21.3379 33.045 -2.6966 21.3308 32.5717 -2.6966 
23
36.5482 37.6095 -2.6966 36.358 37.526 -2.6966 36.3432 38 -2.6966 36.2399 40 -2.6966 36.2296 40.3575 -2.6966 36.1817 41 -2.6966 36.4732 41.8764 -2.6966 36.5086 42 -2.6966 36.5482 42.158 -2.6966 36.6062 42.3287 -2.6966 36.6706 42.4059 -2.6966 36.6946 42.429 -2.6966 36.7705 42.575 -2.6966 36.7704 42.1389 -2.6966 36.563 41.7007 -2.6966 36.576 41.3304 -2.6966 36.7234 40.2633 -2.6966 36.7665 39.7772 -2.6966 36.9045 39.211 -2.6966 36.9589 38.8338 -2.6966 36.9628 38.8154 -2.6966 37.259 38.0764 -2.6966 37.2765 37.898 -2.6966 
26
47.0373 36.7528 -2.6966 47.1263 36.6174 -2.6966 47.0473 36.8117 -2.6966 47.0319 36.8565 -2.6966 47.0317 36.8571 -2.6966 46.9824 37 -2.6966 46.9405 37.0843 -2.6966 46.9148 37.1246 -2.6966 46.6707 37.5527 -2.6966 46.2575 37.7934 -2.6966 46.2535 37.7952 -2.6966 46.081 38 -2.6966 45.7858 38.2009 -2.6966 45.7499 38.2185 -2.6966 45.4507 38.2903 -2.6966 45.2491 38.0811 -2.6966 45.3894 38.1432 -2.6966 45.6244 37.9712 -2.6966 45.7027 37.9092 -2.6966 45.8891 37.8537 -2.6966 46.2589 37.6998 -2.6966 46.3733 37.5245 -2.6966 46.4716 37.4331 -2.6966 46.9138 36.892 -2.6966 47.0366 36.7538 -2.6966 47.0371 36.7531 -2.6966 
22
37.3748 43.2698 -2.6966 36.9454 42.9116 -2.6966 36.9912 43 -2.6966 37.3565 43.3 -2.6966 37.4177 43.3081 -2.6966 37.703 43.3219 -2.6966 38.4382 43 -2.6966 38.4559 42.9904 -2.6966 38.6707 42.8556 -2.6966 38.8307 42.5871 -2.6966 38.8576 42.5459 -2.6966 39.1452 42 -2.6966 39.1715 41.8979 -2.6966 39.1343 41.943 -2.6966 38.6245 42.6624 -2.6966 38.5561 42.7218 -2.6966 38.4853 42.8066 -2.6966 38.3878 42.8635 -2.6966 38.3871 42.8639 -2.6966 38.3868 42.8641 -2.6966 37.6955 43.2679 -2.6966 37.6168 43.294 -2.6966 
2
34
24.1698 33.7361 -1.7966 24.1766 33.7972 -1.7966 24.2787 34.3593 -1.7966 24.3647 34.9685 -1.7966 24.5682 35.699 -1.7966 24.572 35.7137 -1.7966 24.6354 35.9302 -1.7966 24.6436 35.9417 -1.7966 24.6567 35.9606 -1.7966 25.0389 36.892 -1.7966 25.2017 37.5508 -1.7966 25.2246 37.8537 -1.7966 25.2344 38.4962 -1.7966 25.38 38.8154 -1.7966 25.1515 39.4993 -1.7966 25.2392 39.7229 -1.7966 25.2672 39.7772 -1.7966 25.2393 39.8854 -1.7966 25.1854 40.0557 -1.7966 25.2897 40 -1.7966 25.5208 39.4907 -1.7966 25.579 39.2184 -1.7966 25.6817 39 -1.7966 25.607 38.145 -1.7966 25.5208 37.3968 -1.7966 25.1118 36.3244 -1.7966 25.0644 36.0237 -1.7966 25.063 36 -1.7966 25.0258 35.6194 -1.7966 24.7696 35.5807 -1.7966 24.5357 35 -1.7966 24.3661 34.1536 -1.7966 24.313 34 -1.7966 24.2256 33.8783 -1.7966 
18
36.0374 40 -1.7966 36.0423 39.9132 -1.7966 36.7728 39.643 -1.7966 36.7688 39.6731 -1.7966 36.76 39.7772 -1.7966 36.7136 40.148 -1.7966 36.7135 40.1481 -1.7966 36.6654 40.4745 -1.7966 36.5698 40.7389 -1.7966 36.4487 41.5447 -1.7966 36.3984 41.7007 -1.7966 36.3712 41.8681 -1.7966 36.289 42.6624 -1.7966 36.5868 43.3504 -1.7966 36.3548 43 -1.7966 35.9132 42.023 -1.7966 35.9059 42 -1.7966 35.9069 41.9866 -1.7966 
2
22
25.3989 37.8537 -0.896601 25.4648 37.9697 -0.896601 25.6251 38.186 -0.896601 25.8492 38.8154 -0.896601 26.119 39.3345 -0.896601 26.1983 39.6551 -0.896601 26.2109 39.7122 -0.896601 26.2376 39.7772 -0.896601 26.373 40.4834 -0.896601 26.338 40.7389 -0.896601 26.3411 41.1765 -0.896601 26.3583 41 -0.896601 26.4082 40.5724 -0.896601 26.4866 40 -0.896601 26.4268 39.5631 -0.896601 26.6066 39 -0.896601 26.5584 38.4973 -0.896601 26.5254 38.0285 -0.896601 26.4787 38 -0.896601 26.0405 37.7059 -0.896601 25.553 37.4563 -0.896601 25.3711 37.3721 -0.896601 
26
36.4327 40.58 -0.896601 36.2628 40.7165 -0.896601 35.9623 41 -0.896601 35.8042 41.1377 -0.896601 35.7271 42.2193 -0.896601 35.8793 43 -0.896601 36.0448 43.6641 -0.896601 36.1886 44 -0.896601 36.4327 44.3458 -0.896601 36.7408 44.6242 -0.896601 37.1344 44.6823 -0.896601 36.9387 44.5859 -0.896601 36.7117 44.3931 -0.896601 36.5013 44.2846 -0.896601 36.3238 44.1535 -0.896601 36.193 43.9339 -0.896601 36.0603 43.6241 -0.896601 36.097 43.2724 -0.896601 36.1092 42.6624 -0.896601 36.2647 41.7007 -0.896601 36.4755 41.0477 -0.896601 36.5013 40.9619 -0.896601 36.5742 40.7389 -0.896601 36.607 40.6861 -0.896601 36.7364 40.3451 -0.896601 36.7248 40.3336 -0.896601 
3
10
32.2997 19 0.00339928 32.23 21 0.00339928 32.2588 33.0648 0.00339928 32.3274 33.0398 0.00339928 32.3336 33.0377 0.00339928 32.4365 33 0.00339928 32.4747 21 0.00339928 32.4352 20 0.00339928 32.3799 19 0.00339928 32.3336 18.3846 0.00339928 
23
26.2123 38.3413 0.00339928 26.973 38.0448 0.00339928 27.0153 38.4894 0.00339928 27.0562 39 0.00339928 27.168 40 0.00339928 27.1291 40.4325 0.00339928 27.242 41 0.00339928 27.2081 41.393 0.00339928 27.2952 42 0.00339928 27.1972 42.6016 0.00339928 27.1773 42.6181 0.00339928 27.2036 41.7007 0.00339928 26.9684 40.8789 0.00339928 26.9676 40.7389 0.00339928 26.9374 40.5833 0.00339928 26.729 40.1882 0.00339928 26.7179 40.1664 0.00339928 26.2517 39.5251 0.00339928 26.2081 39.4475 0.00339928 26.0615 39.1678 0.00339928 25.9161 38.8154 0.00339928 25.8288 38.7018 0.00339928 25.9941 38.7176 0.00339928 
13
35.8608 43.3307 0.00339928 35.827 43.6241 0.00339928 35.9657 43.939 0.00339928 35.9639 44.4552 0.00339928 35.7976 44.0929 0.00339928 35.7751 44 0.00339928 35.7552 43.9282 0.00339928 35.4653 43 0.00339928 35.5195 42.3937 0.00339928 35.5573 41.7985 0.00339928 35.7358 41.639 0.00339928 36.2739 41.1776 0.00339928 36.1252 41.7007 0.00339928 
2
8
43.8953 14.4429 0.903399 44.3213 14.4499 0.903399 43.221 15 0.903399 42.9994 16 0.903399 42.9489 16.4064 0.903399 42.9198 16 0.903399 42.7918 15 0.903399 42.1485 14.4429 0.903399 
15
35.2973 42.4771 0.903399 35.8417 42 0.903399 36.0155 41.861 0.903399 36.017 41.8725 0.903399 35.9505 42.1956 0.903399 35.9262 42.3529 0.903399 35.8301 42.6624 0.903399 35.7007 43.4273 0.903399 35.6432 43.6241 0.903399 35.5642 44.5859 0.903399 36.0596 45.4734 0.903399 35.6975 45.0882 0.903399 35.2026 44.0347 0.903399 35.1924 44 0.903399 35.1847 43.9606 0.903399 
1
17
35.0594 43 1.8034 34.9525 44 1.8034 34.9718 44.0525 1.8034 35.299 45 1.8034 35.369 45.1198 1.8034 35.3873 45.3228 1.8034 35.417 45.3787 1.8034 35.4163 45.3547 1.8034 35.2779 44.5859 1.8034 35.3018 44.1273 1.8034 35.357 43.6241 1.8034 35.5308 43.1717 1.8034 35.6717 42.6986 1.8034 35.6833 42.6624 1.8034 35.7131 42.5638 1.8034 35.6822 42.5902 1.8034 35.1308 42.1071 1.8034 
0
0
0
1
18
29.4249 40 5.4034 29.4642 38.9609 5.4034 29.7164 39.6372 5.4034 29.713 39.7772 5.4034 29.7635 39.9408 5.4034 29.8356 40.0539 5.4034 29.9401 40.2576 5.4034 29.9797 41 5.4034 30.0133 41.3139 5.4034 30.0683 42 5.4034 30.1554 42.0777 5.4034 30.1088 42.3262 5.4034 29.8862 42.6624 5.4034 29.8356 42.7184 5.4034 29.4363 42.7757 5.4034 29.1897 42.6905 5.4034 29.2861 42 5.4034 29.37 41 5.4034 
2
6
26.588 29.8117 6.3034 26.7176 36 6.3034 26.7333 36.2926 6.3034 26.7705 37.2351 6.3034 26.6835 37.1607 6.3034 26.5012 37 6.3034 
15
29.6686 38.3938 6.3034 29.8055 38.5131 6.3034 29.9036 38.8154 6.3034 29.8835 39.736 6.3034 29.8908 39.7772 6.3034 30.1352 40.5718 6.3034 30.1294 40.7389 6.3034 30.1753 40.9261 6.3034 30.2954 41.7007 6.3034 30.2622 41.7855 6.3034 30.026 41.9747 6.3034 29.8009 42.2703 6.3034 29.5179 42.4483 6.3034 29.5545 42 6.3034 29.6043 41 6.3034 
0
0
0
0
