21
0
0
0
0
0
0
1
47
15.8924 17.7925 -43.2075 15.8594 18 -43.2075 15.7743 18.7925 -43.2075 15.7274 19 -43.2075 15.5554 19.7925 -43.2075 15.495 20 -43.2075 15.3026 20.7659 -43.2075 15.2216 21 -43.2075 15.0178 21.4617 -43.2075 15.4918 21.9174 -43.2075 15.5189 22 -43.2075 15.5165 22.4893 -43.2075 15.6407 23 -43.2075 15.5622 23.3776 -43.2075 15.6587 24 -43.2075 15.6187 24.3045 -43.2075 15.5698 25 -43.2075 15.6701 25.4667 -43.2075 15.7409 25.9441 -43.2075 15.9137 25.4411 -43.2075 16.0094 25 -43.2075 16.0146 24.99 -43.2075 16.2717 24.5486 -43.2075 16.6196 24 -43.2075 16.9891 23.5881 -43.2075 16.9758 23.5639 -43.2075 16.8021 23.2075 -43.2075 16.7436 23 -43.2075 16.7088 22.7925 -43.2075 16.4838 22 -43.2075 16.4125 21 -43.2075 16.4747 18.7925 -43.2075 16.5148 16 -43.2075 16.524 15.7925 -43.2075 16.5227 15 -43.2075 16.5291 14.7925 -43.2075 16.5395 14 -43.2075 16.5494 13.7925 -43.2075 16.5552 13 -43.2075 16.5644 12.829 -43.2075 16.5021 13 -43.2075 16.196 13.7925 -43.2075 16.1592 14 -43.2075 16.1102 14.7925 -43.2075 16.0807 15 -43.2075 16.0802 15.719 -43.2075 16.0328 16 -43.2075 
1
84
15.9777 20 -42.3075 15.8572 20.6925 -42.3075 15.78 21 -42.3075 15.579 21.6925 -42.3075 15.4439 22 -42.3075 15.1773 22.6719 -42.3075 15.0267 23 -42.3075 15 23.0558 -42.3075 14.8129 23.3825 -42.3075 14.6925 23.5694 -42.3075 14.5149 23.8793 -42.3075 14.437 24 -42.3075 14.4149 24.5878 -42.3075 14 24.7584 -42.3075 13 25.7359 -42.3075 12.7643 25.7643 -42.3075 12 25.9933 -42.3075 11.9765 25.9765 -42.3075 11 25.3174 -42.3075 10.8185 25 -42.3075 10.4435 24.4435 -42.3075 10.2066 24.1122 -42.3075 10.5517 25 -42.3075 10.658 25.5715 -42.3075 10.7161 26 -42.3075 10.7842 26.6744 -42.3075 10.7778 27 -42.3075 10.756 27.6424 -42.3075 10.7286 28 -42.3075 10.7046 28.6108 -42.3075 10.6818 29 -42.3075 10.9994 29.4118 -42.3075 11 29.4127 -42.3075 11.4591 29.4591 -42.3075 12 29.4687 -42.3075 12.4513 29.4513 -42.3075 13 29.4471 -42.3075 13.409 29.409 -42.3075 14 29.3987 -42.3075 14.0792 29.3842 -42.3075 14.3633 29 -42.3075 14.6744 28.3255 -42.3075 14.6401 28 -42.3075 14.6683 27.6683 -42.3075 14.9687 27.7368 -42.3075 14.6845 27 -42.3075 14.7462 26.507 -42.3075 14.8284 26 -42.3075 15 25.7141 -42.3075 15.2056 25.3075 -42.3075 15.3112 25 -42.3075 15.915 24.3075 -42.3075 15.9625 24.2317 -42.3075 16 24.2164 -42.3075 16.1372 24 -42.3075 16.2873 23.8327 -42.3075 16.2874 23.8326 -42.3075 16.3075 23.8096 -42.3075 16.9904 23.1791 -42.3075 16.9327 23.0606 -42.3075 16.8909 23 -42.3075 16.8036 22.6925 -42.3075 16.5275 22 -42.3075 16.5065 21.6925 -42.3075 16.4751 21 -42.3075 16.5396 19 -42.3075 16.5644 16.6925 -42.3075 16.544 16 -42.3075 16.5435 15.6925 -42.3075 16.2081 15 -42.3075 16.2122 14.6924 -42.3075 16.2106 14.4732 -42.3075 16.1129 14.6924 -42.3075 16.0939 15 -42.3075 16.1677 15.6925 -42.3075 16.1674 16 -42.3075 16.2345 16.6925 -42.3075 16.2132 17 -42.3075 16.1879 17.6925 -42.3075 16.1662 18 -42.3075 16.1534 18.6583 -42.3075 16.1259 19 -42.3075 16.0589 19.5402 -42.3075 16 19.8857 -42.3075 
2
42
8.84572 21.1876 -41.4075 9 21.4562 -41.4075 9.05289 21.4995 -41.4075 9.14584 21.5925 -41.4075 9.21357 22 -41.4075 9.29306 22.5925 -41.4075 9.39811 23 -41.4075 9.47083 23.5925 -41.4075 9.59465 24 -41.4075 9.69634 24.5925 -41.4075 9.85636 25 -41.4075 9.97839 25.5382 -41.4075 9.39773 25.3977 -41.4075 9.3236 26 -41.4075 9.95855 26.5854 -41.4075 9.68887 27 -41.4075 9.46959 27.4696 -41.4075 9.01996 28 -41.4075 9.01499 28.015 -41.4075 9 28.0337 -41.4075 8.56817 29 -41.4075 8.52266 29.5227 -41.4075 8.3834 30 -41.4075 8.38483 30.0072 -41.4075 8.46697 30.467 -41.4075 8.53381 31 -41.4075 9.02141 31.8672 -41.4075 9 31.847 -41.4075 8.39508 31 -41.4075 8 30.5061 -41.4075 7.98705 30.4808 -41.4075 8 30.46 -41.4075 8.0801 30 -41.4075 8.08429 29.8011 -41.4075 8.12327 29 -41.4075 8.25733 28.4075 -41.4075 8.3035 27.5925 -41.4075 8.66601 27 -41.4075 8.69356 26.5925 -41.4075 8.90018 26 -41.4075 8.97105 25.0733 -41.4075 8.97403 25 -41.4075 
29
15.7128 22.5925 -41.4075 15.5511 23 -41.4075 15.3024 23.5961 -41.4075 15.4039 23.7913 -41.4075 16 23.6872 -41.4075 16.4075 23.3109 -41.4075 16.9183 23.0245 -41.4075 16.985 23.0002 -41.4075 16.9848 23 -41.4075 16.9755 22.9877 -41.4075 16.7135 22.4075 -41.4075 16.551 22 -41.4075 16.5325 21.5925 -41.4075 16.5372 21 -41.4075 16.5532 20.5925 -41.4075 16.5761 19.5925 -41.4075 16.5729 19 -41.4075 16.5781 18.5925 -41.4075 16.5764 17.5925 -41.4075 16.404 17.163 -41.4075 16.2804 17.5925 -41.4075 16.2655 18 -41.4075 16.2752 18.5925 -41.4075 16.2673 19 -41.4075 16.2787 19.5925 -41.4075 16.2281 20 -41.4075 16.18 20.5925 -41.4075 16.1167 21 -41.4075 16.0189 21.5104 -41.4075 
0
0
0
0
0
0
0
0
0
0
0
0
