21
0
0
1
12
15.6411 12.1925 -46.8075 15.726 12 -46.8075 15.8206 11.1743 -46.8075 15.8466 11.6019 -46.8075 15.819 12 -46.8075 15.7265 12.7102 -46.8075 15.8074 13 -46.8075 15.752 13.4685 -46.8075 15.1925 13.3451 -46.8075 15.0935 13.3956 -46.8075 15.2235 13.1925 -46.8075 15.317 13 -46.8075 
1
14
15.3619 13.987 -45.9075 15.7965 13.0925 -45.9075 15.8303 13 -45.9075 16 12.6174 -45.9075 16.1982 12.0925 -45.9075 16.217 12 -45.9075 16.2762 11.0925 -45.9075 16.2783 11.0788 -45.9075 16.2799 11.0925 -45.9075 16.2163 12.0925 -45.9075 16.5012 13 -45.9075 16.4618 13.5117 -45.9075 16 13.6113 -45.9075 15.9852 13.6687 -45.9075 
1
10
16.3479 11.9925 -45.0075 16.4904 11.0729 -45.0075 16.6003 11.9925 -45.0075 16.5445 12.9925 -45.0075 16.5468 13 -45.0075 16.5145 13.4264 -45.0075 16.0184 13.3808 -45.0075 16.1424 13 -45.0075 16.1452 12.9925 -45.0075 16.3474 12 -45.0075 
2
17
16.6219 11.9414 -44.1075 16.6289 12 -44.1075 16.5323 13.8925 -44.1075 16.5241 14 -44.1075 16.4487 16 -44.1075 16.4451 16.2446 -44.1075 16.4333 16 -44.1075 16.3147 15.2743 -44.1075 16.2951 15 -44.1075 16.2535 14.6814 -44.1075 16.2535 14.6812 -44.1075 16.0176 14.3849 -44.1075 16.0727 14 -44.1075 16.1073 13.8925 -44.1075 16.2656 13 -44.1075 16.2875 12.8925 -44.1075 16.6129 12 -44.1075 
11
16.4244 25 -44.1075 16.5742 25.3753 -44.1075 16.7605 25.9134 -44.1075 16.7678 25.3434 -44.1075 16.7505 25 -44.1075 16.9907 24.5348 -44.1075 16.9669 24.4383 -44.1075 16.8626 24.1075 -44.1075 16.8492 24 -44.1075 16.8388 23.8925 -44.1075 16.6514 23.2281 -44.1075 
0
0
0
1
16
16.4282 19.1188 -40.5075 16.5745 19.4925 -40.5075 16.5527 21.4925 -40.5075 16.5487 22 -40.5075 16.7756 22.2268 -40.5075 16.9935 22.7093 -40.5075 16.4721 22.9785 -40.5075 16.4069 23 -40.5075 16 23.2281 -40.5075 15.8813 23 -40.5075 16 22.5821 -40.5075 16.0175 22.5279 -40.5075 16.0995 22 -40.5075 16.1967 21.4925 -40.5075 16.2757 20.4925 -40.5075 16.4432 20 -40.5075 
0
0
0
0
0
1
12
33.7747 28 -35.1075 33.5581 27.5937 -35.1075 33.5207 27.4578 -35.1075 33.5474 27.6231 -35.1075 33.6005 28 -35.1075 33.6079 28.6835 -35.1075 33.6245 29 -35.1075 33.5035 29.7021 -35.1075 33.4512 29.9231 -35.1075 33.451 29.9236 -35.1075 33.5459 29.8267 -35.1075 33.7788 29 -35.1075 
0
0
1
11
37.9735 28 -32.4075 37.9746 28.037 -32.4075 37.9812 29 -32.4075 37.9791 29.0275 -32.4075 37.8889 29.9152 -32.4075 38 29.6727 -32.4075 38.279 29 -32.4075 38.2719 28.401 -32.4075 38.2749 28 -32.4075 38 27.3277 -32.4075 37.8979 27.2204 -32.4075 
1
12
39 27.5957 -31.5075 39.16 28 -31.5075 39.154 29 -31.5075 39.0474 29.2513 -31.5075 39 29.3743 -31.5075 38.7624 29.926 -31.5075 38.8003 29.2821 -31.5075 38.8234 29 -31.5075 38.8363 28 -31.5075 38.8056 27.3192 -31.5075 38.791 27.0907 -31.5075 38.8907 27.3476 -31.5075 
1
9
39.5153 27.4575 -30.6075 39.5385 28 -30.6075 39.5304 29 -30.6075 39.4916 29.9361 -30.6075 39.7223 29.3925 -30.6075 39.7387 29.0001 -30.6075 39.7406 28.3925 -30.6075 39.7456 28.1762 -30.6075 39.7448 28 -30.6075 
