744
15.9137 25.4411 -44.2075
16.1137 25.4411 -44.2075
16.1137 25.4411 -44.2075
16.0552 25.5825 -44.1863
15.9137 25.6411 -44.165
15.7723 25.5825 -44.1437
15.7137 25.4411 -44.1224
15.7723 25.2997 -44.1012
15.9137 25.2411 -44.0799
16.0552 25.2997 -44.0586
16.1137 25.4411 -44.0373
16.0552 25.5825 -44.016
15.9137 25.6411 -43.9948
15.7723 25.5825 -43.9735
15.7137 25.4411 -43.9522
15.7723 25.2997 -43.9309
15.9137 25.2411 -43.9097
16.0552 25.2997 -43.8884
16.1137 25.4411 -43.8671
16.0552 25.5825 -43.8458
15.9137 25.6411 -43.8246
15.7723 25.5825 -43.8033
15.7137 25.4411 -43.782
15.7723 25.2997 -43.7607
15.9137 25.2411 -43.7395
16.0552 25.2997 -43.7182
16.1137 25.4411 -43.6969
16.0552 25.5825 -43.6756
15.9137 25.6411 -43.6543
15.7723 25.5825 -43.6331
15.7137 25.4411 -43.6118
15.7723 25.2997 -43.5905
15.9137 25.2411 -43.5692
16.0552 25.2997 -43.548
16.1137 25.4411 -43.5267
16.0552 25.5825 -43.5054
15.9137 25.6411 -43.4841
15.7723 25.5825 -43.4629
15.7137 25.4411 -43.4416
15.7723 25.2997 -43.4203
15.9137 25.2411 -43.399
16.0552 25.2997 -43.3778
16.1137 25.4411 -43.3565
16.0552 25.5825 -43.3352
15.9137 25.6411 -43.3139
15.7723 25.5825 -43.2926
15.7137 25.4411 -43.2714
15.7723 25.2997 -43.2501
15.9137 25.2411 -43.2288
16.0552 25.2997 -43.2075
15.9137 25.4411 -43.2075
15.7939 25.4293 -43.2075
15.6999 25.2632 -43.2075
15.6443 24.8992 -43.2075
15.6215 24.4299 -43.2075
15.601 23.4454 -43.2075
15.5778 22.9786 -43.2075
15.5338 22.5471 -43.2075
15.4608 22.1556 -43.2075
15.3637 21.7935 -43.2075
15.2919 21.4268 -43.2075
15.2781 21.0337 -43.2075
15.3466 20.5941 -43.2075
15.5753 19.6379 -43.2075
15.6788 19.1507 -43.2075
15.7685 18.6332 -43.2075
15.8407 18.0996 -43.2075
15.9057 17.4969 -43.2075
16.0156 16.2317 -43.2075
16.0907 15.1354 -43.2075
16.1324 14.6326 -43.2075
16.198 14.1503 -43.2075
16.2963 13.6819 -43.2075
16.403 13.3449 -43.2075
16.49 13.2058 -43.2075
16.534 13.3449 -43.2075
16.5452 13.6819 -43.2075
16.4418 20.469 -43.2075
16.4546 21.1369 -43.2075
16.4939 21.6862 -43.2075
16.5641 22.1755 -43.2075
16.6508 22.5825 -43.2075
16.8196 23.2214 -43.2075
16.8388 23.4838 -43.2075
16.7584 23.7688 -43.2075
16.5809 24.0996 -43.2075
16.3553 24.4648 -43.2075
16.1554 24.8154 -43.2075
16.0125 25.1397 -43.2075
15.9137 25.4411 -43.2075
10.9994 29.4118 -43.2075
11.1994 29.4118 -43.2075
11.1994 29.4118 -43.2075
11.1408 29.5533 -43.1884
10.9994 29.6118 -43.1692
10.8579 29.5533 -43.1501
10.7994 29.4118 -43.1309
10.8579 29.2704 -43.1118
10.9994 29.2118 -43.0926
11.1408 29.2704 -43.0735
11.1994 29.4118 -43.0543
11.1408 29.5533 -43.0352
10.9994 29.6118 -43.016
10.8579 29.5533 -42.9969
10.7994 29.4118 -42.9778
10.8579 29.2704 -42.9586
10.9994 29.2118 -42.9395
11.1408 29.2704 -42.9203
11.1994 29.4118 -42.9012
11.1408 29.5533 -42.882
10.9994 29.6118 -42.8629
10.8579 29.5533 -42.8437
10.7994 29.4118 -42.8246
10.8579 29.2704 -42.8054
10.9994 29.2118 -42.7863
11.1408 29.2704 -42.7671
11.1994 29.4118 -42.748
11.1408 29.5533 -42.7288
10.9994 29.6118 -42.7097
10.8579 29.5533 -42.6905
10.7994 29.4118 -42.6714
10.8579 29.2704 -42.6522
10.9994 29.2118 -42.6331
11.1408 29.2704 -42.6139
11.1994 29.4118 -42.5948
11.1408 29.5533 -42.5756
10.9994 29.6118 -42.5565
10.8579 29.5533 -42.5373
10.7994 29.4118 -42.5182
10.8579 29.2704 -42.499
10.9994 29.2118 -42.4799
11.1408 29.2704 -42.4607
11.1994 29.4118 -42.4416
11.1408 29.5533 -42.4224
10.9994 29.6118 -42.4033
10.8579 29.5533 -42.3841
10.7994 29.4118 -42.365
10.8579 29.2704 -42.3458
10.9994 29.2118 -42.3267
11.1408 29.2704 -42.3075
10.9994 29.4118 -42.3075
10.8586 28.9801 -42.3075
10.7687 28.5282 -42.3075
10.7417 28.0595 -42.3075
10.7549 27.0772 -42.3075
10.7398 26.569 -42.3075
10.6895 26.0456 -42.3075
10.6076 25.5113 -42.3075
10.5234 25.041 -42.3075
10.5023 24.7585 -42.3075
10.6073 24.7473 -42.3075
10.8528 24.9818 -42.3075
11.1982 25.3277 -42.3075
11.5676 25.6329 -42.3075
11.923 25.8162 -42.3075
12.2832 25.8367 -42.3075
12.6761 25.7185 -42.3075
13.121 25.4732 -42.3075
13.5548 25.1583 -42.3075
13.9396 24.8114 -42.3075
14.2189 24.4711 -42.3075
14.4164 24.1558 -42.3075
14.5579 23.8628 -42.3075
14.6876 23.6041 -42.3075
14.9483 23.1218 -42.3075
15.0849 22.8435 -42.3075
15.2368 22.4937 -42.3075
15.4045 22.0716 -42.3075
15.5742 21.5904 -42.3075
15.7229 21.1062 -42.3075
15.8439 20.6341 -42.3075
15.9337 20.2141 -42.3075
16.0038 19.8214 -42.3075
16.0587 19.4357 -42.3075
16.1044 19.02 -42.3075
16.14 18.5627 -42.3075
16.1675 18.0866 -42.3075
16.187 17.5889 -42.3075
16.1981 17.0985 -42.3075
16.1945 16.5927 -42.3075
16.1558 15.6102 -42.3075
16.1453 15.1894 -42.3075
16.1531 14.883 -42.3075
16.1867 14.778 -42.3075
16.2446 14.883 -42.3075
16.3308 15.1894 -42.3075
16.4226 15.6358 -42.3075
16.4998 16.2138 -42.3075
16.5386 16.8947 -42.3075
16.5489 17.661 -42.3075
16.4974 20.5837 -42.3075
16.506 21.1422 -42.3075
16.548 21.6267 -42.3075
16.6318 22.0877 -42.3075
16.7377 22.4921 -42.3075
16.8156 22.8355 -42.3075
16.8135 23.1051 -42.3075
16.7037 23.3518 -42.3075
16.5373 23.571 -42.3075
16.2383 23.9005 -42.3075
16.1354 24.0224 -42.3075
15.8913 24.3298 -42.3075
15.6963 24.5863 -42.3075
15.4673 24.9165 -42.3075
15.2313 25.2999 -42.3075
15.0361 25.6916 -42.3075
14.8973 26.1106 -42.3075
14.8178 26.551 -42.3075
14.7615 27.4079 -42.3075
14.7229 27.7623 -42.3075
14.6406 28.0947 -42.3075
14.5167 28.4656 -42.3075
14.3356 28.8345 -42.3075
14.0972 29.1382 -42.3075
13.7831 29.321 -42.3075
13.4007 29.4042 -42.3075
12.9519 29.4347 -42.3075
12.4727 29.447 -42.3075
11.9952 29.4497 -42.3075
11.5765 29.4426 -42.3075
11.2495 29.4285 -42.3075
10.9994 29.4118 -42.3075
9 31.847 -42.3075
9.2 31.847 -42.3075
9.2 31.847 -42.3075
9.14142 31.9884 -42.2884
9 32.047 -42.2692
8.85858 31.9884 -42.2501
8.8 31.847 -42.2309
8.85858 31.7055 -42.2118
9 31.647 -42.1926
9.14142 31.7055 -42.1735
9.2 31.847 -42.1544
9.14142 31.9884 -42.1352
9 32.047 -42.1161
8.85858 31.9884 -42.0969
8.8 31.847 -42.0778
8.85858 31.7055 -42.0586
9 31.647 -42.0395
9.14142 31.7055 -42.0203
9.2 31.847 -42.0012
9.14142 31.9884 -41.982
9 32.047 -41.9629
8.85858 31.9884 -41.9437
8.8 31.847 -41.9246
8.85858 31.7055 -41.9054
9 31.647 -41.8863
9.14142 31.7055 -41.8671
9.2 31.847 -41.848
9.14142 31.9884 -41.8288
9 32.047 -41.8097
8.85858 31.9884 -41.7905
8.8 31.847 -41.7714
8.85858 31.7055 -41.7522
9 31.647 -41.7331
9.14142 31.7055 -41.7139
9.2 31.847 -41.6948
9.14142 31.9884 -41.6756
9 32.047 -41.6565
8.85858 31.9884 -41.6373
8.8 31.847 -41.6182
8.85858 31.7055 -41.599
9 31.647 -41.5799
9.14142 31.7055 -41.5607
9.2 31.847 -41.5416
9.14142 31.9884 -41.5224
9 32.047 -41.5033
8.85858 31.9884 -41.4841
8.8 31.847 -41.465
8.85858 31.7055 -41.4458
9 31.647 -41.4267
9.14142 31.7055 -41.4075
9 31.847 -41.4075
8.36373 30.9755 -41.4075
8.17145 30.6946 -41.4075
8.06807 30.4814 -41.4075
8.04349 30.2602 -41.4075
8.06129 29.9601 -41.4075
8.1064 29.529 -41.4075
8.17516 28.9811 -41.4075
8.27357 28.3483 -41.4075
8.41109 27.71 -41.4075
8.71508 26.5019 -41.4075
8.83159 25.9106 -41.4075
8.90805 25.3071 -41.4075
8.93609 24.6311 -41.4075
8.93133 23.8675 -41.4075
8.90647 22.2968 -41.4075
8.93052 21.7835 -41.4075
8.98403 21.5592 -41.4075
9.05886 21.5906 -41.4075
9.13862 21.7955 -41.4075
9.22045 22.1354 -41.4075
9.49224 23.5445 -41.4075
9.60001 24.0459 -41.4075
9.69348 24.5162 -41.4075
9.73387 24.947 -41.4075
9.7032 25.3154 -41.4075
9.64541 25.6801 -41.4075
9.61965 26.0734 -41.4075
9.60685 26.5273 -41.4075
9.54942 26.9905 -41.4075
9.39942 27.4119 -41.4075
9.20979 27.7608 -41.4075
9.02468 28.0576 -41.4075
8.86661 28.3703 -41.4075
8.72478 28.7201 -41.4075
8.60056 29.1089 -41.4075
8.50983 29.4823 -41.4075
8.45777 29.8343 -41.4075
8.465 30.1958 -41.4075
8.53769 30.6031 -41.4075
8.67346 31.0516 -41.4075
8.83483 31.4716 -41.4075
9 31.847 -41.4075
9 31.847 -41.4075
9.2 31.847 -41.4075
9.2 31.847 -41.4075
9.14142 31.9884 -41.3884
9 32.047 -41.3692
8.85858 31.9884 -41.3501
8.8 31.847 -41.3309
8.85858 31.7055 -41.3118
9 31.647 -41.2926
9.14142 31.7055 -41.2735
9.2 31.847 -41.2543
9.14142 31.9884 -41.2352
9 32.047 -41.216
8.85858 31.9884 -41.1969
8.8 31.847 -41.1778
8.85858 31.7055 -41.1586
9 31.647 -41.1395
9.14142 31.7055 -41.1203
9.2 31.847 -41.1012
9.14142 31.9884 -41.082
9 32.047 -41.0629
8.85858 31.9884 -41.0437
8.8 31.847 -41.0246
8.85858 31.7055 -41.0054
9 31.647 -40.9863
9.14142 31.7055 -40.9671
9.2 31.847 -40.948
9.14142 31.9884 -40.9288
9 32.047 -40.9097
8.85858 31.9884 -40.8905
8.8 31.847 -40.8714
8.85858 31.7055 -40.8522
9 31.647 -40.8331
9.14142 31.7055 -40.8139
9.2 31.847 -40.7948
9.14142 31.9884 -40.7756
9 32.047 -40.7565
8.85858 31.9884 -40.7373
8.8 31.847 -40.7182
8.85858 31.7055 -40.699
9 31.647 -40.6799
9.14142 31.7055 -40.6607
9.2 31.847 -40.6416
9.14142 31.9884 -40.6224
9 32.047 -40.6033
8.85858 31.9884 -40.5841
8.8 31.847 -40.565
8.85858 31.7055 -40.5458
9 31.647 -40.5267
9.14142 31.7055 -40.5075
9 31.847 -40.5075
8.36373 30.9755 -40.5075
8.17145 30.6946 -40.5075
8.06807 30.4814 -40.5075
8.04349 30.2602 -40.5075
8.06129 29.9601 -40.5075
8.1064 29.529 -40.5075
8.17516 28.9811 -40.5075
8.27357 28.3483 -40.5075
8.41109 27.71 -40.5075
8.71508 26.5019 -40.5075
8.83159 25.9106 -40.5075
8.90805 25.3071 -40.5075
8.93609 24.6311 -40.5075
8.93133 23.8675 -40.5075
8.90647 22.2968 -40.5075
8.93052 21.7835 -40.5075
8.98403 21.5592 -40.5075
9.05886 21.5906 -40.5075
9.13862 21.7955 -40.5075
9.22045 22.1354 -40.5075
9.49224 23.5445 -40.5075
9.60001 24.0459 -40.5075
9.69348 24.5162 -40.5075
9.73387 24.947 -40.5075
9.7032 25.3154 -40.5075
9.64541 25.6801 -40.5075
9.61965 26.0734 -40.5075
9.60685 26.5273 -40.5075
9.54942 26.9905 -40.5075
9.39942 27.4119 -40.5075
9.20979 27.7608 -40.5075
9.02468 28.0576 -40.5075
8.86661 28.3703 -40.5075
8.72478 28.7201 -40.5075
8.60056 29.1089 -40.5075
8.50983 29.4823 -40.5075
8.45777 29.8343 -40.5075
8.465 30.1958 -40.5075
8.53769 30.6031 -40.5075
8.67346 31.0516 -40.5075
8.83483 31.4716 -40.5075
9 31.847 -40.5075
9 31.847 -40.5075
9.2 31.847 -40.5075
9.2 31.847 -40.5075
9.14142 31.9884 -40.4884
9 32.047 -40.4692
8.85858 31.9884 -40.4501
8.8 31.847 -40.4309
8.85858 31.7055 -40.4118
9 31.647 -40.3926
9.14142 31.7055 -40.3735
9.2 31.847 -40.3544
9.14142 31.9884 -40.3352
9 32.047 -40.3161
8.85858 31.9884 -40.2969
8.8 31.847 -40.2778
8.85858 31.7055 -40.2586
9 31.647 -40.2395
9.14142 31.7055 -40.2203
9.2 31.847 -40.2012
9.14142 31.9884 -40.182
9 32.047 -40.1629
8.85858 31.9884 -40.1437
8.8 31.847 -40.1246
8.85858 31.7055 -40.1054
9 31.647 -40.0863
9.14142 31.7055 -40.0671
9.2 31.847 -40.048
9.14142 31.9884 -40.0288
9 32.047 -40.0097
8.85858 31.9884 -39.9905
8.8 31.847 -39.9714
8.85858 31.7055 -39.9522
9 31.647 -39.9331
9.14142 31.7055 -39.9139
9.2 31.847 -39.8948
9.14142 31.9884 -39.8756
9 32.047 -39.8565
8.85858 31.9884 -39.8373
8.8 31.847 -39.8182
8.85858 31.7055 -39.799
9 31.647 -39.7799
9.14142 31.7055 -39.7607
9.2 31.847 -39.7416
9.14142 31.9884 -39.7224
9 32.047 -39.7033
8.85858 31.9884 -39.6841
8.8 31.847 -39.665
8.85858 31.7055 -39.6458
9 31.647 -39.6267
9.14142 31.7055 -39.6075
9 31.847 -39.6075
8.36373 30.9755 -39.6075
8.17145 30.6946 -39.6075
8.06807 30.4814 -39.6075
8.04349 30.2602 -39.6075
8.06129 29.9601 -39.6075
8.1064 29.529 -39.6075
8.17516 28.9811 -39.6075
8.27357 28.3483 -39.6075
8.41109 27.71 -39.6075
8.71508 26.5019 -39.6075
8.83159 25.9106 -39.6075
8.90805 25.3071 -39.6075
8.93609 24.6311 -39.6075
8.93133 23.8675 -39.6075
8.90647 22.2968 -39.6075
8.93052 21.7835 -39.6075
8.98403 21.5592 -39.6075
9.05886 21.5906 -39.6075
9.13862 21.7955 -39.6075
9.22045 22.1354 -39.6075
9.49224 23.5445 -39.6075
9.60001 24.0459 -39.6075
9.69348 24.5162 -39.6075
9.73387 24.947 -39.6075
9.7032 25.3154 -39.6075
9.64541 25.6801 -39.6075
9.61965 26.0734 -39.6075
9.60685 26.5273 -39.6075
9.54942 26.9905 -39.6075
9.39942 27.4119 -39.6075
9.20979 27.7608 -39.6075
9.02468 28.0576 -39.6075
8.86661 28.3703 -39.6075
8.72478 28.7201 -39.6075
8.60056 29.1089 -39.6075
8.50983 29.4823 -39.6075
8.45777 29.8343 -39.6075
8.465 30.1958 -39.6075
8.53769 30.6031 -39.6075
8.67346 31.0516 -39.6075
8.83483 31.4716 -39.6075
9 31.847 -39.6075
9 31.847 -68.6075
16 23.6872 -68.6075
16 23.6872 -42.4075
16.2 23.6872 -42.4075
16.2 23.6872 -42.4075
16.1414 23.8286 -42.3863
16 23.8872 -42.365
15.8586 23.8286 -42.3437
15.8 23.6872 -42.3224
15.8586 23.5458 -42.3012
16 23.4872 -42.2799
16.1414 23.5458 -42.2586
16.2 23.6872 -42.2373
16.1414 23.8286 -42.216
16 23.8872 -42.1948
15.8586 23.8286 -42.1735
15.8 23.6872 -42.1522
15.8586 23.5458 -42.1309
16 23.4872 -42.1097
16.1414 23.5458 -42.0884
16.2 23.6872 -42.0671
16.1414 23.8286 -42.0458
16 23.8872 -42.0246
15.8586 23.8286 -42.0033
15.8 23.6872 -41.982
15.8586 23.5458 -41.9607
16 23.4872 -41.9395
16.1414 23.5458 -41.9182
16.2 23.6872 -41.8969
16.1414 23.8286 -41.8756
16 23.8872 -41.8543
15.8586 23.8286 -41.8331
15.8 23.6872 -41.8118
15.8586 23.5458 -41.7905
16 23.4872 -41.7692
16.1414 23.5458 -41.748
16.2 23.6872 -41.7267
16.1414 23.8286 -41.7054
16 23.8872 -41.6841
15.8586 23.8286 -41.6629
15.8 23.6872 -41.6416
15.8586 23.5458 -41.6203
16 23.4872 -41.599
16.1414 23.5458 -41.5778
16.2 23.6872 -41.5565
16.1414 23.8286 -41.5352
16 23.8872 -41.5139
15.8586 23.8286 -41.4926
15.8 23.6872 -41.4714
15.8586 23.5458 -41.4501
16 23.4872 -41.4288
16.1414 23.5458 -41.4075
16 23.6872 -41.4075
15.722 23.5688 -41.4075
15.5765 23.3323 -41.4075
15.5976 22.9479 -41.4075
15.7293 22.4459 -41.4075
15.8804 21.934 -41.4075
16.0074 21.4411 -41.4075
16.0978 20.9886 -41.4075
16.1657 20.5217 -41.4075
16.2146 20.0449 -41.4075
16.2471 19.5445 -41.4075
16.2753 18.5506 -41.4075
16.2985 18.1031 -41.4075
16.3474 17.7879 -41.4075
16.4205 17.7116 -41.4075
16.4941 17.8976 -41.4075
16.5467 18.2567 -41.4075
16.5692 18.7041 -41.4075
16.5726 19.1796 -41.4075
16.5505 20.6761 -41.4075
16.551 21.1069 -41.4075
16.5772 21.5454 -41.4075
16.6448 21.9835 -41.4075
16.7492 22.391 -41.4075
16.8547 22.7028 -41.4075
16.9078 22.9087 -41.4075
16.8584 23.0422 -41.4075
16.678 23.1908 -41.4075
16.3763 23.4069 -41.4075
16 23.6872 -41.4075
16 23.6872 -41.4075
16.2 23.6872 -41.4075
16.2 23.6872 -41.4075
16.1414 23.8286 -41.3884
16 23.8872 -41.3692
15.8586 23.8286 -41.3501
15.8 23.6872 -41.3309
15.8586 23.5458 -41.3118
16 23.4872 -41.2926
16.1414 23.5458 -41.2735
16.2 23.6872 -41.2543
16.1414 23.8286 -41.2352
16 23.8872 -41.216
15.8586 23.8286 -41.1969
15.8 23.6872 -41.1778
15.8586 23.5458 -41.1586
16 23.4872 -41.1395
16.1414 23.5458 -41.1203
16.2 23.6872 -41.1012
16.1414 23.8286 -41.082
16 23.8872 -41.0629
15.8586 23.8286 -41.0437
15.8 23.6872 -41.0246
15.8586 23.5458 -41.0054
16 23.4872 -40.9863
16.1414 23.5458 -40.9671
16.2 23.6872 -40.948
16.1414 23.8286 -40.9288
16 23.8872 -40.9097
15.8586 23.8286 -40.8905
15.8 23.6872 -40.8714
15.8586 23.5458 -40.8522
16 23.4872 -40.8331
16.1414 23.5458 -40.8139
16.2 23.6872 -40.7948
16.1414 23.8286 -40.7756
16 23.8872 -40.7565
15.8586 23.8286 -40.7373
15.8 23.6872 -40.7182
15.8586 23.5458 -40.699
16 23.4872 -40.6799
16.1414 23.5458 -40.6607
16.2 23.6872 -40.6416
16.1414 23.8286 -40.6224
16 23.8872 -40.6033
15.8586 23.8286 -40.5841
15.8 23.6872 -40.565
15.8586 23.5458 -40.5458
16 23.4872 -40.5267
16.1414 23.5458 -40.5075
16 23.6872 -40.5075
15.722 23.5688 -40.5075
15.5765 23.3323 -40.5075
15.5976 22.9479 -40.5075
15.7293 22.4459 -40.5075
15.8804 21.934 -40.5075
16.0074 21.4411 -40.5075
16.0978 20.9886 -40.5075
16.1657 20.5217 -40.5075
16.2146 20.0449 -40.5075
16.2471 19.5445 -40.5075
16.2753 18.5506 -40.5075
16.2985 18.1031 -40.5075
16.3474 17.7879 -40.5075
16.4205 17.7116 -40.5075
16.4941 17.8976 -40.5075
16.5467 18.2567 -40.5075
16.5692 18.7041 -40.5075
16.5726 19.1796 -40.5075
16.5505 20.6761 -40.5075
16.551 21.1069 -40.5075
16.5772 21.5454 -40.5075
16.6448 21.9835 -40.5075
16.7492 22.391 -40.5075
16.8547 22.7028 -40.5075
16.9078 22.9087 -40.5075
16.8584 23.0422 -40.5075
16.678 23.1908 -40.5075
16.3763 23.4069 -40.5075
16 23.6872 -40.5075
16 23.6872 -40.5075
16.2 23.6872 -40.5075
16.2 23.6872 -40.5075
16.1414 23.8286 -40.4884
16 23.8872 -40.4692
15.8586 23.8286 -40.4501
15.8 23.6872 -40.4309
15.8586 23.5458 -40.4118
16 23.4872 -40.3926
16.1414 23.5458 -40.3735
16.2 23.6872 -40.3544
16.1414 23.8286 -40.3352
16 23.8872 -40.3161
15.8586 23.8286 -40.2969
15.8 23.6872 -40.2778
15.8586 23.5458 -40.2586
16 23.4872 -40.2395
16.1414 23.5458 -40.2203
16.2 23.6872 -40.2012
16.1414 23.8286 -40.182
16 23.8872 -40.1629
15.8586 23.8286 -40.1437
15.8 23.6872 -40.1246
15.8586 23.5458 -40.1054
16 23.4872 -40.0863
16.1414 23.5458 -40.0671
16.2 23.6872 -40.048
16.1414 23.8286 -40.0288
16 23.8872 -40.0097
15.8586 23.8286 -39.9905
15.8 23.6872 -39.9714
15.8586 23.5458 -39.9522
16 23.4872 -39.9331
16.1414 23.5458 -39.9139
16.2 23.6872 -39.8948
16.1414 23.8286 -39.8756
16 23.8872 -39.8565
15.8586 23.8286 -39.8373
15.8 23.6872 -39.8182
15.8586 23.5458 -39.799
16 23.4872 -39.7799
16.1414 23.5458 -39.7607
16.2 23.6872 -39.7416
16.1414 23.8286 -39.7224
16 23.8872 -39.7033
15.8586 23.8286 -39.6841
15.8 23.6872 -39.665
15.8586 23.5458 -39.6458
16 23.4872 -39.6267
16.1414 23.5458 -39.6075
16 23.6872 -39.6075
15.722 23.5688 -39.6075
15.5765 23.3323 -39.6075
15.5976 22.9479 -39.6075
15.7293 22.4459 -39.6075
15.8804 21.934 -39.6075
16.0074 21.4411 -39.6075
16.0978 20.9886 -39.6075
16.1657 20.5217 -39.6075
16.2146 20.0449 -39.6075
16.2471 19.5445 -39.6075
16.2753 18.5506 -39.6075
16.2985 18.1031 -39.6075
16.3474 17.7879 -39.6075
16.4205 17.7116 -39.6075
16.4941 17.8976 -39.6075
16.5467 18.2567 -39.6075
16.5692 18.7041 -39.6075
16.5726 19.1796 -39.6075
16.5505 20.6761 -39.6075
16.551 21.1069 -39.6075
16.5772 21.5454 -39.6075
16.6448 21.9835 -39.6075
16.7492 22.391 -39.6075
16.8547 22.7028 -39.6075
16.9078 22.9087 -39.6075
16.8584 23.0422 -39.6075
16.678 23.1908 -39.6075
16.3763 23.4069 -39.6075
16 23.6872 -39.6075
16 23.6872 -68.6075
