6
0 1 1 2 1 2 
4
0 
1 0 
1 1 
1 2 
3
1 0 0 -31.7053
1 1 
1
72
14.2089 20.7144 -31.7053 14.7038 20.5358 -31.7053 14.8124 20.3559 -31.7053 15.6658 20.3234 -31.7053 15.7132 20.2947 -31.7053 24.3244 20.2962 -31.7053 24.3799 20.3028 -31.7053 25.2864 20.3615 -31.7053 25.4598 20.4206 -31.7053 26.2485 20.4581 -31.7053 26.5476 20.5464 -31.7053 27.2106 20.5686 -31.7053 27.6408 20.6775 -31.7053 28.1726 20.6811 -31.7053 28.7565 20.8311 -31.7053 29.1347 20.8311 -31.7053 30.0856 21.2093 -31.7053 30.0967 21.2102 -31.7053 30.098 21.2106 -31.7053 31.0588 21.2787 -31.7053 31.1744 21.325 -31.7053 32.0209 21.3867 -31.7053 32.3637 21.5522 -31.7053 32.9829 21.5932 -31.7053 33.5646 22.1714 -31.7053 33.945 23.0436 -31.7053 34.0263 23.1335 -31.7053 34.0244 23.2129 -31.7053 33.945 23.2674 -31.7053 33.8754 24.0955 -31.7053 33.8475 24.9601 -31.7053 33.7167 25.0576 -31.7053 33.693 25.7677 -31.7053 33.649 26.0197 -31.7053 33.6573 27.6561 -31.7053 33.7482 27.9438 -31.7053 33.8305 28.7914 -31.7053 33.8912 28.9058 -31.7053 33.945 29.5092 -31.7053 34.1522 29.8679 -31.7053 34.16 30.0658 -31.7053 34.1398 30.0843 -31.7053 33.945 30.0909 -31.7053 33.4346 30.7268 -31.7053 32.8273 31.2795 -31.7053 32.6102 31.4193 -31.7053 32.0209 31.4387 -31.7053 31.7794 31.5505 -31.7053 31.0588 31.5775 -31.7053 30.9276 31.6608 -31.7053 30.0967 31.7139 -31.7053 30.0446 31.7398 -31.7053 29.318 31.792 -31.7053 29.2279 31.8852 -31.7053 29.1347 31.8817 -31.7053 28.5757 32.1951 -31.7053 28.1726 32.1951 -31.7053 27.6816 32.263 -31.7053 27.2106 32.263 -31.7053 26.8361 32.3796 -31.7053 26.2485 32.3975 -31.7053 25.9885 32.4941 -31.7053 25.2864 32.5214 -31.7053 25.0799 32.5476 -31.7053 16.6279 32.5491 -31.7053 16.311 32.4372 -31.7053 15.6658 32.4348 -31.7053 14.8582 31.792 -31.7053 14.7038 31.6742 -31.7053 14.0411 30.83 -31.7053 14.0411 21.5087 -31.7053 14.2089 21.2093 -31.7053 
2 1 0 -30.8053
2 0 2 
1
57
24.3244 21.3774 -30.8053 25.2864 21.4195 -30.8053 25.4831 21.4496 -30.8053 26.2485 21.5477 -30.8053 27.2106 21.6772 -30.8053 28.1726 21.8216 -30.8053 28.3693 21.8563 -30.8053 29.1347 22.0132 -30.8053 29.7131 22.1509 -30.8053 29.8493 22.1714 -30.8053 29.9098 22.1836 -30.8053 30.0967 22.2137 -30.8053 30.2934 22.2493 -30.8053 31.0588 22.3557 -30.8053 32.0209 22.4978 -30.8053 32.9829 22.8646 -30.8053 33.2048 23.1335 -30.8053 33.0176 23.5861 -30.8053 32.9829 23.6908 -30.8053 32.9433 23.7828 -30.8053 32.8407 24.0955 -30.8053 32.6281 24.8609 -30.8053 32.5679 25.0576 -30.8053 32.5338 26.0197 -30.8053 32.5338 26.9817 -30.8053 32.6209 27.9438 -30.8053 32.8349 28.7091 -30.8053 32.9239 28.9732 -30.8053 32.9829 29.2094 -30.8053 33.1554 29.7386 -30.8053 33.1857 29.8679 -30.8053 32.9829 30.0924 -30.8053 32.2176 30.2945 -30.8053 32.0209 30.3413 -30.8053 30.2934 30.572 -30.8053 29.3314 30.7099 -30.8053 29.1347 30.7452 -30.8053 29.0177 30.7681 -30.8053 28.6216 30.83 -30.8053 28.2523 30.9205 -30.8053 28.1726 30.9322 -30.8053 27.4073 31.0914 -30.8053 27.2106 31.1255 -30.8053 26.2485 31.2727 -30.8053 25.2864 31.398 -30.8053 24.3244 31.4434 -30.8053 16.6279 31.4458 -30.8053 15.6658 31.19 -30.8053 15.3901 30.8913 -30.8053 15.3389 30.83 -30.8053 15.2643 29.8679 -30.8053 15.2643 23.1335 -30.8053 15.2871 22.1714 -30.8053 15.6036 21.7774 -30.8053 15.6658 21.6926 -30.8053 15.8625 21.624 -30.8053 16.6279 21.3757 -30.8053 
3 2 0 -29.9053
1 1 
1
60
16.6279 21.56 -29.9053 24.5057 21.5643 -29.9053 25.2864 21.6038 -29.9053 25.487 21.6178 -29.9053 26.2485 21.7345 -29.9053 26.4884 21.7571 -29.9053 28.1726 21.9999 -29.9053 29.1088 22.1714 -29.9053 29.1347 22.1811 -29.9053 29.1446 22.1813 -29.9053 29.8531 22.3417 -29.9053 30.0967 22.3908 -29.9053 30.2756 22.3989 -29.9053 31.0588 22.5408 -29.9053 31.2563 22.5549 -29.9053 32.0209 22.6763 -29.9053 32.4981 22.8436 -29.9053 32.9829 23.0272 -29.9053 33.0685 23.1335 -29.9053 32.9829 23.3916 -29.9053 32.8054 23.7287 -29.9053 32.6475 24.0955 -29.9053 32.6222 24.3046 -29.9053 32.3919 25.0576 -29.9053 32.3893 25.272 -29.9053 32.3629 26.0197 -29.9053 32.3631 26.9817 -29.9053 32.3701 27.1808 -29.9053 32.4385 27.9438 -29.9053 32.4503 28.1214 -29.9053 32.7118 28.9058 -29.9053 32.937 29.4825 -29.9053 32.9829 29.6146 -29.9053 33.0423 29.8679 -29.9053 32.9829 29.9347 -29.9053 32.0209 30.1608 -29.9053 31.8147 30.1786 -29.9053 31.0588 30.2847 -29.9053 30.8741 30.2965 -29.9053 30.0967 30.4154 -29.9053 29.9239 30.4238 -29.9053 29.1347 30.5652 -29.9053 28.2606 30.742 -29.9053 28.1726 30.7438 -29.9053 28.0894 30.7468 -29.9053 27.9208 30.83 -29.9053 27.7536 30.8624 -29.9053 27.2106 30.9566 -29.9053 26.9302 30.9889 -29.9053 26.2485 31.0865 -29.9053 26.0288 31.1093 -29.9053 25.2864 31.2128 -29.9053 24.3244 31.2604 -29.9053 16.6279 31.2626 -29.9053 15.6658 31.009 -29.9053 15.5163 30.83 -29.9053 15.4465 29.8679 -29.9053 15.4465 23.1335 -29.9053 15.4646 22.1714 -29.9053 15.6658 21.8972 -29.9053 
