17
0
1
27
-12.6186 41.0517 21.1607 -12.6147 41.0782 21.1607 -12.6047 41.3184 21.1607 -12.3104 42.0576 21.1607 -12.1824 42.2978 21.1607 -11.8187 42.5089 21.1607 -11.4232 42.5002 21.1607 -10.8393 42.454 21.1607 -10.4066 42.2978 21.1607 -10.2916 42.1603 21.1607 -10.1002 42.0728 21.1607 -9.95757 41.97 21.1607 -9.85983 41.943 21.1607 -9.29307 41.5086 21.1607 -9.72927 42 21.1607 -9.91169 42.1421 21.1607 -10 42.1882 21.1607 -10.1607 42.2398 21.1607 -11 42.5516 21.1607 -11.1607 42.5582 21.1607 -12 42.5638 21.1607 -12.6004 42.1043 21.1607 -12.7135 42 21.1607 -12.6865 41.1607 21.1607 -12.734 41.0622 21.1607 -12.7587 41 21.1607 -12.726 40.5302 21.1607 
5
6
-50.8 11.2034 22.0607 -50.8 11.2147 22.0607 -47 11.341 22.0607 -46.2668 11.3862 22.0607 -46.7581 11.3478 22.0607 -47.7376 11.2961 22.0607 
10
-11.8187 11.2636 22.0607 -12.7981 11.3065 22.0607 -13.0874 11.3274 22.0607 -13 11.3216 22.0607 -3.00382 11.1392 22.0607 -3 11.1391 22.0607 -0.800102 11.1279 22.0607 -1.04503 11.1183 22.0607 -3.00012 11.1284 22.0607 -3.00387 11.1285 22.0607 
11
-6 31.6341 22.0607 -5.68649 31.9503 22.0607 -5.94214 31.6987 22.0607 -6.92156 31.5979 22.0607 -8.88041 31.5355 22.0607 -8.95558 31.5763 22.0607 -9.25403 31.7239 22.0607 -9.38857 31.7597 22.0607 -9.2644 31.6923 22.0607 -9 31.5211 22.0607 -7 31.5839 22.0607 
26
-12.9607 33.5266 22.0607 -12.9604 33.5261 22.0607 -12.9218 33.483 22.0607 -12.7981 33.3744 22.0607 -12.4784 33.1795 22.0607 -11.8187 32.8096 22.0607 -11.4984 32.6623 22.0607 -11.1984 32.5036 22.0607 -11.1786 32.4939 22.0607 -10.8393 32.3353 22.0607 -10.7913 32.3147 22.0607 -11 32.3626 22.0607 -11.1336 32.3978 22.0607 -12 32.8349 22.0607 -12.1923 32.9705 22.0607 -12.244 33 22.0607 -13 33.4585 22.0607 -13.5104 34 22.0607 -13.6423 34.3994 22.0607 -13.8776 35 22.0607 -13.8195 35.1142 22.0607 -13.7557 35.8531 22.0607 -13.7238 35.4419 22.0607 -13.6072 34.7822 22.0607 -13.587 34.4625 22.0607 -13.1681 33.8028 22.0607 
25
-13.5947 40 22.0607 -13.6038 40.1393 22.0607 -13.2584 41 22.0607 -13.0872 41.3702 22.0607 -13 41.6142 22.0607 -12.8136 42 22.0607 -12 42.7546 22.0607 -11.7724 42.7288 22.0607 -11 42.6974 22.0607 -10.8488 42.6675 22.0607 -10.1952 42.4575 22.0607 -10.8393 42.5893 22.0607 -11.4989 42.6318 22.0607 -11.8187 42.657 22.0607 -12.0095 42.5463 22.0607 -12.4041 42.2978 22.0607 -12.5314 41.9781 22.0607 -12.7965 41.6784 22.0607 -12.7981 41.6757 22.0607 -13.0672 41.3184 22.0607 -13.126 40.9987 22.0607 -13.4645 40.339 22.0607 -13.5682 40.0193 22.0607 -13.6182 39.8981 22.0607 -13.6329 39.8652 22.0607 
0
0
0
0
0
0
0
0
0
0
0
0
0
0
