52
0 1 0 1 1 2 1 2 2 3 2 3 3 4 3 4 4 5 4 5 5 6 5 6 6 7 6 7 7 8 7 8 8 9 8 9 9 10 9 10 10 11 10 11 11 12 11 12 12 13 12 13 
17
0 
0 
0 
1 0 
1 1 
1 2 
1 3 
1 4 
1 5 
1 6 
1 7 
1 8 
1 9 
1 10 
1 11 
1 12 
1 13 
14
3 0 0 22.9607
1 1 
2
157
-50.8 11.2103 22.9607 -47.6581 11.3334 22.9607 -46.6787 11.4101 22.9607 -45.6993 11.5405 22.9607 -45.119 11.7033 22.9607 -44.7198 11.7891 22.9607 -44.4601 11.9357 22.9607 -44.2968 12.7076 22.9607 -44.2911 12.9152 22.9607 -44.4196 13.5108 22.9607 -44.4727 13.8946 22.9607 -44.1971 14.874 22.9607 -44.1396 14.9987 22.9607 -43.5416 15.8534 22.9607 -43.5422 16.4509 22.9607 -43.4981 16.8329 22.9607 -43.5087 17.4638 22.9607 -43.4263 17.8123 22.9607 -43.2868 18.6363 22.9607 -43.1602 19.0971 22.9607 -42.7721 19.7711 22.9607 -42.1808 20.5482 22.9607 -42.0078 20.7505 22.9607 -41.2014 22.6977 22.9607 -41.1991 22.7062 22.9607 -41.199 22.7094 22.9607 -41.1981 22.7127 22.9607 -40.9862 23.6888 22.9607 -40.9713 23.9188 22.9607 -40.8737 24.6682 22.9607 -40.8843 24.9853 22.9607 -40.7729 25.6477 22.9607 -40.7333 26.102 22.9607 -40.6596 26.6271 22.9607 -40.5338 27.6065 22.9607 -40.4185 28.5859 22.9607 -40.2691 29.5654 22.9607 -40.2219 29.6846 22.9607 -39.6447 30.5448 22.9607 -39.2425 31.0497 22.9607 -38.7256 31.5242 22.9607 -38.6049 31.5998 22.9607 -37.6214 32.1659 22.9607 -37.2837 32.3283 22.9607 -36.8174 32.5036 22.9607 -36.3042 32.6362 22.9607 -35.6433 32.6856 22.9607 -35.3248 32.7192 22.9607 -34.643 32.7051 22.9607 -34.3454 32.7098 22.9607 -33.5058 32.5036 22.9607 -33.4127 32.474 22.9607 -33.366 32.4576 22.9607 -33.2706 32.4082 22.9607 -32.3866 31.9755 22.9607 -31.4237 31.5242 22.9607 -31.4071 31.5126 22.9607 -30.7401 31.2118 22.9607 -30.4277 31.2854 22.9607 -29.8856 31.2734 22.9607 -29.5056 31.2752 22.9607 -29.4483 31.2771 22.9607 -29.1772 31.2531 22.9607 -27.7462 31.0154 22.9607 -27.4894 30.979 22.9607 -26.51 30.8232 22.9607 -25.5306 30.6532 22.9607 -24.7129 30.5448 22.9607 -24.5512 30.5137 22.9607 -23.6583 30.4582 22.9607 -23.5717 30.4274 22.9607 -23.2884 30.5448 22.9607 -22.8347 30.695 22.9607 -22.5923 30.7811 22.9607 -21.8164 31.3207 22.9607 -21.6129 31.4456 22.9607 -21.4531 31.5242 22.9607 -20.9338 31.6836 22.9607 -20.6335 31.8118 22.9607 -20.2547 31.903 22.9607 -20.0799 31.9381 22.9607 -20.0654 32 22.9607 -20 32.0767 22.9607 -19.9943 32.0763 22.9607 -19.925 32.075 22.9607 -19.5932 32.0232 22.9607 -19.1565 32.0217 22.9607 -18.6746 32.0356 22.9607 -18.2405 31.9583 22.9607 -17.6952 31.7891 22.9607 -17.3847 31.5242 22.9607 -17.0807 31.1593 22.9607 -16.6231 30.8693 22.9607 -15.9556 29.7846 22.9607 -15.8432 29.5654 22.9607 -15.7364 29.3865 22.9607 -15.6122 28.9679 22.9607 -15.5293 28.5859 22.9607 -15.5091 28.0258 22.9607 -15.5129 27.6065 22.9607 -15.6116 26.6271 22.9607 -15.7364 26.1777 22.9607 -15.8607 25.9014 22.9607 -15.9652 25.6477 22.9607 -16.2743 25.0674 22.9607 -16.459 24.6682 22.9607 -16.7158 24.1359 22.9607 -16.8282 23.9434 22.9607 -16.9368 23.6888 22.9607 -17.1677 23.1086 22.9607 -17.3062 22.7094 22.9607 -17.5195 21.9447 22.9607 -17.5872 21.73 22.9607 -17.6952 21.1981 22.9607 -17.9821 20.7505 22.9607 -18.1892 20.2565 22.9607 -18.4696 19.7711 22.9607 -18.336 19.1303 22.9607 -18.3589 18.7917 22.9607 -18.2605 17.8123 22.9607 -18.28 17.2275 22.9607 -18.2552 16.8329 22.9607 -18.3208 16.2072 22.9607 -18.2951 15.8534 22.9607 -18.4366 15.112 22.9607 -18.3154 14.874 22.9607 -18.4992 14.2452 22.9607 -18.1181 14 22.9607 -18.1747 13.9327 22.9607 -17.9417 13.8946 22.9607 -17.7824 13.8074 22.9607 -17.6952 13.8084 22.9607 -17.5012 13 22.9607 -17 13.0447 22.9607 -16.9451 13.0549 22.9607 -16.9512 13 22.9607 -17 12.8144 22.9607 -17.2495 12.717 22.9607 -17.0688 12.5622 22.9607 -16.7158 12.5415 22.9607 -16.252 11.9357 22.9607 -16.1288 11.8687 22.9607 -15.7364 11.8302 22.9607 -15.1561 11.5593 22.9607 -14.7569 11.4933 22.9607 -14.3577 11.4434 22.9607 -13.7775 11.4289 22.9607 -13.3783 11.4 22.9607 -12.7981 11.3398 22.9607 -12.3989 11.321 22.9607 -11.8187 11.2849 22.9607 -10.8393 11.2463 22.9607 -1.04503 11.1189 22.9607 -0.065604 11.1574 22.9607 1.40594e-015 11.2163 22.9607 1.40594e-015 50.8 22.9607 -50.8 50.8 22.9607 
78
-10.4401 31.9635 22.9607 -10.8393 32.1526 22.9607 -11.4195 32.3629 22.9607 -11.8187 32.5487 22.9607 -11.9649 32.5927 22.9607 -12.3989 32.7635 22.9607 -12.7981 32.9873 22.9607 -13.3708 33.483 22.9607 -13.6243 33.8822 22.9607 -13.7071 34.0758 22.9607 -13.7775 34.1972 22.9607 -14.2738 34.4625 22.9607 -14.4792 35.1642 22.9607 -14.6092 35.3947 22.9607 -14.6196 35.4419 22.9607 -14.7569 35.9188 22.9607 -14.9889 36.1894 22.9607 -14.9908 36.4213 22.9607 -15.2264 36.9313 22.9607 -15.2581 37.4007 22.9607 -15.3097 37.8274 22.9607 -15.2434 38.1574 22.9607 -15.1943 38.3802 22.9607 -14.898 39.2027 22.9607 -14.8288 39.3596 22.9607 -14.7569 39.4593 22.9607 -14.3577 40.0541 22.9607 -14.3008 40.1482 22.9607 -14.1458 40.339 22.9607 -13.7775 40.7423 22.9607 -13.7473 40.7862 22.9607 -13.6276 40.9192 22.9607 -13.4227 41.3184 22.9607 -12.9622 41.6974 22.9607 -12.7981 41.9153 22.9607 -12.6377 42.0966 22.9607 -12.3744 42.2978 22.9607 -12.0575 42.479 22.9607 -11.8187 42.6294 22.9607 -11.4195 42.6037 22.9607 -10.8393 42.6051 22.9607 -10.4401 42.5234 22.9607 -9.85983 42.4957 22.9607 -9.2796 42.4546 22.9607 -8.88041 42.3054 22.9607 -8.85769 42.2978 22.9607 -8.54075 42.1801 22.9607 -8.30019 42.1016 22.9607 -7.90098 42.0314 22.9607 -7.32075 41.7066 22.9607 -6.92156 41.3385 22.9607 -6.90249 41.3184 22.9607 -6.75349 41.0732 22.9607 -6.65659 40.9192 22.9607 -6.57049 40.339 22.9607 -6.26818 40.0263 22.9607 -5.94214 39.5759 22.9607 -5.83533 39.446 22.9607 -5.75122 39.3596 22.9607 -5.75246 38.9604 22.9607 -5.49332 37.981 22.9607 -5.47716 37.4007 22.9607 -5.43843 37.0015 22.9607 -5.41828 36.4213 22.9607 -5.41833 36.0221 22.9607 -5.44734 35.4419 22.9607 -5.27217 35.087 22.9607 -4.96272 34.5218 22.9607 -4.95298 34.5068 22.9607 -4.92742 34.4625 22.9607 -4.8243 34.0633 22.9607 -4.66105 33.483 22.9607 -4.96272 32.7929 22.9607 -5.14118 32.5036 22.9607 -5.94214 31.7352 22.9607 -6.92156 31.6311 22.9607 -9.46064 31.545 22.9607 -9.85983 31.6515 22.9607 
4 1 0 23.8607
2 0 2 
1
228
-48.0573 11.3283 23.8607 -47.5787 11.3658 23.8607 -47.0779 11.4127 23.8607 -46.5993 11.4755 23.8607 -46.0985 11.5667 23.8607 -45.6198 11.701 23.8607 -45.119 11.9292 23.8607 -45.1074 11.9357 23.8607 -45.119 12.0407 23.8607 -45.191 12.6123 23.8607 -45.2516 12.9152 23.8607 -45.3048 13.4702 23.8607 -45.3529 13.8946 23.8607 -45.1486 14.8203 23.8607 -45.1342 14.874 23.8607 -45.119 14.9258 23.8607 -44.9263 15.3569 23.8607 -44.9205 15.3748 23.8607 -44.7001 15.8534 23.8607 -44.6775 16.3542 23.8607 -44.6332 16.8329 23.8607 -44.4084 17.3337 23.8607 -44.3218 17.8123 23.8607 -44.1396 18.5716 23.8607 -44.1136 18.6514 23.8607 -44.0761 18.7917 23.8607 -43.9229 19.2647 23.8607 -43.9157 19.2925 23.8607 -43.7767 19.7711 23.8607 -43.5419 20.7505 23.8607 -43.3871 21.2513 23.8607 -43.2496 21.73 23.8607 -43.1602 21.8645 23.8607 -42.6816 22.2553 23.8607 -42.413 22.629 23.8607 -42.3411 22.7094 23.8607 -42.1808 23.0381 23.8607 -42.0203 23.3261 23.8607 -41.9133 23.6888 23.8607 -41.8279 23.8491 23.8607 -41.6938 24.1896 23.8607 -41.6326 24.6682 23.8607 -41.5855 25.169 23.8607 -41.5113 25.6477 23.8607 -41.339 27.3493 23.8607 -41.3349 27.6065 23.8607 -41.2344 28.5224 23.8607 -41.2295 28.5859 23.8607 -41.0871 29.2979 23.8607 -41.0486 29.5654 23.8607 -40.928 29.9601 23.8607 -40.8938 30.0662 23.8607 -40.705 30.5448 23.8607 -40.3921 31.0456 23.8607 -40.2305 31.2754 23.8607 -40.2219 31.2886 23.8607 -40.0288 31.5242 23.8607 -39.7433 31.8111 23.8607 -39.2425 32.2411 23.8607 -38.7734 32.5036 23.8607 -38.6293 32.561 23.8607 -38.2631 32.7206 23.8607 -37.7845 32.9464 23.8607 -37.2837 33.1557 23.8607 -36.3042 33.4129 23.8607 -35.5004 33.5259 23.8607 -35.3248 33.555 23.8607 -34.6307 33.6001 23.8607 -34.3454 33.6366 23.8607 -33.5112 33.5611 23.8607 -33.366 33.556 23.8607 -33.1182 33.483 23.8607 -32.7092 33.317 23.8607 -32.3866 33.1986 23.8607 -32.1064 33.061 23.8607 -31.8858 32.9803 23.8607 -31.746 32.9236 23.8607 -31.4071 32.8213 23.8607 -30.4826 32.5036 23.8607 -30.4615 32.4928 23.8607 -30.4277 32.4801 23.8607 -29.8792 32.2039 23.8607 -29.4483 32.1598 23.8607 -28.4689 32.0156 23.8607 -27.9681 31.9361 23.8607 -25.5306 31.5946 23.8607 -24.6209 31.5564 23.8607 -24.5512 31.5587 23.8607 -23.9116 31.6925 23.8607 -23.5717 31.8104 23.8607 -23.0141 32.0818 23.8607 -22.5923 32.2261 23.8607 -22.0322 32.5036 23.8607 -21.8395 32.5792 23.8607 -21.6129 32.6763 23.8607 -20.6335 33.0651 23.8607 -19.8412 33.2959 23.8607 -19.6541 33.3364 23.8607 -18.8322 33.3533 23.8607 -18.6746 33.3504 23.8607 -17.7789 33.483 23.8607 -17.6952 33.537 23.8607 -17.2901 34.4625 23.8607 -17.1319 35.4419 23.8607 -17.0998 36.0373 23.8607 -16.9686 36.4213 23.8607 -16.7158 36.9786 23.8607 -16.5698 37.2305 23.8607 -16.5722 37.4007 23.8607 -16.5456 37.4929 23.8607 -16.2372 38.1231 23.8607 -16.1858 38.3462 23.8607 -16.1709 38.3802 23.8607 -15.7139 39.1367 23.8607 -15.6157 39.3596 23.8607 -15.5135 39.5012 23.8607 -15.2577 39.8442 23.8607 -14.8358 40.339 23.8607 -14.7569 40.4071 23.8607 -14.2783 40.8994 23.8607 -13.7775 41.2966 23.8607 -13.7579 41.3184 23.8607 -13.6787 41.3793 23.8607 -13.2989 41.692 23.8607 -12.7981 41.9837 23.8607 -12.5809 42.1496 23.8607 -12.3359 42.2978 23.8607 -12.0801 42.4174 23.8607 -11.8187 42.5669 23.8607 -11.3401 42.5681 23.8607 -10.8393 42.5795 23.8607 -10.3606 42.5566 23.8607 -9.85983 42.5738 23.8607 -9.3812 42.5399 23.8607 -8.88041 42.5532 23.8607 -8.4346 42.3917 23.8607 -7.95596 42.233 23.8607 -7.90098 42.2126 23.8607 -7.42235 41.9447 23.8607 -6.92156 41.6511 23.8607 -6.60129 41.3184 23.8607 -6.53025 40.8398 23.8607 -6.38739 40.339 23.8607 -6.11843 39.9675 23.8607 -5.94214 39.6171 23.8607 -5.85496 39.4667 23.8607 -5.76685 39.3596 23.8607 -5.63761 38.881 23.8607 -5.52268 38.3802 23.8607 -5.5 37.4007 23.8607 -5.48338 36.9221 23.8607 -5.491 36.4213 23.8607 -5.51493 35.9427 23.8607 -5.52335 35.4419 23.8607 -4.98502 34.4749 23.8607 -4.97549 34.4625 23.8607 -4.96272 34.4332 23.8607 -4.8163 33.9617 23.8607 -4.68163 33.483 23.8607 -4.96272 32.8254 23.8607 -5.15695 32.5036 23.8607 -5.94214 31.7612 23.8607 -6.92156 31.6601 23.8607 -9.85983 31.5594 23.8607 -10.3606 31.6956 23.8607 -10.8393 31.9529 23.8607 -11.3401 32.0976 23.8607 -11.8187 32.2711 23.8607 -12.3195 32.0911 23.8607 -12.7981 32.2912 23.8607 -13.276 32.0257 23.8607 -13.7775 32.0479 23.8607 -14.3672 31.5242 23.8607 -14.7569 30.9532 23.8607 -15.1788 29.9872 23.8607 -15.145 29.8805 23.8607 -15.0188 29.5654 23.8607 -14.9749 28.9089 23.8607 -14.9048 28.5859 23.8607 -14.9373 28.0004 23.8607 -14.9409 27.6065 23.8607 -15.0421 27.1057 23.8607 -15.0948 26.6271 23.8607 -15.3686 25.6477 23.8607 -15.5393 25.1469 23.8607 -15.7364 24.6347 23.8607 -15.883 24.3333 23.8607 -15.9464 24.1674 23.8607 -16.1836 23.6888 23.8607 -16.369 23.188 23.8607 -16.7158 22.1419 23.8607 -16.7687 22.0216 23.8607 -16.9536 21.4262 23.8607 -17.0009 21.2292 23.8607 -17.219 20.2719 23.8607 -17.297 19.7711 23.8607 -17.3144 19.2925 23.8607 -17.312 18.7917 23.8607 -17.2809 18.3131 23.8607 -17.2374 17.8123 23.8607 -17.2189 17.3337 23.8607 -17.185 16.8329 23.8607 -17.1479 15.8534 23.8607 -17.0685 15.3748 23.8607 -17.0211 14.874 23.8607 -16.7158 14.2483 23.8607 -16.5808 13.8946 23.8607 -16.5071 13.66 23.8607 -16.3989 13.416 23.8607 -16.1883 12.9152 23.8607 -15.8179 12.4395 23.8607 -15.7364 12.3088 23.8607 -15.4985 11.9387 23.8607 -15.4953 11.9357 23.8607 -15.0198 11.7137 23.8607 -14.7569 11.4697 23.8607 -14.2783 11.4577 23.8607 -13.7775 11.4791 23.8607 -13.2989 11.4294 23.8607 -12.7981 11.3666 23.8607 -11.8187 11.3006 23.8607 -10.8393 11.2554 23.8607 -1.04503 11.1192 23.8607 -0.065604 11.1577 23.8607 1.46105e-015 11.2167 23.8607 1.46104e-015 50.8 23.8607 -50.8 50.8 23.8607 -50.8 11.2139 23.8607 
5 2 0 24.7607
2 1 3 
1
222
-49.0367 11.2728 24.7607 -48.0573 11.3282 24.7607 -47.0779 11.4182 24.7607 -46.0985 11.5963 24.7607 -45.673 11.7857 24.7607 -45.414 11.9357 24.7607 -45.4272 12.3571 24.7607 -45.5388 12.9152 24.7607 -45.6366 13.3366 24.7607 -45.6999 13.8946 24.7607 -45.6327 14.316 24.7607 -45.4828 14.874 24.7607 -45.3208 15.2954 24.7607 -45.1573 15.8534 24.7607 -45.1564 16.4752 24.7607 -45.2552 16.8329 24.7607 -45.119 17.1365 24.7607 -45.0873 17.1905 24.7607 -45.0525 17.2543 24.7607 -44.802 17.8123 24.7607 -44.6431 18.2337 24.7607 -44.5017 18.7917 24.7607 -44.3601 19.2131 24.7607 -44.2181 19.7711 24.7607 -44.1348 20.4219 24.7607 -44.0555 20.7505 24.7607 -43.9967 20.9093 24.7607 -43.8953 21.1719 24.7607 -43.7227 21.73 24.7607 -43.4083 22.1514 24.7607 -43.3936 22.1724 24.7607 -43.1602 22.5235 24.7607 -42.9938 22.7094 24.7607 -42.9873 22.7181 24.7607 -42.7832 23.1308 24.7607 -42.4777 23.6888 24.7607 -42.284 24.1102 24.7607 -42.1808 24.3433 24.7607 -42.0528 24.6682 24.7607 -41.9728 25.0896 24.7607 -41.9203 25.6477 24.7607 -41.9326 26.0691 24.7607 -41.875 26.6271 24.7607 -41.8862 27.0485 24.7607 -41.8774 27.6065 24.7607 -41.8889 28.0279 24.7607 -41.8458 28.5859 24.7607 -41.7956 29.0073 24.7607 -41.6769 29.5654 24.7607 -41.5223 29.9868 24.7607 -41.3648 30.5448 24.7607 -41.2014 30.9196 24.7607 -41.1646 30.9851 24.7607 -40.8278 31.5242 24.7607 -40.6433 31.7407 24.7607 -40.2219 32.2574 24.7607 -39.9371 32.5036 24.7607 -39.2425 32.9131 24.7607 -38.6845 33.1563 24.7607 -38.2631 33.3472 24.7607 -37.7175 33.5776 24.7607 -37.7051 33.5826 24.7607 -37.2837 33.7416 24.7607 -36.7256 33.8728 24.7607 -36.3042 33.9594 24.7607 -35.7462 34.0522 24.7607 -34.7668 34.1803 24.7607 -34.3454 34.2259 24.7607 -33.924 34.2006 24.7607 -33.366 34.181 24.7607 -32.808 34.0101 24.7607 -32.3866 33.8957 24.7607 -31.9652 33.7607 24.7607 -31.1491 33.483 24.7607 -30.4277 33.1971 24.7607 -30.3642 33.1733 24.7607 -30.0063 33.066 24.7607 -29.4483 32.8581 24.7607 -29.0269 32.7746 24.7607 -26.51 32.4196 24.7607 -25.9412 32.3476 24.7607 -25.5306 32.2825 24.7607 -24.8444 32.3457 24.7607 -24.5512 32.3556 24.7607 -24.1534 32.5036 24.7607 -23.8857 32.6128 24.7607 -23.0137 33.0536 24.7607 -22.5923 33.2916 24.7607 -22.1593 33.483 24.7607 -21.8904 33.5967 24.7607 -21.6129 33.7279 24.7607 -21.0549 33.9379 24.7607 -20.6335 34.1698 24.7607 -20.1328 34.4625 24.7607 -19.6541 34.8673 24.7607 -18.6746 36.0378 24.7607 -18.6013 36.0948 24.7607 -18.3896 36.4213 24.7607 -18.3481 36.4815 24.7607 -18.1166 36.7792 24.7607 -17.6952 37.3634 24.7607 -17.6713 37.4007 24.7607 -17.6495 37.443 24.7607 -17.1372 38.2671 24.7607 -17.1145 38.3131 24.7607 -17.0673 38.3802 24.7607 -16.7158 38.8309 24.7607 -16.699 38.8541 24.7607 -16.3527 39.3596 24.7607 -16.2103 39.5418 24.7607 -16.1578 39.6032 24.7607 -15.7364 40.0239 24.7607 -15.462 40.339 24.7607 -15.4256 40.3678 24.7607 -15.1783 40.5812 24.7607 -14.7569 40.888 24.7607 -14.3017 41.2326 24.7607 -14.1567 41.3184 24.7607 -13.8803 41.4577 24.7607 -13.7775 41.5255 24.7607 -13.2195 41.8506 24.7607 -12.7981 41.987 24.7607 -12.2841 42.2978 24.7607 -11.8187 42.5133 24.7607 -10.8393 42.5323 24.7607 -10.2812 42.5515 24.7607 -9.85983 42.5496 24.7607 -9.30179 42.5644 24.7607 -8.88041 42.5691 24.7607 -8.45902 42.5239 24.7607 -7.90098 42.322 24.7607 -7.86521 42.2978 24.7607 -7.83271 42.2751 24.7607 -7.4796 41.9662 24.7607 -6.92156 41.6389 24.7607 -6.60676 41.3184 24.7607 -6.33211 40.339 24.7607 -6.13567 39.9486 24.7607 -5.94214 39.6135 24.7607 -5.88501 39.5272 24.7607 -5.78786 39.3596 24.7607 -5.65979 38.8016 24.7607 -5.57128 38.3802 24.7607 -5.56087 37.8221 24.7607 -5.58475 35.8633 24.7607 -5.58011 35.4419 24.7607 -5.26469 34.8839 24.7607 -5.04032 34.4625 24.7607 -5.01547 34.4054 24.7607 -4.96272 34.2935 24.7607 -4.85552 33.984 24.7607 -4.70132 33.483 24.7607 -4.96272 32.8594 24.7607 -5.1733 32.5036 24.7607 -5.94214 31.7849 24.7607 -6.92156 31.6869 24.7607 -7.90098 31.6465 24.7607 -9.85983 31.587 24.7607 -10.4179 31.7387 24.7607 -10.8393 31.6913 24.7607 -10.896 31.7031 24.7607 -11.2607 31.7616 24.7607 -11.8187 31.9229 24.7607 -12.3767 31.7223 24.7607 -12.53 31.5614 24.7607 -12.5816 31.5242 24.7607 -12.7981 31.2325 24.7607 -13.484 30.5448 24.7607 -13.7775 30.1981 24.7607 -13.936 30.0343 24.7607 -14.1873 29.5654 24.7607 -14.2652 29.448 24.7607 -14.4212 29.144 24.7607 -14.4165 28.5859 24.7607 -14.4481 28.0279 24.7607 -14.5168 27.6065 24.7607 -14.6215 27.1851 24.7607 -14.7317 26.6271 24.7607 -14.8141 26.1121 24.7607 -14.9424 25.6477 24.7607 -14.9797 25.5406 24.7607 -15.1182 25.2263 24.7607 -15.3084 24.6682 24.7607 -15.4799 24.2468 24.7607 -15.6911 23.6888 24.7607 -15.7364 23.59 24.7607 -15.8071 23.4458 24.7607 -15.9021 23.2674 24.7607 -16.3101 22.1514 24.7607 -16.4939 21.73 24.7607 -16.561 21.3086 24.7607 -16.69 20.7505 24.7607 -16.7158 20.6523 24.7607 -16.7686 20.4628 24.7607 -16.8031 20.3291 24.7607 -16.89 19.7711 24.7607 -16.8872 19.2131 24.7607 -16.8227 18.7917 24.7607 -16.6661 16.8329 24.7607 -16.6224 15.8534 24.7607 -16.5785 15.2954 24.7607 -16.553 14.874 24.7607 -16.3398 14.316 24.7607 -16.255 13.8946 24.7607 -16.0203 13.3366 24.7607 -15.8172 12.9152 24.7607 -15.7364 12.7855 24.7607 -15.7249 12.7695 24.7607 -15.4598 12.3571 24.7607 -15.2382 11.9357 24.7607 -14.9452 11.6638 24.7607 -14.7569 11.5026 24.7607 -14.1989 11.5264 24.7607 -13.7775 11.4903 24.7607 -12.7981 11.3729 24.7607 -11.8187 11.3038 24.7607 -1.04503 11.1193 24.7607 -0.065604 11.1578 24.7607 1.51615e-015 11.2167 24.7607 1.51615e-015 50.8 24.7607 -50.8 50.8 24.7607 -50.8 11.2135 24.7607 
6 3 0 25.6607
2 2 4 
1
227
-50.8 11.2094 25.6607 -49.0367 11.2634 25.6607 -48.0573 11.3135 25.6607 -47.4199 11.3706 25.6607 -47.0779 11.3949 25.6607 -46.0985 11.5708 25.6607 -45.7066 11.7976 25.6607 -45.5422 11.9357 25.6607 -45.5227 12.2777 25.6607 -45.5427 12.9152 25.6607 -45.5768 13.2572 25.6607 -45.7247 13.8946 25.6607 -45.7229 14.2366 25.6607 -45.6213 14.874 25.6607 -45.5072 15.216 25.6607 -45.262 15.8534 25.6607 -45.3013 16.1954 25.6607 -45.4772 16.8329 25.6607 -45.3616 17.0663 25.6607 -45.119 17.6073 25.6607 -45.0663 17.7037 25.6607 -44.9995 17.8123 25.6607 -44.8997 18.1543 25.6607 -44.6592 18.7917 25.6607 -44.5706 19.1337 25.6607 -44.3564 19.7711 25.6607 -44.3723 20.1131 25.6607 -44.3366 20.7505 25.6607 -43.9861 21.6553 25.6607 -43.9493 21.73 25.6607 -43.4737 22.3674 25.6607 -43.1686 22.7018 25.6607 -43.1619 22.7094 25.6607 -43.1602 22.712 25.6607 -42.8447 23.3468 25.6607 -42.6829 23.6888 25.6607 -42.5849 24.0308 25.6607 -42.2918 24.6682 25.6607 -42.2353 25.0102 25.6607 -42.1808 25.2684 25.6607 -42.1096 25.6477 25.6607 -42.1845 28.5859 25.6607 -42.0649 29.5654 25.6607 -41.9694 29.9074 25.6607 -41.7356 30.5448 25.6607 -41.308 31.5242 25.6607 -41.2158 31.6849 25.6607 -41.2014 31.7074 25.6607 -40.5484 32.5036 25.6607 -40.354 32.6662 25.6607 -40.2219 32.7807 25.6607 -39.5845 33.1534 25.6607 -39.2425 33.3857 25.6607 -39.0201 33.483 25.6607 -38.899 33.5394 25.6607 -38.6051 33.6825 25.6607 -38.2631 33.8787 25.6607 -37.6257 34.1193 25.6607 -37.2837 34.2263 25.6607 -36.5552 34.3626 25.6607 -36.3042 34.4142 25.6607 -35.95 34.4625 25.6607 -35.5657 34.5089 25.6607 -35.3248 34.5435 25.6607 -34.3454 34.6416 25.6607 -34.0034 34.5971 25.6607 -33.366 34.5603 25.6607 -32.9894 34.4625 25.6607 -32.0446 34.2024 25.6607 -31.4071 33.9981 25.6607 -30.7697 33.7741 25.6607 -29.4483 33.3752 25.6607 -29.1063 33.3018 25.6607 -28.4689 33.1754 25.6607 -27.8314 33.09 25.6607 -26.852 32.9713 25.6607 -25.8726 32.8758 25.6607 -25.5306 32.869 25.6607 -24.8932 32.9705 25.6607 -24.5512 33.0852 25.6607 -23.8286 33.483 25.6607 -23.8064 33.4939 25.6607 -23.5717 33.6324 25.6607 -22.9343 33.9619 25.6607 -22.5923 34.1669 25.6607 -22.0014 34.4625 25.6607 -21.8769 34.5142 25.6607 -21.6129 34.6916 25.6607 -20.9755 35.1011 25.6607 -20.6927 35.4341 25.6607 -20.6836 35.4419 25.6607 -20.6335 35.4917 25.6607 -19.9961 36.029 25.6607 -19.7316 36.4091 25.6607 -19.6541 36.4881 25.6607 -19.0166 37.1017 25.6607 -18.8222 37.3803 25.6607 -18.6746 37.5293 25.6607 -18.0372 38.229 25.6607 -17.9522 38.3472 25.6607 -17.9196 38.3802 25.6607 -17.6198 38.6705 25.6607 -17.5637 38.7222 25.6607 -17.0641 39.3596 25.6607 -16.7782 39.5832 25.6607 -16.7158 39.6474 25.6607 -16.1347 40.2206 25.6607 -15.9659 40.339 25.6607 -15.7928 40.4496 25.6607 -15.7364 40.4933 25.6607 -15.0989 40.9573 25.6607 -14.5376 41.2958 25.6607 -14.4945 41.3184 25.6607 -14.1957 41.4506 25.6607 -13.7775 41.6613 25.6607 -13.1401 41.8676 25.6607 -12.7981 41.9457 25.6607 -12.2165 42.2978 25.6607 -11.8187 42.4779 25.6607 -10.2018 42.4872 25.6607 -9.85983 42.4798 25.6607 -9.22239 42.4869 25.6607 -8.88041 42.4724 25.6607 -7.90098 42.3721 25.6607 -7.89453 42.3676 25.6607 -7.79126 42.2978 25.6607 -7.25709 41.8305 25.6607 -6.92156 41.5169 25.6607 -6.89473 41.4885 25.6607 -6.72469 41.3184 25.6607 -6.55005 40.681 25.6607 -6.4486 40.339 25.6607 -6.15584 39.8321 25.6607 -5.94214 39.5051 25.6607 -5.93027 39.4902 25.6607 -5.84385 39.3596 25.6607 -5.70997 38.7222 25.6607 -5.62383 38.3802 25.6607 -5.63551 36.4213 25.6607 -5.62849 35.7839 25.6607 -5.56032 35.4419 25.6607 -5.22091 34.8045 25.6607 -4.98118 34.2932 25.6607 -4.96272 34.2187 25.6607 -4.90311 33.9512 25.6607 -4.74095 33.483 25.6607 -4.80056 33.3155 25.6607 -4.96272 32.9242 25.6607 -5.10688 32.678 25.6607 -5.19273 32.5036 25.6607 -5.94214 31.8077 25.6607 -6.92156 31.7108 25.6607 -8.88041 31.6531 25.6607 -9.22239 31.6359 25.6607 -9.85983 31.6152 25.6607 -10.3777 31.5614 25.6607 -10.7197 31.5206 25.6607 -10.8393 31.5081 25.6607 -11.1813 31.4214 25.6607 -11.5048 31.518 25.6607 -11.547 31.5242 25.6607 -11.8187 31.5678 25.6607 -11.8791 31.5242 25.6607 -11.9413 31.4339 25.6607 -12.1389 31.1822 25.6607 -12.6237 30.5448 25.6607 -12.7681 30.3704 25.6607 -12.7981 30.3236 25.6607 -13.3059 29.733 25.6607 -13.4005 29.5654 25.6607 -13.5487 29.2234 25.6607 -13.7023 28.9558 25.6607 -13.7775 28.8528 25.6607 -13.9145 28.5859 25.6607 -14.0998 28.2439 25.6607 -14.2036 27.6065 25.6607 -14.362 26.9691 25.6607 -14.4985 26.6271 25.6607 -14.5847 25.9897 25.6607 -14.6074 25.6477 25.6607 -14.62 25.3057 25.6607 -14.7569 24.8992 25.6607 -14.8586 24.6682 25.6607 -14.9663 24.5293 25.6607 -15.1636 24.3262 25.6607 -15.423 23.6888 25.6607 -15.5321 23.3468 25.6607 -15.6096 23.1888 25.6607 -15.7364 22.9123 25.6607 -15.8445 22.7094 25.6607 -15.8802 22.663 25.6607 -16.0697 22.3674 25.6607 -16.3477 21.73 25.6607 -16.4492 21.0925 25.6607 -16.5403 20.7505 25.6607 -16.587 20.4085 25.6607 -16.7551 19.7711 25.6607 -16.7158 19.507 25.6607 -16.7012 19.4207 25.6607 -16.6568 19.1337 25.6607 -16.5868 18.7917 25.6607 -16.5352 18.1543 25.6607 -16.5283 17.8123 25.6607 -16.4802 17.1749 25.6607 -16.472 16.8329 25.6607 -16.4377 16.1954 25.6607 -16.4305 15.8534 25.6607 -16.392 15.216 25.6607 -16.3861 14.874 25.6607 -16.1908 13.8946 25.6607 -15.8987 13.2863 25.6607 -15.7364 13.0959 25.6607 -15.6395 12.9444 25.6607 -15.622 12.9152 25.6607 -15.2868 12.2777 25.6607 -15.1928 11.9357 25.6607 -14.9079 11.6918 25.6607 -14.7569 11.5772 25.6607 -14.1195 11.5225 25.6607 -13.7775 11.462 25.6607 -13.1401 11.3904 25.6607 -12.7981 11.3576 25.6607 -1.04503 11.1191 25.6607 -0.065604 11.1576 25.6607 1.57126e-015 11.2165 25.6607 1.57126e-015 50.8 25.6607 -50.8 50.8 25.6607 
7 4 0 26.5607
2 3 5 
1
206
-50.8 11.2031 26.5607 -49.0367 11.2508 26.5607 -48.0573 11.2936 26.5607 -47.0779 11.3598 26.5607 -46.3611 11.4858 26.5607 -46.0985 11.5245 26.5607 -45.6075 11.9357 26.5607 -45.5889 12.1983 26.5607 -45.548 12.9152 26.5607 -45.5585 13.1778 26.5607 -45.63 13.8946 26.5607 -45.6216 14.1572 26.5607 -45.6178 14.874 26.5607 -45.6089 15.1366 26.5607 -45.3698 15.8534 26.5607 -45.3634 16.116 26.5607 -45.4456 16.8329 26.5607 -45.3612 16.9735 26.5607 -45.119 17.4628 26.5607 -44.9788 17.6904 26.5607 -44.8773 17.8123 26.5607 -44.8142 18.0749 26.5607 -44.6049 18.7917 26.5607 -44.5994 19.0543 26.5607 -44.4138 19.7711 26.5607 -44.407 20.0337 26.5607 -44.4404 20.7505 26.5607 -44.3549 20.9173 26.5607 -44.1396 21.4777 26.5607 -44.0623 21.6342 26.5607 -43.9929 21.73 26.5607 -43.7997 21.9317 26.5607 -43.146 22.6486 26.5607 -43.088 22.7094 26.5607 -42.9798 22.972 26.5607 -42.6406 23.6888 26.5607 -42.6283 23.9514 26.5607 -42.4227 24.6682 26.5607 -42.4275 24.9308 26.5607 -42.3091 25.6477 26.5607 -42.3719 28.5859 26.5607 -42.3474 28.8485 26.5607 -42.2499 29.5654 26.5607 -42.1808 29.7266 26.5607 -42.1719 29.7485 26.5607 -42.1378 29.828 26.5607 -41.9377 30.5448 26.5607 -41.8314 30.8074 26.5607 -41.5166 31.5242 26.5607 -41.3945 31.726 26.5607 -41.2014 32.0628 26.5607 -40.8922 32.4428 26.5607 -40.8446 32.5036 26.5607 -40.6296 32.7031 26.5607 -40.2219 33.0439 26.5607 -39.6819 33.4199 26.5607 -39.4193 33.6275 26.5607 -39.2425 33.7458 26.5607 -38.5257 34.157 26.5607 -38.2631 34.2789 26.5607 -37.6711 34.4625 26.5607 -37.5463 34.4971 26.5607 -37.2837 34.5414 26.5607 -35.5874 34.7889 26.5607 -35.3248 34.8323 26.5607 -34.608 34.9019 26.5607 -34.3454 34.9131 26.5607 -33.6286 34.8197 26.5607 -33.366 34.8072 26.5607 -32.6492 34.6212 26.5607 -32.124 34.5017 26.5607 -31.4071 34.3016 26.5607 -31.3795 34.2932 26.5607 -29.7109 33.7936 26.5607 -28.4689 33.5177 26.5607 -28.0941 33.4497 26.5607 -27.2268 33.3483 26.5607 -26.51 33.2824 26.5607 -25.7932 33.2682 26.5607 -25.5306 33.2835 26.5607 -24.9103 33.483 26.5607 -24.899 33.4869 26.5607 -24.8138 33.5203 26.5607 -24.5512 33.6156 26.5607 -23.5717 34.1895 26.5607 -23.1012 34.45 26.5607 -23.0797 34.4625 26.5607 -22.8386 34.6142 26.5607 -22.5923 34.7547 26.5607 -21.8755 35.2363 26.5607 -21.6287 35.4352 26.5607 -21.6201 35.4419 26.5607 -21.6129 35.4484 26.5607 -20.8961 36.1532 26.5607 -19.6576 37.3985 26.5607 -19.6553 37.4007 26.5607 -19.6541 37.4018 26.5607 -18.9372 38.1109 26.5607 -18.6746 38.3629 26.5607 -18.6575 38.3802 26.5607 -17.6952 39.3234 26.5607 -17.6559 39.3596 26.5607 -16.9784 39.8887 26.5607 -16.7158 40.0473 26.5607 -16.3619 40.2955 26.5607 -16.2922 40.339 26.5607 -16.0993 40.455 26.5607 -15.7364 40.6869 26.5607 -14.7569 41.2898 26.5607 -14.6664 41.337 26.5607 -14.0401 41.6141 26.5607 -13.7775 41.6807 26.5607 -12.7981 41.9026 26.5607 -12.3429 42.1787 26.5607 -12.1554 42.2978 26.5607 -11.8187 42.4487 26.5607 -11.1019 42.4541 26.5607 -8.88041 42.3863 26.5607 -7.91588 42.2978 26.5607 -7.90098 42.2961 26.5607 -6.92156 41.3723 26.5607 -6.87066 41.3184 26.5607 -6.57913 40.339 26.5607 -6.40142 40.0764 26.5607 -5.95349 39.3909 26.5607 -5.94214 39.3786 26.5607 -5.92707 39.3596 26.5607 -5.85411 39.097 26.5607 -5.67356 38.3802 26.5607 -5.67904 36.4213 26.5607 -5.53615 35.7045 26.5607 -5.53315 35.4419 26.5607 -5.19792 34.7251 26.5607 -5.05678 34.4625 26.5607 -5.01809 34.3064 26.5607 -4.96272 34.1265 26.5607 -4.8185 33.483 26.5607 -4.83776 33.4116 26.5607 -4.96272 33.0604 26.5607 -5.14267 32.6948 26.5607 -5.21481 32.5036 26.5607 -5.94214 31.829 26.5607 -6.92156 31.7317 26.5607 -8.88041 31.6877 26.5607 -9.85983 31.6355 26.5607 -10.8393 31.5206 26.5607 -11.1019 31.2714 26.5607 -11.8187 31.0899 26.5607 -12.2328 30.5622 26.5607 -12.2549 30.5448 26.5607 -12.4954 30.2988 26.5607 -12.7981 29.9333 26.5607 -12.9964 29.582 26.5607 -13.0088 29.5654 26.5607 -13.3194 28.8485 26.5607 -13.4422 28.5859 26.5607 -13.5422 28.3233 26.5607 -13.9314 27.6065 26.5607 -13.9581 27.5662 26.5607 -14.0864 27.3439 26.5607 -14.3725 26.6271 26.5607 -14.4202 25.9103 26.5607 -14.4499 25.6477 26.5607 -14.4763 24.9308 26.5607 -14.5032 24.6682 26.5607 -14.5801 24.4056 26.5607 -14.5812 24.4039 26.5607 -14.7569 24.1135 26.5607 -15.1694 23.6888 26.5607 -15.1704 23.688 26.5607 -15.4025 23.4262 26.5607 -15.6311 22.7094 26.5607 -15.6616 22.6741 26.5607 -15.7364 22.5769 26.5607 -16.1337 21.9573 26.5607 -16.2895 21.73 26.5607 -16.4805 21.0131 26.5607 -16.5294 20.7505 26.5607 -16.6273 20.0337 26.5607 -16.6335 19.7711 26.5607 -16.4867 19.0543 26.5607 -16.4877 18.7917 26.5607 -16.4734 18.0749 26.5607 -16.4721 17.8123 26.5607 -16.4549 17.0955 26.5607 -16.4535 16.8329 26.5607 -16.4385 16.116 26.5607 -16.438 15.8534 26.5607 -16.4244 14.874 26.5607 -16.284 14.1572 26.5607 -16.2443 13.8946 26.5607 -15.9042 13.4953 26.5607 -15.7364 13.3079 26.5607 -15.485 12.9152 26.5607 -15.2878 12.1983 26.5607 -15.2373 11.9357 26.5607 -14.9208 11.6953 26.5607 -14.7569 11.5754 26.5607 -14.0401 11.4486 26.5607 -13.0607 11.3524 26.5607 -12.7981 11.3328 26.5607 -1.04503 11.1186 26.5607 -0.065604 11.1571 26.5607 1.62638e-015 11.216 26.5607 1.62637e-015 50.8 26.5607 -50.8 50.8 26.5607 
8 5 0 27.4607
2 4 6 
1
179
-50.8 11.1965 27.4607 -49.0367 11.2391 27.4607 -48.0573 11.276 27.4607 -47.0779 11.331 27.4607 -46.2817 11.4485 27.4607 -46.0985 11.4697 27.4607 -45.5381 11.9357 27.4607 -45.4682 12.9152 27.4607 -45.4698 13.0984 27.4607 -45.5016 13.8946 27.4607 -45.4406 15.8534 27.4607 -45.4182 16.8329 27.4607 -45.119 17.3311 27.4607 -44.7166 17.8123 27.4607 -44.6765 17.9955 27.4607 -44.4849 18.7917 27.4607 -44.4655 19.9543 27.4607 -44.4447 20.7505 27.4607 -44.1396 21.3426 27.4607 -43.929 21.6332 27.4607 -43.8566 21.73 27.4607 -42.9159 22.7094 27.4607 -42.8487 22.8926 27.4607 -42.5204 23.6888 27.4607 -42.5174 23.872 27.4607 -42.48 24.6682 27.4607 -42.5536 28.5859 27.4607 -42.5538 28.7691 27.4607 -42.4794 29.5654 27.4607 -42.4188 29.7442 27.4607 -41.9924 30.728 27.4607 -41.6699 31.5242 27.4607 -41.5829 31.7074 27.4607 -41.2014 32.3361 27.4607 -41.0703 32.5036 27.4607 -40.4051 33.1216 27.4607 -40.2219 33.2997 27.4607 -39.4257 33.9293 27.4607 -39.2425 34.0907 27.4607 -38.4759 34.4487 27.4607 -38.4344 34.4625 27.4607 -38.2928 34.4994 27.4607 -38.2631 34.5099 27.4607 -37.4669 34.6444 27.4607 -37.2837 34.6673 27.4607 -36.4874 34.7816 27.4607 -36.3042 34.787 27.4607 -35.508 34.9186 27.4607 -35.3248 34.9362 27.4607 -34.5286 34.97 27.4607 -34.3454 35.0042 27.4607 -33.5492 34.9665 27.4607 -33.366 34.9546 27.4607 -32.5698 34.7765 27.4607 -32.3866 34.7479 27.4607 -31.5903 34.5637 27.4607 -31.4071 34.5125 27.4607 -31.2908 34.4871 27.4607 -30.4946 34.2555 27.4607 -30.4277 34.2408 27.4607 -29.6315 34.051 27.4607 -29.4483 33.9978 27.4607 -28.4689 33.7759 27.4607 -27.6726 33.614 27.4607 -27.4894 33.584 27.4607 -27.3062 33.5783 27.4607 -26.51 33.4874 27.4607 -25.5306 33.5435 27.4607 -24.7344 33.8325 27.4607 -24.5512 33.888 27.4607 -23.7549 34.3458 27.4607 -23.5717 34.4657 27.4607 -22.5923 35.0824 27.4607 -22.1569 35.4186 27.4607 -21.9738 35.5776 27.4607 -21.6129 35.9027 27.4607 -21.1336 36.3738 27.4607 -20.9505 36.531 27.4607 -20.1164 37.3273 27.4607 -19.9332 37.4812 27.4607 -19.0697 38.2775 27.4607 -18.9648 38.3802 27.4607 -18.8865 38.4794 27.4607 -18.6746 38.7113 27.4607 -18.0263 39.3596 27.4607 -17.9276 39.419 27.4607 -17.6952 39.6022 27.4607 -16.899 40.0832 27.4607 -16.7158 40.1625 27.4607 -16.5043 40.2945 27.4607 -16.45 40.339 27.4607 -16.3211 40.448 27.4607 -15.7364 40.7998 27.4607 -15.0311 41.2443 27.4607 -14.919 41.3184 27.4607 -14.848 41.3524 27.4607 -14.7569 41.4088 27.4607 -13.9607 41.6108 27.4607 -13.7775 41.6136 27.4607 -12.7981 41.8313 27.4607 -12.2295 42.1924 27.4607 -12.0744 42.2978 27.4607 -12.0463 42.3113 27.4607 -11.8187 42.4144 27.4607 -10.8393 42.4042 27.4607 -9.85983 42.3746 27.4607 -8.88041 42.3349 27.4607 -8.44382 42.2978 27.4607 -8.08119 42.2557 27.4607 -7.90098 42.2375 27.4607 -6.95427 41.3184 27.4607 -6.93723 41.2775 27.4607 -6.92156 41.2375 27.4607 -6.88192 41.0943 27.4607 -6.65893 40.339 27.4607 -5.9962 39.3596 27.4607 -5.94214 39.2203 27.4607 -5.71316 38.3802 27.4607 -5.70435 35.6251 27.4607 -5.70517 35.4419 27.4607 -5.27717 34.6457 27.4607 -5.174 34.4625 27.4607 -5.00611 33.9171 27.4607 -4.96272 33.747 27.4607 -4.96034 33.7339 27.4607 -4.90194 33.483 27.4607 -4.90431 33.4722 27.4607 -4.96272 33.2556 27.4607 -5.1815 32.676 27.4607 -5.23535 32.5036 27.4607 -5.94214 31.8483 27.4607 -6.92156 31.751 27.4607 -7.90098 31.7364 27.4607 -8.88041 31.7114 27.4607 -9.85983 31.6516 27.4607 -10.8393 31.5438 27.4607 -10.8704 31.5242 27.4607 -11.8187 30.6158 27.4607 -11.8856 30.563 27.4607 -11.902 30.5448 27.4607 -12.0116 30.3616 27.4607 -12.7665 29.5654 27.4607 -12.7981 29.4794 27.4607 -12.8354 29.4097 27.4607 -12.8492 29.3822 27.4607 -13.2218 28.5859 27.4607 -13.5251 27.7897 27.4607 -13.6772 27.6065 27.4607 -13.6944 27.5786 27.4607 -13.7775 27.4563 27.4607 -14.1668 26.7824 27.4607 -14.2464 26.6271 27.4607 -14.3365 25.8309 27.4607 -14.3603 25.6477 27.4607 -14.442 24.8514 27.4607 -14.4635 24.6682 27.4607 -14.7525 23.6888 27.4607 -14.7569 23.6833 27.4607 -15.644 22.6865 27.4607 -15.7364 22.5796 27.4607 -16.3218 21.73 27.4607 -16.5057 20.7505 27.4607 -16.5244 19.9543 27.4607 -16.5359 19.7711 27.4607 -16.53 14.874 27.4607 -16.3826 13.8946 27.4607 -15.7364 13.1725 27.4607 -15.5716 12.9152 27.4607 -15.4184 12.1189 27.4607 -15.3971 11.9357 27.4607 -14.7569 11.4687 27.4607 -13.9607 11.385 27.4607 -13.7775 11.3745 27.4607 -12.9813 11.315 27.4607 -1.04503 11.1178 27.4607 -0.065604 11.1563 27.4607 1.68148e-015 11.2153 27.4607 1.68148e-015 50.8 27.4607 -50.8 50.8 27.4607 
9 6 0 28.3607
2 5 7 
1
153
-50.8 11.1899 28.3607 -48.0573 11.2587 28.3607 -47.1816 11.2987 28.3607 -47.0779 11.3019 28.3607 -46.2022 11.4032 28.3607 -46.0985 11.4123 28.3607 -45.4663 11.9357 28.3607 -45.3953 12.9152 28.3607 -45.4034 13.8946 28.3607 -45.3439 16.8329 28.3607 -45.119 17.2071 28.3607 -44.6052 17.8123 28.3607 -44.391 18.7917 28.3607 -44.3771 20.7505 28.3607 -44.1396 21.1988 28.3607 -43.7408 21.73 28.3607 -42.7818 22.7094 28.3607 -42.747 22.8131 28.3607 -42.4258 23.6888 28.3607 -42.4264 23.7925 28.3607 -42.4121 24.6682 28.3607 -42.471 26.7308 28.3607 -42.5003 28.5859 28.3607 -42.5006 29.5654 28.3607 -42.1808 30.5062 28.3607 -42.1716 30.527 28.3607 -42.1144 30.6485 28.3607 -41.718 31.5242 28.3607 -41.6749 31.6279 28.3607 -41.2585 32.5036 28.3607 -41.2014 32.5702 28.3607 -40.2659 33.483 28.3607 -39.2425 34.3859 28.3607 -39.013 34.4625 28.3607 -38.2631 34.6587 28.3607 -37.3874 34.7684 28.3607 -37.2837 34.7861 28.3607 -36.4079 34.8121 28.3607 -35.4285 34.9061 28.3607 -35.3248 34.9129 28.3607 -34.4491 35.0765 28.3607 -34.3454 35.1204 28.3607 -33.4697 35.0636 28.3607 -33.366 35.0492 28.3607 -32.4903 34.9126 28.3607 -32.3866 34.8806 28.3607 -31.5108 34.6359 28.3607 -31.4071 34.6192 28.3607 -31.3034 34.6059 28.3607 -30.4277 34.415 28.3607 -30.3708 34.392 28.3607 -30.324 34.3706 28.3607 -29.4483 34.1163 28.3607 -28.5726 33.9201 28.3607 -28.4689 33.8721 28.3607 -27.5931 33.7284 28.3607 -27.4894 33.7192 28.3607 -26.6137 33.6921 28.3607 -26.51 33.6918 28.3607 -25.6343 33.7412 28.3607 -25.5306 33.7438 28.3607 -24.6549 34.0091 28.3607 -24.5512 34.0561 28.3607 -23.9368 34.4625 28.3607 -23.8788 34.4913 28.3607 -23.5717 34.6976 28.3607 -22.696 35.2557 28.3607 -22.5923 35.309 28.3607 -22.4621 35.4204 28.3607 -22.3584 35.5146 28.3607 -21.349 36.3903 28.3607 -21.2454 36.4865 28.3607 -20.2183 37.3622 28.3607 -20.1146 37.4598 28.3607 -19.6541 37.8446 28.3607 -19.1522 38.3356 28.3607 -19.0485 38.4342 28.3607 -18.6746 38.9084 28.3607 -18.2706 39.31 28.3607 -18.2046 39.3596 28.3607 -18.167 39.38 28.3607 -17.6952 39.664 28.3607 -16.8195 40.0431 28.3607 -16.7158 40.0831 28.3607 -16.4562 40.2957 28.3607 -16.3526 40.3875 28.3607 -15.7364 40.9087 28.3607 -15.1169 41.3184 28.3607 -14.7569 41.4903 28.3607 -13.7775 41.5049 28.3607 -12.7981 41.7251 28.3607 -11.9579 42.2978 28.3607 -11.8187 42.3647 28.3607 -8.88041 42.2952 28.3607 -7.90098 42.197 28.3607 -7.00967 41.3184 28.3607 -6.93473 41.127 28.3607 -6.92156 41.0917 28.3607 -6.71377 40.339 28.3607 -6.05161 39.3596 28.3607 -5.94214 39.0837 28.3607 -5.7448 38.3802 28.3607 -5.74915 35.4419 28.3607 -5.19686 34.4625 28.3607 -4.98938 33.6494 28.3607 -4.96272 33.5955 28.3607 -4.94525 33.5457 28.3607 -4.93388 33.483 28.3607 -4.95135 33.4381 28.3607 -4.96272 33.3866 28.3607 -5.22019 32.5624 28.3607 -5.25249 32.5036 28.3607 -5.94214 31.8659 28.3607 -6.92156 31.7686 28.3607 -7.90098 31.7553 28.3607 -8.88041 31.7214 28.3607 -9.85983 31.6644 28.3607 -10.8393 31.5674 28.3607 -10.9071 31.5242 28.3607 -11.8187 30.6457 28.3607 -11.9101 30.5448 28.3607 -12.4959 29.5654 28.3607 -12.5248 29.4808 28.3607 -12.7981 28.7365 28.3607 -12.8642 28.605 28.3607 -12.8731 28.5859 28.3607 -13.6867 27.6065 28.3607 -13.7775 27.4596 28.3607 -14.2038 26.6271 28.3607 -14.4458 24.6682 28.3607 -14.7433 23.6888 28.3607 -14.7569 23.6721 28.3607 -15.7364 22.5874 28.3607 -16.3421 21.73 28.3607 -16.5312 20.7505 28.3607 -16.5861 19.8748 28.3607 -16.5954 19.7711 28.3607 -16.5996 18.8954 28.3607 -16.6026 18.7917 28.3607 -16.6222 14.874 28.3607 -16.4784 13.8946 28.3607 -15.7364 13.0629 28.3607 -15.6431 12.9152 28.3607 -15.5414 12.0394 28.3607 -15.5314 11.9357 28.3607 -14.7569 11.3766 28.3607 -13.8812 11.3266 28.3607 -12.9018 11.2818 28.3607 -1.04503 11.1168 28.3607 -0.065604 11.1554 28.3607 1.73659e-015 11.2144 28.3607 1.73659e-015 50.8 28.3607 -50.8 50.8 28.3607 
10 7 0 29.2607
2 6 8 
1
142
-50.8 11.183 29.2607 -47.0779 11.2717 29.2607 -46.1228 11.3554 29.2607 -46.0985 11.3572 29.2607 -45.3993 11.9357 29.2607 -45.3266 12.9152 29.2607 -45.2955 16.8329 29.2607 -45.119 17.1263 29.2607 -44.5356 17.8123 29.2607 -44.3251 18.7917 29.2607 -44.3192 20.7505 29.2607 -44.1396 21.0821 29.2607 -43.6433 21.73 29.2607 -42.6792 22.7094 29.2607 -42.3509 23.6888 29.2607 -42.3573 24.6682 29.2607 -42.3837 25.6477 29.2607 -42.4511 27.6308 29.2607 -42.4687 28.5859 29.2607 -42.4611 29.5654 29.2607 -42.1808 30.3781 29.2607 -42.1035 30.5448 29.2607 -42.0915 30.5691 29.2607 -41.641 31.5242 29.2607 -41.244 32.4793 29.2607 -41.2331 32.5027 29.2607 -41.2325 32.5036 29.2607 -41.2014 32.5397 29.2607 -40.2325 33.483 29.2607 -39.2425 34.362 29.2607 -38.9502 34.4625 29.2607 -38.2631 34.6465 29.2607 -37.308 34.81 29.2607 -37.2837 34.8146 29.2607 -36.3285 34.9075 29.2607 -36.3042 34.9114 29.2607 -35.3491 34.9738 29.2607 -35.3248 34.9787 29.2607 -34.3697 35.3829 29.2607 -34.3454 35.3914 29.2607 -34.3211 35.3866 29.2607 -33.366 35.2537 29.2607 -32.3866 34.9516 29.2607 -31.4314 34.7982 29.2607 -31.4071 34.7922 29.2607 -30.4277 34.6657 29.2607 -29.8922 34.4625 29.2607 -29.4615 34.2652 29.2607 -29.4483 34.2588 29.2607 -28.4932 33.8166 29.2607 -28.4689 33.8058 29.2607 -27.5137 33.7213 29.2607 -27.4894 33.7203 29.2607 -26.5343 33.7171 29.2607 -26.51 33.716 29.2607 -25.5549 33.7402 29.2607 -25.5306 33.7391 29.2607 -24.5755 34.1716 29.2607 -24.5512 34.182 29.2607 -24.1304 34.4527 29.2607 -24.1133 34.4625 29.2607 -24.1061 34.4656 29.2607 -23.5717 34.7308 29.2607 -22.6166 35.2223 29.2607 -22.5923 35.2338 29.2607 -21.3041 36.4097 29.2607 -21.2799 36.4329 29.2607 -18.6746 38.8879 29.2607 -18.0662 39.3452 29.2607 -18.0452 39.3596 29.2607 -18.0419 39.3612 29.2607 -17.6952 39.5491 29.2607 -16.7401 39.9174 29.2607 -16.7158 39.9258 29.2607 -16.2634 40.3247 29.2607 -16.2391 40.3476 29.2607 -15.7364 40.7943 29.2607 -14.9452 41.3184 29.2607 -14.7569 41.4066 29.2607 -13.7775 41.4193 29.2607 -12.7981 41.6453 29.2607 -12.7738 41.6629 29.2607 -11.866 42.2973 29.2607 -11.8652 42.2978 29.2607 -11.8187 42.3208 29.2607 -8.88041 42.2631 29.2607 -7.90098 42.1688 29.2607 -7.04656 41.3184 29.2607 -6.92156 40.9828 29.2607 -6.7497 40.339 29.2607 -6.08937 39.3596 29.2607 -5.94214 38.9896 29.2607 -5.77059 38.3802 29.2607 -5.77257 35.4419 29.2607 -5.21512 34.4625 29.2607 -4.96272 33.9531 29.2607 -4.79806 33.483 29.2607 -4.96272 33.0594 29.2607 -5.26821 32.5036 29.2607 -5.94214 31.8821 29.2607 -6.92156 31.7843 29.2607 -9.85983 31.6782 29.2607 -9.88411 31.6766 29.2607 -10.8393 31.5927 29.2607 -10.9462 31.5242 29.2607 -11.8187 30.6795 29.2607 -11.9419 30.5448 29.2607 -12.5253 29.5654 29.2607 -12.531 29.5471 29.2607 -12.7981 28.768 29.2607 -12.8807 28.5918 29.2607 -12.8832 28.5859 29.2607 -13.699 27.6065 29.2607 -13.7004 27.6045 29.2607 -13.7775 27.4791 29.2607 -14.1963 26.6494 29.2607 -14.2084 26.6271 29.2607 -14.446 24.6925 29.2607 -14.4485 24.6682 29.2607 -14.7316 23.7131 29.2607 -14.7381 23.6888 29.2607 -14.7569 23.6656 29.2607 -15.6255 22.7094 29.2607 -15.7364 22.5895 29.2607 -16.3524 21.73 29.2607 -16.5398 20.7505 29.2607 -16.6271 19.7711 29.2607 -16.6559 18.7917 29.2607 -16.664 17.8366 29.2607 -16.6647 17.8123 29.2607 -16.686 14.874 29.2607 -16.5494 13.8946 29.2607 -15.7365 12.9766 29.2607 -15.7364 12.9765 29.2607 -15.6979 12.9152 29.2607 -15.6037 11.9357 29.2607 -14.7569 11.3158 29.2607 -1.04503 11.1156 29.2607 -0.065604 11.1542 29.2607 1.7917e-015 11.2132 29.2607 1.7917e-015 50.8 29.2607 -50.8 50.8 29.2607 
11 8 0 30.1607
2 7 9 
1
143
-50.8 11.1763 30.1607 -47.0779 11.2437 30.1607 -47.0228 11.2485 30.1607 -46.0985 11.3147 30.1607 -45.3509 11.9357 30.1607 -45.2769 12.9152 30.1607 -45.2588 16.8329 30.1607 -45.119 17.0662 30.1607 -44.4871 17.8123 30.1607 -44.2764 18.7917 30.1607 -44.2734 20.7505 30.1607 -44.1396 20.9996 30.1607 -43.5849 21.73 30.1607 -42.62 22.7094 30.1607 -42.3056 23.6888 30.1607 -42.3223 24.6682 30.1607 -42.355 25.6477 30.1607 -42.4759 28.5308 30.1607 -42.4769 28.5859 30.1607 -42.4748 29.5654 30.1607 -42.1808 30.4256 30.1607 -42.1268 30.5448 30.1607 -41.668 31.4691 30.1607 -41.642 31.5242 30.1607 -41.6191 31.5793 30.1607 -41.2032 32.4681 30.1607 -41.2014 32.4712 30.1607 -41.1806 32.5036 30.1607 -40.2219 33.4485 30.1607 -40.1853 33.483 30.1607 -39.2425 34.3394 30.1607 -38.8707 34.4625 30.1607 -38.2631 34.6174 30.1607 -38.208 34.6268 30.1607 -37.2837 34.8033 30.1607 -37.2286 34.8087 30.1607 -36.3042 34.955 30.1607 -36.2491 34.9586 30.1607 -35.3248 35.1473 30.1607 -35.2697 35.1706 30.1607 -34.3454 35.4926 30.1607 -34.081 35.4419 30.1607 -33.4211 35.3141 30.1607 -33.366 35.3065 30.1607 -32.3866 35.0058 30.1607 -32.3315 34.9969 30.1607 -31.4071 34.7685 30.1607 -30.4277 34.6363 30.1607 -29.9767 34.4625 30.1607 -29.9519 34.4511 30.1607 -29.4483 34.2081 30.1607 -29.3932 34.1826 30.1607 -28.4689 33.7717 30.1607 -28.4138 33.7668 30.1607 -27.4894 33.7287 30.1607 -27.4343 33.7285 30.1607 -26.51 33.6875 30.1607 -26.4549 33.6889 30.1607 -25.5306 33.648 30.1607 -25.4755 33.6729 30.1607 -24.5512 34.0721 30.1607 -24.5269 34.0877 30.1607 -23.8765 34.4625 30.1607 -23.6025 34.5804 30.1607 -23.5717 34.5957 30.1607 -23.5166 34.624 30.1607 -22.5923 35.0644 30.1607 -21.5951 35.9789 30.1607 -20.6708 36.8619 30.1607 -18.6746 38.7862 30.1607 -18.6395 38.8126 30.1607 -17.8396 39.3596 30.1607 -17.7152 39.4201 30.1607 -17.6952 39.4309 30.1607 -17.6401 39.4522 30.1607 -16.7158 39.7707 30.1607 -16.6897 39.7937 30.1607 -15.7654 40.6651 30.1607 -15.7364 40.6908 30.1607 -14.8136 41.3184 30.1607 -14.7569 41.3455 30.1607 -13.7775 41.3514 30.1607 -12.7981 41.5737 30.1607 -11.8738 42.2436 30.1607 -11.8214 42.2802 30.1607 -11.8187 42.2817 30.1607 -8.88041 42.2377 30.1607 -7.90098 42.1469 30.1607 -7.06955 41.3184 30.1607 -6.92156 40.9076 30.1607 -6.77357 40.339 30.1607 -6.11399 39.3596 30.1607 -5.94214 38.9238 30.1607 -5.79048 38.3802 30.1607 -5.79241 35.4419 30.1607 -5.23468 34.4625 30.1607 -4.96272 33.9154 30.1607 -4.81071 33.483 30.1607 -4.96272 33.0889 30.1607 -5.28195 32.5036 30.1607 -5.94214 31.8976 30.1607 -6.92156 31.7962 30.1607 -9.85983 31.6983 30.1607 -10.7842 31.6349 30.1607 -10.8393 31.63 30.1607 -11.0023 31.5242 30.1607 -11.8187 30.7264 30.1607 -11.9865 30.5448 30.1607 -12.5642 29.5654 30.1607 -12.7827 28.8669 30.1607 -12.7981 28.8219 30.1607 -12.8029 28.8117 30.1607 -12.8992 28.5859 30.1607 -13.7229 27.6065 30.1607 -13.773 27.5317 30.1607 -13.7775 27.5244 30.1607 -13.8017 27.4765 30.1607 -14.2631 26.6271 30.1607 -14.3881 25.5926 30.1607 -14.4836 24.6682 30.1607 -14.4999 24.6131 30.1607 -14.7503 23.6888 30.1607 -14.7569 23.6805 30.1607 -15.6327 22.7094 30.1607 -15.7364 22.598 30.1607 -16.3656 21.73 30.1607 -16.5419 20.7505 30.1607 -16.6266 19.7711 30.1607 -16.6616 18.7917 30.1607 -16.662 18.7366 30.1607 -16.6876 17.8123 30.1607 -16.7264 14.874 30.1607 -16.7158 14.764 30.1607 -16.5976 13.8946 30.1607 -15.7419 12.9187 30.1607 -15.7391 12.9152 30.1607 -15.649 11.9357 30.1607 -14.7569 11.2752 30.1607 -1.04503 11.1142 30.1607 -0.065604 11.1528 30.1607 1.84681e-015 11.2118 30.1607 1.84681e-015 50.8 30.1607 -50.8 50.8 30.1607 
12 9 0 31.0607
2 8 10 
1
130
-50.8 11.1696 31.0607 -47.0779 11.221 31.0607 -46.0985 11.2867 31.0607 -45.3234 11.9357 31.0607 -45.2485 12.9152 31.0607 -45.2339 16.8329 31.0607 -45.119 17.0275 31.0607 -44.4644 17.8123 31.0607 -44.2497 18.7917 31.0607 -44.2433 20.7505 31.0607 -44.1396 20.9483 31.0607 -43.5605 21.73 31.0607 -42.6085 22.7094 31.0607 -42.299 23.6888 31.0607 -42.3219 24.6682 31.0607 -42.4809 28.5859 31.0607 -42.4862 29.5654 31.0607 -42.1808 30.4411 31.0607 -42.1329 30.5448 31.0607 -41.2619 32.2612 31.0607 -41.2014 32.3906 31.0607 -41.1981 32.3958 31.0607 -41.1223 32.5036 31.0607 -40.2219 33.3955 31.0607 -40.1313 33.483 31.0607 -39.3716 34.1961 31.0607 -39.2425 34.3135 31.0607 -38.7857 34.4625 31.0607 -38.2631 34.5911 31.0607 -38.1286 34.6168 31.0607 -37.2837 34.7259 31.0607 -37.1492 34.7472 31.0607 -36.3042 34.8682 31.0607 -36.1697 34.8956 31.0607 -35.3248 35.325 31.0607 -35.2135 35.3641 31.0607 -34.8126 35.4419 31.0607 -34.3686 35.5173 31.0607 -34.3454 35.5251 31.0607 -33.5005 35.5201 31.0607 -33.366 35.4953 31.0607 -33.2084 35.4419 31.0607 -33.1584 35.4237 31.0607 -32.5211 35.1524 31.0607 -32.3866 35.1111 31.0607 -32.2521 35.0778 31.0607 -31.4071 34.7222 31.0607 -31.2726 34.704 31.0607 -30.4277 34.6024 31.0607 -30.0676 34.4625 31.0607 -29.4483 34.1542 31.0607 -28.4689 33.725 31.0607 -28.3344 33.7195 31.0607 -25.5306 33.5736 31.0607 -24.5512 33.9972 31.0607 -24.4565 34.0518 31.0607 -23.6176 34.4625 31.0607 -23.6116 34.4647 31.0607 -23.5717 34.4818 31.0607 -22.5923 34.9352 31.0607 -22.5336 34.9885 31.0607 -21.6129 35.8558 31.0607 -18.6746 38.7104 31.0607 -17.8297 39.2641 31.0607 -17.7133 39.3437 31.0607 -17.6952 39.3529 31.0607 -17.6684 39.3596 31.0607 -16.7158 39.6791 31.0607 -15.7364 40.6232 31.0607 -14.7636 41.2925 31.0607 -14.7569 41.296 31.0607 -13.7775 41.299 31.0607 -13.6605 41.3184 31.0607 -12.7981 41.5182 31.0607 -12.6636 41.6157 31.0607 -11.8187 42.2479 31.0607 -8.88041 42.2174 31.0607 -7.90098 42.128 31.0607 -7.08681 41.3184 31.0607 -6.92156 40.852 31.0607 -6.78959 40.339 31.0607 -6.13053 39.3596 31.0607 -5.94214 38.8755 31.0607 -5.80574 38.3802 31.0607 -5.80798 35.4419 31.0607 -5.25065 34.4625 31.0607 -4.96272 33.8828 31.0607 -4.8223 33.483 31.0607 -4.96272 33.1164 31.0607 -5.2946 32.5036 31.0607 -5.94214 31.9113 31.0607 -6.92156 31.8046 31.0607 -10.7048 31.6789 31.0607 -10.8393 31.6697 31.0607 -11.0604 31.5242 31.0607 -11.8187 30.7819 31.0607 -12.0423 30.5448 31.0607 -12.6168 29.5654 31.0607 -12.7663 29.0335 31.0607 -12.7981 28.9318 31.0607 -12.8121 28.899 31.0607 -12.9323 28.5859 31.0607 -13.7599 27.6065 31.0607 -13.7702 27.5924 31.0607 -13.7775 27.5815 31.0607 -13.8447 27.4578 31.0607 -14.3311 26.6271 31.0607 -14.5361 24.6682 31.0607 -14.7561 23.8436 31.0607 -14.7569 23.841 31.0607 -14.8113 23.6888 31.0607 -15.7364 22.6734 31.0607 -16.418 21.73 31.0607 -16.4421 21.5955 31.0607 -16.5534 20.7505 31.0607 -16.565 20.616 31.0607 -16.6238 19.7711 31.0607 -16.726 15.8534 31.0607 -16.7406 14.874 31.0607 -16.7158 14.6013 31.0607 -16.6241 13.8946 31.0607 -15.774 12.9152 31.0607 -15.6781 11.9357 31.0607 -14.7569 11.2485 31.0607 -13.7775 11.2175 31.0607 -1.04503 11.1127 31.0607 -0.065604 11.1512 31.0607 1.90192e-015 11.2103 31.0607 1.90192e-015 50.8 31.0607 -50.8 50.8 31.0607 
13 10 0 31.9607
2 9 11 
1
121
-45.2462 12.9152 31.9607 -45.2302 16.8329 31.9607 -45.119 17.0227 31.9607 -44.4648 17.8123 31.9607 -44.2483 18.7917 31.9607 -44.2367 20.7505 31.9607 -44.1396 20.9372 31.9607 -43.5568 21.73 31.9607 -42.6086 22.7094 31.9607 -42.3006 23.6888 31.9607 -42.3249 24.6682 31.9607 -42.4066 26.6271 31.9607 -42.4252 27.3925 31.9607 -42.4335 27.6065 31.9607 -42.442 28.3719 31.9607 -42.4495 28.5859 31.9607 -42.4498 29.5654 31.9607 -42.1808 30.3216 31.9607 -42.1705 30.3438 31.9607 -41.5759 31.5242 31.9607 -41.2972 32.1177 31.9607 -41.2014 32.3044 31.9607 -41.1822 32.3317 31.9607 -41.0697 32.5036 31.9607 -39.2425 34.2817 31.9607 -39.1399 34.3151 31.9607 -38.6476 34.4625 31.9607 -38.3745 34.5223 31.9607 -38.2631 34.5495 31.9607 -38.0491 34.5772 31.9607 -37.2837 34.634 31.9607 -37.0697 34.6646 31.9607 -36.3042 34.7445 31.9607 -36.0902 34.8533 31.9607 -35.3248 35.3032 31.9607 -35.2233 35.323 31.9607 -34.6573 35.4419 31.9607 -34.3454 35.4954 31.9607 -33.366 35.4848 31.9607 -33.2391 35.4419 31.9607 -31.4071 34.6596 31.9607 -31.1931 34.6339 31.9607 -30.4277 34.5542 31.9607 -30.1933 34.4625 31.9607 -30.055 34.3934 31.9607 -29.4483 34.0765 31.9607 -29.2343 33.9829 31.9607 -28.4689 33.6149 31.9607 -25.5306 33.4808 31.9607 -25.5241 33.483 31.9607 -24.7652 33.8255 31.9607 -24.5512 33.9181 31.9607 -23.5732 34.399 31.9607 -23.3907 34.4625 31.9607 -22.813 34.7427 31.9607 -22.5923 34.8443 31.9607 -18.6746 38.6551 31.9607 -17.6952 39.2986 31.9607 -17.4582 39.3596 31.9607 -16.7158 39.6189 31.9607 -15.7364 40.5763 31.9607 -14.7569 41.2576 31.9607 -13.7775 41.26 31.9607 -13.4475 41.3184 31.9607 -12.9764 41.437 31.9607 -12.7981 41.4789 31.9607 -11.8187 42.2199 31.9607 -8.88041 42.2007 31.9607 -7.90098 42.1111 31.9607 -7.10211 41.3184 31.9607 -6.92156 40.8017 31.9607 -6.80369 40.339 31.9607 -6.14499 39.3596 31.9607 -5.94214 38.8372 31.9607 -5.81662 38.3802 31.9607 -5.81984 35.4419 31.9607 -5.26291 34.4625 31.9607 -4.96272 33.8549 31.9607 -4.83279 33.483 31.9607 -4.96272 33.1414 31.9607 -5.30569 32.5036 31.9607 -5.94214 31.9208 31.9607 -6.92156 31.8124 31.9607 -10.8393 31.7033 31.9607 -11.1083 31.5242 31.9607 -11.8187 30.8266 31.9607 -12.0883 30.5448 31.9607 -12.6576 29.5654 31.9607 -12.7981 29.05 31.9607 -12.9719 28.5859 31.9607 -13.7749 27.6532 31.9607 -13.7775 27.6499 31.9607 -13.8131 27.6065 31.9607 -14.4027 26.6271 31.9607 -14.4279 26.4131 31.9607 -14.5224 25.4337 31.9607 -14.5777 24.6682 31.9607 -14.7569 23.9987 31.9607 -14.8712 23.6888 31.9607 -15.0663 23.4748 31.9607 -15.7955 22.7094 31.9607 -16.5077 21.73 31.9607 -16.5359 21.516 31.9607 -16.6063 20.5365 31.9607 -16.7436 14.874 31.9607 -16.7158 14.5698 31.9607 -16.6285 13.8946 31.9607 -15.7889 12.9152 31.9607 -15.7364 12.3682 31.9607 -15.6887 11.9357 31.9607 -14.7569 11.2367 31.9607 -13.7775 11.2004 31.9607 -1.04503 11.1112 31.9607 -0.065604 11.1497 31.9607 1.95703e-015 11.2087 31.9607 1.95703e-015 50.8 31.9607 -50.8 50.8 31.9607 -50.8 11.1625 31.9607 -47.0779 11.2097 31.9607 -46.0985 11.2847 31.9607 -45.3214 11.9357 31.9607 
14 11 0 32.8607
2 10 12 
1
125
-50.8 11.1558 32.8607 -47.0779 11.208 32.8607 -46.0985 11.2861 32.8607 -45.3226 11.9357 32.8607 -45.247 12.9152 32.8607 -45.2287 16.8329 32.8607 -45.119 17.02 32.8607 -44.4622 17.8123 32.8607 -44.247 18.7917 32.8607 -44.2327 20.7505 32.8607 -44.1396 20.9297 32.8607 -43.5514 21.73 32.8607 -42.6019 22.7094 32.8607 -42.2929 23.6888 32.8607 -42.3803 26.6271 32.8607 -42.4002 27.6065 32.8607 -42.4064 29.5654 32.8607 -42.1808 30.1944 32.8607 -41.5065 31.5242 32.8607 -41.3082 31.9764 32.8607 -41.2014 32.2039 32.8607 -41.1583 32.2698 32.8607 -41.0145 32.5036 32.8607 -39.2425 34.2375 32.8607 -39.0538 34.294 32.8607 -38.3776 34.4625 32.8607 -38.3678 34.4643 32.8607 -38.2631 34.4872 32.8607 -37.9697 34.5089 32.8607 -37.2837 34.5412 32.8607 -36.9902 34.5719 32.8607 -36.3042 34.617 32.8607 -36.0108 34.7895 32.8607 -35.3248 35.2315 32.8607 -34.6388 35.3908 32.8607 -34.4219 35.4364 32.8607 -34.3454 35.4496 32.8607 -33.366 35.4397 32.8607 -33.0726 35.3151 32.8607 -32.3866 34.9819 32.8607 -32.0931 34.8578 32.8607 -31.4071 34.5549 32.8607 -31.1137 34.5244 32.8607 -30.4277 34.4764 32.8607 -30.3923 34.4625 32.8607 -30.257 34.3918 32.8607 -30.1343 34.3311 32.8607 -29.4483 33.9788 32.8607 -28.4958 33.5139 32.8607 -28.4689 33.5042 32.8607 -28.2676 33.4936 32.8607 -25.5306 33.4093 32.8607 -25.5083 33.4167 32.8607 -25.324 33.483 32.8607 -24.8224 33.7321 32.8607 -24.5512 33.8568 32.8607 -23.5717 34.3393 32.8607 -23.2262 34.4625 32.8607 -22.8157 34.6694 32.8607 -22.5923 34.7778 32.8607 -18.6746 38.6146 32.8607 -17.6952 39.2596 32.8607 -17.3133 39.3596 32.8607 -16.7158 39.5748 32.8607 -15.7364 40.5407 32.8607 -14.7569 41.228 32.8607 -13.7775 41.2308 32.8607 -13.3048 41.3184 32.8607 -12.7981 41.4503 32.8607 -11.8187 42.1972 32.8607 -10.8393 42.2008 32.8607 -8.88041 42.1866 32.8607 -7.90098 42.0962 32.8607 -7.11564 41.3184 32.8607 -6.92156 40.7556 32.8607 -6.81642 40.339 32.8607 -6.1579 39.3596 32.8607 -5.94214 38.8027 32.8607 -5.82639 38.3802 32.8607 -5.82888 35.4419 32.8607 -5.27169 34.4625 32.8607 -4.96272 33.8317 32.8607 -4.84191 33.483 32.8607 -4.96272 33.1628 32.8607 -5.31427 32.5036 32.8607 -5.94214 31.9288 32.8607 -6.92156 31.8204 32.8607 -10.8393 31.7325 32.8607 -11.1488 31.5242 32.8607 -11.8187 30.8636 32.8607 -12.126 30.5448 32.8607 -12.691 29.5654 32.8607 -12.7981 29.1665 32.8607 -13.0154 28.5859 32.8607 -13.5391 28.0153 32.8607 -13.7775 27.7398 32.8607 -13.7922 27.7219 32.8607 -13.8958 27.6065 32.8607 -14.0736 27.3131 32.8607 -14.5045 26.6271 32.8607 -14.5334 26.3337 32.8607 -14.5656 25.6477 32.8607 -14.5868 25.3542 32.8607 -14.6188 24.6682 32.8607 -14.706 24.323 32.8607 -14.7569 24.1333 32.8607 -14.7953 24.0295 32.8607 -14.9152 23.6888 32.8607 -15.8561 22.7094 32.8607 -16.5696 21.73 32.8607 -16.5909 21.4365 32.8607 -16.6289 20.7505 32.8607 -16.7508 14.874 32.8607 -16.7158 14.5069 32.8607 -16.6335 13.8946 32.8607 -15.7946 12.9152 32.8607 -15.7364 12.3209 32.8607 -15.6929 11.9357 32.8607 -14.7569 11.2323 32.8607 -13.7775 11.1937 32.8607 -1.04503 11.1097 32.8607 -0.065604 11.148 32.8607 2.01214e-015 11.2071 32.8607 2.01214e-015 50.8 32.8607 -50.8 50.8 32.8607 
15 12 0 33.7607
2 11 13 
1
139
-50.8 11.2468 33.7607 -47.0779 11.3047 33.7607 -46.7051 11.3345 33.7607 -46.0985 11.362 33.7607 -45.415 11.9357 33.7607 -45.34 12.9152 33.7607 -45.32 16.8329 33.7607 -45.1605 17.062 33.7607 -45.119 17.1328 33.7607 -44.5466 17.8123 33.7607 -44.3366 18.7917 33.7607 -44.3243 20.7505 33.7607 -44.1745 20.9921 33.7607 -44.1396 21.0593 33.7607 -43.9149 21.365 33.7607 -43.6381 21.73 33.7607 -42.6855 22.7094 33.7607 -42.3768 23.6888 33.7607 -42.4668 29.5654 33.7607 -42.2613 30.0189 33.7607 -42.1808 30.2431 33.7607 -42.0273 30.5448 33.7607 -41.7304 31.1514 33.7607 -41.5398 31.5242 33.7607 -41.3092 31.9951 33.7607 -41.2014 32.2409 33.7607 -41.1232 32.368 33.7607 -41.0457 32.5036 33.7607 -39.2425 34.2837 33.7607 -38.2684 34.5303 33.7607 -38.2631 34.5312 33.7607 -37.2837 34.5749 33.7607 -36.9108 34.5994 33.7607 -36.3042 34.6294 33.7607 -35.3248 35.2627 33.7607 -34.952 35.3493 33.7607 -34.9083 35.3587 33.7607 -34.5838 35.4419 33.7607 -34.3454 35.5067 33.7607 -33.366 35.5019 33.7607 -33.2627 35.4419 33.7607 -33.2441 35.4355 33.7607 -32.7594 35.1584 33.7607 -32.3866 34.9773 33.7607 -32.0137 34.8127 33.7607 -31.4071 34.5769 33.7607 -30.8005 34.5418 33.7607 -30.4277 34.5117 33.7607 -30.3412 34.4625 33.7607 -30.3247 34.4571 33.7607 -29.8211 34.1819 33.7607 -29.4483 33.9904 33.7607 -28.8417 33.7163 33.7607 -28.4689 33.531 33.7607 -25.5306 33.4531 33.7607 -25.4474 33.483 33.7607 -25.4304 33.4937 33.7607 -25.1578 33.6291 33.7607 -24.5512 33.9052 33.7607 -23.5717 34.3953 33.7607 -23.422 34.4491 33.7607 -23.3778 34.4625 33.7607 -22.8154 34.7109 33.7607 -22.5923 34.8234 33.7607 -18.6746 38.6776 33.7607 -17.6952 39.3254 33.7607 -17.565 39.3596 33.7607 -17.5336 39.3716 33.7607 -17.3224 39.4484 33.7607 -16.7158 39.636 33.7607 -15.7364 40.6066 33.7607 -14.7569 41.2997 33.7607 -13.7775 41.2985 33.7607 -13.6716 41.3184 33.7607 -13.4047 41.3892 33.7607 -12.7981 41.5225 33.7607 -11.8187 42.2779 33.7607 -8.88041 42.2661 33.7607 -8.65881 42.2538 33.7607 -7.90098 42.1843 33.7607 -7.03194 41.3184 33.7607 -6.92156 40.9971 33.7607 -6.77192 40.492 33.7607 -6.73344 40.339 33.7607 -6.07339 39.3596 33.7607 -5.94214 39.02 33.7607 -5.78218 38.5368 33.7607 -5.73931 38.3802 33.7607 -5.74071 35.4419 33.7607 -5.18255 34.4625 33.7607 -4.96272 34.0121 33.7607 -4.79803 33.613 33.7607 -4.75312 33.483 33.7607 -4.91782 33.1142 33.7607 -4.96272 32.9948 33.7607 -5.22382 32.5036 33.7607 -5.70411 32.0257 33.7607 -5.94214 31.8079 33.7607 -6.54873 31.761 33.7607 -6.92156 31.7198 33.7607 -10.8393 31.6525 33.7607 -10.9619 31.5698 33.7607 -11.0346 31.5242 33.7607 -11.5685 31.0466 33.7607 -11.8187 30.7995 33.7607 -12.0646 30.5448 33.7607 -12.6233 29.5654 33.7607 -12.7613 29.1722 33.7607 -12.7981 29.0347 33.7607 -12.8863 28.7993 33.7607 -12.9717 28.5859 33.7607 -13.4929 28.0375 33.7607 -13.8338 27.6647 33.7607 -13.8885 27.6065 33.7607 -14.4991 26.6271 33.7607 -14.5166 26.2543 33.7607 -14.5315 25.6477 33.7607 -14.5489 25.2748 33.7607 -14.5631 24.6682 33.7607 -14.7095 24.1786 33.7607 -14.7569 23.991 33.7607 -14.862 23.6888 33.7607 -15.8161 22.7094 33.7607 -16.5342 21.73 33.7607 -16.5549 21.3571 33.7607 -16.6721 14.874 33.7607 -16.6211 14.5012 33.7607 -16.5492 13.8946 33.7607 -16.0084 13.2658 33.7607 -15.7364 12.9637 33.7607 -15.7007 12.9152 33.7607 -15.5929 11.9357 33.7607 -14.7569 11.3161 33.7607 -14.3841 11.3013 33.7607 -1.04503 11.2038 33.7607 -0.065604 11.2342 33.7607 2.06725e-015 11.2933 33.7607 2.06725e-015 50.8 33.7607 -50.8 50.8 33.7607 
16 13 0 34.6607
1 12 
1
154
-47.0779 11.9186 34.6607 -46.7271 11.9357 34.6607 -46.0985 12.3206 34.6607 -46.0493 12.8383 34.6607 -46.0434 12.9152 34.6607 -46.0184 16.8329 34.6607 -45.6529 17.2784 34.6607 -45.4948 17.8123 34.6607 -45.119 18.3799 34.6607 -45.0681 18.6958 34.6607 -45.0478 18.7917 34.6607 -45.0348 20.7505 34.6607 -44.7766 21.0929 34.6607 -44.6399 21.73 34.6607 -44.1396 22.2743 34.6607 -43.7519 22.7094 34.6607 -43.1602 23.5075 34.6607 -43.1339 23.6278 34.6607 -43.1147 23.6888 34.6607 -43.1602 25.6067 34.6607 -43.1694 25.6385 34.6607 -43.1711 25.6477 34.6607 -43.363 26.4243 34.6607 -43.3938 26.6271 34.6607 -43.5082 27.2585 34.6607 -43.5383 27.6065 34.6607 -43.5663 28.1798 34.6607 -43.5757 28.5859 34.6607 -43.5588 29.5654 34.6607 -43.2178 30.4872 34.6607 -43.2155 30.5448 34.6607 -43.1602 30.7499 34.6607 -43.0218 31.5242 34.6607 -42.7442 31.9402 34.6607 -42.4939 32.5036 34.6607 -42.1808 32.9335 34.6607 -41.7247 33.483 34.6607 -41.2014 33.9676 34.6607 -40.2219 34.7742 34.6607 -39.4405 35.2439 34.6607 -39.2425 35.4315 34.6607 -39.0915 35.4419 34.6607 -38.2631 35.8033 34.6607 -37.7802 35.9248 34.6607 -37.2837 36.1047 34.6607 -36.4098 36.3157 34.6607 -36.3042 36.3528 34.6607 -35.8468 36.4213 34.6607 -35.3248 36.5364 34.6607 -35.2067 36.5394 34.6607 -34.3454 36.6076 34.6607 -34.1655 36.6012 34.6607 -33.366 36.5962 34.6607 -33.2022 36.5851 34.6607 -32.3866 36.4989 34.6607 -32.3178 36.4901 34.6607 -32.1353 36.4213 34.6607 -31.4721 36.3563 34.6607 -31.4071 36.227 34.6607 -30.8218 36.0272 34.6607 -30.4277 35.7668 34.6607 -30.1909 35.6787 34.6607 -29.8346 35.4419 34.6607 -29.4483 35.3817 34.6607 -28.6256 35.2852 34.6607 -28.4689 34.8934 34.6607 -28.1117 34.8197 34.6607 -27.4894 34.627 34.6607 -27.3494 34.6025 34.6607 -26.8937 34.4625 34.6607 -25.5306 34.4254 34.6607 -25.3813 34.4625 34.6607 -24.5512 35.0658 34.6607 -23.9404 35.0732 34.6607 -23.5717 35.3205 34.6607 -23.0923 35.4419 34.6607 -21.9751 36.4213 34.6607 -20.8969 37.4007 34.6607 -19.8314 38.3802 34.6607 -18.6746 39.4806 34.6607 -18.5478 39.4864 34.6607 -17.7014 40.158 34.6607 -17.6952 40.1616 34.6607 -16.7835 40.339 34.6607 -15.8008 41.254 34.6607 -15.7364 41.3176 34.6607 -15.7353 41.3184 34.6607 -14.7711 42.0957 34.6607 -14.7569 42.1042 34.6607 -13.7775 42.1011 34.6607 -12.8609 42.2375 34.6607 -12.7981 42.2513 34.6607 -12.7395 42.2978 34.6607 -11.8333 43.0617 34.6607 -11.8187 43.0711 34.6607 -8.88041 43.0531 34.6607 -8.62778 43.0247 34.6607 -7.19295 43.0059 34.6607 -7.1495 42.2978 34.6607 -6.92156 42.0699 34.6607 -6.21404 42.0259 34.6607 -6.13073 40.5276 34.6607 -6.11316 40.4814 34.6607 -6.07097 40.339 34.6607 -5.94214 40.1432 34.6607 -5.24525 40.0565 34.6607 -5.21085 39.3596 34.6607 -5.15558 38.5731 34.6607 -5.13107 38.5143 34.6607 -5.08668 38.3802 34.6607 -5.08788 35.4419 34.6607 -4.96272 35.2106 34.6607 -4.31941 35.1058 34.6607 -4.30478 34.4625 34.6607 -4.22583 33.7256 34.6607 -4.16196 33.6006 34.6607 -4.11345 33.483 34.6607 -4.24837 33.2179 34.6607 -4.34354 32.5036 34.6607 -5.94214 30.9029 34.6607 -6.57653 30.8898 34.6607 -6.92156 30.8511 34.6607 -10.8393 30.7335 34.6607 -11.0798 30.5448 34.6607 -11.8187 29.69 34.6607 -11.8352 29.6458 34.6607 -11.8808 29.5654 34.6607 -11.9253 29.4588 34.6607 -11.9715 28.5859 34.6607 -13.2565 27.1481 34.6607 -13.3123 26.6271 34.6607 -13.5881 25.8371 34.6607 -13.6449 25.6477 34.6607 -13.7775 25.2945 34.6607 -13.795 24.6682 34.6607 -13.8038 24.6419 34.6607 -13.8679 23.6888 34.6607 -15.7364 21.7494 34.6607 -15.7372 21.7477 34.6607 -15.7503 21.73 34.6607 -15.882 14.874 34.6607 -15.7746 13.8946 34.6607 -15.7364 13.8522 34.6607 -14.9404 12.9406 34.6607 -14.9217 12.9152 34.6607 -14.7764 11.9574 34.6607 -14.774 11.9357 34.6607 -14.7569 11.9231 34.6607 -1.04503 11.8015 34.6607 -0.065604 11.8276 34.6607 2.12235e-015 11.8862 34.6607 2.12236e-015 50.8 34.6607 -50.8 50.8 34.6607 -50.8 11.8518 34.6607 
