11
0
1
8
20.1883 1.57341 -49.072 21 1.32164 -49.072 21.5831 1.25007 -49.072 21.9486 1.38794 -49.072 21.2783 1.44611 -49.072 21 1.56134 -49.072 20.1676 1.69783 -49.072 20.01 1.72138 -49.072 
3
4
24.4772 -3.75357 -48.172 24.4522 -3.69171 -48.172 24.2356 -2.94782 -48.172 24.2534 -2.95675 -48.172 
12
24 -2.63745 -48.172 24.009 -2.64492 -48.172 24.0601 -2.70515 -48.172 24.0481 -1.50287 -48.172 24 -1.41271 -48.172 23.9504 -1.35766 -48.172 23.9341 -1.32556 -48.172 23.607 -0.736872 -48.172 23.3986 -1.32556 -48.172 23.4001 -1.35305 -48.172 23.4582 -1.50289 -48.172 23.8248 -1.95339 -48.172 
8
20.4638 1.50287 -48.172 20.01 1.82373 -48.172 21 1.69798 -48.172 21.6436 1.50289 -48.172 21.9559 1.34605 -48.172 21.9016 1.32554 -48.172 21.7356 1.28473 -48.172 21 1.05458 -48.172 
1
8
20.563 1.42929 -47.272 20.0069 1.87734 -47.272 20.6772 1.82581 -47.272 21 1.79212 -47.272 21.7597 1.15105 -47.272 21.9505 1.06896 -47.272 21.2811 1.1932 -47.272 21 1.11762 -47.272 
0
1
12
23.2524 -5.43974 -45.472 23.0988 -5.55819 -45.472 23.1044 -5.43973 -45.472 23.1045 -5.43944 -45.472 23.1657 -5.26959 -45.472 23.5183 -4.94975 -45.472 23.3657 -4.45977 -45.472 23.3969 -4.04642 -45.472 23.4685 -4.18952 -45.472 23.6916 -4.94287 -45.472 23.2493 -5.43456 -45.472 23.2521 -5.43945 -45.472 
1
16
23.0527 -4.71057 -44.572 23 -4.69572 -44.572 22.3594 -4.46567 -44.572 22.2465 -4.44504 -44.572 22.1234 -3.55979 -44.572 22.1225 -3.53245 -44.572 22.1456 -3.51128 -44.572 22.469 -2.9905 -44.572 22.4917 -2.95268 -44.572 22.3599 -3.35056 -44.572 22.2831 -3.51128 -44.572 22.3177 -3.55979 -44.572 22.4185 -3.7483 -44.572 22.4198 -3.75082 -44.572 22.6115 -4.10915 -44.572 23 -4.51385 -44.572 
0
0
0
0
