24
0
1
17
-37.1352 15 -24.1248 -37.1352 17.0973 -24.1248 -37.1352 17.0977 -24.1248 -37.1352 20.8766 -24.1248 -37.0225 20.7225 -24.1248 -36.7267 20.3329 -24.1248 -36.6699 20.3287 -24.1248 -36.6699 16 -24.1248 -36.6654 15.7746 -24.1248 -36.5689 15 -24.1248 -36.5116 14.9504 -24.1248 -36.511 14.9499 -24.1248 -35.9323 14.4488 -24.1248 -36.1945 14.4513 -24.1248 -37.2336 14.4783 -24.1248 -37.2788 14.4804 -24.1248 -37.6389 14.7628 -24.1248 
0
0
0
1
14
-28.0173 14.6092 -20.5248 -27.4533 14.4429 -20.5248 -25.2324 14.4592 -20.5248 -24.6708 14.5482 -20.5248 -25.2038 15 -20.5248 -25.2035 20.9701 -20.5248 -25.7064 20.6681 -20.5248 -26.45 20.2535 -20.5248 -26.8611 20.2266 -20.5248 -26.8781 20.226 -20.5248 -26.8881 17.0234 -20.5248 -26.8899 17 -20.5248 -27.014 16 -20.5248 -27.2357 15 -20.5248 
2
19
-44.3631 15 -19.6248 -44.462 15.7734 -19.6248 -44.4693 16 -19.6248 -44.4306 32.203 -19.6248 -44.8167 32.0896 -19.6248 -44.9263 32.0502 -19.6248 -44.9434 31.1621 -19.6248 -44.9512 31.1282 -19.6248 -44.9539 31.1199 -19.6248 -44.9592 30.6643 -19.6248 -44.9148 30 -19.6248 -44.9122 29.0827 -19.6248 -44.9121 29.0787 -19.6248 -44.9112 27.182 -19.6248 -44.9113 27.1818 -19.6248 -44.9103 15 -19.6248 -45.409 14.7697 -19.6248 -44.8206 14.4685 -19.6248 -43.7236 14.4462 -19.6248 
32
-27.6794 20.1835 -19.6248 -27.6795 19 -19.6248 -27.7044 18 -19.6248 -27.7502 17 -19.6248 -27.8218 16 -19.6248 -27.9498 15 -19.6248 -28.3412 14.6611 -19.6248 -28.0441 14.4985 -19.6248 -27.7176 14.4429 -19.6248 -25.8232 14.4429 -19.6248 -24.7127 14.4568 -19.6248 -24.4046 14.5029 -19.6248 -24.2306 14.5914 -19.6248 -24.6935 15 -19.6248 -24.6908 30 -19.6248 -24.6188 32 -19.6248 -24.5741 32.7174 -19.6248 -24.5511 33 -19.6248 -24.8163 33.1685 -19.6248 -25.1868 33.4126 -19.6248 -25.8604 34 -19.6248 -25.7807 35 -19.6248 -25.6584 36 -19.6248 -25.6029 36.203 -19.6248 -25.4397 37 -19.6248 -26.0088 37.3676 -19.6248 -26.2438 37.5079 -19.6248 -26.3415 37.5663 -19.6248 -26.5189 37.7072 -19.6248 -26.3827 21 -19.6248 -26.4323 20.9364 -19.6248 -26.9518 20.2095 -19.6248 
2
34
-43.2001 14.4429 -18.7248 -44.6633 14.4466 -18.7248 -45.0618 14.4554 -18.7248 -45.2619 14.5574 -18.7248 -44.7508 15 -18.7248 -44.6949 15.4364 -18.7248 -44.6525 16 -18.7248 -44.6335 16.4671 -18.7248 -44.6793 32.4442 -18.7248 -44.6959 32.8283 -18.7248 -44.3451 33 -18.7248 -44.3499 33.0458 -18.7248 -44.4356 34 -18.7248 -44.4593 34.1404 -18.7248 -44.5798 34.7984 -18.7248 -44.4514 34.9444 -18.7248 -44.435 34.9666 -18.7248 -44.4208 34.9943 -18.7248 -44.4206 34.9946 -18.7248 -44.3559 35.1203 -18.7248 -44.1813 35.3929 -18.7248 -43.9497 35.9283 -18.7248 -43.7308 36.3946 -18.7248 -43.7273 36.4231 -18.7248 -43.5677 36.4764 -18.7248 -43.1424 36.6626 -18.7248 -42.772 36.8175 -18.7248 -42.8719 34 -18.7248 -42.9454 33.9338 -18.7248 -43.1424 33.7482 -18.7248 -43.9774 33 -18.7248 -44.0234 16.7721 -18.7248 -43.9714 16 -18.7248 -43.8434 15 -18.7248 
36
-27.9271 14.5697 -18.7248 -27.4303 15 -18.7248 -27.3023 16 -18.7248 -27.2306 17 -18.7248 -27.1848 18 -18.7248 -27.1616 19 -18.7248 -27.1616 20.3895 -18.7248 -26.9766 20.487 -18.7248 -26.601 21 -18.7248 -26.8317 39 -18.7248 -26.9108 39.6947 -18.7248 -25.8638 39.023 -18.7248 -25.8417 38.9758 -18.7248 -25.8555 38.9532 -18.7248 -26.1755 38.3039 -18.7248 -26.2509 38 -18.7248 -25.8219 37.6409 -18.7248 -25.5676 37.475 -18.7248 -25.2353 37.2199 -18.7248 -25.2455 36.89 -18.7248 -25.0308 36.6636 -18.7248 -25.1407 36.2135 -18.7248 -25.1724 36 -18.7248 -25.2749 35.1464 -18.7248 -25.3546 34.1066 -18.7248 -25.3605 34 -18.7248 -24.9306 33.6153 -18.7248 -24.957 33.251 -18.7248 -25.0646 30 -18.7248 -25.0643 17 -18.7248 -25.0441 16.3264 -18.7248 -25.0036 16 -18.7248 -24.782 15 -18.7248 -24.1918 14.705 -18.7248 -24.6458 14.4485 -18.7248 -27.5245 14.4429 -18.7248 
2
16
-43.6032 36.4267 -17.8248 -43.6617 36.3537 -17.8248 -43.6817 36.3354 -17.8248 -42.9716 36.0775 -17.8248 -42.8857 33.5636 -17.8248 -42.4615 33.9407 -17.8248 -42.3935 34 -17.8248 -42.29 37.4183 -17.8248 -42.2214 38.4526 -17.8248 -42.1919 38.7834 -17.8248 -42.3755 38.3673 -17.8248 -42.5305 38.0407 -17.8248 -42.5513 38.0048 -17.8248 -42.6665 37.8517 -17.8248 -42.8669 37.606 -17.8248 -43.3506 36.89 -17.8248 
34
-27.5917 35.9827 -17.8248 -27.5416 34.7483 -17.8248 -26.6975 34.0188 -17.8248 -26.6442 35.1621 -17.8248 -26.5714 36.0991 -17.8248 -26.4724 37 -17.8248 -26.457 37.0068 -17.8248 -25.3023 37.4809 -17.8248 -25.2408 37.5022 -17.8248 -25.2458 37.5092 -17.8248 -25.3023 37.5562 -17.8248 -25.7864 38 -17.8248 -25.5518 38.215 -17.8248 -25.5671 38.3029 -17.8248 -25.5909 38.3593 -17.8248 -25.6571 38.6412 -17.8248 -25.7456 38.8134 -17.8248 -25.8944 39.0317 -17.8248 -26.9885 40.5053 -17.8248 -27.0049 40.531 -17.8248 -27.1455 40.7367 -17.8248 -27.2872 40.9812 -17.8248 -27.64 41.6984 -17.8248 -27.9893 42.465 -17.8248 -27.972 42.3121 -17.8248 -28.1638 42.4068 -17.8248 -28.3241 42.0003 -17.8248 -28.3242 42 -17.8248 -28.2384 41.5427 -17.8248 -28.1501 41 -17.8248 -28.0235 40.3567 -17.8248 -27.852 39.2082 -17.8248 -27.7347 38.1065 -17.8248 -27.6522 37.035 -17.8248 
1
45
-27.5957 41.2344 -16.9248 -27.5718 41.1948 -16.9248 -27.2708 40.7367 -16.9248 -27.2194 40.6702 -16.9248 -26.6241 39.9381 -16.9248 -26.576 39.8932 -16.9248 -26.5361 39.8491 -16.9248 -26.4967 39.7824 -16.9248 -26.4945 39.775 -16.9248 -26.4119 39.6689 -16.9248 -25.9089 38.9803 -16.9248 -25.8549 38.9064 -16.9248 -26.0147 38.067 -16.9248 -26.0231 38 -16.9248 -27.0921 37.537 -16.9248 -27.6603 37.2735 -16.9248 -28.4951 38 -16.9248 -28.5395 39 -16.9248 -29.2304 39.6021 -16.9248 -29.2512 39.8698 -16.9248 -29.3667 40.9699 -16.9248 -29.3712 41 -16.9248 -29.4015 41.2408 -16.9248 -29.4358 41.9075 -16.9248 -29.489 42.8181 -16.9248 -29.5093 43 -16.9248 -29.4014 43.3168 -16.9248 -28.9806 43.6356 -16.9248 -28.9638 44 -16.9248 -28.9023 44.1614 -16.9248 -28.6853 44.4057 -16.9248 -28.2468 44.6991 -16.9248 -28.0918 44.6343 -16.9248 -28.015 44.622 -16.9248 -28.1879 44.5834 -16.9248 -28.2879 44.532 -16.9248 -28.5475 44.4738 -16.9248 -28.6204 44.4329 -16.9248 -28.7062 44.276 -16.9248 -28.9599 43.6218 -16.9248 -28.7062 42.9747 -16.9248 -28.5916 42.6601 -16.9248 -28.5474 42.5766 -16.9248 -27.8227 41.6984 -16.9248 -27.8112 41.6786 -16.9248 
1
29
-27.9782 38.133 -16.0248 -27.7674 38.0379 -16.0248 -27.6785 38.9578 -16.0248 -27.6731 39 -16.0248 -27.5406 39.8384 -16.0248 -27.504 40 -16.0248 -27.3824 40.2985 -16.0248 -27.0779 40.6472 -16.0248 -27.1093 40.7367 -16.0248 -27.1263 40.7623 -16.0248 -27.4623 41.3381 -16.0248 -27.7396 41.6984 -16.0248 -28.1829 42.2099 -16.0248 -28.1866 42.2144 -16.0248 -28.7525 42.6601 -16.0248 -28.8654 42.7641 -16.0248 -28.8892 42.8018 -16.0248 -29.297 43.4167 -16.0248 -29.8832 43.5391 -16.0248 -29.8048 43 -16.0248 -29.6855 42 -16.0248 -29.6825 41.9571 -16.0248 -29.66 41.9215 -16.0248 -29.6782 41.8955 -16.0248 -29.6386 41.3308 -16.0248 -29.2594 41 -16.0248 -29.1837 40 -16.0248 -28.8818 39.7463 -16.0248 -28.0189 39 -16.0248 
1
29
-18.0849 15.5025 -15.1248 -17.8799 15.6926 -15.1248 -17.8773 15.6957 -15.1248 -17.8469 15.733 -15.1248 -17.8518 20.0328 -15.1248 -17.852 20.0353 -15.1248 -17.8603 28.2349 -15.1248 -17.8636 28.4001 -15.1248 -17.8549 29.1966 -15.1248 -17.8667 29.3645 -15.1248 -17.8162 30.1582 -15.1248 -17.7014 30.9401 -15.1248 -17.7056 31 -15.1248 -17.7178 31.0426 -15.1248 -17.803 31.9955 -15.1248 -17.8037 31.9973 -15.1248 -17.8041 32 -15.1248 -17.9536 32.322 -15.1248 -17.9536 32.3222 -15.1248 -17.9699 32.3834 -15.1248 -18.0571 32.0755 -15.1248 -18.0425 32 -15.1248 -18.093 31.1066 -15.1248 -18.0929 31.1062 -15.1248 -18.07 31 -15.1248 -18.0955 30.1088 -15.1248 -18.0879 30 -15.1248 -18.0931 29.1067 -15.1248 -18.0869 29 -15.1248 
1
56
-19.3277 15 -14.2248 -19.3285 29 -14.2248 -19.3291 29.0164 -14.2248 -19.3473 30 -14.2248 -19.3478 30.007 -14.2248 -19.3883 30.9868 -14.2248 -19.3884 31 -14.2248 -19.7597 31.3649 -14.2248 -20.0933 31.8362 -14.2248 -20.2316 31.989 -14.2248 -20.283 32.9381 -14.2248 -20.285 33 -14.2248 -20.2913 33.0658 -14.2248 -20.3215 33.4865 -14.2248 -19.7597 33.776 -14.2248 -19.6265 33.8847 -14.2248 -19.6388 34 -14.2248 -19.7597 34.3535 -14.2248 -20.1939 35 -14.2248 -20.3181 35.4836 -14.2248 -20.5561 36 -14.2248 -20.7918 36.8938 -14.2248 -20.8116 37 -14.2248 -20.9144 37.3229 -14.2248 -21.0711 38 -14.2248 -21.1039 38.2616 -14.2248 -20.866 37.8517 -14.2248 -20.6264 37.0128 -14.2248 -20.5609 36.89 -14.2248 -20.5155 36.7565 -14.2248 -20.4846 36.6586 -14.2248 -20.148 35.9283 -14.2248 -20.0835 35.5809 -14.2248 -19.8541 34.9666 -14.2248 -19.7605 34.5365 -14.2248 -19.5745 34.005 -14.2248 -19.5537 33.9016 -14.2248 -19.4734 33.5691 -14.2248 -19.3914 33.0433 -14.2248 -19.3853 33.0147 -14.2248 -19.3741 32.9397 -14.2248 -19.1318 32.0816 -14.2248 -19.1039 31.8443 -14.2248 -19.1447 31.1199 -14.2248 -19.1434 31.0907 -14.2248 -19.1434 31.0893 -14.2248 -19.1366 30.9142 -14.2248 -18.832 30.1582 -14.2248 -18.8223 29.6802 -14.2248 -18.7944 29.1966 -14.2248 -18.7825 15.733 -14.2248 -19.3742 14.7753 -14.2248 -19.3742 14.7752 -14.2248 -19.376 14.7713 -14.2248 -19.5155 14.7115 -14.2248 -19.6703 14.6706 -14.2248 
0
0
0
0
0
0
0
0
1
23
-35.7235 39.8748 -6.12482 -35.7235 39.8751 -6.12482 -35.7294 40 -6.12482 -35.795 41 -6.12482 -35.8923 42 -6.12482 -36.214 42.1555 -6.12482 -36.141 42.6601 -6.12482 -35.7962 43.336 -6.12482 -35.784 43.3662 -6.12482 -35.7134 43.4708 -6.12482 -35.5706 43.6212 -6.12482 -35.5699 43.6218 -6.12482 -35.4204 43.7365 -6.12482 -34.6858 44.3369 -6.12482 -34.1006 44.0192 -6.12482 -34.1233 44 -6.12482 -34.1987 43.5964 -6.12482 -34.3196 43 -6.12482 -34.4178 42 -6.12482 -34.4765 41 -6.12482 -34.7131 40.8284 -6.12482 -35.6733 40 -6.12482 -35.6937 39.2454 -6.12482 
2
12
-19.2909 29.1966 -5.22482 -19.3246 30.1582 -5.22482 -19.4654 30.7279 -5.22482 -19.8769 30.6015 -5.22482 -19.8427 15 -5.22482 -20.1252 14.8292 -5.22482 -20.1077 14.7713 -5.22482 -20.0822 14.7568 -5.22482 -19.962 14.7431 -5.22482 -19.7303 14.7482 -5.22482 -19.6923 14.7713 -5.22482 -19.2834 15.733 -5.22482 
27
-35.2137 38 -5.22482 -35.2018 37.5804 -5.22482 -35.1448 40 -5.22482 -34.1935 40.8181 -5.22482 -33.9444 41 -5.22482 -33.8802 42 -5.22482 -33.7699 43 -5.22482 -33.6135 43.6305 -5.22482 -33.8951 44.0883 -5.22482 -34.1662 44.2706 -5.22482 -35.1566 43.6802 -5.22482 -35.2284 43.6218 -5.22482 -35.2605 43.5776 -5.22482 -35.2671 43.5753 -5.22482 -35.2766 43.5729 -5.22482 -35.3489 43.5222 -5.22482 -35.9728 42.6601 -5.22482 -36.0437 42.3127 -5.22482 -36.101 41.6984 -5.22482 -36.1605 41.2926 -5.22482 -36.2535 40.7367 -5.22482 -36.3078 40.2573 -5.22482 -36.3549 40.1727 -5.22482 -36.3871 40.1103 -5.22482 -36.6274 39.775 -5.22482 -37.1496 38.9473 -5.22482 -36.9503 38.8613 -5.22482 
2
23
-35.808 19.048 -4.32482 -35.8675 19.0174 -4.32482 -36.1257 19.5797 -4.32482 -36.0658 19.9259 -4.32482 -35.9141 20.5414 -4.32482 -35.9187 20.6269 -4.32482 -36.0282 21.5031 -4.32482 -36.0907 22.4648 -4.32482 -36.0907 22.4649 -4.32482 -36.0815 22.8115 -4.32482 -35.9413 23.4265 -4.32482 -35.977 23.5772 -4.32482 -36.2615 24.3881 -4.32482 -36.6739 24.7887 -4.32482 -36.6686 26.9757 -4.32482 -36.5856 27.1122 -4.32482 -36.4957 27.2732 -4.32482 -36.2942 27.8917 -4.32482 -35.8931 27.913 -4.32482 -35.8912 25.4233 -4.32482 -36.3541 25.7714 -4.32482 -36.1597 25.3498 -4.32482 -35.8908 25.2182 -4.32482 
40
-36.6885 32.8511 -4.32482 -36.6926 33.2203 -4.32482 -36.0208 33.5615 -4.32482 -35.9603 33.5882 -4.32482 -34.9843 33.9638 -4.32482 -34.9785 33.9642 -4.32482 -34.8454 34.005 -4.32482 -34.9843 34.0464 -4.32482 -35.8675 34.3877 -4.32482 -35.9155 34.4098 -4.32482 -36.0185 34.4495 -4.32482 -36.7142 34.8188 -4.32482 -36.7375 36.0625 -4.32482 -36.0531 36.4627 -4.32482 -35.9894 36.4966 -4.32482 -35.8675 36.5449 -4.32482 -34.9844 36.8444 -4.32482 -34.9774 36.844 -4.32482 -34.7655 36.89 -4.32482 -34.9844 36.9648 -4.32482 -35.7297 37.38 -4.32482 -35.8675 37.3148 -4.32482 -36.7847 37.8187 -4.32482 -36.7867 37.8866 -4.32482 -36.0166 38.3488 -4.32482 -35.8674 38.4264 -4.32482 -34.9927 38.7112 -4.32482 -34.9844 38.6835 -4.32482 -34.7965 37.8517 -4.32482 -34.757 36.9662 -4.32482 -34.7125 37.8934 -4.32482 -34.7124 37.8937 -4.32482 -34.657 38.8134 -4.32482 -34.6418 39.0203 -4.32482 -34.7181 34 -4.32482 -34.8286 33.9093 -4.32482 -35.8808 33 -4.32482 -35.8838 32.4328 -4.32482 -35.9127 32.4478 -4.32482 -36.057 32.507 -4.32482 
