24
0
0
0
1
41
-23.459 15.4245 -22.3248 -23.4606 17.3467 -22.3248 -23.4606 17.3468 -22.3248 -23.4785 30.3564 -22.3248 -23.4953 31 -22.3248 -23.4977 31.3905 -22.3248 -23.4977 31.3906 -22.3248 -23.5142 32 -22.3248 -23.5039 32.4548 -22.3248 -23.5038 32.4549 -22.3248 -23.5282 33 -22.3248 -23.4921 33.5899 -22.3248 -23.4966 34 -22.3248 -23.3574 34.8613 -22.3248 -23.3515 35 -22.3248 -23.3323 35.0448 -22.3248 -23.3319 35.0455 -22.3248 -23.2815 35.1368 -22.3248 -23.2535 35.0966 -22.3248 -23.2122 35.0574 -22.3248 -23.145 35.007 -22.3248 -23.1447 35.0066 -22.3248 -23.1389 35.0024 -22.3248 -23.1346 35 -22.3248 -23.0476 34.9391 -22.3248 -23.0634 34.9179 -22.3248 -23.4192 34.4198 -22.3248 -23.3921 34.005 -22.3248 -23.3924 34.0029 -22.3248 -23.4718 33.5051 -22.3248 -23.472 33.5038 -22.3248 -23.419 33.0433 -22.3248 -23.4615 32.5329 -22.3248 -23.3975 32.0816 -22.3248 -23.4369 31.6308 -22.3248 -23.454 31.1199 -22.3248 -23.4312 30.9748 -22.3248 -23.4312 30.9743 -22.3248 -23.3641 30.5457 -22.3248 -23.3672 30.1582 -22.3248 -23.3538 15.733 -22.3248 
3
7
-45.4075 15.733 -21.4248 -45.4052 25.3498 -21.4248 -45.3572 25.5496 -21.4248 -45.3571 26.3115 -21.4248 -45.3311 26.4348 -21.4248 -45.3331 15.471 -21.4248 -45.3517 15.5304 -21.4248 
22
-45.0984 35.9283 -21.4248 -45.1211 35.2845 -21.4248 -45.1212 35.1212 -21.4248 -44.9551 35.968 -21.4248 -44.964 36 -21.4248 -44.9165 36.9873 -21.4248 -44.9259 36.998 -21.4248 -44.9273 37 -21.4248 -45.0396 37.2532 -21.4248 -45.0401 37.2543 -21.4248 -45.2805 37.7967 -21.4248 -45.4615 37.8605 -21.4248 -45.4615 37.8607 -21.4248 -45.4927 37.8717 -21.4248 -45.4846 37.8517 -21.4248 -45.4767 37.8395 -21.4248 -45.4767 37.8393 -21.4248 -45.1376 37.322 -21.4248 -45.1355 37.3189 -21.4248 -45.0772 37.2298 -21.4248 -45.0807 36.89 -21.4248 -44.9893 36.3121 -21.4248 
13
-24.1599 34.9666 -21.4248 -24.2898 35.5005 -21.4248 -24.2741 35.9283 -21.4248 -24.1693 36.3373 -21.4248 -24.3533 36.89 -21.4248 -24.3256 37.5125 -21.4248 -24.3952 37.4145 -21.4248 -24.3511 37 -21.4248 -24.4581 36.4689 -21.4248 -24.3234 36 -21.4248 -24.3028 35.3345 -21.4248 -24.1942 35 -21.4248 -24.1459 34.7999 -21.4248 
1
41
-44.6339 34.9666 -20.5248 -44.6454 35.3401 -20.5248 -44.6451 35.9283 -20.5248 -44.3897 36.89 -20.5248 -44.275 37.4487 -20.5248 -44.2716 37.8517 -20.5248 -44.3865 38.3104 -20.5248 -44.2947 38.5071 -20.5248 -44.1101 38.7722 -20.5248 -44.0941 38.8134 -20.5248 -44.0927 38.9113 -20.5248 -44.1101 38.9982 -20.5248 -44.7478 39.7386 -20.5248 -44.4976 39.8083 -20.5248 -44.45 39.7934 -20.5248 -44.1817 39.6634 -20.5248 -44.1754 39.645 -20.5248 -44.1754 39.6448 -20.5248 -44.1744 39.6422 -20.5248 -44.1104 39.4527 -20.5248 -44.025 39.2125 -20.5248 -44.0603 39 -20.5248 -44.0726 38.1887 -20.5248 -43.997 38 -20.5248 -44.019 37.7845 -20.5248 -44.1596 37 -20.5248 -44.1816 36.844 -20.5248 -44.3088 36.7568 -20.5248 -44.45 36.3999 -20.5248 -44.5138 36 -20.5248 -44.5199 35.965 -20.5248 -44.5044 35.9632 -20.5248 -44.4499 35.9422 -20.5248 -44.1816 35.844 -20.5248 -44.1085 35.7593 -20.5248 -43.7387 35.3556 -20.5248 -43.7565 34.9514 -20.5248 -44.1816 34.6613 -20.5248 -44.4499 34.4525 -20.5248 -44.7941 34.2154 -20.5248 -44.7405 34.3309 -20.5248 
2
23
-44.2253 35.7825 -19.6248 -44.2299 35.9283 -19.6248 -44.1764 36.354 -19.6248 -44.0384 36.89 -19.6248 -43.9533 37.3144 -19.6248 -43.6275 37.8249 -19.6248 -43.6095 37.8517 -19.6248 -43.5905 37.906 -19.6248 -43.5718 37.9637 -19.6248 -43.5342 38.0666 -19.6248 -43.2165 38.8134 -19.6248 -43.217 38.8536 -19.6248 -43.0771 38.4658 -19.6248 -43.1281 38 -19.6248 -43.2034 36.9764 -19.6248 -43.4837 36.5836 -19.6248 -43.3704 36.1436 -19.6248 -43.2528 36.1584 -19.6248 -43.2808 35.5736 -19.6248 -43.4432 35.511 -19.6248 -43.662 35.4049 -19.6248 -43.8799 35.6579 -19.6248 -44.0088 35.7706 -19.6248 
20
-26.0088 39.2413 -19.6248 -25.8951 39 -19.6248 -25.8884 38.9893 -19.6248 -26.1417 39.775 -19.6248 -26.1172 40.2742 -19.6248 -26.1816 40.7367 -19.6248 -25.8232 41.2795 -19.6248 -25.7953 41.2917 -19.6248 -25.7943 41.2919 -19.6248 -25.7942 41.2919 -19.6248 -24.8506 41.1934 -19.6248 -25.1868 41.3693 -19.6248 -25.2702 41.3434 -19.6248 -26.0088 41.2977 -19.6248 -26.0671 41.2124 -19.6248 -26.0703 41.2078 -19.6248 -26.2121 41 -19.6248 -26.2699 40.938 -19.6248 -26.2119 40 -19.6248 -26.218 39.8931 -19.6248 
1
17
-26.7744 40.7484 -18.7248 -27.0339 41.2735 -18.7248 -27.0441 41.6984 -18.7248 -27.0863 42.2806 -18.7248 -26.7758 42.6601 -18.7248 -26.6408 42.7585 -18.7248 -26.7003 42.7608 -18.7248 -26.9766 42.4163 -18.7248 -27.1797 42.1759 -18.7248 -27.1615 42 -18.7248 -26.9992 41.0196 -18.7248 -27.0383 41.0375 -18.7248 -27.1779 41.1047 -18.7248 -27.1604 41 -18.7248 -27.1165 40.8193 -18.7248 -26.9765 40.9813 -18.7248 -26.9731 40.9755 -18.7248 
2
11
-27.5539 14.4429 -17.8248 -25.2265 14.4429 -17.8248 -26.3408 15 -17.8248 -26.5624 16 -17.8248 -26.6865 17 -17.8248 -26.6961 17.1201 -17.8248 -26.6966 17.1288 -17.8248 -26.702 17.1955 -17.8248 -26.711 17 -17.8248 -26.7827 16 -17.8248 -26.9106 15 -17.8248 
21
-41.5434 43.5378 -17.8248 -41.6757 43.5818 -17.8248 -41.7175 43.1193 -17.8248 -41.5021 42.6601 -17.8248 -41.5555 42.5706 -17.8248 -41.5636 42.559 -17.8248 -41.5656 42.5562 -17.8248 -41.5656 42.556 -17.8248 -41.7203 42.3324 -17.8248 -41.7196 41.6984 -17.8248 -41.8736 40.9876 -17.8248 -41.8868 40.8005 -17.8248 -41.846 41 -17.8248 -41.6419 41.7424 -17.8248 -41.5994 42 -17.8248 -41.6621 42.2678 -17.8248 -41.5433 42.4888 -17.8248 -41.468 42.6105 -17.8248 -41.3208 43 -17.8248 -41.4331 43.3124 -17.8248 -41.4681 43.4099 -17.8248 
2
14
-41.6821 39.775 -16.9248 -41.6546 39.8317 -16.9248 -41.6916 39.4969 -16.9248 -41.7704 38.4575 -16.9248 -41.8618 36.2052 -16.9248 -41.9192 37 -16.9248 -42.1031 37.0673 -16.9248 -42.1254 37.0724 -16.9248 -42.4227 37.1313 -16.9248 -42.4888 38.0983 -16.9248 -42.4953 38.1575 -16.9248 -42.2361 38.7008 -16.9248 -42.1625 38.8134 -16.9248 -42.0316 39.0066 -16.9248 
18
-40.9212 42.5406 -16.9248 -40.877 42.6304 -16.9248 -40.8432 42.6601 -16.9248 -40.5836 43.1949 -16.9248 -40.6126 43.0364 -16.9248 -40.6171 43 -16.9248 -40.38 42.1527 -16.9248 -40.4042 42 -16.9248 -40.5169 41 -16.9248 -40.5437 40.9782 -16.9248 -40.6854 40.8555 -16.9248 -40.9485 40.7114 -16.9248 -41.0198 40.6963 -16.9248 -41.5036 40.4549 -16.9248 -41.4592 40.7367 -16.9248 -41.4632 41.0106 -16.9248 -41.418 41.6984 -16.9248 -41.1636 42.1 -16.9248 
1
31
-41.3092 38.2191 -16.0248 -41.2371 39.5035 -16.0248 -41.1967 40 -16.0248 -40.4288 40.6868 -16.0248 -40.3958 40.7153 -16.0248 -40.0741 40.9775 -16.0248 -40.0457 41 -16.0248 -40.0353 41.1044 -16.0248 -39.932 42 -16.0248 -39.9007 42.1717 -16.0248 -39.7688 43 -16.0248 -39.7322 43.256 -16.0248 -39.656 44 -16.0248 -39.5303 44.3569 -16.0248 -39.5416 44.4259 -16.0248 -39.5419 44.4279 -16.0248 -39.7231 43.9425 -16.0248 -39.8161 43.6218 -16.0248 -39.848 43.5593 -16.0248 -40.3814 42.8119 -16.0248 -40.4016 42.7922 -16.0248 -40.4907 42.6601 -16.0248 -40.8469 42.0982 -16.0248 -41.0096 41.6984 -16.0248 -40.9992 41.0604 -16.0248 -41.1726 40.7367 -16.0248 -41.512 40.0294 -16.0248 -41.5546 39.9689 -16.0248 -41.556 39.9668 -16.0248 -41.5635 39.9561 -16.0248 -41.3965 39 -16.0248 
2
21
-40.5759 41.6984 -15.1248 -40.3551 42.1618 -15.1248 -40.1822 42.6601 -15.1248 -39.9336 43.0776 -15.1248 -39.8819 43.1564 -15.1248 -39.7594 43.332 -15.1248 -39.3585 43.4371 -15.1248 -39.3452 43.4326 -15.1248 -39.1761 43.476 -15.1248 -39.203 43.3001 -15.1248 -39.2982 43 -15.1248 -39.4465 42.1783 -15.1248 -39.4731 42 -15.1248 -39.5709 41 -15.1248 -39.892 40.7468 -15.1248 -39.9093 40.7327 -15.1248 -40.2726 40.4102 -15.1248 -40.3038 40.7496 -15.1248 -40.6167 40.8675 -15.1248 -40.9866 40.9945 -15.1248 -40.6213 41.6277 -15.1248 
26
-27.6267 40.7503 -15.1248 -27.6628 41.0701 -15.1248 -27.803 41.1242 -15.1248 -28.3622 41.3288 -15.1248 -28.8653 41.1052 -15.1248 -29.517 41.6676 -15.1248 -29.5683 41.7059 -15.1248 -29.9243 41.9806 -15.1248 -29.9356 41.99 -15.1248 -29.8879 42.2685 -15.1248 -29.8402 42.519 -15.1248 -29.7418 42.6597 -15.1248 -29.7413 42.6601 -15.1248 -29.7412 42.6601 -15.1248 -29.1304 42.8045 -15.1248 -28.9269 42.6721 -15.1248 -28.9116 42.6601 -15.1248 -28.7774 42.5834 -15.1248 -28.4264 42.3102 -15.1248 -27.8184 41.8613 -15.1248 -27.7386 41.7779 -15.1248 -27.667 41.7298 -15.1248 -27.639 41.6984 -15.1248 -27.5232 41.5508 -15.1248 -27.1395 40.9986 -15.1248 -27.2075 40.9317 -15.1248 
1
34
-16.525 29.1966 -14.2248 -16.5695 30.1582 -14.2248 -16.6386 30.7574 -14.2248 -16.6699 31.1199 -14.2248 -16.7603 31.6583 -14.2248 -16.8201 32.0816 -14.2248 -16.914 32.5431 -14.2248 -16.9995 33.0433 -14.2248 -17.1339 33.6507 -14.2248 -17.1345 33.6537 -14.2248 -17.2255 34.005 -14.2248 -17.4489 34.7726 -14.2248 -17.5292 34.9666 -14.2248 -17.5282 35.0999 -14.2248 -17.5282 35.1001 -14.2248 -17.528 35.1212 -14.2248 -17.5715 35.2325 -14.2248 -17.4772 35.0678 -14.2248 -17.4503 35.0149 -14.2248 -17.443 35 -14.2248 -17.43 34.9556 -14.2248 -17.3619 34.7928 -14.2248 -17.153 34 -14.2248 -16.9633 33.1496 -14.2248 -16.9629 33.1479 -14.2248 -16.9302 33 -14.2248 -16.81 32.276 -14.2248 -16.7586 32 -14.2248 -16.6143 31 -14.2248 -16.5677 30.3971 -14.2248 -16.5261 30 -14.2248 -16.4951 29 -14.2248 -16.5034 15.6883 -14.2248 -16.5266 15.733 -14.2248 
3
3
-19.0086 15.7244 -13.3248 -19.0046 15.733 -13.3248 -19.0085 28.3709 -13.3248 
21
-19.4096 32 -13.3248 -19.6062 32.6572 -13.3248 -19.8511 32.7211 -13.3248 -19.8658 33 -13.3248 -19.9262 33.4972 -13.3248 -19.9747 34 -13.3248 -20.0675 34.4266 -13.3248 -20.1183 34.7466 -13.3248 -19.965 34.5211 -13.3248 -19.8522 34.3235 -13.3248 -19.736 34.175 -13.3248 -19.6766 34.005 -13.3248 -19.492 33.0913 -13.3248 -19.4875 33.0727 -13.3248 -19.4829 33.0433 -13.3248 -19.3959 32.6321 -13.3248 -19.2668 32.0816 -13.3248 -19.3959 31.6503 -13.3248 -19.4479 31.4657 -13.3248 -19.4996 31.5501 -13.3248 -19.3975 31.7616 -13.3248 
29
-20.3719 35.2868 -13.3248 -20.3314 35.1622 -13.3248 -20.3948 35.2217 -13.3248 -20.5297 35.4045 -13.3248 -20.9207 35.8562 -13.3248 -21.0163 35.9761 -13.3248 -21.0397 36 -13.3248 -21.2309 36.8449 -13.3248 -21.2471 37 -13.3248 -21.5495 37.2954 -13.3248 -21.8222 37.5747 -13.3248 -22.139 37.9237 -13.3248 -22.1585 38 -13.3248 -22.3387 38.1215 -13.3248 -22.3533 38.1351 -13.3248 -22.3634 38.1511 -13.3248 -22.5506 38.4674 -13.3248 -22.2234 38.7207 -13.3248 -22.1859 38.7473 -13.3248 -21.6801 38.1064 -13.3248 -21.5657 37.8517 -13.3248 -21.3193 37.3827 -13.3248 -21.1647 37.1856 -13.3248 -21.1473 37.116 -13.3248 -21.0755 36.9892 -13.3248 -21.0159 36.89 -13.3248 -20.8167 36.6387 -13.3248 -20.4438 35.9283 -13.3248 -20.4579 35.4976 -13.3248 
0
0
0
0
0
0
1
8
-35.8326 42.7514 -7.02482 -35.9399 42.7914 -7.02482 -35.4781 43.6218 -7.02482 -35.2054 43.9281 -7.02482 -34.2699 44.3497 -7.02482 -34.6788 44 -7.02482 -34.8578 43 -7.02482 -34.9212 42.2985 -7.02482 
0
0
2
9
-36.766 17.6564 -4.32482 -36.1815 18.2518 -4.32482 -35.8674 18.4411 -4.32482 -35.7893 18.4494 -4.32482 -35.7292 17 -4.32482 -35.6828 16.3522 -4.32482 -35.8674 16.4085 -4.32482 -36.5059 16.6947 -4.32482 -36.665 17.4849 -4.32482 
15
-34.5591 40.0436 -4.32482 -33.6738 40.8036 -4.32482 -33.4072 41 -4.32482 -33.3624 41.5873 -4.32482 -33.4405 41.6984 -4.32482 -33.5483 42.5751 -4.32482 -33.5651 42.6291 -4.32482 -33.573 42.6601 -4.32482 -33.6465 43.05 -4.32482 -33.7379 42.8391 -4.32482 -33.9784 42.6601 -4.32482 -34.1793 42.2282 -4.32482 -34.3253 41.6984 -4.32482 -34.3931 41.4028 -4.32482 -34.491 40.7367 -4.32482 
