13
0
0
0
2
11
2.76869 14.4429 -37.3045 3.41202 15 -37.3045 3.53997 16 -37.3045 3.61163 17 -37.3045 3.72682 20.794 -37.3045 3.86565 20.7432 -37.3045 4.00205 20.9296 -37.3045 4.1197 17 -37.3045 4.19134 16 -37.3045 4.31929 15 -37.3045 4.9626 14.4429 -37.3045 
34
2.14449 42 -37.3045 2.61325 42.4722 -37.3045 2.71095 42.6218 -37.3045 2.98776 43 -37.3045 2.86941 43.3552 -37.3045 2.89392 43.3794 -37.3045 2.95033 43.4103 -37.3045 2.9519 43.4111 -37.3045 3.14221 43.6236 -37.3045 3.51938 44.0285 -37.3045 3.86172 44.5854 -37.3045 3.85784 44.821 -37.3045 3.97811 44.8982 -37.3045 4.06247 44.9137 -37.3045 4.32916 44.707 -37.3045 4.49708 44.5854 -37.3045 4.51092 44.5696 -37.3045 4.86417 44.3368 -37.3045 5.17306 44.4232 -37.3045 5.35764 44.0529 -37.3045 5.51115 43.6236 -37.3045 5.9074 42.8344 -37.3045 5.93563 42.6618 -37.3045 5.99884 42.5707 -37.3045 5.59637 42.2171 -37.3045 5.02037 42.5076 -37.3045 4.61321 42.7015 -37.3045 3.87872 42.3166 -37.3045 3.86567 42.4793 -37.3045 3.80506 42.277 -37.3045 3.2923 42 -37.3045 2.6531 41.7196 -37.3045 2.61326 41.701 -37.3045 2.22903 41.494 -37.3045 
1
120
4.58507 15.6135 -36.4045 4.38525 15.2725 -36.4045 4.18575 15 -36.4045 4.38525 14.7275 -36.4045 4.95437 14.4429 -36.4045 3.20269 14.4429 -36.4045 3.61055 15 -36.4045 3.69168 16 -36.4045 3.73708 17 -36.4045 3.73587 40 -36.4045 3.2113 40.7172 -36.4045 3.05437 40.8928 -36.4045 2.91895 40.913 -36.4045 2.66369 41 -36.4045 2.50738 41.0572 -36.4045 2.50651 41.0575 -36.4045 2.5071 41.0578 -36.4045 2.72334 41.1746 -36.4045 2.725 41.1756 -36.4045 3.05436 41.3682 -36.4045 4.42333 42 -36.4045 3.37003 42.4849 -36.4045 3.47155 42.6281 -36.4045 3.48533 42.6618 -36.4045 4.32944 43.6236 -36.4045 4.42013 43.7605 -36.4045 4.57459 43.8422 -36.4045 4.5821 43.8478 -36.4045 4.62301 43.8208 -36.4045 4.69386 43.8406 -36.4045 5.6927 44.2761 -36.4045 6.25186 43.7456 -36.4045 6.33182 43.6236 -36.4045 6.39824 43.514 -36.4045 6.44019 43.4929 -36.4045 6.80327 43.3564 -36.4045 6.85282 43.3153 -36.4045 7.11614 43.1978 -36.4045 7.07949 43 -36.4045 7.07562 42.9974 -36.4045 6.69467 42.7466 -36.4045 5.84205 42 -36.4045 5.83525 41.8761 -36.4045 5.5832 41.9627 -36.4045 5.58293 41.9628 -36.4045 5.47902 41 -36.4045 5.41606 40.1073 -36.4045 5.34847 40.1337 -36.4045 5.0545 40.2268 -36.4045 4.38526 40.4718 -36.4045 4.03988 40 -36.4045 4.65711 39.148 -36.4045 4.74444 39 -36.4045 4.65711 38.8899 -36.4045 4.00358 38 -36.4045 4.38524 37.4786 -36.4045 4.47882 37.3362 -36.4045 4.53225 37.2616 -36.4045 4.53226 37.2611 -36.4045 4.52416 36.7387 -36.4045 3.98276 36 -36.4045 3.97566 35 -36.4045 4.38526 34.4405 -36.4045 4.45725 34.334 -36.4045 4.45796 34.333 -36.4045 4.49717 34.2788 -36.4045 4.49698 34.2578 -36.4045 4.497 34.2572 -36.4045 4.49286 33.7202 -36.4045 3.96558 33 -36.4045 4.38526 32.4267 -36.4045 4.44915 32.3334 -36.4045 4.48409 32.2852 -36.4045 4.48153 31.7129 -36.4045 3.95973 31 -36.4045 4.38525 30.4187 -36.4045 4.44504 30.3327 -36.4045 4.47713 30.2886 -36.4045 4.47619 29.7085 -36.4045 3.95772 29 -36.4045 4.38526 28.416 -36.4045 4.44446 28.332 -36.4045 4.47556 28.3107 -36.4045 4.47555 27.6893 -36.4045 4.44445 27.668 -36.4045 4.38525 27.5841 -36.4045 3.95769 27 -36.4045 3.95768 26 -36.4045 4.47797 25.2882 -36.4045 4.48042 24.6906 -36.4045 4.4467 24.6673 -36.4045 4.38526 24.5788 -36.4045 3.96155 24 -36.4045 4.38526 23.4212 -36.4045 4.45911 23.3258 -36.4045 4.49191 23.3029 -36.4045 4.49826 22.6962 -36.4045 4.45832 22.6671 -36.4045 4.38525 22.5606 -36.4045 3.97485 22 -36.4045 4.38525 21.4394 -36.4045 4.47682 21.3226 -36.4045 4.51626 21.2932 -36.4045 4.52568 20.7059 -36.4045 4.47531 20.6662 -36.4045 4.38526 20.5329 -36.4045 3.99516 20 -36.4045 4.38526 19.4671 -36.4045 4.50589 19.3162 -36.4045 4.55521 19.2763 -36.4045 4.57047 18.7238 -36.4045 4.50225 18.6632 -36.4045 4.38526 18.4851 -36.4045 4.03015 18 -36.4045 4.05921 17 -36.4045 4.38525 16.5546 -36.4045 4.62034 16.2782 -36.4045 4.69821 16.1781 -36.4045 4.71097 16 -36.4045 4.73505 15.8117 -36.4045 
1
39
2.96155 14.4429 -35.5045 4.84712 14.4429 -35.5045 4.2038 15 -35.5045 4.16124 15.3329 -35.5045 4.19577 15.3859 -35.5045 4.05964 16 -35.5045 3.93561 17 -35.5045 3.85625 18 -35.5045 3.80119 19 -35.5045 3.66896 24 -35.5045 3.67922 33 -35.5045 3.85622 33.0893 -35.5045 3.85685 33.1806 -35.5045 4.45753 34 -35.5045 4.42073 34.0569 -35.5045 3.8698 34.8129 -35.5045 3.88507 36.1947 -35.5045 4.47833 37 -35.5045 4.4308 37.0767 -35.5045 3.91116 37.7922 -35.5045 3.91937 38.2119 -35.5045 4.50318 39 -35.5045 4.44312 39.1019 -35.5045 3.96354 39.766 -35.5045 3.98079 40.2426 -35.5045 4.54925 41 -35.5045 4.58402 41.8466 -35.5045 4.4715 41.7 -35.5045 3.99112 41.1699 -35.5045 3.98375 41.1584 -35.5045 3.76401 40.7382 -35.5045 3.71985 40.6475 -35.5045 3.65408 40.4787 -35.5045 3.48445 40.3589 -35.5045 3.50443 40 -35.5045 3.49613 17 -35.5045 3.49565 16.9933 -35.5045 3.45052 16 -35.5045 3.3694 15 -35.5045 
0
0
0
0
0
1
20
-0.68154 14.4429 -30.1045 -0.273676 15 -30.1045 -0.192552 16 -30.1045 -0.147142 17 -30.1045 -0.0936876 20.2547 -30.1045 0.142444 20.1336 -30.1045 1.22198 20.1207 -30.1045 1.18715 18.6172 -30.1045 1.14883 17.6554 -30.1045 1.11802 17.2134 -30.1045 1.09085 16.6936 -30.1045 1.05979 16.4339 -30.1045 0.999164 15.7319 -30.1045 0.888344 15.4453 -30.1045 0.887668 15.4435 -30.1045 0.86024 15.3726 -30.1045 0.56051 14.7701 -30.1045 0.445419 14.713 -30.1045 0.118626 14.5061 -30.1045 -0.44739 14.4429 -30.1045 
1
23
-1.2561 14.4429 -29.2045 -1.29921 14.4515 -29.2045 -0.695426 14.7533 -29.2045 -0.514827 15 -29.2045 -0.433707 16 -29.2045 -0.41628 16.3837 -29.2045 -0.311846 17 -29.2045 -0.387473 17.0277 -29.2045 -0.341311 18.922 -29.2045 -0.128175 19 -29.2045 -0.124082 20.1436 -29.2045 0.561106 20.1334 -29.2045 0.558945 19.579 -29.2045 0.541086 18.6172 -29.2045 0.508866 17.6554 -29.2045 0.461592 16.6936 -29.2045 0.379176 15.7319 -29.2045 0.0838909 14.939 -29.2045 0.0281812 14.7701 -29.2045 -0.1098 14.6612 -29.2045 -0.122531 14.6532 -29.2045 -0.145519 14.6506 -29.2045 -0.8266 14.4429 -29.2045 
