13
0
1
18
3.5653 40.885 -39.1045 3.59189 40.6974 -39.1045 3.73104 40.7666 -39.1045 4.24051 41 -39.1045 4.30633 41.0328 -39.1045 4.37179 41.6256 -39.1045 4.13382 41.7058 -39.1045 4.13134 41.7069 -39.1045 3.87595 41.8381 -39.1045 3.59972 42.2683 -39.1045 3.37982 42.6618 -39.1045 3.19882 43.4232 -39.1045 3.14903 43.5669 -39.1045 2.97728 43.4343 -39.1045 2.85284 43.253 -39.1045 2.99995 43 -39.1045 3.3359 42 -39.1045 3.54895 41 -39.1045 
2
7
2.27212 14.4429 -38.2045 3.38644 15 -38.2045 3.60801 16 -38.2045 3.64839 16.3258 -38.2045 3.67174 16 -38.2045 3.79966 15 -38.2045 4.44302 14.4429 -38.2045 
25
4.12542 42.0233 -38.2045 3.99791 43 -38.2045 3.97264 43.0997 -38.2045 3.78102 44 -38.2045 3.76008 44.206 -38.2045 3.73259 45 -38.2045 3.80709 45.1826 -38.2045 3.8104 45.3737 -38.2045 3.96442 44.9213 -38.2045 4.11244 44.5854 -38.2045 4.28754 43.7852 -38.2045 4.47125 43.6236 -38.2045 4.65345 42.7813 -38.2045 4.66439 42.694 -38.2045 4.67101 42.6618 -38.2045 4.86612 42.4956 -38.2045 5.22931 42.3324 -38.2045 5.2352 42.3229 -38.2045 5.02156 42.1336 -38.2045 4.75202 42 -38.2045 4.50075 41.8904 -38.2045 4.28847 41.7925 -38.2045 4.17215 41.7464 -38.2045 4.15037 41.7355 -38.2045 4.12881 42 -38.2045 
1
21
4.10799 41 -37.3045 4.38471 41.1742 -37.3045 4.61321 41.2985 -37.3045 5.02037 41.4924 -37.3045 5.32728 41.6472 -37.3045 5.28152 41 -37.3045 5.23672 40 -37.3045 5.20521 39 -37.3045 5.15234 38.9589 -37.3045 5.15008 39 -37.3045 5.02035 39.0475 -37.3045 5.00925 39.0497 -37.3045 4.93122 39.0772 -37.3045 4.98179 39.0065 -37.3045 4.98561 39 -37.3045 4.98179 38.9952 -37.3045 4.9234 38.916 -37.3045 4.91777 38.7699 -37.3045 4.292 38.2253 -37.3045 4.25704 39 -37.3045 4.19492 40 -37.3045 
0
0
1
5
4.07131 33.9713 -34.6045 4.13081 34 -34.6045 4.21147 37.7326 -34.6045 4.13919 37.5332 -34.6045 4.04258 37.4739 -34.6045 
0
0
0
1
15
-0.198662 14.4429 -31.0045 0.574763 14.8296 -31.0045 0.699528 15 -31.0045 0.78065 16 -31.0045 0.826072 17 -31.0045 0.827124 17.0362 -31.0045 0.828782 17 -31.0045 0.900437 16 -31.0045 1.02839 15 -31.0045 1.21653 14.8371 -31.0045 1.19986 14.7701 -31.0045 1.11142 14.6802 -31.0045 1.05649 14.6358 -31.0045 1.03639 14.6245 -31.0045 0.359785 14.4429 -31.0045 
0
0
