31
0
0
0
0
0
0
0
0
0
0
0
0
0
0
0
0
0
0
0
0
0
0
0
2
52
21.8287 20.0483 -30.1 21.6141 21 -30.1 21.5337 22 -30.1 21.547 23 -30.1 21.7065 24 -30.1 23 25.2939 -30.1 24 25.429 -30.1 25 25.4727 -30.1 26 25.3995 -30.1 26.3995 25 -30.1 27 24.4507 -30.1 27.451 23.9996 -30.1 28 23.2836 -30.1 28.2837 23 -30.1 28.3789 22.1 -30.1 28.3869 22 -30.1 28.2616 21.0283 -30.1 28.2826 21.1 -30.1 28.401 22 -30.1 28.3843 22.1 -30.1 28.2872 23 -30.1 28.2397 23.0981 -30.1 28 23.3377 -30.1 27.4949 23.9981 -30.1 27.4941 23.9996 -30.1 27.4938 24 -30.1 27.4252 24.1 -30.1 27.3845 24.1235 -30.1 27 24.5081 -30.1 26.462 25 -30.1 26.4602 25.0033 -30.1 26.4475 25.0269 -30.1 26.4458 25.0287 -30.1 26.1 25.3744 -30.1 26 25.4227 -30.1 25.9 25.4378 -30.1 25 25.5056 -30.1 24.9 25.4931 -30.1 24 25.4536 -30.1 23.9 25.418 -30.1 23 25.294 -30.1 22.935 25.2516 -30.1 22 24.3163 -30.1 21.9553 24.2509 -30.1 21.7045 24 -30.1 21.5579 23.1 -30.1 21.5202 23 -30.1 21.1483 22.1 -30.1 21.1458 22 -30.1 21.5785 21.1 -30.1 21.5967 21 -30.1 21.8035 20.1 -30.1 
14
26 18.6943 -30.1 26.3057 19 -30.1 27 19.65 -30.1 27.35 20 -30.1 27.9335 20.6682 -30.1 28 20.7421 -30.1 28.0294 20.7715 -30.1 28 20.7169 -30.1 27.9727 20.6816 -30.1 27.3775 20 -30.1 27.0727 19.6952 -30.1 26.9607 19.5952 -30.1 26.3241 19 -30.1 26.0607 18.7366 -30.1 
1
26
30 13.454 -29.2 29.8 13.4246 -29.2 29.0286 13.2919 -29.2 30 13.946 -29.2 30.0029 13.9481 -29.2 30.0778 14 -29.2 30.8029 14.2767 -29.2 31 14.4394 -29.2 31.0392 14.4767 -29.2 31.5706 15 -29.2 31.8392 15.6097 -29.2 32 15.7896 -29.2 32.0156 15.8097 -29.2 32.173 16 -29.2 32.3287 16.2 -29.2 32.9223 17 -29.2 33 17.0777 -29.2 33.1346 17.249 -29.2 33.6643 17.9772 -29.2 33.5523 17.2 -29.2 33.5221 17 -29.2 33 16.4102 -29.2 32.5899 16 -29.2 32 15.3533 -29.2 31 14.3641 -29.2 30.6359 14 -29.2 
3
10
19 11.5826 -28.3 18.2835 11.2835 -28.3 18.2588 12 -28.3 19 12.2817 -28.3 19.7365 13 -28.3 20 13.0944 -28.3 20.17 13.0374 -28.3 20.23 13 -28.3 20 12.4005 -28.3 19.6213 12 -28.3 
15
32 15.332 -28.3 32.622 16 -28.3 33 16.3779 -28.3 33.1576 16.5568 -28.3 33.5298 17 -28.3 33.6727 17.9731 -28.3 33.2346 17.3 -28.3 33.0076 17 -28.3 33 16.9886 -28.3 32.9816 16.9553 -28.3 32.7337 16.3 -28.3 32.511 16 -28.3 32.059 15.5179 -28.3 32 15.4465 -28.3 31.9098 15.2418 -28.3 
9
33.872 19.0197 -28.3 33.91 19.3 -28.3 33.9929 19.792 -28.3 34.0339 20 -28.3 34.1736 21 -28.3 34.3115 21.3 -28.3 34.5761 21.9682 -28.3 34.5082 20 -28.3 34 19.1478 -28.3 
0
3
16
36.5 27.3429 -26.5 36.0266 27.2144 -26.5 36.9366 28 -26.5 37 28.0634 -26.5 37.5 28.4597 -26.5 38 28.8702 -26.5 38.5 28.6446 -26.5 38.5799 28.6866 -26.5 38.582 28.6876 -26.5 39 28.7934 -26.5 39.4775 28.4056 -26.5 39 28.4342 -26.5 38.5 28.4062 -26.5 38 28.413 -26.5 37.5871 28 -26.5 37 27.4669 -26.5 
29
40 28.3521 -26.5 39.5834 28.3814 -26.5 40 28.2676 -26.5 40.5 28.1728 -26.5 41 28.1962 -26.5 41.5 28.2866 -26.5 42 28.3264 -26.5 42.5 28.6451 -26.5 42.9986 28.7163 -26.5 43 28.7166 -26.5 43.3219 28.978 -26.5 43.3615 29 -26.5 43.8219 29.3912 -26.5 44 29.5693 -26.5 44.2847 29.8912 -26.5 44.3585 30 -26.5 44.3528 30.454 -26.5 44.1898 30 -26.5 44.1044 29.8743 -26.5 44 29.7406 -26.5 43.5 29.3929 -26.5 43.2313 29.1731 -26.5 43.0276 29 -26.5 42.9993 28.9844 -26.5 42.5 28.7294 -26.5 42 28.415 -26.5 41.5 28.3167 -26.5 41 28.2357 -26.5 40.5 28.2713 -26.5 
26
44.699 32.0237 -26.5 45 32.73 -26.5 45.0994 32.8614 -26.5 45.1954 33 -26.5 45.4405 33.5 -26.5 45.712 34 -26.5 45.68 34.5 -26.5 45.7 35 -26.5 45.5083 35.5 -26.5 45.284 36 -26.5 45.1633 36.3149 -26.5 45 36.7748 -26.5 44.9874 36.8149 -26.5 44.918 36.9957 -26.5 44.9778 36.9359 -26.5 45 36.8655 -26.5 45.1525 36.4359 -26.5 45.447 36 -26.5 45.6744 35.5 -26.5 45.7489 35 -26.5 45.7293 34.5 -26.5 45.7482 34 -26.5 45.6713 33.5 -26.5 45.5808 33 -26.5 45.2973 32.6623 -26.5 45 32.3247 -26.5 
3
22
17.8518 5.65425 -25.6 18 5.67699 -25.6 18.4173 5.99098 -25.6 18.4351 6 -25.6 18.8174 6.12359 -25.6 19 6.30625 -25.6 19.8096 7 -25.6 20 7.19043 -25.6 20.8761 8 -25.6 20.9542 8.07814 -25.6 20.8954 8.04185 -25.6 20.8536 8 -25.6 20.4954 7.66942 -25.6 20 7.23166 -25.6 19.7838 7.06943 -25.6 19.7143 7 -25.6 19.3838 6.71807 -25.6 19 6.431 -25.6 18.4762 6.11806 -25.6 18.3581 6 -25.6 18.0762 5.78538 -25.6 18 5.74708 -25.6 
17
22 9.23164 -25.6 22.6648 10 -25.6 22.7112 10.6 -25.6 22.7608 11 -25.6 23.7789 12 -25.6 23.8596 12.1015 -25.6 23.9359 12.2015 -25.6 23.4 12.1672 -25.6 23 12.1192 -25.6 22.8808 12 -25.6 22.8268 11.6 -25.6 22.7253 11 -25.6 22.6747 10.6 -25.6 22.5135 10 -25.6 22.2445 9.68955 -25.6 22 9.36238 -25.6 21.8866 9.11825 -25.6 
14
37 27.4509 -25.6 36.3999 27.2879 -25.6 36.0752 27.2212 -25.6 36.3999 27.4921 -25.6 36.9797 27.9906 -25.6 36.9867 28 -25.6 37 28.0133 -25.6 37.4 28.1677 -25.6 38 28.6433 -25.6 38.4 28.6707 -25.6 38.9731 28.412 -25.6 38.4 28.4199 -25.6 38 28.393 -25.6 37.6071 28 -25.6 
2
30
11.1962 29 -24.7 11.201 29.0081 -24.7 11.3822 29.3 -24.7 11.78 30 -24.7 12 30.3514 -24.7 12.3641 30.8916 -24.7 12.4104 31 -24.7 12.6641 31.2998 -24.7 13.178 31.9998 -24.7 13.1782 32 -24.7 13.4406 32.3 -24.7 14 32.9906 -24.7 14.0079 33 -24.7 14.6472 33.7156 -24.7 14 33.4401 -24.7 13.614 33.0332 -24.7 13.3201 32.7 -24.7 13.1315 32 -24.7 13 31.8685 -24.7 12.2603 31 -24.7 12.209 30.88 -24.7 12 30.671 -24.7 11.5956 30.18 -24.7 11.484 30 -24.7 11.2956 29.8972 -24.7 11 29.6015 -24.7 10.6169 29.9847 -24.7 10.7642 29.3 -24.7 10.8664 29 -24.7 11 28.5482 -24.7 
30
15.2837 34.765 -24.7 15.0201 34.1258 -24.7 15.681 34.7737 -24.7 15.9368 35 -24.7 15.9809 35.0338 -24.7 15.9996 35.0492 -24.7 16 35.0495 -24.7 16.3 35.2893 -24.7 17 35.7665 -24.7 17.2922 35.9736 -24.7 17.3186 36 -24.7 17.5922 36.2342 -24.7 18.4959 36.9343 -24.7 18.5616 37 -24.7 18.7959 37.2048 -24.7 19 37.3649 -24.7 19.3 37.4447 -24.7 19.9403 37.9215 -24.7 19.3 37.7078 -24.7 19 37.5474 -24.7 18.5159 37.113 -24.7 18.2159 36.8841 -24.7 18 36.6683 -24.7 17.4463 36.1841 -24.7 17.1464 35.9552 -24.7 17 35.8088 -24.7 16.3 35.6383 -24.7 16 35.4093 -24.7 15.5837 35.0263 -24.7 15.5494 35 -24.7 
1
23
13.8989 5.16101 -23.8 14 5.0013 -23.8 14.0013 5 -23.8 14.7746 4.50735 -23.8 14.2 4.53325 -23.8 14.0423 4.63202 -23.8 14 4.65673 -23.8 13.6253 5 -23.8 13.2537 5.37165 -23.8 13.2 5.44075 -23.8 13 5.49934 -23.8 12.906 5.59841 -23.8 12.5377 6 -23.8 12.4354 6.8 -23.8 12.4028 7 -23.8 12.0955 7.30732 -23.8 12.6935 7 -23.8 12.7268 6.8 -23.8 12.9041 6.49941 -23.8 13 6.10339 -23.8 13.0397 6 -23.8 13.1918 5.89895 -23.8 13.8 5.25996 -23.8 
