31
1
4
10.0343 50.8 -50.8 50.8 50.8 -50.8 50.8 1.37439e-006 -50.8 10.041 4.39906e-015 -50.8 
1
4
10.0425 4.32112e-015 -49.9 10.0351 50.8 -49.9 50.8 50.8 -49.9 50.8 4.32112e-015 -49.9 
1
4
10.044 4.24318e-015 -49 10.036 50.8 -49 50.8 50.8 -49 50.8 4.24319e-015 -49 
1
4
10.0457 4.16525e-015 -48.1 10.0369 50.8 -48.1 50.8 50.8 -48.1 50.8 4.16525e-015 -48.1 
1
4
10.0475 4.08731e-015 -47.2 10.0379 50.8 -47.2 50.8 50.8 -47.2 50.8 4.08731e-015 -47.2 
1
4
10.0495 4.00938e-015 -46.3 10.0389 50.8 -46.3 50.8 50.8 -46.3 50.8 4.00938e-015 -46.3 
1
4
10.0517 3.93144e-015 -45.4 10.0399 50.8 -45.4 50.8 50.8 -45.4 50.8 3.93144e-015 -45.4 
2
4
10.041 50.8 -44.5 50.8 50.8 -44.5 50.8 3.85351e-015 -44.5 10.054 3.85351e-015 -44.5 
8
23 18.585 -44.5 26 18.5848 -44.5 28.4151 21 -44.5 28.4152 23 -44.5 26 25.4164 -44.5 23 25.4156 -44.5 21.5844 24 -44.5 21.5846 20 -44.5 
2
4
10.0564 3.77556e-015 -43.6 10.042 50.8 -43.6 50.8 50.8 -43.6 50.8 3.77557e-015 -43.6 
8
23 18.0881 -43.6 26 18.0879 -43.6 28.912 21 -43.6 28.9122 23 -43.6 26 25.9134 -43.6 23 25.9125 -43.6 21.0874 24 -43.6 21.0877 20 -43.6 
2
4
50.8 3.69763e-015 -42.7 50.8 50.8 -42.7 10.0431 50.8 -42.7 10.0592 3.69764e-015 -42.7 
8
21.0951 20 -42.7 21.0947 24 -42.7 23 25.9052 -42.7 26 25.9063 -42.7 28.9048 23 -42.7 28.9045 21 -42.7 26 18.0953 -42.7 23 18.0956 -42.7 
2
4
50.8 3.6197e-015 -41.8 50.8 50.8 -41.8 10.0442 50.8 -41.8 10.0621 3.6197e-015 -41.8 
8
21.1039 20 -41.8 21.1033 24 -41.8 23 25.8966 -41.8 26 25.8979 -41.8 28.8962 23 -41.8 28.8957 21 -41.8 26 18.1041 -41.8 23 18.1044 -41.8 
2
4
10.0654 3.54176e-015 -40.9 50.8 3.54176e-015 -40.9 50.8 50.8 -40.9 10.0454 50.8 -40.9 
8
23 18.115 -40.9 21.1143 20 -40.9 21.1135 24 -40.9 23 25.8863 -40.9 26 25.888 -40.9 28.8858 23 -40.9 28.8853 21 -40.9 26 18.1145 -40.9 
2
4
50.8 3.46382e-015 -40 50.8 50.8 -40 10.0465 50.8 -40 10.0689 3.46382e-015 -40 
8
23 18.1278 -40 26 18.1271 -40 28.8728 21 -40 28.8733 23 -40 26 25.876 -40 23 25.8739 -40 21.1257 24 -40 21.127 20 -40 
2
4
10.0729 3.38589e-015 -39.1 10.0478 50.8 -39.1 50.8 50.8 -39.1 50.8 3.38589e-015 -39.1 
8
23 18.1442 -39.1 26 18.1431 -39.1 28.8568 21 -39.1 28.8574 23 -39.1 26 25.8608 -39.1 23 25.8582 -39.1 21.141 24 -39.1 21.1433 20 -39.1 
2
4
50.8 3.30795e-015 -38.2 50.8 50.8 -38.2 10.0489 50.8 -38.2 10.0772 3.30795e-015 -38.2 
8
21.1641 20 -38.2 21.1602 24 -38.2 23 25.8384 -38.2 26 25.8416 -38.2 28.837 23 -38.2 28.8364 21 -38.2 26 18.1637 -38.2 23 18.1653 -38.2 
2
4
50.8 3.23002e-015 -37.3 50.8 50.8 -37.3 10.0502 50.8 -37.3 10.0819 3.23002e-015 -37.3 
9
21.1916 20 -37.3 21.1848 24 -37.3 23 25.8128 -37.3 26 25.8165 -37.3 28 23.8106 -37.3 28.8106 23 -37.3 28.8099 21 -37.3 26 18.1907 -37.3 23 18.1933 -37.3 
2
107
10.4877 3.15208e-015 -36.4 10.498 3 -36.4 10.4981 3.00108 -36.4 10.5035 8 -36.4 11 8.4965 -36.4 12 7.49321 -36.4 12.4932 7 -36.4 12.4942 6 -36.4 14 4.49193 -36.4 15 4.48968 -36.4 15.4519 4.93953 -36.4 15.5148 5 -36.4 16 5.48521 -36.4 18 5.48581 -36.4 20.4605 7.9376 -36.4 20.5314 8 -36.4 21.4719 8.93063 -36.4 21.5524 9 -36.4 22.4876 9.92191 -36.4 22.5796 10 -36.4 22.6033 11 -36.4 23 11.3967 -36.4 24 11.3919 -36.4 24.5204 11.9002 -36.4 24.6313 12 -36.4 25 12.3687 -36.4 28 12.3782 -36.4 28.5243 12.8945 -36.4 28.6371 13 -36.4 29 13.3629 -36.4 30 13.3773 -36.4 33.5092 16.8897 -36.4 33.6144 17 -36.4 33.6294 19 -36.4 34.5092 19.8874 -36.4 34.6145 20 -36.4 34.5944 26 -36.4 36 27.4107 -36.4 37 27.4235 -36.4 38 28.4253 -36.4 39 28.4357 -36.4 39.9126 27.5321 -36.4 40 27.4548 -36.4 41 28.4566 -36.4 43 28.4718 -36.4 44.5302 30 -36.4 44.5462 32 -36.4 45.4658 32.9219 -36.4 45.5413 33 -36.4 45.5359 36 -36.4 45.0726 36.466 -36.4 45 36.5416 -36.4 44.5416 37 -36.4 44.5339 39 -36.4 44.0717 39.4648 -36.4 44 39.5395 -36.4 43.5395 40 -36.4 43.5353 41 -36.4 41.0736 43.4597 -36.4 41 43.5298 -36.4 40 43.5351 -36.4 39.5351 44 -36.4 39.528 45 -36.4 39 45.5254 -36.4 36 45.525 -36.4 35.5403 45.0675 -36.4 35.4702 45 -36.4 35 44.5298 -36.4 34 44.5253 -36.4 33.4751 44 -36.4 33.4709 43 -36.4 32.5441 42.0702 -36.4 32.4774 42 -36.4 32.934 41.5385 -36.4 33 41.4668 -36.4 33.4668 41 -36.4 32.5411 40.0721 -36.4 32.4716 40 -36.4 32.4694 39 -36.4 32 38.5306 -36.4 31.0713 39.4539 -36.4 31 39.5188 -36.4 23 39.5051 -36.4 22 38.5064 -36.4 21 38.5047 -36.4 20 37.5051 -36.4 19 37.5035 -36.4 18.4934 37 -36.4 17.5501 36.0586 -36.4 17.489 36 -36.4 17 35.511 -36.4 16 35.5061 -36.4 13.491 33 -36.4 13.4836 32 -36.4 11 29.5114 -36.4 10.5114 30 -36.4 10.5008 32 -36.4 10.5007 32.0011 -36.4 10.4509 50.8 -36.4 10.0514 50.8 -36.4 10.1007 32.0012 -36.4 10.1008 32 -36.4 10.1019 8.00062 -36.4 10.1018 8 -36.4 10.0967 3.00117 -36.4 10.0967 3 -36.4 10.087 3.15208e-015 -36.4 
10
23 18.2317 -36.4 21.2292 20 -36.4 21.2167 24 -36.4 23 25.7792 -36.4 26 25.7828 -36.4 27.7859 24 -36.4 28 23.7752 -36.4 28.7752 23 -36.4 28.7748 21 -36.4 26 18.2271 -36.4 
2
96
12.8884 6 -35.5 12.8874 7 -35.5 12 7.88734 -35.5 11.891 8 -35.5 11 8.891 -35.5 10.1112 8.00218 -35.5 10.1164 29.9977 -35.5 11 29.1141 -35.5 11.8858 30 -35.5 13.8799 32 -35.5 13.8882 33 -35.5 16 35.1085 -35.5 17 35.1137 -35.5 17.9445 36.0574 -35.5 18 36.1107 -35.5 18.9467 37.0574 -35.5 19 37.1092 -35.5 20 37.1111 -35.5 21 38.1105 -35.5 22 38.1124 -35.5 23 39.1107 -35.5 31 39.1246 -35.5 31.1378 39 -35.5 32 38.1379 -35.5 32.8621 39 -35.5 32.8647 40 -35.5 33 40.1415 -35.5 33.8585 41 -35.5 33 41.8585 -35.5 32.8708 42 -35.5 33 42.1367 -35.5 33.8633 43 -35.5 33.8683 44 -35.5 34 44.1321 -35.5 35 44.1376 -35.5 35.8624 45 -35.5 36 45.1321 -35.5 39 45.1326 -35.5 39.1357 45 -35.5 39.1441 44 -35.5 40 43.1441 -35.5 41 43.1377 -35.5 41.1442 43 -35.5 43.1437 41 -35.5 43.1485 40 -35.5 44 39.1485 -35.5 44.1422 39 -35.5 44.1512 37 -35.5 45 36.1512 -35.5 45.1446 36 -35.5 45.1505 33 -35.5 45 32.8434 -35.5 44.1566 32 -35.5 44.1375 30 -35.5 43 28.865 -35.5 41 28.8475 -35.5 40 27.8462 -35.5 39.9044 27.9274 -35.5 39.8223 28 -35.5 39 28.8223 -35.5 38 28.8094 -35.5 37 27.8086 -35.5 36 27.7927 -35.5 35.2073 27 -35.5 34.2143 26 -35.5 34.2396 20 -35.5 34.1073 19.8542 -35.5 34 19.7395 -35.5 33.2604 19 -35.5 33.2381 17 -35.5 33 16.7502 -35.5 30 13.7563 -35.5 29.5 13.7491 -35.5 29 13.7338 -35.5 28.2662 13 -35.5 28.1186 12.8661 -35.5 28 12.7552 -35.5 25 12.7426 -35.5 24.2574 12 -35.5 24.1157 11.8768 -35.5 24 11.7727 -35.5 23 11.7792 -35.5 22.2208 11 -35.5 22.1905 10 -35.5 22.0898 9.91734 -35.5 22 9.84114 -35.5 21.1588 9 -35.5 21 8.86432 -35.5 20.1357 8 -35.5 20.0657 7.93472 -35.5 20 7.87689 -35.5 18 5.87867 -35.5 16 5.87792 -35.5 15.1221 5 -35.5 15 4.88324 -35.5 14 4.88575 -35.5 
16
23 18.2857 -35.5 21.2816 20 -35.5 21.2738 20.5 -35.5 21.2579 21 -35.5 21.2593 24 -35.5 22.2662 25 -35.5 23 25.7338 -35.5 25 25.7486 -35.5 26 25.7364 -35.5 27 24.7453 -35.5 27.7453 24 -35.5 28 23.7276 -35.5 28.7276 23 -35.5 28.7285 21 -35.5 26.7234 19 -35.5 26 18.2766 -35.5 
2
105
14 4.87332 -34.6 15 4.87037 -34.6 15.1369 5 -34.6 16 5.86312 -34.6 18 5.86424 -34.6 20 7.86174 -34.6 20.084 7.94008 -34.6 21 8.85645 -34.6 21.1706 9 -34.6 22 9.82936 -34.6 22.2096 10 -34.6 22.2318 10.6 -34.6 22.2528 11 -34.6 23 11.7472 -34.6 24 11.7376 -34.6 24.1701 11.8855 -34.6 24.3131 12 -34.6 25 12.6869 -34.6 28 12.7107 -34.6 28.1771 12.8714 -34.6 28.3256 13 -34.6 29 13.6744 -34.6 29.4 13.6944 -34.6 30 13.7128 -34.6 30.2956 14 -34.6 31.1657 14.8674 -34.6 31.3052 15 -34.6 33 16.6964 -34.6 33.2901 17 -34.6 33.3012 17.6 -34.6 33.3152 18 -34.6 33.3219 18.6 -34.6 33.3343 19 -34.6 34 19.6657 -34.6 34.1588 19.8406 -34.6 34.2924 20 -34.6 34.2995 22.6 -34.6 34.2583 26 -34.6 35 26.7417 -34.6 35.1352 26.8822 -34.6 35.2449 27 -34.6 36 27.755 -34.6 37 27.7775 -34.6 38 28.7764 -34.6 39 28.7955 -34.6 39.7955 28 -34.6 39.9102 27.9026 -34.6 40 27.83 -34.6 41 28.8296 -34.6 43 28.8517 -34.6 44.1514 30 -34.6 44.1771 32 -34.6 45 32.8229 -34.6 45.1686 33 -34.6 45.1624 36 -34.6 45 36.1708 -34.6 44.1708 37 -34.6 44.1588 39 -34.6 44 39.1669 -34.6 43.1669 40 -34.6 43.1608 41 -34.6 43 41.1654 -34.6 42 42.16 -34.6 41.16 43 -34.6 41 43.1533 -34.6 40 43.162 -34.6 39.162 44 -34.6 39.1508 45 -34.6 39 45.1465 -34.6 36 45.1459 -34.6 35.8474 45 -34.6 35 44.1526 -34.6 34 44.145 -34.6 33.8554 44 -34.6 33.8485 43 -34.6 33 42.1515 -34.6 32.8579 42 -34.6 33 41.8415 -34.6 33.8415 41 -34.6 33 40.1585 -34.6 32.851 40 -34.6 32.8477 39 -34.6 32 38.1523 -34.6 31.1523 39 -34.6 31 39.1364 -34.6 23 39.1219 -34.6 22 38.1245 -34.6 21 38.1222 -34.6 20 37.1231 -34.6 19 37.1205 -34.6 17 35.1209 -34.6 16 35.1159 -34.6 15.9317 35.0494 -34.6 13.8833 33 -34.6 13.8736 32 -34.6 12 30.1238 -34.6 11.881 30 -34.6 11 29.119 -34.6 10.1214 29.9976 -34.6 10.1224 8.0024 -34.6 11 8.88005 -34.6 11.8801 8 -34.6 12 7.87563 -34.6 12.8757 7 -34.6 12.8768 6 -34.6 
25
22 19.353 -34.6 21.353 20 -34.6 21.334 20.6 -34.6 21.3116 21 -34.6 21.3155 24 -34.6 22 24.6845 -34.6 22.3258 25 -34.6 23 25.6742 -34.6 25 25.6932 -34.6 26 25.6744 -34.6 26.6744 25 -34.6 27 24.6907 -34.6 27.6907 24 -34.6 27.8589 23.8184 -34.6 28 23.6589 -34.6 28.6589 23 -34.6 28.6711 22.6 -34.6 28.6717 21 -34.6 27 19.3243 -34.6 26.815 19.1474 -34.6 26.6563 19 -34.6 26 18.3437 -34.6 24 18.3307 -34.6 23.4 18.345 -34.6 23 18.3628 -34.6 
2
116
14 4.858 -33.7 13 5.85845 -33.7 12.8627 6 -33.7 12.8613 7 -33.7 12 7.86127 -33.7 11.8668 8 -33.7 11 8.86681 -33.7 10.1358 8.00266 -33.7 10.1273 29.9975 -33.7 11 29.1248 -33.7 12 30.1297 -33.7 13.8674 32 -33.7 13.8759 33 -33.7 16 35.1283 -33.7 17 35.1331 -33.7 19 37.1343 -33.7 20 37.1381 -33.7 21 38.1364 -33.7 22 38.1394 -33.7 22.8606 39 -33.7 23 39.1353 -33.7 31 39.1505 -33.7 31.1702 39 -33.7 32 38.1702 -33.7 32.8298 39 -33.7 32.8339 40 -33.7 33 40.1794 -33.7 33.8206 41 -33.7 33 41.8206 -33.7 32.8422 42 -33.7 33 42.1688 -33.7 33.8312 43 -33.7 33.8403 44 -33.7 34 44.1614 -33.7 35 44.1696 -33.7 35.8304 45 -33.7 36 45.1615 -33.7 39 45.1624 -33.7 39.169 45 -33.7 39.184 44 -33.7 40 43.184 -33.7 41 43.1723 -33.7 41.1793 43 -33.7 42 42.1793 -33.7 42.188 42 -33.7 43 41.188 -33.7 43.1824 41 -33.7 43.1903 40 -33.7 44 39.1903 -33.7 44.1798 39 -33.7 44.1959 37 -33.7 45 36.1959 -33.7 45.1848 36 -33.7 45.1907 33 -33.7 45 32.7983 -33.7 44.2017 32 -33.7 44.1678 30 -33.7 43 28.8361 -33.7 41 28.8092 -33.7 40 27.8123 -33.7 39.9207 27.8729 -33.7 39.7635 28 -33.7 39 28.7635 -33.7 38.3 28.7462 -33.7 38 28.7335 -33.7 37 27.7368 -33.7 36.3 27.7174 -33.7 36 27.7025 -33.7 35.2974 27 -33.7 35 26.6809 -33.7 34.3191 26 -33.7 34.314 25.7 -33.7 34.3133 25 -33.7 34.3244 24 -33.7 34.3752 22 -33.7 34.3736 21 -33.7 34.3643 20.7 -33.7 34.3541 20 -33.7 34.2338 19.8281 -33.7 34 19.549 -33.7 33.451 19 -33.7 33.4239 18.7 -33.7 33.4021 18 -33.7 33.3804 17.7 -33.7 33.3559 17 -33.7 33.2327 16.863 -33.7 33 16.6204 -33.7 32.3796 16 -33.7 31.3858 15 -33.7 31 14.6362 -33.7 30.3638 14 -33.7 30.2321 13.8782 -33.7 30 13.6535 -33.7 29.3 13.6185 -33.7 29 13.5985 -33.7 28.4015 13 -33.7 28.2598 12.8837 -33.7 28 12.6586 -33.7 27.3 12.656 -33.7 26.3 12.6413 -33.7 25 12.613 -33.7 24.387 12 -33.7 24.2503 11.901 -33.7 24 11.7006 -33.7 23 11.7138 -33.7 22.2862 11 -33.7 22.2294 10 -33.7 22.1554 9.94247 -33.7 22 9.81744 -33.7 21.1826 9 -33.7 21.125 8.94791 -33.7 21 8.84368 -33.7 18 5.84616 -33.7 16 5.84444 -33.7 15.1555 5 -33.7 15 4.85449 -33.7 
36
22 19.4667 -33.7 21.4667 20 -33.7 21.4275 20.7 -33.7 21.3852 21 -33.7 21.3787 21.7 -33.7 21.3673 22 -33.7 21.3675 23 -33.7 21.3785 23.7 -33.7 21.3972 24 -33.7 22 24.6028 -33.7 22.2603 24.8544 -33.7 22.4181 25 -33.7 23 25.5819 -33.7 23.3 25.6012 -33.7 24.3 25.6218 -33.7 25 25.6244 -33.7 25.3 25.6109 -33.7 26 25.594 -33.7 26.594 25 -33.7 27 24.6168 -33.7 27.6168 24 -33.7 27.8636 23.7208 -33.7 28 23.5585 -33.7 28.5585 23 -33.7 28.5764 22.7 -33.7 28.5979 22 -33.7 28.5967 21 -33.7 27.6018 20 -33.7 27 19.3982 -33.7 26.5697 19 -33.7 26 18.4303 -33.7 24.3 18.4189 -33.7 24 18.4276 -33.7 23.3 18.4588 -33.7 23 18.4884 -33.7 22.4884 19 -33.7 
4
127
14 4.83869 -32.8 13 5.83873 -32.8 12.8451 6 -32.8 12.8433 7 -32.8 12 7.84324 -32.8 11.8507 8 -32.8 11 8.85067 -32.8 10.1523 8.003 -32.8 10.1375 29.9973 -32.8 11 29.1347 -32.8 11.8653 30 -32.8 13.8581 32 -32.8 13.8618 33 -32.8 16 35.1437 -32.8 17 35.1498 -32.8 19 37.1515 -32.8 20 37.1569 -32.8 21 38.1539 -32.8 22 38.1578 -32.8 22.8422 39 -32.8 23 39.1514 -32.8 31 39.1676 -32.8 31.1922 39 -32.8 32 38.1922 -32.8 32.8078 39 -32.8 32.8123 40 -32.8 33 40.2053 -32.8 33.7947 41 -32.8 33 41.7947 -32.8 32.8227 42 -32.8 33 42.1899 -32.8 33.8101 43 -32.8 33.82 44 -32.8 34 44.1854 -32.8 35 44.1911 -32.8 35.8089 45 -32.8 36 45.1811 -32.8 39 45.1806 -32.8 39.0434 45.1408 -32.8 39.1918 45 -32.8 39.2118 44 -32.8 40 43.2118 -32.8 41 43.1961 -32.8 41.2032 43 -32.8 42 42.2032 -32.8 42.0501 42.1575 -32.8 42.2174 42 -32.8 43 41.2174 -32.8 43.2101 41 -32.8 43.2211 40 -32.8 44 39.2211 -32.8 44.0466 39.1698 -32.8 44.2059 39 -32.8 44.2287 37 -32.8 45 36.2287 -32.8 45.0481 36.1754 -32.8 45.2124 36 -32.8 45.2277 34 -32.8 45.2188 33 -32.8 45 32.768 -32.8 44.232 32 -32.8 44.1875 30 -32.8 44.1459 29.9567 -32.8 43.1891 29 -32.8 43 28.8164 -32.8 42 28.8074 -32.8 41 28.787 -32.8 40.213 28 -32.8 40 27.7931 -32.8 39.938 27.8384 -32.8 39.7265 28 -32.8 39 28.7265 -32.8 38.2 28.6928 -32.8 38 28.6807 -32.8 37 27.6862 -32.8 36.2 27.6466 -32.8 36 27.628 -32.8 35.2809 26.9098 -32.8 35 26.6085 -32.8 34.3915 26 -32.8 34.3757 25 -32.8 34.3841 24.8 -32.8 34.4248 23 -32.8 34.4206 22.8 -32.8 34.4477 22 -32.8 34.4429 21.8 -32.8 34.4374 21 -32.8 34.4075 20 -32.8 34.3209 19.863 -32.8 34 19.4045 -32.8 33.5955 19 -32.8 33.5066 18 -32.8 33.4783 17.8 -32.8 33.4204 17 -32.8 33 16.5331 -32.8 32.4669 16 -32.8 32.3653 15.8836 -32.8 32 15.5061 -32.8 31.3775 14.8866 -32.8 31 14.5353 -32.8 30.4647 14 -32.8 30.3513 13.9013 -32.8 30 13.5766 -32.8 29.2 13.5233 -32.8 29 13.4999 -32.8 28.5001 13 -32.8 28.378 12.9068 -32.8 28 12.5966 -32.8 27.2 12.5772 -32.8 27 12.5624 -32.8 25 12.5204 -32.8 24.4796 12 -32.8 24.3644 11.9241 -32.8 24 11.6602 -32.8 23 11.6789 -32.8 22.3211 11 -32.8 22.3035 10.8 -32.8 22.2502 10 -32.8 22 9.8061 -32.8 21.1939 9 -32.8 21.1534 8.95822 -32.8 21 8.81932 -32.8 18.1809 6 -32.8 18 5.82306 -32.8 16 5.82025 -32.8 15.1797 5 -32.8 15 4.83453 -32.8 
124
21.9567 14 -32.8 21 14.4587 -32.8 20.8606 14.5927 -32.8 20.8 14.6389 -32.8 20.2372 14.8462 -32.8 20 14.9153 -32.8 19.9062 15 -32.8 19.8297 15.1211 -32.8 19.8 15.1489 -32.8 19 15.7147 -32.8 18.816 15.8869 -32.8 18.7242 16 -32.8 18.2428 16.8 -32.8 18.0388 17 -32.8 18 17.0448 -32.8 17.8 17.3222 -32.8 17.2258 18 -32.8 17 18.496 -32.8 16.933 18.7578 -32.8 16.9185 18.8 -32.8 16.8574 19 -32.8 16.745 19.8 -32.8 16.6825 20 -32.8 16.6853 20.8 -32.8 16.6216 21 -32.8 16.5824 21.3106 -32.8 16.5718 22 -32.8 16.577 22.3043 -32.8 16.5371 23 -32.8 16.6132 23.2058 -32.8 16.7442 24 -32.8 16.808 24.2 -32.8 16.9685 25 -32.8 17 25.0837 -32.8 17.2248 25.3292 -32.8 17.5315 26 -32.8 17.7028 26.2 -32.8 17.883 26.4368 -32.8 18 26.5744 -32.8 18.32 27 -32.8 19 27.8752 -32.8 19.124 28 -32.8 19.3791 28.2 -32.8 19.8043 28.6519 -32.8 20 28.83 -32.8 20.2471 29 -32.8 20.7182 29.2 -32.8 20.7867 29.2646 -32.8 21 29.4224 -32.8 21.8903 30 -32.8 21.9211 30.0102 -32.8 22 30.049 -32.8 22.8121 30.1167 -32.8 23 30.1555 -32.8 23.1998 30.1655 -32.8 25.8 30.3484 -32.8 26 30.3688 -32.8 26.8163 30.1837 -32.8 27 30.1542 -32.8 27.6581 30 -32.8 27.7082 29.976 -32.8 28 29.8691 -32.8 28.3255 29.6974 -32.8 29 29.4953 -32.8 29.9371 29.0629 -32.8 30 29.0621 -32.8 30.089 29.089 -32.8 31 28.4604 -32.8 31.2996 28.2996 -32.8 31.3381 28 -32.8 31.2513 27.7487 -32.8 31.4453 27.2457 -32.8 31.5509 27 -32.8 32 26.2667 -32.8 32.1417 26.1417 -32.8 32.1218 26 -32.8 32.5914 25 -32.8 33 24.05 -32.8 33.01 24.0195 -32.8 33.013 24 -32.8 33.2249 23 -32.8 33.2337 22.8 -32.8 33.3 22 -32.8 33.2776 21.8 -32.8 33.1627 21 -32.8 33.0701 20.0848 -32.8 33 19.5076 -32.8 32.924 19.2764 -32.8 32.8504 19 -32.8 32.6217 18.6992 -32.8 32.4074 18 -32.8 32.322 17.9325 -32.8 32.2288 17.8 -32.8 32.1068 17.5762 -32.8 32 17.2232 -32.8 31.8848 17 -32.8 31.7025 16.8461 -32.8 31.6661 16.8 -32.8 31.1636 16.2935 -32.8 31 16.046 -32.8 30.9495 16 -32.8 30.3068 15.5137 -32.8 30 15.2648 -32.8 29.5612 14.8541 -32.8 29.4768 14.8 -32.8 29.1156 14.507 -32.8 29 14.4423 -32.8 28.3484 14 -32.8 28.2531 13.9511 -32.8 28.2 13.9228 -32.8 28 13.8375 -32.8 27.2 13.744 -32.8 27 13.6775 -32.8 26.7573 13.6419 -32.8 26 13.6333 -32.8 25.7114 13.5949 -32.8 25 13.4189 -32.8 24.6144 13.3618 -32.8 24 13.3177 -32.8 23.7988 13.413 -32.8 23 13.6239 -32.8 22.9977 13.6249 -32.8 22.8 13.6791 -32.8 22.4254 13.8542 -32.8 
35
21.63 20 -32.8 21.5173 20.8 -32.8 21.4813 21 -32.8 21.4423 22 -32.8 21.4454 23 -32.8 21.4953 23.8 -32.8 21.5257 24 -32.8 22 24.4743 -32.8 22.4211 24.8625 -32.8 23 25.4381 -32.8 23.2 25.465 -32.8 24.2 25.5278 -32.8 25 25.5486 -32.8 25.2 25.5362 -32.8 26 25.5002 -32.8 26.5002 25 -32.8 27 24.5302 -32.8 27.5302 24 -32.8 27.8938 23.5674 -32.8 28 23.4348 -32.8 28.4348 23 -32.8 28.4942 22 -32.8 28.4747 21.8 -32.8 28.4746 21 -32.8 27.493 20 -32.8 27 19.507 -32.8 26.4513 19 -32.8 26 18.5487 -32.8 25.2 18.5473 -32.8 25 18.529 -32.8 24 18.5555 -32.8 23.2 18.6345 -32.8 23 18.6671 -32.8 22.6671 19 -32.8 22 19.6299 -32.8 
58
22 18.7952 -32.8 21.7792 19 -32.8 21.4989 19.3428 -32.8 21 19.9914 -32.8 20.9903 20 -32.8 20.979 20.0272 -32.8 20.4078 21 -32.8 20.3559 21.7686 -32.8 20.669 22 -32.8 20.634 22.395 -32.8 20.2738 23 -32.8 20.3915 23.7838 -32.8 20.518 24 -32.8 20.8422 24.6209 -32.8 21.089 25 -32.8 22 25.6647 -32.8 22.1067 25.7296 -32.8 22.612 26 -32.8 23 26.2351 -32.8 23.4544 26.3456 -32.8 24 26.5332 -32.8 25 26.7645 -32.8 25.035 26.7682 -32.8 25.8116 26.8116 -32.8 26 26.7311 -32.8 26.7983 26 -32.8 26.7455 25.7455 -32.8 27 25.661 -32.8 27.9415 25 -32.8 27.9634 24.9634 -32.8 28 24.9182 -32.8 28.409 24 -32.8 28.4181 23.9543 -32.8 28.9283 23.0717 -32.8 28.9572 23 -32.8 28.9654 22.9654 -32.8 29 22.9674 -32.8 29.3452 22 -32.8 29.2835 21.3781 -32.8 29.2637 21 -32.8 29.0431 20.4216 -32.8 29 20.3476 -32.8 28.8381 20 -32.8 28 19.2578 -32.8 27.9511 19.209 -32.8 27.7086 19 -32.8 27 18.2809 -32.8 26.8405 18.2448 -32.8 26.0147 18.0147 -32.8 26 18.0317 -32.8 25.9351 18 -32.8 25 17.8503 -32.8 24.6015 17.8456 -32.8 24 17.8012 -32.8 23.5151 18 -32.8 23.4871 18.0125 -32.8 23 18.5778 -32.8 22.5672 18.8231 -32.8 
4
130
14 4.81381 -31.9 13 5.81301 -31.9 12.8229 6 -31.9 12.8202 7 -31.9 12 7.82024 -31.9 11.8306 8 -31.9 11 8.83062 -31.9 10.1728 8.00339 -31.9 10.1542 29.997 -31.9 11 29.1511 -31.9 11.8489 30 -31.9 12 30.1561 -31.9 12.8439 31 -31.9 13.8392 32 -31.9 13.8443 33 -31.9 16 35.1632 -31.9 17 35.1711 -31.9 19 37.1732 -31.9 20 37.1813 -31.9 20.8187 38 -31.9 21 38.1759 -31.9 22 38.181 -31.9 22.819 39 -31.9 23 39.1706 -31.9 31 39.1903 -31.9 31.2189 39 -31.9 32 38.2189 -31.9 32.7811 39 -31.9 32.7853 40 -31.9 32.81 40.0286 -31.9 33 40.2394 -31.9 33.7606 41 -31.9 33 41.7606 -31.9 32.9766 41.7892 -31.9 32.7979 42 -31.9 33 42.2159 -31.9 33.7841 43 -31.9 33.7904 44 -31.9 34 44.2186 -31.9 35 44.2259 -31.9 35.7741 45 -31.9 35.8017 45.0251 -31.9 36 45.2116 -31.9 38 45.2127 -31.9 39 45.2021 -31.9 39.0259 45.1792 -31.9 39.221 45 -31.9 39.2252 44.9 -31.9 39.2487 44 -31.9 40 43.2487 -31.9 41 43.2274 -31.9 41.0261 43.2004 -31.9 42 42.2316 -31.9 42.03 42.2055 -31.9 42.2556 42 -31.9 43 41.2556 -31.9 43.2444 41 -31.9 43.2614 40 -31.9 44 39.2614 -31.9 44.0272 39.2305 -31.9 44.2368 39 -31.9 44.2718 37 -31.9 45 36.2718 -31.9 45.0282 36.2395 -31.9 45.2449 36 -31.9 45.2561 33 -31.9 45 32.728 -31.9 44.272 32 -31.9 44.267 31.9 -31.9 44.2115 30 -31.9 44.1872 29.9739 -31.9 44 29.779 -31.9 43.2209 29 -31.9 43 28.7876 -31.9 42 28.7855 -31.9 41.1 28.7641 -31.9 41 28.7638 -31.9 40.2362 28 -31.9 40 27.7715 -31.9 39.9632 27.7961 -31.9 39.6843 28 -31.9 39 28.6843 -31.9 38.1 28.6298 -31.9 38 28.6203 -31.9 37.3797 28 -31.9 37 27.6293 -31.9 36.1 27.5452 -31.9 36 27.5286 -31.9 35.4714 27 -31.9 35.4102 26.9443 -31.9 34.4616 26 -31.9 34.4516 25.9 -31.9 34.4427 25 -31.9 34.4493 24.9 -31.9 34.4868 24 -31.9 34.5068 23 -31.9 34.4348 20 -31.9 34 19.3099 -31.9 33.6901 19 -31.9 33.6058 18 -31.9 33.5891 17.9 -31.9 33.4619 17 -31.9 33 16.4894 -31.9 32.5106 16 -31.9 32 15.4154 -31.9 31.5846 15 -31.9 30.5693 14 -31.9 30 13.5046 -31.9 29.1 13.3992 -31.9 29 13.386 -31.9 28.614 13 -31.9 28 12.5321 -31.9 27 12.4579 -31.9 25 12.4207 -31.9 24.5793 12 -31.9 24 11.6196 -31.9 23 11.646 -31.9 22.354 11 -31.9 22.2652 10 -31.9 22.238 9.97501 -31.9 22 9.79287 -31.9 21.2071 9 -31.9 21 8.78585 -31.9 18.2136 6 -31.9 18 5.79296 -31.9 17 5.78614 -31.9 16 5.78803 -31.9 15.212 5 -31.9 15.1863 4.97756 -31.9 15 4.80897 -31.9 
134
23.1 12.9524 -31.9 23 12.98 -31.9 22.9475 12.9972 -31.9 22.0475 13.2441 -31.9 21 13.5803 -31.9 20.9067 13.6319 -31.9 20.2796 14 -31.9 20.0067 14.2077 -31.9 20 14.2125 -31.9 19.1257 15 -31.9 18.9922 15.1252 -31.9 18.9 15.2067 -31.9 18.072 15.9815 -31.9 18.0505 16 -31.9 18 16.0605 -31.9 17.98 16.0862 -31.9 17.9 16.1623 -31.9 17.1982 16.976 -31.9 17.1702 17 -31.9 17 17.2341 -31.9 16.6797 17.9 -31.9 16.6448 18 -31.9 16.3701 18.9 -31.9 16.3425 19 -31.9 16.0283 20 -31.9 16 20.1383 -31.9 15.9868 20.208 -31.9 15.8427 20.9 -31.9 15.8111 21 -31.9 15.7456 21.9 -31.9 15.7419 22 -31.9 15.7309 22.9 -31.9 15.7398 23 -31.9 15.9441 23.9 -31.9 15.9295 24 -31.9 15.9837 24.0828 -31.9 16.263 24.9828 -31.9 16.2847 25 -31.9 16.6363 25.9 -31.9 16.6614 26 -31.9 17 26.5981 -31.9 17.3103 26.993 -31.9 17.3146 27 -31.9 18 27.9137 -31.9 18.068 28 -31.9 18.1892 28.1 -31.9 19 28.8677 -31.9 19.1248 29 -31.9 19.1295 29.0039 -31.9 20 29.6204 -31.9 21 30.1426 -31.9 22 30.6321 -31.9 22.9 30.8179 -31.9 23 30.8521 -31.9 23.4965 30.9131 -31.9 24.9464 31.0173 -31.9 25 31.0146 -31.9 25.9 31.0786 -31.9 26 31.0728 -31.9 26.6438 31 -31.9 27 30.9514 -31.9 27.0495 30.9386 -31.9 27.1 30.9281 -31.9 28 30.6371 -31.9 28.1 30.615 -31.9 29 30.3222 -31.9 29.9 30.5175 -31.9 30 30.5906 -31.9 30.9615 31 -31.9 30.9803 31.006 -31.9 31.0039 31.0197 -31.9 31.327 31.1 -31.9 31.4696 31.1945 -31.9 32 31.3862 -31.9 32.9241 32 -31.9 33 32.0407 -31.9 33.1188 32.1188 -31.9 33.8741 32 -31.9 33.9533 31.9896 -31.9 34 31.9575 -31.9 36 30.9576 -31.9 36.3905 30.0556 -31.9 36.4171 30 -31.9 36.0208 29.477 -31.9 36 29.445 -31.9 35.7884 29 -31.9 35.6007 28.9018 -31.9 35.098 28.4432 -31.9 35 28.2884 -31.9 34.7732 28 -31.9 34.6515 27.9053 -31.9 34.6456 27.9 -31.9 34.0941 27.0435 -31.9 34.0697 27 -31.9 34 26.9338 -31.9 33.9502 26.9107 -31.9 33.9434 26.9 -31.9 33.3249 26 -31.9 33.3101 25.9 -31.9 33.54 25 -31.9 33.6788 24.1 -31.9 33.7091 24 -31.9 33.7552 23.7357 -31.9 33.9225 23 -31.9 33.911 22.8448 -31.9 33.9481 22 -31.9 33.836 21 -31.9 33.6898 19.9 -31.9 33.548 19 -31.9 33.5227 18.9 -31.9 33.2482 18 -31.9 33.2081 17.9443 -31.9 32.5808 17.0443 -31.9 32.5467 17 -31.9 32 16.2135 -31.9 31.8361 16.0059 -31.9 31.832 16 -31.9 31.7463 15.9 -31.9 31.014 15 -31.9 31 14.987 -31.9 30.1 14.3341 -31.9 30 14.2486 -31.9 29.62 14.0049 -31.9 29.6111 14 -31.9 29.52 13.9576 -31.9 28.1 13.3539 -31.9 28 13.3073 -31.9 27.108 13.011 -31.9 27.073 13 -31.9 27.008 12.9764 -31.9 27 12.9739 -31.9 26.1 12.8542 -31.9 26 12.847 -31.9 24 12.7298 -31.9 
50
22.9841 18.7737 -31.9 22.5974 19 -31.9 22.0841 19.4452 -31.9 22 19.5217 -31.9 21.9819 19.5452 -31.9 21.6198 20 -31.9 21.1221 21 -31.9 21.036 21.9 -31.9 21.0178 22 -31.9 21.0564 22.9 -31.9 21.059 23 -31.9 21.4363 24 -31.9 21.481 24.0654 -31.9 22 24.7094 -31.9 22.2717 24.9654 -31.9 22.3068 25 -31.9 23 25.4495 -31.9 23.1 25.4851 -31.9 24 25.7802 -31.9 24.1 25.7926 -31.9 25 25.926 -31.9 25.1 25.9109 -31.9 26 25.7891 -31.9 27 25.315 -31.9 27.3545 25 -31.9 27.4232 24.9 -31.9 27.999 24.1426 -31.9 28 24.1412 -31.9 28.1101 24 -31.9 28.1586 23.9 -31.9 28.5339 23 -31.9 28.5506 22.9 -31.9 28.6785 22 -31.9 28.6491 21.9 -31.9 28.5351 21 -31.9 28.5003 20.9353 -31.9 28 20.087 -31.9 27.9565 20.0353 -31.9 27.9292 20 -31.9 27.8565 19.9351 -31.9 26.7852 19.0351 -31.9 26.7458 19 -31.9 26.6852 18.9577 -31.9 26 18.5317 -31.9 25.1 18.4108 -31.9 25 18.3916 -31.9 24.1 18.3821 -31.9 24 18.3833 -31.9 23.1 18.7134 -31.9 23 18.7625 -31.9 
32
23 18.8065 -31.9 23.1 18.7813 -31.9 24 18.6344 -31.9 25 18.6175 -31.9 26 18.7087 -31.9 26.2913 19 -31.9 27 19.6646 -31.9 27.3354 20 -31.9 27.402 20.0739 -31.9 28 20.7058 -31.9 28.2942 21 -31.9 28.3818 21.9 -31.9 28.3947 22 -31.9 28.3424 22.9 -31.9 28.3344 23 -31.9 28 23.3344 -31.9 27.4679 24 -31.9 27 24.4679 -31.9 26.4228 25 -31.9 26 25.4228 -31.9 25 25.4855 -31.9 24 25.4302 -31.9 23 25.2956 -31.9 21.6886 24 -31.9 21.5356 23 -31.9 21.5245 22 -31.9 21.5327 21.9 -31.9 21.5719 21 -31.9 21.5948 20.9 -31.9 21.7569 20 -31.9 22 19.7569 -31.9 22.8065 19 -31.9 
4
115
12.7951 6 -31 13 5.7786 -31 14 4.78095 -31 15 4.77562 -31 15.2565 5 -31 16 5.74354 -31 17 5.74064 -31 18 5.75317 -31 18.2582 6 -31 21 8.73874 -31 21.2499 9 -31 22 9.75011 -31 22.2726 10 -31 22.3688 11 -31 23 11.6312 -31 24 11.6103 -31 24.6098 12 -31 25 12.3902 -31 27 12.4378 -31 28 12.5145 -31 28.6469 13 -31 29 13.3531 -31 30 13.4859 -31 30.5898 14 -31 31 14.4102 -31 31.6081 15 -31 32 15.3919 -31 32.5344 16 -31 33 16.4656 -31 33.4828 17 -31 33.6501 18 -31 33.7348 19 -31 34 19.2652 -31 34.4511 20 -31 34.5313 23 -31 34.5228 24 -31 34.4569 25 -31 34.5565 26 -31 35 26.4435 -31 35.6115 27 -31 36 27.3885 -31 37 27.5542 -31 37.4635 28 -31 38 28.5365 -31 39 28.6318 -31 39.6318 28 -31 40 27.7543 -31 40.2552 28 -31 41 28.7448 -31 43 28.7511 -31 43.2607 29 -31 44 29.7393 -31 44.243 30 -31 44.2774 31 -31 44.3275 32 -31 45 32.6725 -31 45.307 33 -31 45.3152 34 -31 45.3077 35 -31 45.2824 36 -31 45 36.323 -31 44.323 37 -31 44.2719 39 -31 44 39.3093 -31 43.3093 40 -31 43.2826 41 -31 43 41.3004 -31 42.3004 42 -31 42 42.2612 -31 41.2612 43 -31 41 43.2696 -31 40 43.3004 -31 39.3004 44 -31 39.2591 45 -31 39 45.2295 -31 38 45.2527 -31 37 45.2603 -31 36 45.2508 -31 35.7233 45 -31 35 44.2767 -31 34 44.263 -31 33.7529 44 -31 33.7521 43 -31 33 42.2479 -31 32.7657 42 -31 33 41.7138 -31 33.7138 41 -31 33 40.2862 -31 32.7527 40 -31 32.7477 39 -31 32 38.2523 -31 31.2523 39 -31 31 39.2235 -31 23 39.1944 -31 22.7894 39 -31 22 38.2106 -31 21 38.2037 -31 20.7866 38 -31 20 37.2135 -31 19 37.2015 -31 17 35.1992 -31 16 35.1883 -31 13.8221 33 -31 13.8153 32 -31 13 31.1847 -31 12.8222 31 -31 12 30.1778 -31 11.8289 30 -31 11 29.1711 -31 10.1745 29.9965 -31 10.1984 8.00392 -31 11 8.80555 -31 11.8055 8 -31 12 7.79087 -31 12.7909 7 -31 
87
23 12.8275 -31 24 12.5522 -31 27 12.7639 -31 27.6495 13 -31 28 13.1103 -31 29.9107 14 -31 30 14.0493 -31 31 14.9049 -31 31.1021 15 -31 31.9589 16 -31 32.6592 17 -31 33 17.443 -31 33.4009 18 -31 33.6546 19 -31 33.9203 21 -31 34.0327 22 -31 34.1303 23 -31 34.0701 24 -31 33.783 25 -31 33.9316 26 -31 34 26.1069 -31 34.9411 27 -31 35 27.0526 -31 35.9805 28 -31 37 28.9224 -31 37.0912 29 -31 38.3292 30 -31 39 30.7814 -31 39.2265 31 -31 40 31.7797 -31 40.248 32 -31 41 32.6354 -31 41.5042 33 -31 42 33.8726 -31 42.0951 34 -31 42 34.442 -31 41.8257 35 -31 41.4078 36 -31 41.0726 37 -31 41 37.4152 -31 40.797 38 -31 40.2508 39 -31 40 39.2546 -31 39 39.6188 -31 38 39.5472 -31 37.2965 39 -31 37 38.46 -31 36.7708 38 -31 36.8556 37 -31 36.8537 36 -31 36 35.013 -31 35.9877 35 -31 35 34.2919 -31 34.4998 34 -31 34 33.7185 -31 32 32.4618 -31 30 31.3039 -31 29.5639 31 -31 29 30.6736 -31 27 31.1019 -31 26 31.2146 -31 24 31.3227 -31 23 31.0677 -31 22 30.7322 -31 21 30.257 -31 20 29.7367 -31 19 29.0392 -31 18 28.1898 -31 17.7971 28 -31 17.043 27 -31 17 26.9303 -31 16.4683 26 -31 16.2177 25 -31 16 24.8284 -31 15.4579 24 -31 15.6042 23 -31 15.5147 22 -31 15.552 21 -31 16.1846 19 -31 16.4611 18 -31 16.8102 17 -31 17 16.7605 -31 17.8001 16 -31 18 15.8154 -31 20 14.0473 -31 20.0672 14 -31 21 13.4841 -31 
26
22.8925 19 -31 22 19.8456 -31 21.8456 20 -31 21.6172 21 -31 21.5352 22 -31 21.543 23 -31 21.701 24 -31 23 25.2948 -31 24 25.4296 -31 25 25.4792 -31 26 25.4114 -31 26.4114 25 -31 27 24.4594 -31 27.4594 24 -31 28 23.31 -31 28.31 23 -31 28.3906 22 -31 28.2607 21 -31 28 20.7393 -31 27.335 20 -31 27 19.665 -31 26.2977 19 -31 26 18.7023 -31 25 18.6151 -31 24 18.6406 -31 23 18.8925 -31 
27
22.8406 19 -31 22 19.7652 -31 21.8191 20 -31 21.3326 21 -31 21.1512 22 -31 21.1766 23 -31 21.5531 24 -31 22 24.654 -31 22.3508 25 -31 23 25.4224 -31 24 25.7783 -31 25 25.9024 -31 26 25.7518 -31 27 25.2691 -31 27.3029 25 -31 27.9898 24 -31 28 23.9805 -31 28.475 23 -31 28.642 22 -31 28.348 21 -31 28 20.3534 -31 27.7268 20 -31 26.6068 19 -31 26 18.5774 -31 25 18.3849 -31 24 18.3971 -31 23 18.888 -31 
1
343
12.7594 6 -30.1 12.7799 5.97786 -30.1 13 5.729 -30.1 14 4.73422 -30.1 15 4.7291 -30.1 15.0257 4.75154 -30.1 15.3253 5 -30.1 16 5.67464 -30.1 17 5.67282 -30.1 17.9 5.69848 -30.1 18 5.69974 -30.1 18.0258 5.72442 -30.1 18.3232 6 -30.1 19.3351 7 -30.1 21 8.66407 -30.1 21.3138 9 -30.1 22 9.6862 -30.1 22.0273 9.71119 -30.1 22.2865 10 -30.1 22.3817 11 -30.1 23 11.6183 -30.1 24 11.6029 -30.1 24.6279 12 -30.1 25 12.3721 -30.1 27 12.4226 -30.1 28 12.497 -30.1 28.6784 13 -30.1 29 13.3217 -30.1 30 13.4672 -30.1 30.612 14 -30.1 31 14.388 -30.1 32 15.3732 -30.1 32.5608 16 -30.1 33 16.4392 -30.1 33.5059 17 -30.1 33.5227 17.1 -30.1 33.6587 18 -30.1 33.6653 18.0772 -30.1 33.6457 18 -30.1 33.0401 17.2293 -30.1 33 17.1736 -30.1 32.9659 17.1293 -30.1 32.8366 17 -30.1 32.136 16.1 -30.1 32.066 16 -30.1 31.9959 15.9095 -30.1 31.2724 15.1 -30.1 31.1867 15 -30.1 31 14.8228 -30.1 30.9 14.7373 -30.1 30.0068 14 -30.1 30 13.9951 -30.1 29.9911 13.9907 -30.1 29.9 13.9483 -30.1 29 13.3317 -30.1 28.9 13.2851 -30.1 28 13.0508 -30.1 27.965 13.0398 -30.1 27.8307 13 -30.1 27.0649 12.752 -30.1 27 12.7283 -30.1 26.9 12.7211 -30.1 26 12.4152 -30.1 25.9 12.4082 -30.1 25 12.3839 -30.1 24.9 12.377 -30.1 24 12.3502 -30.1 23.9 12.3777 -30.1 22.271 12.9827 -30.1 22.171 13.0156 -30.1 22 13.0673 -30.1 21.9 13.1001 -30.1 21 13.2906 -30.1 20.1 13.8416 -30.1 20 13.8977 -30.1 19.8784 14 -30.1 19 14.7913 -30.1 18.7871 14.9931 -30.1 18.6872 15.0815 -30.1 17.7456 15.9815 -30.1 17.7256 16 -30.1 17 16.6931 -30.1 16.7297 16.976 -30.1 16.7108 17 -30.1 16.6758 17.1 -30.1 16.2276 18 -30.1 16.1999 18.1 -30.1 16.0261 19 -30.1 16.0077 19.0584 -30.1 16 19.0847 -30.1 15.6789 20.1 -30.1 15.3257 21 -30.1 15.322 21.1 -30.1 15.3139 22 -30.1 15.3229 22.1 -30.1 15.3611 23 -30.1 15.3465 23.1 -30.1 15.4178 24 -30.1 15.9458 24.7115 -30.1 16 24.7943 -30.1 16.0218 24.8114 -30.1 16.2103 25 -30.1 16.2354 25.1 -30.1 16.3535 26 -30.1 16.9192 26.9 -30.1 16.9767 27 -30.1 17.0043 27.0442 -30.1 17.7113 28 -30.1 17.9797 28.2727 -30.1 18 28.2917 -30.1 18.0954 28.3727 -30.1 18.7864 29 -30.1 19 29.1815 -30.1 20 29.8803 -30.1 20.0504 29.9066 -30.1 20.1438 30 -30.1 20.9504 30.5775 -30.1 21 30.6032 -30.1 21.9 30.813 -30.1 22 30.8605 -30.1 22.0792 30.8873 -30.1 22.4935 31 -30.1 23 31.1697 -30.1 23.9 31.2946 -30.1 24 31.3201 -30.1 24.9 31.3693 -30.1 25 31.3642 -30.1 25.9 31.5678 -30.1 26 31.5621 -30.1 26.9 31.208 -30.1 27 31.1968 -30.1 27.9 31.0439 -30.1 28.1554 30.9895 -30.1 28.9 30.8568 -30.1 29 30.8347 -30.1 29.0564 30.8673 -30.1 29.356 31 -30.1 29.9564 31.3995 -30.1 30 31.4299 -30.1 30.1 31.4882 -30.1 31 32.1603 -30.1 31.1 32.2179 -30.1 32 32.8788 -30.1 32.0872 32.9326 -30.1 32.9872 33.4499 -30.1 33.294 33.6469 -30.1 34 34.087 -30.1 34.05 34.1109 -30.1 34.1 34.1401 -30.1 35 34.8075 -30.1 35.0988 34.8783 -30.1 35.2483 35 -30.1 35.5144 35.9 -30.1 35.5767 36 -30.1 35.4889 37 -30.1 35.3628 38 -30.1 35.4497 38.2689 -30.1 35.5904 39 -30.1 35.7421 39.5397 -30.1 35.8375 40 -30.1 35.886 40.677 -30.1 35.9302 41 -30.1 36 41.14 -30.1 36.3751 41.646 -30.1 36.6256 42 -30.1 37 42.2181 -30.1 37.4596 42.1886 -30.1 38 42.2154 -30.1 38.6722 41.7263 -30.1 39.6237 41 -30.1 39.8794 40.8538 -30.1 40 40.7779 -30.1 40.2678 40.6672 -30.1 41 40.2932 -30.1 41.4512 40 -30.1 41.8674 39.1326 -30.1 41.9351 39 -30.1 41.9535 38.9535 -30.1 42 38.8483 -30.1 42.0537 38.7004 -30.1 42.344 38 -30.1 42.4092 37.8333 -30.1 42.7885 37 -30.1 43 36.5073 -30.1 43.1804 36 -30.1 43.2477 35.7967 -30.1 43.5882 35 -30.1 43.6379 34.864 -30.1 43.8615 34 -30.1 43.1896 33 -30.1 42.1489 32 -30.1 42 31.885 -30.1 41.8484 31.8016 -30.1 41 31.2579 -30.1 40.9248 31.2128 -30.1 40.6311 31.1 -30.1 40.6063 31.078 -30.1 40.4692 31 -30.1 40 30.8553 -30.1 39.9226 30.813 -30.1 39.0299 30.1 -30.1 39.0072 30.0781 -30.1 39 30.068 -30.1 38.9416 30 -30.1 38.9329 29.9942 -30.1 37.0091 28.4579 -30.1 37 28.4502 -30.1 36.9 28.3597 -30.1 36.8962 28.3564 -30.1 36 27.6745 -30.1 35.9981 27.6731 -30.1 35.243 27.1 -30.1 35.145 27.0053 -30.1 35.1399 27 -30.1 35 26.8938 -30.1 34.9941 26.8899 -30.1 34.205 26.1 -30.1 34.1109 26.0107 -30.1 34.1035 26 -30.1 34 25.6841 -30.1 33.9932 25.6615 -30.1 33.8695 25.1 -30.1 33.8546 25 -30.1 33.8763 24.9244 -30.1 34 24.3942 -30.1 34.1125 24 -30.1 34.2022 23.1 -30.1 34.2082 23 -30.1 34.0047 21 -30.1 33.992 20.9043 -30.1 33.8992 20.1 -30.1 33.886 20 -30.1 33.8021 19.1 -30.1 33.7898 19.0071 -30.1 34 19.2173 -30.1 34.4688 20 -30.1 34.5528 23 -30.1 34.5328 24 -30.1 34.4657 25 -30.1 34.4757 25.1 -30.1 34.5799 26 -30.1 35 26.4201 -30.1 35.6511 27 -30.1 36 27.3489 -30.1 36.9 27.5159 -30.1 37 27.5325 -30.1 37.0463 27.5771 -30.1 37.5093 28 -30.1 38 28.4907 -30.1 38.9 28.6032 -30.1 39 28.6127 -30.1 39.6127 28 -30.1 39.6495 27.9754 -30.1 40 27.7487 -30.1 40.0255 27.7733 -30.1 40.2954 28 -30.1 41 28.7046 -30.1 41.9 28.6877 -30.1 43 28.6994 -30.1 43.3143 29 -30.1 44 29.6857 -30.1 44.2933 30 -30.1 44.2967 30.1 -30.1 44.3111 31 -30.1 44.3161 31.1 -30.1 44.4043 32 -30.1 45 32.5957 -30.1 45.3705 33 -30.1 45.3718 35 -30.1 45.3354 36 -30.1 45.3072 36.0323 -30.1 45 36.3945 -30.1 44.3945 37 -30.1 44.3917 37.1 -30.1 44.3534 38 -30.1 44.3511 38.1 -30.1 44.3149 39 -30.1 44 39.3655 -30.1 43.3655 40 -30.1 43.3628 40.1 -30.1 43.3236 41 -30.1 43 41.3427 -30.1 42.3427 42 -30.1 42.3127 42.0261 -30.1 42 42.3084 -30.1 41.3084 43 -30.1 41.2822 43.027 -30.1 41 43.3289 -30.1 40.9 43.332 -30.1 40 43.3838 -30.1 39.3838 44 -30.1 39.3797 44.1 -30.1 39.3103 45 -30.1 39 45.2689 -30.1 38 45.3028 -30.1 37 45.3175 -30.1 36 45.3071 -30.1 35.9723 45.2821 -30.1 35.6474 45 -30.1 35 44.3526 -30.1 34.1 44.3239 -30.1 34 44.3225 -30.1 33.9753 44.2962 -30.1 33.7059 44 -30.1 33.7023 43 -30.1 33 42.2977 -30.1 32.7222 42 -30.1 32.7457 41.9714 -30.1 33 41.6401 -30.1 33.6401 41 -30.1 33 40.3599 -30.1 32.9753 40.3313 -30.1 32.7093 40 -30.1 32.6822 39.1 -30.1 32.6817 39 -30.1 32 38.3183 -30.1 31.3183 39 -30.1 31.293 39.0224 -30.1 31 39.268 -30.1 23 39.227 -30.1 22.7499 39 -30.1 22 38.2501 -30.1 21 38.2405 -30.1 20.9787 38.2201 -30.1 20.7406 38 -30.1 20 37.2594 -30.1 19 37.2403 -30.1 17 35.2399 -30.1 16 35.2224 -30.1 14.7902 34 -30.1 13.7924 33 -30.1 13.7816 32 -30.1 13 31.2184 -30.1 12.7929 31 -30.1 12 30.2071 -30.1 11.8023 30 -30.1 11 29.1977 -30.1 10.2017 29.996 -30.1 10.2314 8.00457 -30.1 11 8.77318 -30.1 11.7732 8 -30.1 12 7.75248 -30.1 12.7525 7 -30.1 
1
343
13 5.66135 -29.2 12.7607 5.9447 -29.2 12.7118 6 -29.2 12.7008 7 -29.2 12 7.70087 -29.2 11.729 8 -29.2 11 8.72901 -29.2 10.2764 8.0055 -29.2 10.3011 9 -29.2 10.338 12 -29.2 10.3359 12.2 -29.2 10.239 29.9953 -29.2 11 29.2342 -29.2 11.7658 30 -29.2 12 30.2492 -29.2 12.7508 31 -29.2 13 31.2671 -29.2 13.7329 32 -29.2 13.7538 33 -29.2 14.7544 34 -29.2 15 34.2584 -29.2 15.7416 35 -29.2 16 35.2668 -29.2 16.8 35.2962 -29.2 17 35.2998 -29.2 18.6981 37 -29.2 18.9505 37.2422 -29.2 19 37.2911 -29.2 19.8 37.3193 -29.2 20 37.3233 -29.2 20.6767 38 -29.2 20.9471 38.2422 -29.2 21 38.2911 -29.2 22 38.3072 -29.2 22.6928 39 -29.2 23 39.2728 -29.2 31 39.3191 -29.2 31.3542 39.0546 -29.2 31.4193 39 -29.2 32 38.4193 -29.2 32.5807 39 -29.2 32.5867 39.2 -29.2 32.6473 40 -29.2 32.9409 40.3992 -29.2 33 40.4728 -29.2 33.5272 41 -29.2 33 41.5272 -29.2 32.7362 41.9264 -29.2 32.6797 42 -29.2 32.9435 42.3083 -29.2 33 42.369 -29.2 33.631 43 -29.2 33.6443 44 -29.2 34 44.3959 -29.2 34.2 44.4023 -29.2 35 44.4778 -29.2 35.5222 45 -29.2 35.9278 45.3204 -29.2 36 45.3831 -29.2 36.8 45.3741 -29.2 37 45.3762 -29.2 37.8 45.3512 -29.2 38 45.3481 -29.2 39 45.3102 -29.2 39.3668 45 -29.2 39.5123 44.2 -29.2 39.5277 44 -29.2 40 43.5277 -29.2 40.8 43.4166 -29.2 41 43.4051 -29.2 41.3723 43 -29.2 42 42.3723 -29.2 42.3262 42.0627 -29.2 42.3956 42 -29.2 43 41.3956 -29.2 43.3784 41 -29.2 43.4292 40.2 -29.2 43.4379 40 -29.2 44 39.4379 -29.2 44.3032 39.0743 -29.2 44.3671 39 -29.2 44.4146 38.2 -29.2 44.4226 38 -29.2 44.4877 37.2 -29.2 44.4962 37 -29.2 45 36.4962 -29.2 45.3386 36.0805 -29.2 45.4069 36 -29.2 45.4627 35.2 -29.2 45.4702 35 -29.2 45.4511 34.2 -29.2 45.4508 34 -29.2 45.4351 33.2 -29.2 45.4351 33 -29.2 45.0755 32.6186 -29.2 45 32.536 -29.2 44.464 32 -29.2 44.4199 31.2 -29.2 44.4003 31 -29.2 44.3702 30.2 -29.2 44.367 30 -29.2 44 29.6077 -29.2 43.3923 29 -29.2 43 28.6272 -29.2 42.8 28.6247 -29.2 42 28.5908 -29.2 41.8 28.5946 -29.2 41 28.6214 -29.2 40.3786 28 -29.2 40.06 27.7539 -29.2 40 27.7035 -29.2 39.679 27.9496 -29.2 39.6011 28 -29.2 39 28.6011 -29.2 38 28.4706 -29.2 37.5294 28 -29.2 37 27.5154 -29.2 36.8 27.4783 -29.2 36 27.3154 -29.2 35.6846 27 -29.2 35 26.3947 -29.2 34.6053 26 -29.2 34.5005 25.2 -29.2 34.4773 25 -29.2 34.5383 24 -29.2 34.559 23 -29.2 34.5564 22.2 -29.2 34.4879 20 -29.2 34 19.183 -29.2 33.8351 19.0181 -29.2 33.852 19.2 -29.2 34 20.3289 -29.2 34.0891 21 -29.2 34.1113 21.2 -29.2 34.4792 22 -29.2 34.4976 22.2 -29.2 34.5003 23 -29.2 34.4804 23.2 -29.2 34.4636 24 -29.2 34.4402 24.0822 -29.2 34 24.8002 -29.2 33.918 24.8822 -29.2 33.8905 25 -29.2 33.9725 25.3354 -29.2 34 25.4601 -29.2 34.0246 25.5354 -29.2 34.1906 26 -29.2 35 26.7968 -29.2 36.579 28 -29.2 36.8957 28.1531 -29.2 37 28.2327 -29.2 37.153 28.3531 -29.2 37.9018 29 -29.2 37.953 29.0513 -29.2 38 29.0889 -29.2 38.8 29.7539 -29.2 39.3038 30.1584 -29.2 40 30.4404 -29.2 40.5246 30.3766 -29.2 40.8449 30.4754 -29.2 41.6132 31 -29.2 41.7083 31.0365 -29.2 41.8 31.1286 -29.2 42 31.2568 -29.2 42.8605 31.9209 -29.2 42.9181 32 -29.2 43 32.0795 -29.2 43.0508 32.1353 -29.2 43.1176 32.2 -29.2 43.8668 32.7395 -29.2 44 32.8243 -29.2 44.2152 33 -29.2 44.3562 33.5396 -29.2 44.5277 34 -29.2 44.504 34.7994 -29.2 44.4646 35 -29.2 44 36.1754 -29.2 43.7908 36.6797 -29.2 43.6642 37 -29.2 43.3263 37.7908 -29.2 43.2587 38 -29.2 42.9781 38.6269 -29.2 42.8702 38.8 -29.2 42.7873 39 -29.2 42.4281 39.8 -29.2 42.4128 39.8422 -29.2 42.368 40 -29.2 42 40.4891 -29.2 41.101 40.899 -29.2 41 40.9608 -29.2 40.9347 40.9942 -29.2 40.9282 41 -29.2 40.0513 42 -29.2 40 42.0761 -29.2 39.8773 42.1853 -29.2 39 42.943 -29.2 38.4606 43 -29.2 38 43.0193 -29.2 37.8681 43.0452 -29.2 37.3846 43 -29.2 37 42.9849 -29.2 36.9861 42.9768 -29.2 36.4402 42.8 -29.2 36.2886 42.6411 -29.2 35.5899 42 -29.2 35.445 41.8 -29.2 35.1731 41.4805 -29.2 35 41.3414 -29.2 34.7642 41 -29.2 34.6668 40.5195 -29.2 34.5424 40 -29.2 34.49 39.34 -29.2 34.2997 38.2586 -29.2 34.2939 38 -29.2 34.4309 37 -29.2 34.3515 36.2952 -29.2 34.4067 36 -29.2 34.4668 35.3552 -29.2 34.388 35 -29.2 34.2599 34.8951 -29.2 34.2 34.8595 -29.2 34 34.7112 -29.2 33.9606 34.6866 -29.2 33.358 34 -29.2 33.1606 33.9024 -29.2 33 33.8024 -29.2 32.2 33.2546 -29.2 32.0261 33.1546 -29.2 32 33.1157 -29.2 31.907 33 -29.2 31.4014 32.6682 -29.2 31.2 32.5415 -29.2 30.9489 32.3565 -29.2 30.5974 32 -29.2 30.1489 31.8029 -29.2 30 31.6917 -29.2 29.8666 31.6029 -29.2 29.0947 31 -29.2 29.0666 30.9719 -29.2 29 30.9424 -29.2 28.667 31 -29.2 28.6325 31.0075 -29.2 28 31.1596 -29.2 27.8 31.1935 -29.2 27 31.5231 -29.2 26.8 31.6018 -29.2 26 31.6315 -29.2 25.8 31.5863 -29.2 25 31.5727 -29.2 24.8 31.5618 -29.2 24 31.5435 -29.2 23.8 31.5157 -29.2 23 31.4987 -29.2 22.8921 31.4625 -29.2 22.1337 31 -29.2 22.0921 30.9584 -29.2 22 30.9334 -29.2 21.8 30.8867 -29.2 21 30.6726 -29.2 20.8208 30.5442 -29.2 20.0242 30 -29.2 20 29.9758 -29.2 19.8 29.836 -29.2 19 29.5807 -29.2 18.9536 29.5412 -29.2 18.3876 29 -29.2 18.1536 28.766 -29.2 18 28.6266 -29.2 17.3844 28 -29.2 17.1404 27.3323 -29.2 17 27.1421 -29.2 16.9939 27.1323 -29.2 16.9177 27 -29.2 16.4795 26.2 -29.2 16.3538 26 -29.2 16.1572 25.2 -29.2 16.1309 25 -29.2 16 24.8691 -29.2 15.8827 24.711 -29.2 15.3833 24 -29.2 15.3057 23 -29.2 15.2553 22 -29.2 15.2741 21.2 -29.2 15.2759 21 -29.2 15.3185 20.2 -29.2 15.397 20 -29.2 15.803 19.2 -29.2 15.8662 19 -29.2 16 18.4627 -29.2 16.0565 18.2 -29.2 16.0951 18 -29.2 16.1061 17.2 -29.2 16.2057 17 -29.2 16.6379 16.2 -29.2 16.698 16.1371 -29.2 16.9977 16 -29.2 17 15.9953 -29.2 17.1435 15.3746 -29.2 17.2 15.3205 -29.2 17.3752 15.1459 -29.2 18 15.0086 -29.2 18.0117 14.9974 -29.2 18.2381 14.7619 -29.2 18.8566 14 -29.2 19 13.9429 -29.2 19.2 13.6298 -29.2 20 13.6206 -29.2 20.8 13.3521 -29.2 21 13.2297 -29.2 21.2 13.1873 -29.2 21.9326 13.0115 -29.2 21.9721 13 -29.2 22 12.9902 -29.2 22.2 12.9166 -29.2 23 12.4159 -29.2 23.8 12.383 -29.2 24 12.3083 -29.2 24.9867 12.3396 -29.2 24.6471 12 -29.2 24 11.5952 -29.2 23 11.5991 -29.2 22.4009 11 -29.2 22.3764 10.2 -29.2 22.3574 10 -29.2 22.0576 9.65366 -29.2 22 9.58948 -29.2 21.4105 9 -29.2 21 8.55252 -29.2 20.4475 8 -29.2 20.0688 7.64236 -29.2 19.4263 7 -29.2 19.0686 6.66575 -29.2 19 6.59967 -29.2 18.4003 6 -29.2 18 5.6333 -29.2 17.8 5.6276 -29.2 17 5.58353 -29.2 16.8 5.58387 -29.2 16 5.56477 -29.2 15.4352 5 -29.2 15.0666 4.71902 -29.2 15 4.6638 -29.2 14 4.67259 -29.2 
1
377
13.5931 5 -28.3 14 4.61551 -28.3 15 4.60164 -28.3 15.1382 4.70701 -28.3 15.6514 5 -28.3 16 5.3486 -28.3 16.7 5.44373 -28.3 17 5.45089 -28.3 17.7 5.52138 -28.3 18 5.5379 -28.3 18.1253 5.65245 -28.3 18.4941 6 -28.3 19 6.50592 -28.3 19.1341 6.63126 -28.3 19.5487 7 -28.3 20 7.45134 -28.3 20.5902 8 -28.3 21 8.40982 -28.3 21.1299 8.5518 -28.3 21.5584 9 -28.3 22 9.44156 -28.3 22.4867 10 -28.3 22.5177 11 -28.3 23 11.4823 -28.3 23.7 11.5876 -28.3 24 11.5873 -28.3 24.6675 12 -28.3 24.9862 12.3186 -28.3 24 12.2851 -28.3 23 12.3236 -28.3 22.7 12.5113 -28.3 22 12.2159 -28.3 21.7057 12.2943 -28.3 21.1723 12 -28.3 21.0705 11.0705 -28.3 21.0379 11 -28.3 21 10.7236 -28.3 20.8174 10 -28.3 20.7255 9.72552 -28.3 20.2933 9 -28.3 20 8.73909 -28.3 19.4032 8 -28.3 19.4016 7.99921 -28.3 19 7.71017 -28.3 18.2359 7.06562 -28.3 18.1512 7 -28.3 18 6.87928 -28.3 17.6849 6.68492 -28.3 17 6.60396 -28.3 16.2956 6.29562 -28.3 16 6.41969 -28.3 15.7902 6.79025 -28.3 15.6757 7 -28.3 15.5608 7.56078 -28.3 15.235 8 -28.3 15.1941 8.19413 -28.3 15.3836 9 -28.3 16 9.78911 -28.3 16.2777 10 -28.3 17 10.5662 -28.3 17.5772 11 -28.3 17.6073 11.6073 -28.3 17 11.4003 -28.3 16 11.9991 -28.3 15.999 12 -28.3 15.5463 12.5463 -28.3 15.3343 13 -28.3 15.2902 13.2902 -28.3 15.2701 14 -28.3 15.1656 14.1656 -28.3 15 14.4736 -28.3 14.8063 14.7819 -28.3 14.8647 15 -28.3 15 15.435 -28.3 15.1896 16 -28.3 15.1636 16.1636 -28.3 15.3506 16.6171 -28.3 15.5425 17 -28.3 15.5608 17.3766 -28.3 15.7842 18 -28.3 15.7577 18.0957 -28.3 15.7068 18.3 -28.3 15.6979 19 -28.3 15.5457 19.3 -28.3 15.279 20 -28.3 15.263 20.3 -28.3 15.2209 22 -28.3 15.271 23 -28.3 15.3541 24 -28.3 15.8009 24.7 -28.3 15.8639 24.782 -28.3 16 24.9757 -28.3 16.0243 25 -28.3 16.0334 25.0239 -28.3 16.2388 25.7 -28.3 16.3125 26 -28.3 16.4769 26.3 -28.3 16.5888 27 -28.3 16.9714 27.506 -28.3 17 27.5557 -28.3 17.0915 27.806 -28.3 18.7878 29.5144 -28.3 19 29.7173 -28.3 19.3 29.8131 -28.3 19.3148 29.8183 -28.3 19.8669 30 -28.3 20 30.1294 -28.3 20.0013 30.1322 -28.3 20.3 30.3363 -28.3 21 30.7517 -28.3 21.3 30.832 -28.3 21.9773 31 -28.3 22 31.0364 -28.3 22.0156 31.121 -28.3 22.3 31.2945 -28.3 23 31.8163 -28.3 23.7 31.8616 -28.3 24.3 31.8749 -28.3 25.8594 31.9469 -28.3 26 31.9493 -28.3 26.9538 31.9833 -28.3 27 31.9816 -28.3 27.2606 32 -28.3 27.2077 32.2077 -28.3 27.1252 33 -28.3 27.1241 33.1241 -28.3 27 33.5409 -28.3 26.9025 33.9025 -28.3 26.8863 34 -28.3 26.729 34.729 -28.3 26.6829 35 -28.3 26.6916 35.6916 -28.3 26.5972 36 -28.3 26.6073 36.6073 -28.3 26.497 37 -28.3 26.8774 37.0878 -28.3 27 37.1088 -28.3 27.7055 37.2615 -28.3 28 37.2787 -28.3 28.6211 37.3587 -28.3 29 37.3749 -28.3 30 37.4741 -28.3 30.5601 37.5601 -28.3 31 37.5884 -28.3 31.6747 37.6747 -28.3 32 37.7002 -28.3 32.6243 37.6243 -28.3 33 37.6687 -28.3 33.2209 38 -28.3 33.2844 38.2844 -28.3 33.4043 38.5256 -28.3 33.6632 39 -28.3 33.6793 39.4326 -28.3 33.6556 40 -28.3 33.7245 40.546 -28.3 33.8159 41 -28.3 34 41.3348 -28.3 34.0529 41.454 -28.3 34.2344 41.7 -28.3 34.4133 42 -28.3 34.5464 42.4865 -28.3 34.6027 43 -28.3 34.7335 43.6556 -28.3 34.8459 44 -28.3 35 44.2172 -28.3 35.4456 44.3496 -28.3 36 44.4402 -28.3 36.4013 44.4754 -28.3 37 44.387 -28.3 38 44.0617 -28.3 38.1105 44 -28.3 38.1861 43.9453 -28.3 38.1974 43.8239 -28.3 38.7 43.5381 -28.3 39 43.538 -28.3 39.7 43.339 -28.3 40 43.2009 -28.3 40.2515 43 -28.3 40.9409 42 -28.3 41 41.9293 -28.3 41.1823 41.8177 -28.3 42 41.16 -28.3 42.1886 41 -28.3 42.4822 40.6173 -28.3 42.7646 40.2354 -28.3 42.8906 40.075 -28.3 42.947 40 -28.3 44.2895 37 -28.3 44.3338 36.8785 -28.3 44.4044 36.7 -28.3 44.708 36 -28.3 44.8266 35.7 -28.3 44.9644 35.398 -28.3 45 35.3138 -28.3 45.1203 35 -28.3 45.0769 34 -28.3 45 33.807 -28.3 44.8981 33.5325 -28.3 44.7852 33.3 -28.3 44.7068 33 -28.3 44.1197 32.494 -28.3 44 32.3964 -28.3 43.7191 32.194 -28.3 43.5786 31.9703 -28.3 43.5965 31.9601 -28.3 43.376 30.5703 -28.3 43.1546 30 -28.3 43 29.8554 -28.3 42.6411 29.6411 -28.3 42 29.3329 -28.3 41 29.7283 -28.3 40.3673 30 -28.3 40 30.0447 -28.3 39.8897 30 -28.3 39.7389 29.8028 -28.3 39.7 29.7714 -28.3 39 29.8267 -28.3 38.7 29.5773 -28.3 38 29.0198 -28.3 37.9802 29 -28.3 37 28.1589 -28.3 36.8812 28.1015 -28.3 36.7797 28 -28.3 36.1812 27.477 -28.3 35.7882 27.177 -28.3 35.6113 27 -28.3 35.0883 26.5413 -28.3 35 26.4742 -28.3 34.5209 26 -28.3 34.0622 25.3228 -28.3 34 25.1486 -28.3 33.9692 25.0228 -28.3 33.9464 25 -28.3 34 24.9464 -28.3 34.3884 24.2692 -28.3 34.5415 24.0196 -28.3 34.5248 24.3 -28.3 34.5057 25 -28.3 34.633 26 -28.3 35 26.3669 -28.3 35.7203 27 -28.3 36 27.2796 -28.3 36.7 27.4387 -28.3 37 27.4998 -28.3 37.5473 28 -28.3 38 28.4527 -28.3 39 28.582 -28.3 39.582 28 -28.3 39.7024 27.9077 -28.3 40 27.6338 -28.3 40.1195 27.7261 -28.3 40.5326 28 -28.3 41 28.4674 -28.3 42 28.4408 -28.3 42.7 28.5235 -28.3 43 28.5362 -28.3 43.1231 28.653 -28.3 43.52 29 -28.3 44 29.48 -28.3 44.1152 29.6031 -28.3 44.4627 30 -28.3 44.4741 30.3 -28.3 44.4815 31 -28.3 44.5341 32 -28.3 45 32.4659 -28.3 45.5026 33 -28.3 45.5084 33.3 -28.3 45.5744 34 -28.3 45.5816 34.3 -28.3 45.5738 35 -28.3 45.5529 35.3 -28.3 45.4794 36 -28.3 45.3524 36.1559 -28.3 45 36.6428 -28.3 44.6428 37 -28.3 44.6184 37.3 -28.3 44.5221 38 -28.3 44.5043 38.3 -28.3 44.4395 39 -28.3 44.3258 39.1363 -28.3 44 39.5456 -28.3 43.5456 40 -28.3 43.5265 40.3 -28.3 43.4511 41 -28.3 42.4651 42 -28.3 42.3428 42.1161 -28.3 41.4667 43 -28.3 41.3506 43.1268 -28.3 41 43.4668 -28.3 40.7 43.5085 -28.3 40 43.6396 -28.3 39.6396 44 -28.3 39.585 44.3 -28.3 39.4004 45 -28.3 39.2865 45.0958 -28.3 39 45.3567 -28.3 38.7 45.3683 -28.3 37.7 45.3918 -28.3 37 45.4237 -28.3 36.7 45.4271 -28.3 36 45.4517 -28.3 35.8479 45.3316 -28.3 35.267 45 -28.3 35 44.733 -28.3 34.7 44.7046 -28.3 34 44.4979 -28.3 33.5629 44 -28.3 33.5189 43.3 -28.3 33.5142 43 -28.3 33 42.4858 -28.3 32.9011 42.3702 -28.3 32.6521 42 -28.3 32.751 41.8503 -28.3 33 41.4057 -28.3 33.4057 41 -28.3 33 40.5943 -28.3 32.8899 40.4446 -28.3 32.5742 40 -28.3 32.4831 39.3 -28.3 32.4604 39 -28.3 32 38.5396 -28.3 31.5396 39 -28.3 31.4068 39.0992 -28.3 31 39.3772 -28.3 28 39.4016 -28.3 27 39.4035 -28.3 23 39.3407 -28.3 22.9039 39.2557 -28.3 22.6027 39 -28.3 22 38.3973 -28.3 21.7 38.3919 -28.3 21 38.3569 -28.3 20.8986 38.2661 -28.3 20.5921 38 -28.3 20 37.4079 -28.3 19.7 37.3973 -28.3 19 37.3558 -28.3 18.9053 37.265 -28.3 18.6207 37 -28.3 17 35.3838 -28.3 16.7 35.3728 -28.3 16 35.3201 -28.3 15.6971 35 -28.3 15 34.3029 -28.3 14.9239 34.2226 -28.3 13.7027 33 -28.3 13.6652 32.3 -28.3 13.6582 32 -28.3 13 31.3418 -28.3 12.6868 31 -28.3 12 30.3132 -28.3 11.7122 30 -28.3 11 29.2878 -28.3 10.2936 29.9941 -28.3 10.3386 28 -28.3 10.3614 27.3 -28.3 10.3832 26.3 -28.3 10.3925 24 -28.3 10.3762 23 -28.3 10.3297 20 -28.3 10.3659 14 -28.3 10.392 13 -28.3 10.4248 12.3 -28.3 10.4337 12 -28.3 10.428 10 -28.3 10.3863 9.3 -28.3 10.38 9 -28.3 10.3435 8.29997 -28.3 10.3355 8.00675 -28.3 11 8.67119 -28.3 11.6712 8 -28.3 11.7556 7.90671 -28.3 12 7.6241 -28.3 12.6241 7 -28.3 12.654 6.3 -28.3 12.6576 6 -28.3 13 5.59312 -28.3 
1
402
13.9906 6 -27.4 14 5.98737 -27.4 14.4 5.80699 -27.4 15 5.51932 -27.4 15.6 5.50651 -27.4 16 5.35422 -27.4 16.6 5.55844 -27.4 17 5.68246 -27.4 17.6 5.9166 -27.4 17.6706 5.95502 -27.4 17.7766 6 -27.4 18 6.13241 -27.4 18.0855 6.19528 -27.4 18.3419 6.4 -27.4 18.8564 6.72849 -27.4 19 6.82811 -27.4 19.3798 7.10485 -27.4 19.6 7.2769 -27.4 20 7.56483 -27.4 20.001 7.56561 -27.4 20.4919 8 -27.4 20.601 8.11223 -27.4 21 8.48637 -27.4 21.023 8.51223 -27.4 21.4364 9 -27.4 21.6006 9.4 -27.4 21.7873 9.64833 -27.4 22 9.83807 -27.4 22.1136 10 -27.4 22.1571 10.2763 -27.4 22.306 11 -27.4 22.4093 11.4 -27.4 22.4023 12 -27.4 22.6681 12.169 -27.4 23 12.2949 -27.4 24 12.2604 -27.4 24.3265 12.2727 -27.4 24.2698 12.216 -27.4 24.1247 12 -27.4 24 11.9232 -27.4 23.4 11.4132 -27.4 23 11.353 -27.4 22.647 11 -27.4 22.6076 10 -27.4 22.2139 9.52704 -27.4 22 9.28215 -27.4 21.7179 9 -27.4 21.2449 8.47675 -27.4 21 8.22063 -27.4 20.7794 8 -27.4 20 7.27826 -27.4 19.7217 7 -27.4 19.2369 6.58311 -27.4 19 6.37241 -27.4 18.6276 6 -27.4 18.2107 5.68079 -27.4 18 5.48219 -27.4 17.6 5.44191 -27.4 16.6 5.31246 -27.4 16 5.20819 -27.4 15.7918 5 -27.4 15.2932 4.72871 -27.4 15 4.56129 -27.4 14.6 4.56755 -27.4 14 4.58966 -27.4 13.7236 4.83884 -27.4 13.5518 5 -27.4 13 5.55186 -27.4 12.62 6 -27.4 12.603 6.4 -27.4 12.5475 7 -27.4 12 7.54751 -27.4 11.6031 8 -27.4 11 8.6031 -27.4 10.4053 8.00837 -27.4 10.4257 8.40002 -27.4 10.4772 9 -27.4 10.5011 9.4 -27.4 10.5508 10 -27.4 10.5614 11 -27.4 10.5626 12 -27.4 10.5439 12.4 -27.4 10.54 13 -27.4 10.5303 13.4 -27.4 10.5467 14 -27.4 10.5233 17.4 -27.4 10.5066 18 -27.4 10.5024 18.4 -27.4 10.4872 19 -27.4 10.4692 20 -27.4 10.4866 21.4 -27.4 10.5178 22 -27.4 10.5277 22.4 -27.4 10.5655 23 -27.4 10.5735 23.4 -27.4 10.6037 24 -27.4 10.6022 24.4 -27.4 10.5869 25 -27.4 10.5846 25.4 -27.4 10.5597 26.4 -27.4 10.5201 27 -27.4 10.5071 27.4 -27.4 10.4643 28 -27.4 10.4533 28.4 -27.4 10.4185 29 -27.4 10.4091 29.4 -27.4 10.376 29.9922 -27.4 11 29.3682 -27.4 11.6318 30 -27.4 12 30.411 -27.4 12.589 31 -27.4 13 31.4494 -27.4 13.5506 32 -27.4 13.572 32.4 -27.4 13.6329 33 -27.4 13.8738 33.2464 -27.4 15.8728 35.2565 -27.4 16 35.3919 -27.4 16.6 35.4683 -27.4 17 35.4984 -27.4 17.5016 36 -27.4 17.8345 36.3103 -27.4 18.527 37 -27.4 19 37.4348 -27.4 19.6 37.5205 -27.4 20 37.5442 -27.4 20.4558 38 -27.4 20.8248 38.3042 -27.4 21 38.4563 -27.4 21.6 38.5148 -27.4 22 38.5348 -27.4 22.4652 39 -27.4 22.8279 39.2678 -27.4 23 39.4139 -27.4 25 39.4783 -27.4 25.6 39.4756 -27.4 26 39.4798 -27.4 26.6 39.4721 -27.4 31 39.4439 -27.4 31.4928 39.1589 -27.4 31.7253 39 -27.4 32 38.7253 -27.4 32.2747 39 -27.4 32.3268 39.4 -27.4 32.5281 40 -27.4 32.8196 40.4405 -27.4 33 40.6945 -27.4 33.3055 41 -27.4 33 41.3055 -27.4 32.6093 42 -27.4 32.8577 42.4633 -27.4 33 42.6748 -27.4 33.3252 43 -27.4 33.3503 43.4 -27.4 33.7047 44 -27.4 33.8136 44.1489 -27.4 34 44.3626 -27.4 34.6 44.7905 -27.4 35 44.9087 -27.4 35.0913 45 -27.4 36 45.5233 -27.4 38 45.4461 -27.4 39 45.4204 -27.4 39.4554 45 -27.4 39.7204 44 -27.4 40 43.7204 -27.4 40.6 43.5939 -27.4 41 43.519 -27.4 41.3459 43.1943 -27.4 41.5463 43 -27.4 42 42.5463 -27.4 42.361 42.2004 -27.4 43 41.5569 -27.4 43.5339 41 -27.4 43.6548 40.4 -27.4 43.6979 40 -27.4 44 39.6979 -27.4 44.3254 39.2338 -27.4 44.5116 39 -27.4 44.5889 38.4 -27.4 44.6259 38 -27.4 44.7463 37.4 -27.4 44.8014 37 -27.4 45 36.8014 -27.4 45.3533 36.2782 -27.4 45.5547 36 -27.4 45.644 35.4 -27.4 45.686 35 -27.4 45.7088 34.4 -27.4 45.7132 34 -27.4 45.6046 33.4 -27.4 45.5669 33 -27.4 45.2101 32.5949 -27.4 45 32.3714 -27.4 44.6286 32 -27.4 44.5577 31.402 -27.4 44.5576 31.4 -27.4 44.537 31 -27.4 44.5445 30.4 -27.4 44.5402 30 -27.4 44 29.3869 -27.4 43.6131 29 -27.4 43.2268 28.6863 -27.4 43 28.488 -27.4 42.6 28.4407 -27.4 42 28.3549 -27.4 41.6 28.3644 -27.4 41 28.3166 -27.4 40.4 28.2885 -27.4 40.2361 28.1246 -27.4 40.1433 28 -27.4 40 27.905 -27.4 39.8968 28 -27.4 39.7572 28.1396 -27.4 39.6 28.3545 -27.4 39 28.5185 -27.4 38.6 28.4672 -27.4 38 28.4335 -27.4 37.5665 28 -27.4 37 27.4838 -27.4 36.6 27.393 -27.4 36.0241 27.2502 -27.4 36.8863 28 -27.4 37 28.1137 -27.4 37.6 28.6063 -27.4 37.9997 28.9483 -27.4 38 28.9487 -27.4 38.0976 29 -27.4 38.5953 29.1506 -27.4 38.6 29.1521 -27.4 39 29.4707 -27.4 39.4 29.4391 -27.4 39.6922 29.2873 -27.4 39.8858 29 -27.4 40 28.8663 -27.4 40.2225 28.8505 -27.4 41.4 28.5565 -27.4 42 28.6745 -27.4 42.0764 28.7149 -27.4 42.6353 29 -27.4 42.6764 29.0224 -27.4 43 29.2214 -27.4 43.6 29.6387 -27.4 43.8148 29.8397 -27.4 44 29.9781 -27.4 44.0171 30 -27.4 44.0465 30.0819 -27.4 44.2931 31.484 -27.4 44.3554 32 -27.4 44.3566 32.0023 -27.4 44.4132 32.1109 -27.4 44.7488 32.4 -27.4 44.9355 32.8424 -27.4 45 32.911 -27.4 45.0673 33 -27.4 45.2258 33.4 -27.4 45.5199 34 -27.4 45.5343 34.4 -27.4 45.4959 35 -27.4 44.9339 36.4657 -27.4 44.879 36.6 -27.4 44.5267 37.4 -27.4 44.0659 38.6 -27.4 44.054 38.6266 -27.4 44 38.7635 -27.4 43.8938 39 -27.4 43.6436 39.6 -27.4 43.464 40 -27.4 43.0572 40.6 -27.4 43.0044 40.6825 -27.4 43 40.6889 -27.4 42.7614 41 -27.4 42.6081 41.13 -27.4 42 41.7567 -27.4 41.7146 42 -27.4 41.6359 42.1169 -27.4 41.6 42.1536 -27.4 40.9219 42.7285 -27.4 40.7331 43 -27.4 40.5219 43.1686 -27.4 40 43.5524 -27.4 39.6 43.6661 -27.4 39.287 43.8824 -27.4 39.1445 44 -27.4 39 44.1288 -27.4 38.6 44.3886 -27.4 38 44.6064 -27.4 37.6 44.7323 -27.4 36.6 44.8842 -27.4 36.4601 44.9176 -27.4 36.17 45 -27.4 36 45.0381 -27.4 35.7784 44.9949 -27.4 35.4 44.9039 -27.4 35 44.8386 -27.4 34.4 44.4221 -27.4 34.2211 44.1698 -27.4 34.0836 44 -27.4 34.0342 43.8488 -27.4 34 43.7765 -27.4 33.6805 43 -27.4 33.8068 42.5185 -27.4 33.8235 42 -27.4 33.597 41.6 -27.4 33.654 41 -27.4 33.2883 40.4 -27.4 33.2077 40 -27.4 33.3116 39.4 -27.4 33.3283 39 -27.4 33.1739 38.8491 -27.4 33 38.5305 -27.4 32.6 38.5231 -27.4 32 38.5368 -27.4 31.6 38.5218 -27.4 31 38.5677 -27.4 30.6 38.5346 -27.4 30 38.5591 -27.4 29.4 38.5732 -27.4 29.0434 38.5473 -27.4 29 38.5452 -27.4 28.4023 38.5557 -27.4 28 38.5475 -27.4 27.4111 38.5715 -27.4 27 38.5621 -27.4 26.3988 38.6012 -27.4 26 38.5652 -27.4 25.4544 38.4544 -27.4 25 38.4535 -27.4 23.8045 38.0829 -27.4 23.5103 38 -27.4 23 37.8315 -27.4 22.7675 37.7675 -27.4 22 37.4964 -27.4 21.2627 37.2627 -27.4 21 37.1408 -27.4 20.7679 37.0201 -27.4 20.7237 37 -27.4 20 36.3887 -27.4 19.3062 36 -27.4 19 35.6441 -27.4 18.4752 35 -27.4 18 34.3584 -27.4 17.7153 34 -27.4 17.3177 33.3177 -27.4 17.3613 33 -27.4 17.6225 32 -27.4 17.6604 31.6604 -27.4 17.8642 31 -27.4 17.9729 30 -27.4 17.9783 29.9783 -27.4 17.4961 29 -27.4 17 28.0658 -27.4 16.9675 28 -27.4 16.9705 27.9705 -27.4 16.1335 27 -27.4 16.0864 26.7056 -27.4 16.0625 26 -27.4 16 25.7943 -27.4 15.9964 25.787 -27.4 15.3825 25 -27.4 15.1342 24.6109 -27.4 15.1379 24 -27.4 15.1566 23.4 -27.4 15.1224 23 -27.4 15.1332 22.4 -27.4 15.1136 22 -27.4 15.1187 21.4 -27.4 15.129 21 -27.4 15.1339 20.4 -27.4 15.1607 19.4 -27.4 15.3131 19 -27.4 15.2922 18.4 -27.4 15.2973 18 -27.4 15.154 17.6 -27.4 15.1182 17.5122 -27.4 15 17.2487 -27.4 14.6141 16.6 -27.4 14.3862 16 -27.4 14.2211 15.6 -27.4 14.1519 15.4645 -27.4 14 15.2416 -27.4 13.8516 15 -27.4 13.6879 14.7781 -27.4 13.505 14.505 -27.4 13.2465 14 -27.4 12.6461 13 -27.4 12.6 12.9036 -27.4 12.2715 12.2715 -27.4 12.2482 12 -27.4 12.2364 11.2364 -27.4 12.2931 11 -27.4 12.4634 10.4634 -27.4 12.4495 10 -27.4 12.6575 9.34248 -27.4 12.8576 9 -27.4 12.9662 8.79824 -27.4 13 8.71854 -27.4 13.3852 8.38522 -27.4 13.3619 8 -27.4 13.4209 7.57909 -27.4 13.6379 7 -27.4 13.8933 6.52973 -27.4 
3
131
13.7525 4.79235 -26.5 13.5222 5 -26.5 13 5.52221 -26.5 12.5963 6 -26.5 12.4997 7 -26.5 12 7.49963 -26.5 11.7637 7.75751 -26.5 11.5493 8 -26.5 11 8.54937 -26.5 10.4605 8.00986 -26.5 10.5026 8.50001 -26.5 10.6024 9 -26.5 10.6438 9.5 -26.5 10.7344 10 -26.5 10.741 10.5 -26.5 10.7975 11 -26.5 10.8007 11.5 -26.5 10.813 11.62 -26.5 10.8378 12 -26.5 10.835 12.4336 -26.5 10.8692 13 -26.5 10.8786 13.3437 -26.5 10.9283 14 -26.5 10.9268 14.2031 -26.5 10.9516 15 -26.5 10.913 17.2136 -26.5 10.8778 18 -26.5 10.8702 18.3 -26.5 10.8402 19 -26.5 10.8316 19.3692 -26.5 10.8057 20 -26.5 10.8141 21 -26.5 10.8358 21.4165 -26.5 10.8907 22 -26.5 10.9082 22.2772 -26.5 10.9833 23 -26.5 11 23.3445 -26.5 11.0993 23.0993 -26.5 11.1107 23 -26.5 11.4731 22.4731 -26.5 12 21.6875 -26.5 12.2842 21.2842 -26.5 12.4663 21 -26.5 12.5953 20.5953 -26.5 13 20.0774 -26.5 13.0296 20.0296 -26.5 13.0497 20 -26.5 13 19.8612 -26.5 12.1893 18 -26.5 11.7725 17 -26.5 11.6937 16.6937 -26.5 11.9837 16 -26.5 11.8527 15 -26.5 11.9048 14.9048 -26.5 11.7982 14 -26.5 11.8905 13.8905 -26.5 11.3978 13 -26.5 11.4912 12.4912 -26.5 11.3171 12 -26.5 11.3853 11.5 -26.5 11.3727 11 -26.5 11.4615 10.5 -26.5 11.4999 10 -26.5 11.6971 9.5 -26.5 11.8055 9.24323 -26.5 11.9171 9 -26.5 12.0904 8.7869 -26.5 12.3591 8.5 -26.5 12.6283 8 -26.5 12.7121 7.80962 -26.5 13 7.35624 -26.5 13.026 7.30962 -26.5 13.1411 7 -26.5 13.6862 6 -26.5 13.7996 5.84762 -26.5 14 5.61792 -26.5 14.5 5.3873 -26.5 15 5.14758 -26.5 15.5 5.14834 -26.5 16 5.13765 -26.5 16.5 5.25204 -26.5 17 5.42222 -26.5 17.5 5.73548 -26.5 18 5.93059 -26.5 18.0712 5.96807 -26.5 18.1348 6 -26.5 18.5713 6.26078 -26.5 19 6.53451 -26.5 19.8072 7.13519 -26.5 20 7.2732 -26.5 20.822 8 -26.5 20.9091 8.05378 -26.5 21 8.14731 -26.5 21.3445 8.5538 -26.5 21.7388 9 -26.5 21.8444 9.22736 -26.5 22 9.43431 -26.5 22.2057 9.72736 -26.5 22.4093 10 -26.5 22.4881 10.5 -26.5 22.6224 11 -26.5 22.6164 11.5 -26.5 22.701 12 -26.5 22.7785 12.0774 -26.5 23 12.2183 -26.5 23.5 12.2502 -26.5 23.9288 12.2363 -26.5 23.868 12.1534 -26.5 23.751 12 -26.5 23 11.2767 -26.5 22.7233 11 -26.5 22.6847 10.5 -26.5 22.6623 10 -26.5 22.3281 9.61334 -26.5 22 9.2192 -26.5 21.7808 9 -26.5 21 8.12648 -26.5 20.8735 8 -26.5 20 7.19137 -26.5 19.8086 7 -26.5 19 6.3048 -26.5 18.6952 6 -26.5 18 5.47233 -26.5 17.5 5.40976 -26.5 17 5.33301 -26.5 16.5 5.24611 -26.5 16 5.13397 -26.5 15.866 5 -26.5 15 4.52957 -26.5 14.5 4.548 -26.5 14 4.58136 -26.5 
134
11 24.8547 -26.5 10.9944 25.0169 -26.5 10.9533 26 -26.5 10.944 26.1407 -26.5 10.8499 27 -26.5 10.7158 27.5 -26.5 10.6512 28.5 -26.5 10.5542 29 -26.5 10.5263 29.5 -26.5 10.4673 29.9896 -26.5 11 29.4569 -26.5 11.543 30 -26.5 11.7956 30.298 -26.5 12 30.5284 -26.5 12.4717 31 -26.5 12.7697 31.3401 -26.5 13 31.5916 -26.5 13.4084 32 -26.5 13.4591 32.5 -26.5 13.5545 33 -26.5 13.7993 33.2663 -26.5 16 35.4797 -26.5 16.5 35.5984 -26.5 17 35.662 -26.5 17.3379 36 -26.5 17.7226 36.32 -26.5 18 36.5785 -26.5 18.4214 37 -26.5 18.7414 37.2738 -26.5 19 37.51 -26.5 19.5 37.6413 -26.5 20 37.7127 -26.5 20.2873 38 -26.5 20.6924 38.291 -26.5 21 38.5444 -26.5 21.5 38.6083 -26.5 22 38.6571 -26.5 22.3429 39 -26.5 22.6977 39.2435 -26.5 23 39.4667 -26.5 23.5 39.4925 -26.5 25 39.5395 -26.5 25.5 39.5456 -26.5 26 39.5433 -26.5 26.5 39.5497 -26.5 28 39.5319 -26.5 28.5 39.3467 -26.5 29 39.3447 -26.5 29.5 39.3092 -26.5 30 39.3073 -26.5 30.5 39.2454 -26.5 31 39.2418 -26.5 31.0328 39.2375 -26.5 31.4435 39 -26.5 31.5327 38.9107 -26.5 32 38.8564 -26.5 32.1437 39 -26.5 32.3115 39.5 -26.5 32.733 40 -26.5 32.7571 40.08 -26.5 33 40.4471 -26.5 33.133 40.58 -26.5 33.2303 41 -26.5 33.2583 41.5 -26.5 33 41.7558 -26.5 32.8622 42 -26.5 33 42.2569 -26.5 33.2392 42.5 -26.5 33.2082 43 -26.5 33.5032 43.4994 -26.5 33.2752 43 -26.5 33.286 42.5 -26.5 33.4172 42 -26.5 33.3886 41.5 -26.5 33.4361 41 -26.5 33.1313 40.5 -26.5 33.0421 40.1148 -26.5 33.0076 40 -26.5 33.0232 39.9099 -26.5 33.1195 39 -26.5 33 38.8832 -26.5 32.5 38.8288 -26.5 32 38.8403 -26.5 31.5 38.8785 -26.5 31.1094 38.9239 -26.5 31 38.9405 -26.5 30.6091 38.9564 -26.5 30 39.026 -26.5 29.83 39.0381 -26.5 29 39.0691 -26.5 28 39.0871 -26.5 26.5 39.1564 -26.5 26 39.1461 -26.5 25.5 39.148 -26.5 25 39.1287 -26.5 24.5 39.0798 -26.5 24.0677 39 -26.5 23.5 38.8164 -26.5 23 38.6638 -26.5 22.5 38.4865 -26.5 21.5 38.1632 -26.5 21.4254 38.1287 -26.5 21.0402 38 -26.5 21 37.9814 -26.5 20.5 37.669 -26.5 20 37.409 -26.5 19.5 37.0554 -26.5 19.4366 37.0121 -26.5 19.4145 37 -26.5 19 36.7259 -26.5 18.7119 36.5 -26.5 17.9722 36 -26.5 17.4827 35.5 -26.5 17.1267 35.2519 -26.5 17 35.1498 -26.5 16.8215 35 -26.5 16.504 34.5 -26.5 16.1266 34 -26.5 16.0067 33.8233 -26.5 16 33.8177 -26.5 15.2335 33 -26.5 14.2473 32 -26.5 14 31.6593 -26.5 13.565 31 -26.5 13.1444 30.1444 -26.5 13.0943 30 -26.5 12.1576 28.1576 -26.5 12.0965 28 -26.5 12 27.843 -26.5 11.5817 27 -26.5 11.2731 26.2731 -26.5 11.2601 26 -26.5 11.0356 25.0356 -26.5 11.035 25 -26.5 
76
44.9109 37.0144 -26.5 44.7247 37.5 -26.5 44.6011 38 -26.5 44.4089 38.5 -26.5 44.1355 39 -26.5 44 39.3377 -26.5 43.9152 39.6149 -26.5 43.7579 40 -26.5 43.4189 40.5 -26.5 43.1218 41 -26.5 43.1216 41.0002 -26.5 43.1181 41.0042 -26.5 43 41.1269 -26.5 42.5615 41.5042 -26.5 42.0847 42 -26.5 42.0615 42.021 -26.5 42 42.0841 -26.5 41.5 42.508 -26.5 41.096 42.9449 -26.5 41 43.0308 -26.5 40.5 43.4057 -26.5 40 43.7485 -26.5 39.841 43.8198 -26.5 39.5801 44 -26.5 39.2418 44.5 -26.5 39.0027 44.7132 -26.5 39 44.7169 -26.5 38.5064 44.8962 -26.5 38.1809 45 -26.5 38 45.0521 -26.5 37.8229 45.0669 -26.5 37 45.1636 -26.5 36.5 45.275 -26.5 36 45.2901 -26.5 35.5558 45.2041 -26.5 35.0676 45 -26.5 35.0558 44.9956 -26.5 35.0222 44.9887 -26.5 35.0335 45 -26.5 35.5194 45.3196 -26.5 36 45.5978 -26.5 36.5 45.5867 -26.5 37 45.5659 -26.5 37.5 45.3943 -26.5 38 45.3776 -26.5 38.0178 45.3827 -26.5 38.0181 45.3828 -26.5 38.5 45.5206 -26.5 39 45.5059 -26.5 39.257 45.2261 -26.5 39.5001 45 -26.5 39.5653 44.4999 -26.5 39.6982 44 -26.5 39.8222 43.876 -26.5 40 43.7963 -26.5 40.5 43.4485 -26.5 41 43.3431 -26.5 41.0811 43.2705 -26.5 41.3693 43 -26.5 41.581 42.7883 -26.5 42 42.6089 -26.5 42.3172 42.2882 -26.5 42.6181 42 -26.5 42.8172 41.8008 -26.5 43 41.41 -26.5 43.3908 41.0002 -26.5 43.391 41 -26.5 43.693 40.5 -26.5 43.7938 40 -26.5 43.9071 39.8867 -26.5 44 39.5829 -26.5 44.0797 39.3867 -26.5 44.3509 39 -26.5 44.6279 38.5 -26.5 44.6923 38 -26.5 44.8134 37.5 -26.5 
2
38
14.4 5.32641 -25.6 14 5.42167 -25.6 13.7123 5.72436 -25.6 13.4718 6 -25.6 13.1435 6.6 -25.6 13.0087 6.96915 -25.6 13 6.99516 -25.6 12.9974 7 -25.6 12.9661 7.05595 -25.6 12.6207 7.6 -25.6 12.3256 8 -25.6 12.071 8.31102 -25.6 12 8.45085 -25.6 11.8009 8.71102 -25.6 11.5676 9 -25.6 11.3311 9.6 -25.6 11.0832 10 -25.6 11 10.4247 -25.6 10.9906 10.3834 -25.6 10.9474 10 -25.6 10.9176 9.92988 -25.6 10.8022 9.6 -25.6 10.6935 9 -25.6 10.4946 8.01206 -25.6 11 8.51739 -25.6 11.5174 8 -25.6 12 7.4707 -25.6 12.4707 7 -25.6 12.5766 6 -25.6 13 5.49947 -25.6 13.4995 5 -25.6 14 4.57195 -25.6 15 4.50325 -25.6 15.5407 4.79648 -25.6 15.8555 5 -25.6 15.9829 5.12733 -25.6 15.4 5.12645 -25.6 15 5.04967 -25.6 
98
11 27.7996 -25.6 10.8193 28.4 -25.6 10.7031 29 -25.6 10.6308 29.6 -25.6 10.5477 29.9864 -25.6 11 29.5341 -25.6 11.4659 30 -25.6 12 30.6382 -25.6 12.3618 31 -25.6 13 31.7364 -25.6 13.2636 32 -25.6 13.378 32.6 -25.6 13.4857 33 -25.6 13.7063 33.2326 -25.6 14 33.5522 -25.6 14.2804 33.8326 -25.6 14.6738 34 -25.6 14.6804 34.007 -25.6 15.2806 34.607 -25.6 15.4427 35 -25.6 15.6806 35.2189 -25.6 16 35.5381 -25.6 17 35.7779 -25.6 17.2221 36 -25.6 17.5384 36.2766 -25.6 18 36.6606 -25.6 18.3394 37 -25.6 18.6161 37.2482 -25.6 19 37.5768 -25.6 19.4 37.7103 -25.6 20 37.8679 -25.6 20.1138 37.9816 -25.6 20.1716 38 -25.6 20.5138 38.1211 -25.6 21 38.4703 -25.6 21.4 38.6515 -25.6 22 38.7281 -25.6 22.1743 38.9023 -25.6 22.5622 39 -25.6 22.5743 39.0042 -25.6 23 39.2965 -25.6 23.4 39.4174 -25.6 24 39.4484 -25.6 27 39.4884 -25.6 28 39.4759 -25.6 28.4 39.3996 -25.6 28.9397 39.1997 -25.6 28.4 39.2096 -25.6 28 39.2856 -25.6 27.4 39.3126 -25.6 27 39.3176 -25.6 26.4 39.3052 -25.6 26 39.407 -25.6 25.4 39.3838 -25.6 25 39.3824 -25.6 24.4 39.3237 -25.6 24 39.2115 -25.6 23.6 39.091 -25.6 23 38.9551 -25.6 22.6 38.8507 -25.6 21.4 38.4629 -25.6 21 38.2841 -25.6 20.6813 38.1296 -25.6 20.3151 38 -25.6 20.2813 37.9893 -25.6 20 37.8282 -25.6 19.4 37.4039 -25.6 19 37.106 -25.6 18.9786 37.0914 -25.6 18.5786 36.7779 -25.6 17.7017 36.1779 -25.6 17.4687 36 -25.6 17.3017 35.8816 -25.6 17 35.6383 -25.6 16.6 35.3656 -25.6 16.175 35.009 -25.6 16.1622 35 -25.6 16 34.7986 -25.6 15.6572 34.4439 -25.6 15.6192 34.4 -25.6 15.2035 34 -25.6 15 33.782 -25.6 14.7292 33.4694 -25.6 14.6762 33.4 -25.6 14.3197 33 -25.6 14.2938 32.9693 -25.6 14 32.6659 -25.6 13.7865 32.3693 -25.6 13.4882 32 -25.6 13.3865 31.8615 -25.6 13 31.3559 -25.6 12.74 31 -25.6 12.1196 30.0913 -25.6 12.0206 30 -25.6 12 29.9622 -25.6 11.8085 29.4 -25.6 11.5811 29 -25.6 11.2079 28.1355 -25.6 
1
42
13.4932 5 -24.7 13 5.49322 -24.7 12.8619 5.64382 -24.7 12.5564 6 -24.7 12.4772 6.7 -24.7 12.4388 7 -24.7 12 7.43876 -24.7 11.4944 8 -24.7 11 8.49439 -24.7 10.5183 8.01271 -24.7 10.7213 9 -24.7 10.798 9.19592 -24.7 11 9.77321 -24.7 11.0767 9.57729 -24.7 11.4283 9 -24.7 11.4912 8.69999 -24.7 11.8391 8.24526 -24.7 11.8396 8.24471 -24.7 11.9204 8 -24.7 12 7.91063 -24.7 12.1159 7.85106 -24.7 12.3577 7.7 -24.7 12.8741 7 -24.7 12.9335 6.89023 -24.7 13 6.77751 -24.7 13.0719 6.59023 -24.7 13.2684 6 -24.7 14 5.23068 -24.7 14.7 5.06397 -24.7 14.7604 5.00358 -24.7 14.7633 5 -24.7 15 4.8473 -24.7 15.2263 5 -24.7 15.2964 5.07011 -24.7 15.3 5.07454 -24.7 15.9808 5.20523 -24.7 15.7756 5 -24.7 15.551 4.84848 -24.7 15 4.49232 -24.7 14.3 4.54248 -24.7 14 4.556 -24.7 13.8494 4.694 -24.7 
0
