29
0
0
0
0
0
0
0
0
0
0
0
0
0
0
0
0
0
0
1
15
23.8332 13.7407 -34.6 24.0952 13.4879 -34.6 24.8701 12.7786 -34.6 25.0574 12.6785 -34.6 25.1665 12.694 -34.6 25.8392 12.7786 -34.6 26.0195 12.818 -34.6 26.0204 12.8192 -34.6 26.9659 13.7407 -34.6 26.6352 14.7028 -34.6 26.0195 15.5387 -34.6 25.6264 15.665 -34.6 25.0574 15.857 -34.6 24.1657 14.7028 -34.6 24.0952 14.5131 -34.6 
0
0
0
0
0
0
0
0
0
5
16
15.8045 13.808 -25.6 15.9299 14.7028 -25.6 15.9985 14.9382 -25.6 16.1714 15.665 -25.6 16.4549 16.5898 -25.6 16.4669 16.6271 -25.6 16.5354 16.8625 -25.6 16.7412 17.4971 -25.6 16.4529 17 -25.6 16.3365 16.6 -25.6 16.2627 16 -25.6 16.1484 15.6075 -25.6 16 15.4591 -25.6 15.6941 15.0075 -25.6 15.5755 14.6 -25.6 15.7532 14 -25.6 
18
20.4821 33.3783 -25.6 20.2467 33.5517 -25.6 19.786 33.9364 -25.6 19.7777 33.9457 -25.6 19.6739 34.1812 -25.6 19.6346 34.9078 -25.6 20.1346 35.2921 -25.6 20.2467 35.3907 -25.6 20.5229 35.5506 -25.6 20 35.4342 -25.6 19.5182 35.0882 -25.6 19.3255 35 -25.6 19.4382 34.4 -25.6 19.6344 34 -25.6 20 33.6794 -25.6 20.0057 33.6763 -25.6 20.4 33.3543 -25.6 20.6639 33.292 -25.6 
13
21.6758 32 -25.6 21.5293 32.6 -25.6 21.3706 32.8468 -25.6 21.819 32.2568 -25.6 21.9834 32.0214 -25.6 22.171 31.6971 -25.6 22.5087 31.0593 -25.6 22.7963 30.0971 -25.6 22.7961 30.0948 -25.6 22.5216 30.6 -25.6 22.4165 31 -25.6 22.214 31.2024 -25.6 21.9947 31.6025 -25.6 
14
19.5443 40.6 -25.6 19.853 40 -25.6 19.8551 39.9941 -25.6 19.6694 40.6807 -25.6 19.615 40.9161 -25.6 19.4227 41.6429 -25.6 19.4128 41.8783 -25.6 19.3486 42.605 -25.6 19.4807 43.2995 -25.6 19.3467 43 -25.6 19.3196 42.6 -25.6 19.302 42 -25.6 19.3946 41.6 -25.6 19.4517 41 -25.6 
19
19.5543 44.6 -25.6 19.6594 45 -25.6 19.6862 45.0391 -25.6 20 45.4135 -25.6 20.2256 45.6391 -25.6 20.6166 46 -25.6 20.6256 46.0064 -25.6 21 46.3356 -25.6 21.5415 46.4701 -25.6 21.5194 46.4536 -25.6 21.3195 46.286 -25.6 21.2088 46.1975 -25.6 21.0518 46.0506 -25.6 20.4363 45.4914 -25.6 20.3251 45.3567 -25.6 20.2467 45.2453 -25.6 20.1794 45.1213 -25.6 19.8327 44.5293 -25.6 19.6922 44.1008 -25.6 
