108
0 1 0 1 1 2 1 2 2 3 2 3 3 4 3 4 4 5 4 5 5 6 5 6 6 7 6 7 7 8 7 8 8 9 8 9 9 10 9 10 10 11 10 11 11 12 11 12 12 13 12 13 13 14 13 14 14 15 14 15 15 16 15 16 16 17 16 17 17 18 17 18 18 19 18 19 19 20 19 20 20 21 20 21 21 22 21 22 22 23 22 23 23 24 23 24 24 25 24 25 25 26 25 26 26 27 26 27 
29
1 0 
1 1 
1 2 
1 3 
1 4 
1 5 
1 6 
1 7 
1 8 
1 9 
1 10 
1 11 
1 12 
1 13 
1 14 
1 15 
1 16 
1 17 
1 18 
1 19 
1 20 
1 21 
1 22 
1 23 
1 24 
1 25 
1 26 
1 27 
0 
28
0 0 0 -50.8
1 1 
1
6
3.1106e-015 50.7999 -50.8 7.57468e-008 11.1849 -50.8 0.041669 11.1478 -50.8 1.00381 11.0881 -50.8 50.8 11.0871 -50.8 50.8 50.8 -50.8 
1 1 0 -49.9
2 0 2 
1
6
3.05549e-015 11.1859 -49.9 0.041669 11.1488 -49.9 1.00381 11.0891 -49.9 50.8 11.088 -49.9 50.8 50.8 -49.9 3.05549e-015 50.8 -49.9 
2 2 0 -49
2 1 3 
1
6
3.00039e-015 11.1869 -49 0.041669 11.1499 -49 1.00381 11.0901 -49 50.8 11.089 -49 50.8 50.8 -49 3.00038e-015 50.8 -49 
3 3 0 -48.1
2 2 4 
1
6
2.94527e-015 11.188 -48.1 0.041669 11.1509 -48.1 1.00381 11.0911 -48.1 50.8 11.0898 -48.1 50.8 50.8 -48.1 2.94527e-015 50.8 -48.1 
4 4 0 -47.2
2 3 5 
1
6
2.89017e-015 11.1891 -47.2 0.041669 11.152 -47.2 1.00381 11.0921 -47.2 50.8 11.0908 -47.2 50.8 50.8 -47.2 2.89016e-015 50.8 -47.2 
5 5 0 -46.3
2 4 6 
1
6
2.83506e-015 11.1901 -46.3 0.041669 11.1531 -46.3 1.00381 11.0932 -46.3 50.8 11.0917 -46.3 50.8 50.8 -46.3 2.83506e-015 50.8 -46.3 
6 6 0 -45.4
2 5 7 
1
6
2.77995e-015 11.1911 -45.4 0.041669 11.1541 -45.4 1.00381 11.0942 -45.4 50.8 11.0926 -45.4 50.8 50.8 -45.4 2.77995e-015 50.8 -45.4 
7 7 0 -44.5
2 6 8 
1
8
2.72483e-015 11.1922 -44.5 0.000732836 11.1916 -44.5 0.00245466 11.1901 -44.5 0.041669 11.1552 -44.5 1.00381 11.0952 -44.5 50.8 11.0936 -44.5 50.8 50.8 -44.5 2.72484e-015 50.8 -44.5 
8 8 0 -43.6
2 7 9 
1
6
2.66973e-015 11.1933 -43.6 0.041669 11.1563 -43.6 1.00381 11.0963 -43.6 50.8 11.0945 -43.6 50.8 50.8 -43.6 2.66973e-015 50.8 -43.6 
9 9 0 -42.7
2 8 10 
1
6
2.61462e-015 11.1944 -42.7 0.041669 11.1573 -42.7 1.00381 11.0973 -42.7 50.8 11.0955 -42.7 50.8 50.8 -42.7 2.61462e-015 50.8 -42.7 
10 10 0 -41.8
2 9 11 
1
6
2.55952e-015 11.1953 -41.8 0.041669 11.1583 -41.8 1.00381 11.0983 -41.8 50.8 11.0963 -41.8 50.8 50.8 -41.8 2.55951e-015 50.8 -41.8 
11 11 0 -40.9
2 10 12 
1
6
2.5044e-015 11.1963 -40.9 0.041669 11.1593 -40.9 1.00381 11.0993 -40.9 50.8 11.0972 -40.9 50.8 50.8 -40.9 2.5044e-015 50.8 -40.9 
12 12 0 -40
2 11 13 
1
6
2.4493e-015 11.1972 -40 0.041669 11.1603 -40 1.00381 11.1002 -40 50.8 11.098 -40 50.8 50.8 -40 2.44929e-015 50.8 -40 
13 13 0 -39.1
2 12 14 
1
6
2.39418e-015 11.1981 -39.1 0.041669 11.1612 -39.1 1.00381 11.1011 -39.1 50.8 11.0988 -39.1 50.8 50.8 -39.1 2.39418e-015 50.8 -39.1 
14 14 0 -38.2
2 13 15 
1
7
2.33907e-015 11.1991 -38.2 0.041669 11.1622 -38.2 1.00381 11.1021 -38.2 25.0574 11.2939 -38.2 50.8 11.0996 -38.2 50.8 50.8 -38.2 2.33907e-015 50.8 -38.2 
15 15 0 -37.3
2 14 16 
1
7
2.28397e-015 11.2001 -37.3 0.041669 11.1631 -37.3 1.00381 11.103 -37.3 25.0574 11.3479 -37.3 50.8 11.1005 -37.3 50.8 50.8 -37.3 2.28397e-015 50.8 -37.3 
16 16 0 -36.4
2 15 17 
1
10
2.22886e-015 11.2011 -36.4 0.041669 11.1641 -36.4 1.00381 11.1039 -36.4 24.547 11.4002 -36.4 25.0574 11.421 -36.4 26.0195 11.4134 -36.4 26.9817 11.3799 -36.4 50.8 11.1014 -36.4 50.8 50.8 -36.4 2.22886e-015 50.8 -36.4 
17 17 0 -35.5
2 16 18 
1
19
2.17375e-015 11.2021 -35.5 0.041669 11.1652 -35.5 1.00381 11.1049 -35.5 22.6849 11.4127 -35.5 23.647 11.4529 -35.5 24.0952 11.4807 -35.5 24.6092 11.5016 -35.5 25.0574 11.5301 -35.5 26.0195 11.5161 -35.5 26.5335 11.4951 -35.5 26.9817 11.4659 -35.5 27.4956 11.4486 -35.5 27.9438 11.4248 -35.5 28.4578 11.4098 -35.5 28.906 11.3888 -35.5 29.8681 11.3584 -35.5 50.8 11.1023 -35.5 50.8 50.8 -35.5 2.17375e-015 50.8 -35.5 
18 18 0 -34.6
2 17 19 
1
31
2.11864e-015 11.2031 -34.6 0.041669 11.1663 -34.6 1.00381 11.106 -34.6 16.0121 11.2725 -34.6 16.3981 11.2886 -34.6 16.9743 11.3031 -34.6 17.3603 11.3191 -34.6 20.8228 11.4244 -34.6 21.785 11.4674 -34.6 22.7471 11.5194 -34.6 23.1331 11.5591 -34.6 23.7092 11.5949 -34.6 24.0952 11.641 -34.6 24.6714 11.6777 -34.6 25.6335 11.6619 -34.6 26.0195 11.6271 -34.6 26.5957 11.5895 -34.6 26.9817 11.6099 -34.6 27.5578 11.5794 -34.6 27.9438 11.5379 -34.6 28.52 11.5109 -34.6 28.906 11.4757 -34.6 29.4821 11.454 -34.6 29.8681 11.4284 -34.6 31.7924 11.3653 -34.6 34.2928 11.2961 -34.6 34.6788 11.2795 -34.6 35.641 11.2483 -34.6 50.8 11.1033 -34.6 50.8 50.8 -34.6 2.11864e-015 50.8 -34.6 
19 19 0 -33.7
2 18 20 
1
158
2.06353e-015 11.755 -33.7 2.06353e-015 11.2043 -33.7 0.041669 11.1674 -33.7 1.00381 11.1071 -33.7 17.0364 11.3473 -33.7 17.3603 11.3692 -33.7 17.9985 11.3911 -33.7 18.3224 11.4139 -33.7 18.9606 11.436 -33.7 19.2845 11.4558 -33.7 19.9228 11.4828 -33.7 20.2467 11.5074 -33.7 21.8471 11.6014 -33.7 22.171 11.5479 -33.7 22.8092 11.6135 -33.7 23.1331 11.7931 -33.7 23.3134 11.8164 -33.7 23.1331 12.0318 -33.7 22.6358 12.7786 -33.7 21.6613 13.7407 -33.7 21.987 14.7028 -33.7 24.0952 17.7033 -33.7 25.0574 18.9506 -33.7 26.0195 18.6348 -33.7 26.7849 17.5893 -33.7 28.8131 14.7028 -33.7 29.1387 13.7407 -33.7 28.1636 12.7786 -33.7 27.9438 12.5929 -33.7 27.2555 11.8164 -33.7 27.4181 11.7721 -33.7 27.9438 11.7156 -33.7 27.9994 11.694 -33.7 28.2677 11.5233 -33.7 28.906 11.465 -33.7 29.5442 11.4226 -33.7 29.8681 11.517 -33.7 30.5064 11.4945 -33.7 30.8303 11.4927 -33.7 31.4685 11.4668 -33.7 31.7924 11.444 -33.7 32.4307 11.4228 -33.7 32.7546 11.4028 -33.7 33.3928 11.3795 -33.7 33.7167 11.3564 -33.7 34.3549 11.3289 -33.7 34.6788 11.3077 -33.7 35.641 11.2658 -33.7 50.8 11.1043 -33.7 50.8 11.7551 -33.7 35 11.9569 -33.7 34.3003 12 -33.7 34.5027 12.5027 -33.7 34.9745 12.9919 -33.7 34.9817 13 -33.7 35 13.0183 -33.7 35.9009 13.9721 -33.7 35.923 14 -33.7 35.0118 14.947 -33.7 35 14.9608 -33.7 34.9608 15 -33.7 34.9168 18 -33.7 34.0146 18.9325 -33.7 34 18.9493 -33.7 33.9493 19 -33.7 33.9195 21 -33.7 33.0161 21.9268 -33.7 33 21.9447 -33.7 31.5665 22 -33.7 31 22.5117 -33.7 30.2752 23 -33.7 30 23.1224 -33.7 29.9048 25 -33.7 29.0308 25.8495 -33.7 29 25.876 -33.7 28.876 26 -33.7 28.8498 29 -33.7 28.9179 32 -33.7 29.9182 32.9822 -33.7 29.9376 33 -33.7 31.8985 34.9756 -33.7 31.9209 35 -33.7 31.0196 35.9111 -33.7 31 35.9317 -33.7 30 35.9522 -33.7 29.0209 36.9173 -33.7 29 36.9369 -33.7 28.9369 37 -33.7 29 37.0631 -33.7 29.8827 37.9722 -33.7 29.907 38 -33.7 31.8656 39.9729 -33.7 31.8913 40 -33.7 31.8879 45 -33.7 31.0242 45.8713 -33.7 31 45.8966 -33.7 30 45.9122 -33.7 28.0262 47.8773 -33.7 28 47.9021 -33.7 23 47.9044 -33.7 22.1063 47.0217 -33.7 22.0833 47 -33.7 22 46.9167 -33.7 21 46.9018 -33.7 19.1339 45.0267 -33.7 19.1082 45 -33.7 19.0886 43 -33.7 18.1376 42.0291 -33.7 18.1117 42 -33.7 18.9773 41.1204 -33.7 19 41.0958 -33.7 19.0958 41 -33.7 19.1127 39 -33.7 19.9756 38.1301 -33.7 20 38.1047 -33.7 20.1047 38 -33.7 20.9811 37.0969 -33.7 21 37.0751 -33.7 21.0751 37 -33.7 21.0433 36 -33.7 21 35.9567 -33.7 20 35.9356 -33.7 19.0954 35.0225 -33.7 19.0738 35 -33.7 19.0775 34 -33.7 20.9742 32.1155 -33.7 21 32.0914 -33.7 21.9711 31.1385 -33.7 22 31.1125 -33.7 22.1125 31 -33.7 22.1485 29 -33.7 22.1234 26 -33.7 22 25.8766 -33.7 21.1182 25.0209 -33.7 21.0938 25 -33.7 21.0482 24 -33.7 21 23.9518 -33.7 20.0193 23.0049 -33.7 20.0138 23 -33.7 20 22.665 -33.7 19.5778 22.4222 -33.7 19.226 22 -33.7 18 21.9529 -33.7 17.094 21.0238 -33.7 17.0726 21 -33.7 17.0574 20 -33.7 17 19.9426 -33.7 16.1105 19.0268 -33.7 16.087 19 -33.7 16.0605 17 -33.7 16 16.9395 -33.7 15.1162 16.0278 -33.7 15.092 16 -33.7 15.0664 13 -33.7 15.9897 12.044 -33.7 16 12.0322 -33.7 16.0322 12 -33.7 16 11.9678 -33.7 
20 20 0 -32.8
2 19 21 
1
174
16 12.7272 -32.8 16.7272 12 -32.8 16.0553 11.3281 -32.8 17.0986 11.3961 -32.8 17.3603 11.4192 -32.8 18.0607 11.4686 -32.8 18.3224 11.5042 -32.8 19.0228 11.547 -32.8 19.2845 11.5778 -32.8 19.985 11.6309 -32.8 20.2467 11.6406 -32.8 20.9471 11.6842 -32.8 21.2088 11.7981 -32.8 21.9077 11.8164 -32.8 21.3254 11.8637 -32.8 21.2088 11.9089 -32.8 20.9471 12.4099 -32.8 20.488 12.7286 -32.8 20.4582 12.7786 -32.8 20.2467 12.98 -32.8 19.5166 13.7024 -32.8 19.486 13.7407 -32.8 19.8143 14.7028 -32.8 23.1944 19.5136 -32.8 23.8995 20.4757 -32.8 24.0952 20.5839 -32.8 24.208 20.5885 -32.8 24.6994 20.7723 -32.8 25.0574 21.0334 -32.8 25.3384 21.0239 -32.8 26.0195 20.899 -32.8 26.8926 20.4943 -32.8 26.9181 20.4757 -32.8 30.9858 14.7028 -32.8 31.3079 13.7407 -32.8 31.0659 13.5051 -32.8 30.3403 12.7786 -32.8 29.8681 12.3556 -32.8 29.2353 12.1457 -32.8 29.1316 12.0864 -32.8 28.906 11.9711 -32.8 28.6823 11.8164 -32.8 28.906 11.6741 -32.8 29.398 11.5685 -32.8 29.8681 11.7056 -32.8 30.0011 11.6513 -32.8 30.1298 11.5943 -32.8 30.8303 11.5904 -32.8 31.5307 11.5411 -32.8 31.7924 11.5476 -32.8 32.4929 11.5043 -32.8 33.455 11.433 -32.8 33.7167 11.3991 -32.8 33.9403 11.3845 -32.8 33.3248 12 -32.8 34 12.6752 -32.8 34.2884 13 -32.8 35 13.7117 -32.8 35.2271 14 -32.8 35 14.2664 -32.8 34.2664 15 -32.8 34.2206 18 -32.8 34 18.2548 -32.8 33.2548 19 -32.8 33.224 21 -32.8 33.0484 21.1958 -32.8 33 21.2528 -32.8 32.8 21.2691 -32.8 32 21.3013 -32.8 31.8 21.3169 -32.8 31 21.3446 -32.8 30.3446 22 -32.8 30.0889 22.2457 -32.8 30 22.3203 -32.8 29.3203 23 -32.8 29.2739 23.8 -32.8 29.2547 24 -32.8 29.2192 24.8 -32.8 29.2075 25 -32.8 29.0437 25.1408 -32.8 29 25.1795 -32.8 28.1795 26 -32.8 28.1546 29 -32.8 28.1653 30 -32.8 28.224 32 -32.8 29 32.776 -32.8 29.1901 32.9503 -32.8 29.2474 33 -32.8 30.1922 33.9426 -32.8 30.2532 34 -32.8 31 34.7468 -32.8 31.1767 34.939 -32.8 31.23 35 -32.8 31 35.2427 -32.8 30 35.265 -32.8 29.265 36 -32.8 29.0632 36.1895 -32.8 29 36.2445 -32.8 28.2445 37 -32.8 29 37.7555 -32.8 29.1656 37.9451 -32.8 29.2159 38 -32.8 30.2099 39 -32.8 31 39.7901 -32.8 31.153 39.9512 -32.8 31.1977 40 -32.8 31.194 45 -32.8 31.0437 45.1573 -32.8 31 45.2046 -32.8 30 45.2222 -32.8 28.2222 47 -32.8 28.0514 47.1617 -32.8 28 47.2078 -32.8 25 47.2338 -32.8 23 47.2102 -32.8 22.8266 47.0467 -32.8 22.7744 47 -32.8 22 46.2256 -32.8 21 46.2097 -32.8 20 45.2081 -32.8 19.8466 45.0484 -32.8 19.8016 45 -32.8 19.7801 43 -32.8 19 42.2199 -32.8 18.8494 42.0507 -32.8 18.8063 42 -32.8 18.957 41.8366 -32.8 19 41.7881 -32.8 19.7882 41 -32.8 19.8064 39 -32.8 20 38.7969 -32.8 20.7969 38 -32.8 21 37.7676 -32.8 21.7676 37 -32.8 21.7556 36.8 -32.8 21.7301 36 -32.8 21 35.2699 -32.8 20 35.247 -32.8 19.7637 35 -32.8 19.7681 34 -32.8 20.7672 33 -32.8 20.9461 32.8331 -32.8 21 32.7856 -32.8 21.7856 32 -32.8 22 31.8081 -32.8 22.8081 31 -32.8 22.8334 30 -32.8 22.8436 29 -32.8 22.8195 26 -32.8 22 25.1805 -32.8 21.835 25.0392 -32.8 21.7912 25 -32.8 21.7429 24 -32.8 21.723 23.8 -32.8 21.352 23.4705 -32.8 21 23.1185 -32.8 20.8653 23 -32.8 20.771 22.8755 -32.8 20.6793 22.8 -32.8 20.6463 22 -32.8 20 21.3537 -32.8 19.8 21.3389 -32.8 19 21.3105 -32.8 18.8 21.2935 -32.8 18 21.2622 -32.8 17.8181 21.0599 -32.8 17.7675 21 -32.8 17.7518 20 -32.8 17 19.2482 -32.8 16.7834 19 -32.8 16.7558 17 -32.8 16 16.2442 -32.8 15.7885 16 -32.8 15.7619 13 -32.8 
21 21 0 -31.9
2 20 22 
1
204
16.0571 11.3526 -31.9 16.3981 11.3756 -31.9 17.1607 11.4428 -31.9 17.3603 11.4648 -31.9 18.1228 11.5686 -31.9 18.3224 11.6026 -31.9 19.0849 11.6922 -31.9 19.2845 11.7455 -31.9 19.9832 11.8164 -31.9 19.8606 11.9002 -31.9 19.2845 12.0733 -31.9 19.1981 12.1565 -31.9 18.8537 12.7786 -31.9 18.3224 13.6831 -31.9 18.2979 13.7407 -31.9 18.3224 13.9164 -31.9 18.4728 14.7028 -31.9 18.5467 14.8797 -31.9 18.5537 14.9024 -31.9 18.8754 15.665 -31.9 18.9335 15.8646 -31.9 19.2845 16.8037 -31.9 19.4134 16.9486 -31.9 19.876 17.5893 -31.9 19.9252 17.6795 -31.9 20.2467 18.3933 -31.9 21.0989 19.6235 -31.9 21.2088 19.7652 -31.9 21.7167 20.4757 -31.9 22.171 20.6994 -31.9 22.4981 20.8028 -31.9 22.5079 20.807 -31.9 23.1331 21.2928 -31.9 23.5582 21.4379 -31.9 23.8956 21.4942 -31.9 24.8578 21.4827 -31.9 25.0574 21.486 -31.9 27.1813 21.4619 -31.9 27.2918 21.4379 -31.9 27.9438 21.1376 -31.9 28.8079 20.5738 -31.9 28.906 20.5615 -31.9 29.0718 20.4757 -31.9 29.7783 19.5136 -31.9 29.8681 19.3858 -31.9 30.3827 18.6205 -31.9 30.8303 17.9757 -31.9 30.9701 17.5893 -31.9 31.1788 17.2407 -31.9 31.3048 16.9837 -31.9 31.5114 16.6271 -31.9 31.7924 16.2528 -31.9 31.8721 16.0417 -31.9 31.9543 15.8646 -31.9 32.0707 15.4654 -31.9 32.3455 14.7028 -31.9 32.5087 13.7407 -31.9 32.4785 13.6701 -31.9 32.4195 13.5411 -31.9 32.0201 12.7786 -31.9 31.8794 12.6002 -31.9 31.7924 12.3979 -31.9 31.0299 12.0882 -31.9 30.8303 11.8352 -31.9 30.8022 11.8164 -31.9 30.8303 11.804 -31.9 31.0128 11.6504 -31.9 31.0299 11.633 -31.9 31.7924 11.6518 -31.9 32.555 11.5895 -31.9 32.7546 11.5476 -31.9 33.5171 11.449 -31.9 33.7167 11.4371 -31.9 33.934 11.4196 -31.9 33.3536 12 -31.9 34 12.6464 -31.9 34.3192 13 -31.9 35 13.6808 -31.9 35.2192 13.9643 -31.9 35.2459 14 -31.9 35 14.2921 -31.9 34.292 15 -31.9 34.2379 18 -31.9 34 18.2801 -31.9 33.2801 19 -31.9 33.2445 21 -31.9 33 21.2885 -31.9 32.9 21.301 -31.9 32 21.3743 -31.9 31.9 21.3943 -31.9 31 21.4645 -31.9 30.4645 22 -31.9 30.0644 22.3357 -31.9 30 22.3756 -31.9 29.3756 23 -31.9 29.2892 23.9 -31.9 29.2778 24 -31.9 29.2191 25 -31.9 29.0227 25.174 -31.9 29 25.1973 -31.9 28.1973 26 -31.9 28.1814 30 -31.9 28.2526 32 -31.9 29 32.7473 -31.9 29.2581 32.9711 -31.9 29.2926 33 -31.9 30 33.7074 -31.9 30.2745 33.9655 -31.9 30.3141 34 -31.9 31 34.6859 -31.9 31.2399 34.9604 -31.9 31.2715 35 -31.9 31.0316 35.258 -31.9 31 35.2935 -31.9 30.9 35.2979 -31.9 30 35.3245 -31.9 29.3245 36 -31.9 29.0399 36.2472 -31.9 29 36.2783 -31.9 28.2783 37 -31.9 29 37.7217 -31.9 29.2263 37.9689 -31.9 30 38.7422 -31.9 30.2497 39 -31.9 31 39.7503 -31.9 31.2009 39.9699 -31.9 31.2267 40 -31.9 31.2517 42 -31.9 31.2216 45 -31.9 31.0251 45.2128 -31.9 31 45.2417 -31.9 30.9 45.2469 -31.9 30 45.27 -31.9 29.0341 46.2311 -31.9 29 46.2622 -31.9 28.2623 47 -31.9 28.0311 47.2077 -31.9 28 47.2343 -31.9 25 47.2659 -31.9 23 47.237 -31.9 22.7651 47.0269 -31.9 22.7335 47 -31.9 22 46.2665 -31.9 21 46.2462 -31.9 20 45.2479 -31.9 19.7976 45.03 -31.9 19.7714 45 -31.9 19.7416 43 -31.9 19 42.2584 -31.9 18.8064 42.0301 -31.9 18.7824 42 -31.9 18.976 41.7815 -31.9 19 41.7528 -31.9 19.7528 41 -31.9 19.7777 39 -31.9 19.9746 38.7893 -31.9 20 38.761 -31.9 20.761 38 -31.9 20.9717 37.7639 -31.9 21 37.7341 -31.9 21.7341 37 -31.9 21.7234 36.9 -31.9 21.6692 36 -31.9 21 35.3308 -31.9 20 35.2999 -31.9 19.751 35.0367 -31.9 19.7175 35 -31.9 19.7251 34 -31.9 20 33.7255 -31.9 20.1 33.7225 -31.9 20.2854 33.5221 -31.9 20.8075 33 -31.9 21 32.8303 -31.9 21.065 32.7863 -31.9 21.7512 32.1 -31.9 21.7588 32 -31.9 22 31.7875 -31.9 22.7875 31 -31.9 22.8169 30 -31.9 22.7999 26 -31.9 22 25.2001 -31.9 21.8028 25.0237 -31.9 21.7796 25 -31.9 21.7208 24 -31.9 21.7095 23.9 -31.9 21.6202 23 -31.9 21 22.3798 -31.9 20.5872 22.0399 -31.9 20.5213 22 -31.9 20 21.4787 -31.9 19.9 21.4608 -31.9 19 21.3942 -31.9 18.9 21.3801 -31.9 18 21.3033 -31.9 17.7444 21 -31.9 17.7262 20 -31.9 17 19.2738 -31.9 16.7666 19 -31.9 16.7344 17 -31.9 16 16.2656 -31.9 15.7726 16 -31.9 15.741 13 -31.9 16 12.7045 -31.9 16.7045 12 -31.9 
22 22 0 -31
2 21 23 
2
170
16.3981 11.4056 -31 17.2229 11.4964 -31 17.3603 11.5156 -31 18.185 11.6562 -31 18.7762 11.8164 -31 18.3224 12.6675 -31 18.3134 12.6852 -31 18.2851 12.7786 -31 18.2675 12.8105 -31 17.871 13.7407 -31 18.0105 14.7028 -31 18.6175 16.7645 -31 18.8983 17.5893 -31 18.9383 17.7267 -31 19.2131 18.5514 -31 19.2846 18.8088 -31 19.5335 19.5136 -31 19.5759 19.6166 -31 19.5863 19.651 -31 19.9302 20.4757 -31 20.0373 20.6131 -31 20.0651 20.6476 -31 20.2467 20.9065 -31 20.6492 21.0616 -31 21.2088 21.4025 -31 21.41 21.4379 -31 22.0336 21.4989 -31 23.1331 21.51 -31 23.9578 21.5035 -31 24.0952 21.5141 -31 24.92 21.5277 -31 25.0574 21.5796 -31 25.8821 21.5765 -31 26.0195 21.5626 -31 26.8443 21.5518 -31 26.9817 21.5065 -31 27.9438 21.4814 -31 28.7686 21.4825 -31 29.0434 21.4776 -31 29.3271 21.4379 -31 29.8681 21.2941 -31 29.9561 21.2808 -31 30.0055 21.2745 -31 30.8303 20.6822 -31 30.9196 20.551 -31 30.9666 20.4757 -31 31.0066 20.3383 -31 31.3042 19.5136 -31 31.5782 18.6888 -31 31.6274 18.5514 -31 31.7924 18.0502 -31 31.8777 17.7267 -31 31.9577 17.4519 -31 32.2335 16.6271 -31 32.7942 14.7028 -31 32.929 13.7407 -31 32.8703 13.6033 -31 32.8486 13.548 -31 32.7546 13.276 -31 32.5273 12.7786 -31 32.511 12.7237 -31 31.9298 11.9867 -31 31.8928 11.9042 -31 31.7924 11.8197 -31 31.7897 11.8164 -31 31.7924 11.8137 -31 31.8928 11.7441 -31 31.9298 11.7257 -31 32.7546 11.5525 -31 33.5793 11.5032 -31 33.7167 11.4807 -31 33.9277 11.4602 -31 33.388 12 -31 34 12.6121 -31 34.357 13 -31 35 13.643 -31 35.268 14 -31 35 14.3231 -31 34.3231 15 -31 34.2581 18 -31 34 18.3085 -31 33.3085 19 -31 33.2659 21 -31 33 21.3196 -31 32 21.4445 -31 31 21.644 -31 30.644 22 -31 30 22.3994 -31 29.3994 23 -31 29.2855 24 -31 29.2266 25 -31 28.2331 26 -31 28.2084 30 -31 28.2352 31 -31 28.2891 32 -31 29 32.7109 -31 29.3447 33 -31 30 33.6553 -31 30.3963 34 -31 31 34.6037 -31 31.3159 35 -31 31 35.3545 -31 30 35.3991 -31 29.3991 36 -31 29 36.3105 -31 28.3105 37 -31 30 38.6852 -31 30.3006 39 -31 31 39.6994 -31 31.2578 40 -31 31.2901 42 -31 31.2865 43 -31 31.2512 45 -31 31 45.2884 -31 30 45.3409 -31 29.3409 46 -31 29 46.3113 -31 28.3113 47 -31 28 47.2657 -31 26 47.3036 -31 25 47.3077 -31 23 47.2691 -31 22.6839 47 -31 22 46.3161 -31 21 46.2924 -31 20 45.2998 -31 19.738 45 -31 19.6989 43 -31 19 42.3011 -31 18.7601 42 -31 19 41.7136 -31 19.7136 41 -31 19.7458 39 -31 20 38.7169 -31 20.7169 38 -31 21 37.702 -31 21.702 37 -31 21.5942 36 -31 21 35.4058 -31 20 35.3668 -31 19.6654 35 -31 19.6786 34 -31 20 33.6793 -31 21 33.6496 -31 21.6496 33 -31 21.7257 32 -31 22 31.7621 -31 22.7621 31 -31 22.7886 30 -31 22.7629 26 -31 21.7682 25 -31 21.7148 24 -31 21.6011 23 -31 21 22.3989 -31 20.3415 22 -31 20 21.6585 -31 19 21.4801 -31 18 21.339 -31 17.7209 21 -31 17.6991 20 -31 17 19.3009 -31 16.7472 19 -31 16.709 17 -31 16 16.291 -31 15.7542 16 -31 15.7184 14 -31 15.7163 13 -31 16 12.6795 -31 16.6795 12 -31 16.0594 11.3798 -31 
17
23.8577 42.605 -31 24.1294 43.2248 -31 24.2887 43.5671 -31 24.9693 44.5293 -31 25.0574 44.583 -31 25.3997 44.5293 -31 26.0195 44.3127 -31 26.5216 43.5671 -31 26.9421 42.605 -31 26.8438 41.6429 -31 26.3056 40.6807 -31 26.1878 40.5125 -31 26.0195 40.2869 -31 25.0574 39.9888 -31 24.5236 40.6807 -31 24.0952 41.3937 -31 23.9559 41.6429 -31 
23 23 0 -30.1
2 22 24 
3
191
16.3228 11.4333 -30.1 16.3981 11.4409 -30.1 17.285 11.5647 -30.1 17.3603 11.5738 -30.1 18.1615 11.7994 -30.1 18.2163 11.8164 -30.1 17.9476 12.7033 -30.1 17.9063 12.7786 -30.1 17.4982 13.7407 -30.1 17.6331 14.7028 -30.1 19.3246 20.4757 -30.1 19.3516 20.5139 -30.1 19.4113 20.551 -30.1 20.1027 21.4379 -30.1 20.1183 21.4438 -30.1 20.2467 21.5121 -30.1 22.0957 21.5047 -30.1 22.171 21.5185 -30.1 23.0578 21.5381 -30.1 23.1331 21.5799 -30.1 24.0199 21.6485 -30.1 24.0952 21.6853 -30.1 24.3059 21.7752 -30.1 25.0574 22.0594 -30.1 25.2231 22.039 -30.1 26.0195 21.9584 -30.1 26.1078 21.9154 -30.1 26.9817 21.627 -30.1 27.0084 21.6155 -30.1 27.057 21.59 -30.1 27.9438 21.5631 -30.1 28.8307 21.5512 -30.1 28.906 21.5146 -30.1 29.7928 21.4951 -30.1 29.8681 21.4879 -30.1 29.9434 21.4866 -30.1 30.5718 21.4379 -30.1 30.8303 21.405 -30.1 31.2972 20.7193 -30.1 31.4164 20.551 -30.1 31.4842 20.4757 -30.1 33.1669 14.7028 -30.1 33.3018 13.7407 -30.1 32.8915 12.7786 -30.1 32.8514 12.7091 -30.1 32.7546 12.3548 -30.1 32.5154 11.8222 -30.1 32.5122 11.8164 -30.1 32.7514 11.6974 -30.1 32.7546 11.6925 -30.1 33.6414 11.5472 -30.1 33.7167 11.5204 -30.1 33.937 11.4937 -30.1 33.4307 12 -30.1 34 12.5694 -30.1 34.4057 13 -30.1 35 13.5943 -30.1 35.0268 13.63 -30.1 35.2947 14 -30.1 35 14.3625 -30.1 34.3625 15 -30.1 34.2826 18 -30.1 34 18.3442 -30.1 33.3442 19 -30.1 33.2919 21 -30.1 33 21.3581 -30.1 32.1 21.5028 -30.1 32 21.5152 -30.1 31.1 21.6426 -30.1 31 21.6625 -30.1 30.6625 22 -30.1 30.5981 22.0399 -30.1 30 22.3933 -30.1 29.3933 23 -30.1 29.3819 23.1 -30.1 29.2968 24 -30.1 29.291 24.1 -30.1 29.2681 25 -30.1 29.2454 25.0233 -30.1 29 25.287 -30.1 28.287 26 -30.1 28.2647 27 -30.1 28.2463 30 -30.1 28.2787 31 -30.1 28.3398 32 -30.1 29 32.6602 -30.1 29.4135 33 -30.1 30 33.5865 -30.1 30.0396 33.621 -30.1 30.4625 34 -30.1 31 34.5375 -30.1 31.0316 34.5771 -30.1 31.355 35 -30.1 31 35.3946 -30.1 30.1 35.464 -30.1 30 35.4685 -30.1 29.4685 36 -30.1 29.4286 36.0311 -30.1 29 36.3524 -30.1 28.3524 37 -30.1 29.0315 37.6786 -30.1 29.3854 38 -30.1 30 38.6146 -30.1 30.0301 38.6461 -30.1 30.3533 39 -30.1 31 39.6467 -30.1 31.0258 39.6767 -30.1 31.2845 40 -30.1 31.3231 42 -30.1 31.2766 45 -30.1 31.2515 45.0288 -30.1 31 45.3357 -30.1 30.1 45.4418 -30.1 30 45.4471 -30.1 29.4471 46 -30.1 29.413 46.0311 -30.1 29 46.3717 -30.1 28.3717 47 -30.1 28.3406 47.0266 -30.1 28 47.3082 -30.1 25 47.3668 -30.1 23 47.3128 -30.1 22.9684 47.2858 -30.1 22.6216 47 -30.1 22 46.3784 -30.1 21 46.3445 -30.1 20.6443 46 -30.1 20 45.3557 -30.1 19.9738 45.3257 -30.1 19.7091 45 -30.1 19.6625 43 -30.1 19.6573 42.1 -30.1 19.5527 42 -30.1 19.5874 41.9714 -30.1 19.6588 41.9 -30.1 19.7016 39.9 -30.1 19.7459 39.8376 -30.1 20 39.5159 -30.1 20.5159 39 -30.1 20.626 38.9 -30.1 20.6808 38.831 -30.1 21 38.4918 -30.1 21.4918 38 -30.1 21.5326 37.9702 -30.1 21.6028 37.9 -30.1 21.6658 37 -30.1 21.5314 36.1 -30.1 21.5206 36 -30.1 21 35.4794 -30.1 20.1 35.4139 -30.1 20 35.41 -30.1 19.6204 35 -30.1 19.6406 34 -30.1 20 33.6451 -30.1 20.1 33.6421 -30.1 21 33.5737 -30.1 21.5737 33 -30.1 21.6757 32.1 -30.1 21.6833 32 -30.1 21.7107 31.9762 -30.1 22 31.7157 -30.1 22.7157 31 -30.1 22.7486 30 -30.1 22.7287 27 -30.1 22.7063 26 -30.1 21.9768 25.27 -30.1 21.7223 25 -30.1 21.6977 24.1 -30.1 21.6924 24 -30.1 21.6186 23.1 -30.1 21.6072 23 -30.1 21 22.3928 -30.1 20.3394 22 -30.1 20 21.6606 -30.1 19.1 21.5762 -30.1 18.1 21.3964 -30.1 18 21.3823 -30.1 17.692 21 -30.1 17.6652 20 -30.1 17 19.3348 -30.1 16.7237 19 -30.1 16.6502 16.1 -30.1 16.5437 16 -30.1 16 15.4563 -30.1 15.9754 15.4207 -30.1 15.7138 15.1 -30.1 15.6888 14 -30.1 15.6858 13 -30.1 16 12.651 -30.1 16.651 12 -30.1 16.0626 11.4117 -30.1 
23
23.4165 33.9457 -30.1 23.1331 34.1301 -30.1 22.1841 34.9078 -30.1 23.0578 35.2333 -30.1 23.1331 35.2503 -30.1 24.0199 35.4306 -30.1 24.0952 35.4478 -30.1 25.0574 35.6458 -30.1 26.0195 35.5959 -30.1 26.0948 35.5789 -30.1 26.9817 35.3901 -30.1 28.0191 35.1518 -30.1 28.6306 34.9078 -30.1 27.9438 34.3526 -30.1 27.3697 33.9457 -30.1 27.057 33.8273 -30.1 26.0948 33.5441 -30.1 26.0195 33.5146 -30.1 25.9023 33.5034 -30.1 25.0574 33.4456 -30.1 24.9821 33.477 -30.1 24.0952 33.7237 -30.1 24.0199 33.7458 -30.1 
43
22.9892 39.7186 -30.1 22.3319 40.6807 -30.1 22.171 40.9687 -30.1 22.0207 41.332 -30.1 21.8749 41.6429 -30.1 21.7856 42.605 -30.1 22.1073 43.5035 -30.1 22.1344 43.5671 -30.1 22.171 43.6567 -30.1 22.7252 44.5293 -30.1 22.9341 44.6769 -30.1 23.1331 44.8537 -30.1 23.9958 45.4914 -30.1 24.0459 45.5127 -30.1 24.0952 45.5293 -30.1 25.0574 45.8029 -30.1 26.0195 45.7335 -30.1 26.7703 45.4914 -30.1 26.9817 45.3805 -30.1 27.5468 44.9263 -30.1 27.9438 44.6212 -30.1 28.0739 44.5293 -30.1 28.3402 44.0949 -30.1 28.6747 43.5671 -30.1 28.906 43.0387 -30.1 28.9168 43.0013 -30.1 28.9939 42.6803 -30.1 29.0179 42.605 -30.1 28.96 41.6969 -30.1 28.954 41.6429 -30.1 28.906 41.4856 -30.1 28.8538 41.3873 -30.1 28.4588 40.6807 -30.1 27.9438 39.8825 -30.1 27.8271 39.7186 -30.1 27.4612 39.4551 -30.1 26.9817 39.072 -30.1 26.4996 38.7564 -30.1 26.0195 38.5595 -30.1 25.0574 38.4716 -30.1 24.3167 38.7564 -30.1 24.0952 38.8872 -30.1 23.527 39.3247 -30.1 
24 24 0 -29.2
2 23 25 
3
200
16.0671 11.4502 -29.2 16.3849 11.482 -29.2 17.3471 11.5978 -29.2 17.3603 11.6004 -29.2 18.0507 11.8152 -29.2 18.0527 11.8164 -29.2 17.5321 12.7654 -29.2 17.527 12.7786 -29.2 17.3603 13.116 -29.2 17.3574 13.1223 -29.2 17.131 13.7275 -29.2 17.1253 13.7407 -29.2 17.2603 14.7028 -29.2 18.9442 20.4757 -29.2 18.9539 20.4889 -29.2 18.9546 20.4897 -29.2 19.2845 20.9705 -29.2 20.0359 21.4379 -29.2 20.2335 21.5127 -29.2 20.2467 21.5133 -29.2 21.1956 21.5098 -29.2 21.2088 21.511 -29.2 22.1578 21.685 -29.2 22.171 21.6976 -29.2 22.262 21.7538 -29.2 23.4283 22.4 -29.2 24.2124 23.3621 -29.2 25.0574 24.3309 -29.2 26.0195 24.0726 -29.2 26.9817 22.8698 -29.2 27.0252 22.8103 -29.2 27.3509 22.4 -29.2 27.9438 22.0884 -29.2 27.9542 22.0781 -29.2 27.957 22.075 -29.2 28.906 21.6144 -29.2 29.8549 21.5246 -29.2 29.8681 21.5159 -29.2 30.8303 21.4982 -29.2 30.8355 21.4972 -29.2 30.9596 21.4379 -29.2 31.7844 20.5497 -29.2 31.7924 20.5467 -29.2 31.7987 20.5365 -29.2 31.8298 20.4757 -29.2 31.8336 20.4625 -29.2 32.1396 19.5136 -29.2 33.5397 14.7028 -29.2 33.6747 13.7407 -29.2 33.6698 13.7288 -29.2 33.6691 13.7275 -29.2 33.2722 12.7786 -29.2 33.2674 12.7654 -29.2 33.2156 12.6827 -29.2 32.7546 11.8829 -29.2 32.7178 11.8164 -29.2 32.7546 11.76 -29.2 32.7623 11.7547 -29.2 32.7678 11.7528 -29.2 33.7167 11.4141 -29.2 34.3639 11.4437 -29.2 34.2 11.4642 -29.2 34 11.484 -29.2 33.484 12 -29.2 34 12.516 -29.2 34.0822 12.603 -29.2 34.468 13 -29.2 35 13.532 -29.2 35.0595 13.6142 -29.2 35.3272 14 -29.2 35 14.4129 -29.2 34.4129 15 -29.2 34.3728 16 -29.2 34.3123 18 -29.2 34 18.3893 -29.2 33.3893 19 -29.2 33.3237 21 -29.2 33 21.4062 -29.2 32.2 21.5642 -29.2 32 21.5964 -29.2 31.2 21.6301 -29.2 31 21.6584 -29.2 30.6584 22 -29.2 30 22.3942 -29.2 29.3942 23 -29.2 29.3753 23.2 -29.2 29.3428 24 -29.2 29.3112 25 -29.2 29.2566 25.0586 -29.2 29 25.3621 -29.2 28.3621 26 -29.2 28.3289 27 -29.2 28.2935 30 -29.2 28.3001 30.2 -29.2 28.413 32 -29.2 29 32.587 -29.2 29.0842 32.6561 -29.2 29.4646 33 -29.2 30 33.5354 -29.2 30.5206 34 -29.2 31 34.4794 -29.2 31.4045 35 -29.2 31.3326 35.0798 -29.2 31 35.4242 -29.2 30.2 35.4975 -29.2 30 35.5129 -29.2 29.5129 36 -29.2 29.4177 36.0714 -29.2 29 36.4281 -29.2 28.4281 37 -29.2 29 37.5719 -29.2 29.0786 37.6433 -29.2 30 38.5574 -29.2 30.4038 39 -29.2 31 39.5962 -29.2 31.0575 39.668 -29.2 31.3153 40 -29.2 31.3633 42 -29.2 31.3568 43 -29.2 31.3053 45 -29.2 31 45.378 -29.2 30.2 45.4997 -29.2 30 45.5233 -29.2 29.5233 46 -29.2 29.4315 46.0757 -29.2 29 46.4557 -29.2 28.4557 47 -29.2 28.38 47.0626 -29.2 28 47.3671 -29.2 27 47.402 -29.2 26 47.4423 -29.2 25 47.4498 -29.2 23 47.3735 -29.2 22.9229 47.31 -29.2 22.5293 47 -29.2 22 46.4707 -29.2 21.2 46.3934 -29.2 21 46.3864 -29.2 20.5968 46 -29.2 20 45.4032 -29.2 19.6769 45 -29.2 19.6187 43 -29.2 19.6112 42 -29.2 19.6657 40 -29.2 19.7263 39.9232 -29.2 20 39.5643 -29.2 20.5643 39 -29.2 21 38.5304 -29.2 21.5304 38 -29.2 21.6224 37.2 -29.2 21.6364 37 -29.2 21.496 36.2 -29.2 21.4662 36 -29.2 21 35.5338 -29.2 20.2 35.4544 -29.2 20 35.4398 -29.2 19.9231 35.3569 -29.2 19.5632 35 -29.2 19.5916 34.2 -29.2 19.5958 34 -29.2 19.6686 33.9283 -29.2 20 33.6151 -29.2 20.2 33.5999 -29.2 21 33.5111 -29.2 21.5111 33 -29.2 21.6255 32.2 -29.2 21.6482 32 -29.2 21.7125 31.9421 -29.2 22 31.6446 -29.2 22.6446 31 -29.2 22.6895 30.2 -29.2 22.6963 30 -29.2 22.6564 27 -29.2 22.6257 26.2 -29.2 22.621 26 -29.2 22 25.379 -29.2 21.9434 25.319 -29.2 21.6718 25 -29.2 21.6359 24 -29.2 21.5986 23.2 -29.2 21.5822 23 -29.2 21 22.4178 -29.2 20.8678 22.3394 -29.2 20.3454 22 -29.2 20 21.6546 -29.2 19.2 21.6534 -29.2 19 21.6346 -29.2 18.2 21.4729 -29.2 18 21.4369 -29.2 17.6564 21 -29.2 17.6227 20 -29.2 17 19.3773 -29.2 16.6955 19 -29.2 16.6005 16 -29.2 16 15.3995 -29.2 15.6812 15 -29.2 15.6524 14 -29.2 15.6482 13 -29.2 16 12.6168 -29.2 16.6168 12 -29.2 
45
21.0366 34.9078 -29.2 21.045 34.9142 -29.2 21.2088 35.0701 -29.2 22.1578 35.491 -29.2 22.171 35.4971 -29.2 23.1199 35.7107 -29.2 23.1331 35.7173 -29.2 23.7961 35.87 -29.2 24.0468 35.9399 -29.2 24.1205 35.9669 -29.2 25.0574 36.2515 -29.2 25.0789 36.2491 -29.2 26.0195 36.1673 -29.2 26.9648 35.8869 -29.2 26.9817 35.8806 -29.2 27.0069 35.87 -29.2 27.0137 35.8681 -29.2 27.9438 35.6564 -29.2 27.9522 35.652 -29.2 27.957 35.6497 -29.2 28.906 35.4294 -29.2 28.9192 35.4232 -29.2 29.7578 34.9078 -29.2 29.7503 34.897 -29.2 29.7488 34.8946 -29.2 29.1873 33.9457 -29.2 28.906 33.7457 -29.2 27.957 33.4524 -29.2 27.9438 33.4428 -29.2 27.8791 33.4223 -29.2 26.9817 33.1609 -29.2 26.5292 32.9836 -29.2 26.482 32.9541 -29.2 26.0195 32.684 -29.2 25.0574 32.535 -29.2 24.3219 32.9836 -29.2 24.0952 33.079 -29.2 24.066 33.0887 -29.2 23.1331 33.3635 -29.2 23.124 33.37 -29.2 23.1199 33.3729 -29.2 22.171 33.6594 -29.2 22.1578 33.6682 -29.2 21.6915 33.9457 -29.2 21.2088 34.5639 -29.2 
65
21.4382 39.7186 -29.2 21.2088 40.2844 -29.2 21.2042 40.2999 -29.2 21.0886 40.6675 -29.2 21.0849 40.6807 -29.2 20.8018 41.6297 -29.2 20.7987 41.6429 -29.2 20.7578 42.605 -29.2 20.9731 43.5539 -29.2 20.9755 43.5671 -29.2 20.979 43.5803 -29.2 21.2088 44.2844 -29.2 21.3096 44.5293 -29.2 21.3203 44.5425 -29.2 22.0067 45.4914 -29.2 22.0176 45.5 -29.2 22.171 45.6025 -29.2 23.1199 45.909 -29.2 23.1331 45.9163 -29.2 23.1739 45.9293 -29.2 24.0952 46.2405 -29.2 25.0442 46.5012 -29.2 25.0574 46.5033 -29.2 25.0706 46.5028 -29.2 26.0195 46.4456 -29.2 26.0496 46.4373 -29.2 26.9971 46.1428 -29.2 28.8737 45.5068 -29.2 28.878 45.5046 -29.2 28.9037 45.4941 -29.2 28.906 45.4927 -29.2 28.9075 45.4914 -29.2 29.5314 44.5293 -29.2 29.8221 43.5671 -29.2 29.8681 43.398 -29.2 30.0323 42.6182 -29.2 30.0347 42.605 -29.2 30.0341 42.5918 -29.2 29.9632 41.6429 -29.2 29.8681 41.2579 -29.2 29.6956 40.6807 -29.2 29.6902 40.6653 -29.2 29.4132 39.7186 -29.2 29.4121 39.7168 -29.2 28.9192 38.947 -29.2 28.9124 38.9356 -29.2 28.906 38.9255 -29.2 28.6498 38.7564 -29.2 28.6346 38.7502 -29.2 27.957 38.4628 -29.2 27.9485 38.4558 -29.2 27.9438 38.4518 -29.2 26.3716 37.7943 -29.2 26.3326 37.7728 -29.2 26.0195 37.6171 -29.2 25.0574 37.5088 -29.2 24.9737 37.5503 -29.2 24.4485 37.7943 -29.2 24.0952 37.9336 -29.2 23.1331 38.3359 -29.2 23.1257 38.3416 -29.2 23.1199 38.3457 -29.2 22.171 38.7439 -29.2 22.1611 38.7529 -29.2 22.156 38.7564 -29.2 
25 25 0 -28.3
2 24 26 
2
213
16.0726 11.4973 -28.3 16.4471 11.5439 -28.3 17.3603 11.7244 -28.3 17.3959 11.7354 -28.3 17.5351 11.8164 -28.3 17.5082 11.8654 -28.3 17.4938 11.9027 -28.3 17.3603 12.1867 -28.3 17.1654 12.7786 -28.3 17.1571 12.7963 -28.3 17.1454 12.8276 -28.3 16.7526 13.7407 -28.3 16.8875 14.7028 -28.3 18.5679 20.4757 -28.3 19.2396 21.3889 -28.3 19.2821 21.4379 -28.3 19.2845 21.4393 -28.3 19.3335 21.4578 -28.3 20.2467 21.5029 -28.3 20.2957 21.5027 -28.3 21.2088 21.5868 -28.3 21.2578 21.5958 -28.3 22.0977 22.4 -28.3 22.171 22.5837 -28.3 22.2673 22.767 -28.3 22.5443 23.3621 -28.3 22.9422 24.3243 -28.3 23.1331 24.7432 -28.3 23.5644 25.2864 -28.3 24.0952 26.0223 -28.3 24.2306 26.1951 -28.3 24.2689 26.2486 -28.3 24.737 27.2107 -28.3 25.0574 28.095 -28.3 26.0195 27.446 -28.3 26.0956 27.2107 -28.3 26.5367 26.2486 -28.3 26.763 25.9428 -28.3 27.2349 25.2864 -28.3 27.9438 24.3942 -28.3 27.9722 24.3243 -28.3 28.3201 23.3621 -28.3 28.3478 23.2918 -28.3 28.648 22.4 -28.3 28.6648 22.3834 -28.3 28.857 22.1732 -28.3 28.906 22.1494 -28.3 28.955 22.1447 -28.3 29.8681 21.5397 -28.3 30.8303 21.514 -28.3 31.1928 21.441 -28.3 31.1993 21.4379 -28.3 31.2418 21.392 -28.3 31.7924 21.1896 -28.3 32.2292 20.4788 -28.3 32.2308 20.4757 -28.3 32.4965 19.5626 -28.3 32.5123 19.5136 -28.3 33.9125 14.7028 -28.3 34.0521 13.7407 -28.3 33.7143 12.916 -28.3 33.6662 12.8276 -28.3 33.6457 12.7786 -28.3 33.3147 11.8654 -28.3 33.2841 11.8164 -28.3 33.2886 11.8132 -28.3 33.6677 11.6864 -28.3 33.7167 11.6689 -28.3 33.7657 11.6712 -28.3 33.9072 11.6452 -28.3 33.5525 12 -28.3 34 12.4475 -28.3 35 13.453 -28.3 35.1004 13.5976 -28.3 35.3676 14 -28.3 35.2673 14.1273 -28.3 35 14.4797 -28.3 34.4797 15 -28.3 34.4671 15.3 -28.3 34.4263 16 -28.3 34.3837 17 -28.3 34.3488 18 -28.3 34.2531 18.1199 -28.3 34 18.448 -28.3 33.448 19 -28.3 33.4011 20 -28.3 33.3632 21 -28.3 33 21.467 -28.3 32.3 21.5926 -28.3 32 21.6518 -28.3 31.3 21.6388 -28.3 31 21.6514 -28.3 30.6514 22 -28.3 30.4544 22.1184 -28.3 30 22.4413 -28.3 29.4413 23 -28.3 29.3909 24 -28.3 29.3508 25 -28.3 29.2546 25.1138 -28.3 29 25.4385 -28.3 28.4385 26 -28.3 28.3964 27 -28.3 28.3457 30 -28.3 28.426 31.3 -28.3 28.4965 32 -28.3 29 32.5035 -28.3 29.1426 32.6325 -28.3 30 33.4828 -28.3 30.5864 34 -28.3 31 34.4136 -28.3 31.1247 34.5736 -28.3 31.4695 35 -28.3 31.3447 35.1292 -28.3 31 35.4541 -28.3 30.3 35.53 -28.3 30 35.5575 -28.3 29.5575 36 -28.3 29.4009 36.1338 -28.3 29 36.5004 -28.3 28.5004 37 -28.3 30 38.4982 -28.3 30.1245 38.6347 -28.3 30.4681 39 -28.3 31 39.5319 -28.3 31.0967 39.6564 -28.3 31.3531 40 -28.3 31.4145 42 -28.3 31.4058 43 -28.3 31.3404 45 -28.3 31 45.4273 -28.3 30.3 45.5486 -28.3 30 45.5943 -28.3 29.5943 46 -28.3 29 46.5232 -28.3 28.5232 47 -28.3 28.3807 47.1142 -28.3 28 47.4456 -28.3 26 47.5168 -28.3 25 47.5243 -28.3 23 47.4541 -28.3 22.8524 47.3379 -28.3 22.4467 47 -28.3 22 46.5533 -28.3 21.3 46.4528 -28.3 21 46.4238 -28.3 20.8759 46.3052 -28.3 20.5427 46 -28.3 20 45.4572 -28.3 19.6374 45 -28.3 19.6033 44 -28.3 19.5622 43 -28.3 19.5517 42 -28.3 19.6228 40 -28.3 19.7254 39.8654 -28.3 20 39.4891 -28.3 20.4891 39 -28.3 20.6237 38.8545 -28.3 21 38.4612 -28.3 21.4612 38 -28.3 21.5693 37.3 -28.3 21.6038 37 -28.3 21.4651 36.3 -28.3 21.4125 36 -28.3 21 35.5875 -28.3 20.3 35.5014 -28.3 20 35.4716 -28.3 19.8651 35.3377 -28.3 19.4871 35 -28.3 19.5331 34.3 -28.3 19.5437 34 -28.3 19.668 33.8825 -28.3 20 33.5809 -28.3 20.3 33.5476 -28.3 21 33.4507 -28.3 21.4507 33 -28.3 21.5746 32.3 -28.3 21.6175 32 -28.3 21.7253 31.8884 -28.3 22 31.5691 -28.3 22.5691 31 -28.3 22.6327 30 -28.3 22.5742 27 -28.3 22.5268 26 -28.3 22 25.4732 -28.3 21.8981 25.3536 -28.3 21.626 25 -28.3 21.58 24 -28.3 21.5352 23.3 -28.3 21.5212 23 -28.3 21 22.4788 -28.3 20.8041 22.3515 -28.3 20.3522 22 -28.3 20 21.6478 -28.3 19.3 21.6608 -28.3 19 21.6603 -28.3 18.3 21.5659 -28.3 18 21.5052 -28.3 17.6115 21 -28.3 17.5678 20 -28.3 17 19.4322 -28.3 16.9067 19.3161 -28.3 16.6608 19 -28.3 16.628 18 -28.3 16.588 17 -28.3 16.5502 16.3 -28.3 16.5384 16 -28.3 16 15.4616 -28.3 15.9023 15.3385 -28.3 15.6431 15 -28.3 15.6064 14 -28.3 15.6011 13 -28.3 16 12.5754 -28.3 16.5754 12 -28.3 
114
20.6176 34.9078 -28.3 21.2003 35.3505 -28.3 21.2088 35.3586 -28.3 21.2578 35.3803 -28.3 22.171 35.8026 -28.3 22.22 35.8136 -28.3 22.2384 35.8228 -28.3 22.3368 35.87 -28.3 23.1331 36.4309 -28.3 23.4957 36.6084 -28.3 23.9093 36.8321 -28.3 23.7181 36.9464 -28.3 23.1331 37.3202 -28.3 22.6572 37.7943 -28.3 22.6205 37.8226 -28.3 22.22 38.1103 -28.3 22.171 38.1309 -28.3 21.4896 38.7562 -28.3 21.4893 38.7564 -28.3 21.4341 38.831 -28.3 21.2088 39.1508 -28.3 20.9012 39.7186 -28.3 20.8924 39.7486 -28.3 20.8864 39.7676 -28.3 20.6303 40.6807 -28.3 20.6157 40.7297 -28.3 20.4043 41.6429 -28.3 20.3637 42.605 -28.3 20.3748 42.654 -28.3 20.54 43.5671 -28.3 20.7797 44.4803 -28.3 20.7954 44.5293 -28.3 21.2088 45.2404 -28.3 21.3735 45.4424 -28.3 21.4089 45.4914 -28.3 22.1631 46.087 -28.3 22.171 46.0923 -28.3 22.22 46.1082 -28.3 22.3547 46.1829 -28.3 23.1331 46.5989 -28.3 24.1442 46.88 -28.3 25.0574 47.029 -28.3 25.9705 46.9941 -28.3 26.0195 46.9912 -28.3 26.1068 46.9694 -28.3 26.9817 46.8007 -28.3 27.9438 46.514 -28.3 28.0448 46.4536 -28.3 28.1415 46.4046 -28.3 28.1428 46.4041 -28.3 28.906 45.9334 -28.3 29.4163 45.4914 -28.3 29.8681 44.8032 -28.3 30.0061 44.5293 -28.3 30.0189 44.4754 -28.3 30.2603 43.5671 -28.3 30.2706 43.5181 -28.3 30.436 42.605 -28.3 30.3974 41.6919 -28.3 30.3938 41.6429 -28.3 30.1707 40.6807 -28.3 29.907 39.7186 -28.3 29.8681 39.6352 -28.3 29.8446 39.5959 -28.3 29.8191 39.5561 -28.3 29.3494 38.7657 -28.3 29.3435 38.7564 -28.3 28.906 38.3324 -28.3 28.892 38.3267 -28.3 28.857 38.3118 -28.3 28.2674 37.8285 -28.3 28.2274 37.7943 -28.3 27.9438 37.4877 -28.3 27.0791 36.9295 -28.3 26.9817 36.8711 -28.3 26.9068 36.8321 -28.3 26.9817 36.8041 -28.3 27.03 36.7838 -28.3 27.1094 36.7487 -28.3 27.9438 36.2772 -28.3 28.5025 35.87 -28.3 28.5243 35.8587 -28.3 28.857 35.6953 -28.3 28.906 35.6839 -28.3 29.8191 35.253 -28.3 29.8681 35.2229 -28.3 30.2124 34.9078 -28.3 29.8681 34.1672 -28.3 29.862 34.1584 -28.3 29.7553 33.9947 -28.3 29.7264 33.9457 -28.3 28.906 33.3644 -28.3 28.857 33.3492 -28.3 28.3493 32.9836 -28.3 27.9438 32.5113 -28.3 27.6244 32.3052 -28.3 27.2132 32.0214 -28.3 26.0195 31.1221 -28.3 25.9663 31.1125 -28.3 25.6312 31.0593 -28.3 25.0574 30.8959 -28.3 24.921 31.0593 -28.3 24.6573 31.2394 -28.3 24.0952 31.6362 -28.3 23.573 32.0214 -28.3 23.423 32.1107 -28.3 23.1331 32.3033 -28.3 22.5336 32.9836 -28.3 22.5059 33.0036 -28.3 22.22 33.202 -28.3 22.171 33.2168 -28.3 21.2578 33.8234 -28.3 21.2088 33.853 -28.3 21.1127 33.9457 -28.3 
26 26 0 -27.4
2 25 27 
1
340
16.0356 11.5117 -27.4 16.3981 11.542 -27.4 16.5092 11.5639 -27.4 17.3603 11.7177 -27.4 17.3772 11.7275 -27.4 17.4399 11.8164 -27.4 17.423 11.8524 -27.4 17.3603 11.958 -27.4 16.8076 12.7035 -27.4 16.7829 12.7786 -27.4 16.4941 13.4669 -27.4 16.3981 13.6856 -27.4 16.3798 13.7407 -27.4 16.5147 14.7028 -27.4 17.9148 19.5136 -27.4 18.1874 20.3646 -27.4 18.2206 20.4757 -27.4 18.3484 20.7001 -27.4 19.0419 21.3268 -27.4 19.1237 21.4379 -27.4 19.2811 21.5085 -27.4 19.2845 21.5104 -27.4 19.3956 21.5159 -27.4 20.2467 21.5078 -27.4 20.3578 21.518 -27.4 21.2088 21.8491 -27.4 21.3061 21.9425 -27.4 21.6158 22.4 -27.4 22.171 23.9907 -27.4 22.2065 24.0634 -27.4 22.2617 24.2132 -27.4 22.3073 24.3243 -27.4 22.5873 25.1753 -27.4 22.6327 25.2864 -27.4 22.7368 25.5948 -27.4 22.9342 26.2486 -27.4 23.1331 26.983 -27.4 23.2107 27.1331 -27.4 23.2324 27.2107 -27.4 23.2563 27.3339 -27.4 23.3088 27.5443 -27.4 23.4546 28.1728 -27.4 23.4916 28.3939 -27.4 23.6027 29.135 -27.4 23.7044 30.0971 -27.4 23.6434 30.2539 -27.4 23.3743 31.0593 -27.4 23.2899 31.1573 -27.4 23.2442 31.2193 -27.4 23.1331 31.2969 -27.4 22.644 32.0214 -27.4 22.2821 32.6181 -27.4 22.171 32.7459 -27.4 21.9824 32.9836 -27.4 21.9497 33.0077 -27.4 21.3199 33.4924 -27.4 21.2088 33.5662 -27.4 20.7683 33.9325 -27.4 20.7547 33.9457 -27.4 20.6974 34.0568 -27.4 20.2467 34.7538 -27.4 20.1723 34.9078 -27.4 20.2467 34.9885 -27.4 20.2869 35.0215 -27.4 20.3578 35.0754 -27.4 21.2088 35.56 -27.4 21.3199 35.6113 -27.4 21.7872 35.87 -27.4 22.171 36.1679 -27.4 22.3595 36.3371 -27.4 22.7805 36.8321 -27.4 22.2821 37.5276 -27.4 22.171 37.6385 -27.4 22.0504 37.7943 -27.4 21.3199 38.5179 -27.4 21.2088 38.6217 -27.4 21.0823 38.7564 -27.4 21.0562 38.7964 -27.4 21.0177 38.8675 -27.4 20.531 39.7186 -27.4 20.2531 40.6807 -27.4 20.0303 41.6429 -27.4 19.9897 42.605 -27.4 20.1638 43.5671 -27.4 20.4164 44.5293 -27.4 20.8997 45.3803 -27.4 20.968 45.4914 -27.4 21.2088 45.7158 -27.4 22.0339 46.3165 -27.4 22.171 46.4226 -27.4 22.2821 46.482 -27.4 23.1331 46.9821 -27.4 24.0952 47.2421 -27.4 24.2063 47.2602 -27.4 25.0574 47.3637 -27.4 26.0195 47.3358 -27.4 26.1306 47.3144 -27.4 26.9817 47.1965 -27.4 27.0928 47.1633 -27.4 27.9438 46.8769 -27.4 28.579 46.4645 -27.4 28.6901 46.3963 -27.4 28.906 46.2372 -27.4 29.7533 45.5452 -27.4 29.8154 45.4914 -27.4 29.8644 45.4169 -27.4 29.8681 45.4126 -27.4 30.3648 44.5659 -27.4 30.3832 44.5293 -27.4 30.6362 43.5671 -27.4 30.8103 42.605 -27.4 30.7697 41.6429 -27.4 30.547 40.6807 -27.4 30.2696 39.7186 -27.4 29.8751 38.9911 -27.4 29.8681 38.9761 -27.4 29.811 38.88 -27.4 29.7269 38.7564 -27.4 28.9599 37.9831 -27.4 28.906 37.9308 -27.4 28.8343 37.872 -27.4 28.757 37.7943 -27.4 28.1562 36.9432 -27.4 28.0682 36.8321 -27.4 28.1875 36.721 -27.4 28.4229 36.4763 -27.4 28.906 35.9365 -27.4 29.0041 35.87 -27.4 29.0436 35.8501 -27.4 29.757 35.4735 -27.4 29.8681 35.421 -27.4 30.5357 34.9466 -27.4 30.5781 34.9078 -27.4 30.1156 34.0568 -27.4 30.0631 33.9457 -27.4 29.8681 33.765 -27.4 29.757 33.6861 -27.4 28.8482 33.0184 -27.4 28.815 32.9836 -27.4 28.289 32.1325 -27.4 28.2053 32.0214 -27.4 27.9438 31.6166 -27.4 27.8727 31.5695 -27.4 27.8327 31.5389 -27.4 27.5209 31.1398 -27.4 27.4663 31.0593 -27.4 27.3408 30.664 -27.4 27.1758 30.0971 -27.4 27.2673 29.135 -27.4 27.3019 28.907 -27.4 27.3993 28.1728 -27.4 27.4274 27.9942 -27.4 27.5312 27.2107 -27.4 27.5643 27.0793 -27.4 27.8112 26.2486 -27.4 27.8743 26.1375 -27.4 27.9427 26.0558 -27.4 27.9438 26.0532 -27.4 28.211 25.2864 -27.4 28.2393 25.2005 -27.4 28.2496 25.1753 -27.4 28.5295 24.3243 -27.4 28.5696 24.2132 -27.4 28.8507 23.3621 -27.4 28.906 23.2108 -27.4 28.91 23.1968 -27.4 29.1747 22.4 -27.4 29.1929 22.3744 -27.4 29.757 21.7212 -27.4 29.8681 21.6476 -27.4 29.9792 21.6446 -27.4 30.8303 21.5063 -27.4 31.6813 21.456 -27.4 31.7698 21.4379 -27.4 31.7924 21.4296 -27.4 31.8106 21.4133 -27.4 31.8638 21.3268 -27.4 32.6036 20.4757 -27.4 34.2853 14.7028 -27.4 34.4207 13.7407 -27.4 34.0106 12.7786 -27.4 33.7467 12.1033 -27.4 35 13.3572 -27.4 35.4194 14 -27.4 35.2667 14.2014 -27.4 35 14.5724 -27.4 34.5724 15 -27.4 34.5491 15.4 -27.4 34.4978 16 -27.4 34.4794 16.4 -27.4 34.4405 17 -27.4 34.3951 18 -27.4 34.2504 18.1875 -27.4 34 18.5278 -27.4 33.5278 19 -27.4 33.5074 19.4 -27.4 33.4637 20 -27.4 33.4474 20.4 -27.4 33.4136 21 -27.4 33 21.5413 -27.4 32.4 21.5913 -27.4 32 21.6631 -27.4 31 21.6453 -27.4 30.6453 22 -27.4 30.3856 22.1845 -27.4 30 22.5175 -27.4 29.5175 23 -27.4 29.4957 23.4 -27.4 29.4494 24 -27.4 29.4322 24.4 -27.4 29.3972 25 -27.4 29.2518 25.1855 -27.4 29 25.5207 -27.4 28.5207 26 -27.4 28.5028 26.4 -27.4 28.4666 27 -27.4 28.3985 30 -27.4 28.4674 31 -27.4 28.5077 31.4 -27.4 28.5938 32 -27.4 29.214 32.6162 -27.4 29.5808 33 -27.4 30 33.4192 -27.4 30.6699 34 -27.4 31 34.3301 -27.4 31.197 34.5738 -27.4 31.5572 35 -27.4 31.3602 35.1857 -27.4 31 35.4879 -27.4 30.4 35.5733 -27.4 30 35.6167 -27.4 29.6167 36 -27.4 29.3877 36.2095 -27.4 29 36.5782 -27.4 28.5782 37 -27.4 30 38.424 -27.4 30.1964 38.6327 -27.4 31 39.4455 -27.4 31.1465 39.6419 -27.4 31.4012 40 -27.4 31.4526 41.4 -27.4 31.4828 42 -27.4 31.4704 43 -27.4 31.4551 43.4 -27.4 31.4232 44 -27.4 31.3846 45 -27.4 31 45.4846 -27.4 30.4 45.6115 -27.4 30 45.6809 -27.4 29.6809 46 -27.4 29 46.5917 -27.4 28.5917 47 -27.4 28.3742 47.1894 -27.4 28 47.4935 -27.4 27.4 47.5465 -27.4 27 47.5599 -27.4 26.4 47.5896 -27.4 26 47.6031 -27.4 25 47.6123 -27.4 24.4 47.5829 -27.4 24 47.569 -27.4 23.4 47.5189 -27.4 23 47.5067 -27.4 22.7682 47.3136 -27.4 22.3655 47 -27.4 22 46.6345 -27.4 21.4 46.5234 -27.4 21 46.4659 -27.4 20.4831 46 -27.4 20 45.5169 -27.4 19.5867 45 -27.4 19.5418 44 -27.4 19.5037 43.4 -27.4 19.4859 43 -27.4 19.4707 42 -27.4 19.507 41.4 -27.4 19.5672 40 -27.4 19.7241 39.785 -27.4 20 39.3881 -27.4 20.3881 39 -27.4 20.6032 38.7752 -27.4 21.3746 38 -27.4 21.4991 37.4 -27.4 21.5609 37 -27.4 21.4236 36.4 -27.4 21.3443 36 -27.4 21 35.6557 -27.4 20.4 35.5574 -27.4 20 35.5082 -27.4 19.784 35.3152 -27.4 19.3838 35 -27.4 19.4613 34.4 -27.4 19.4875 34 -27.4 20 33.5401 -27.4 20.4 33.4848 -27.4 21 33.3783 -27.4 21.3783 33 -27.4 21.5023 32.4 -27.4 21.5731 32 -27.4 21.7301 31.8175 -27.4 22 31.4933 -27.4 22.4933 31 -27.4 22.5433 30.4 -27.4 22.57 30 -27.4 22.4894 27 -27.4 22.4465 26.4 -27.4 22.426 26 -27.4 22 25.574 -27.4 21.8445 25.3719 -27.4 21.5726 25 -27.4 21.5313 24.4 -27.4 21.5115 24 -27.4 21.4555 23.4 -27.4 21.4299 23 -27.4 21 22.5701 -27.4 20.7418 22.3692 -27.4 20.3541 22 -27.4 20 21.6459 -27.4 19 21.6594 -27.4 18.4 21.6381 -27.4 18 21.5841 -27.4 17.5532 21 -27.4 17.5131 20.4 -27.4 17.4941 20 -27.4 17 19.5059 -27.4 16.8595 19.3253 -27.4 16.6173 19 -27.4 16.5749 18 -27.4 16.539 17.4 -27.4 16.5217 17 -27.4 16.4749 16.4 -27.4 16.4533 16 -27.4 16 15.5468 -27.4 15.8519 15.3533 -27.4 15.5945 15 -27.4 15.5622 14.4 -27.4 15.5464 14 -27.4 15.5412 13 -27.4 15.7073 12.8244 -27.4 16.5238 12 -27.4 
27 27 0 -26.5
1 26 
1
371
16.0036 13.7407 -26.5 16.1379 14.7028 -26.5 17.2038 18.3781 -26.5 17.3603 18.8888 -26.5 17.5421 19.5136 -26.5 17.5976 19.6869 -26.5 17.8272 20.4757 -26.5 18.2962 21.1789 -26.5 18.3224 21.2246 -26.5 18.4636 21.3522 -26.5 18.6541 21.4379 -26.5 19.2524 21.6 -26.5 19.2845 21.6144 -26.5 19.4578 21.6127 -26.5 20.2467 21.557 -26.5 20.42 21.6244 -26.5 21.2088 22.3481 -26.5 21.2439 22.4 -26.5 21.8219 24.151 -26.5 21.8835 24.3243 -26.5 22.2392 25.414 -26.5 22.4879 26.2486 -26.5 22.5341 26.4219 -26.5 22.6832 27.2107 -26.5 22.7876 27.9995 -26.5 22.8172 28.1728 -26.5 22.9403 29.135 -26.5 23.0274 30.0971 -26.5 22.9777 30.2973 -26.5 22.7512 31.0593 -26.5 22.3712 31.7657 -26.5 22.3443 31.8117 -26.5 22.2639 31.9398 -26.5 22.2088 32.0214 -26.5 22.1385 32.1379 -26.5 22.0935 32.1947 -26.5 21.5427 32.9836 -26.5 21.4144 33.0823 -26.5 21.2088 33.2593 -26.5 20.42 33.8401 -26.5 20.3473 33.9024 -26.5 20.2952 33.9457 -26.5 20.2467 34.0206 -26.5 20.2187 34.0748 -26.5 20.1973 34.119 -26.5 19.8497 34.9078 -26.5 20.2253 35.2379 -26.5 20.2467 35.2611 -26.5 21.2088 35.8186 -26.5 21.3016 35.87 -26.5 21.3017 35.8701 -26.5 21.3821 35.9325 -26.5 22.171 36.5971 -26.5 22.2653 36.708 -26.5 22.3607 36.8321 -26.5 22.2664 36.9637 -26.5 22.171 37.1121 -26.5 21.6553 37.7943 -26.5 20.7331 38.7233 -26.5 20.702 38.7564 -26.5 20.4571 39.1885 -26.5 20.2467 39.5358 -26.5 20.1583 39.7186 -26.5 20.1152 39.8661 -26.5 19.8803 40.6807 -26.5 19.6576 41.6429 -26.5 19.6169 42.605 -26.5 19.7911 43.5671 -26.5 20.0435 44.5293 -26.5 20.269 44.9449 -26.5 20.5316 45.3181 -26.5 20.63 45.4914 -26.5 21.2088 46.0327 -26.5 21.3798 46.157 -26.5 21.7506 46.4536 -26.5 22.171 46.747 -26.5 22.3443 46.8488 -26.5 23.1331 47.1762 -26.5 23.3064 47.2228 -26.5 24.0952 47.4554 -26.5 24.2749 47.4782 -26.5 25.0574 47.6835 -26.5 26.0195 47.6608 -26.5 26.8993 47.4124 -26.5 26.9817 47.401 -26.5 27.9438 47.0813 -26.5 28.7327 46.6264 -26.5 28.906 46.5121 -26.5 28.9906 46.4536 -26.5 29.207 46.2803 -26.5 29.2091 46.2787 -26.5 29.8681 45.7914 -26.5 30.1942 45.4914 -26.5 30.1948 45.4905 -26.5 30.7494 44.5293 -26.5 31.0089 43.5671 -26.5 31.1831 42.605 -26.5 31.1424 41.6429 -26.5 30.9205 40.6807 -26.5 30.7876 40.2015 -26.5 30.6465 39.7186 -26.5 30.0943 38.7564 -26.5 29.1466 37.7943 -26.5 28.8903 37.4575 -26.5 28.5815 37.0054 -26.5 28.4592 36.8321 -26.5 28.5972 36.6778 -26.5 28.906 36.2932 -26.5 29.5305 35.87 -26.5 29.6757 35.7933 -26.5 29.8681 35.696 -26.5 30.657 35.1987 -26.5 30.8303 35.0735 -26.5 30.9853 34.9078 -26.5 30.8303 34.5819 -26.5 30.5256 34.119 -26.5 30.4314 33.9457 -26.5 29.9099 33.5313 -26.5 29.8681 33.4926 -26.5 29.6948 33.3651 -26.5 29.2372 32.9836 -26.5 28.906 32.5337 -26.5 28.7074 32.1947 -26.5 28.6003 32.0214 -26.5 28.164 31.2326 -26.5 28.0532 31.0593 -26.5 27.9438 30.6859 -26.5 27.8803 30.5105 -26.5 27.8161 30.2704 -26.5 27.7656 30.0971 -26.5 27.8558 29.135 -26.5 27.9438 28.5866 -26.5 27.9983 28.1728 -26.5 28.0351 27.8545 -26.5 28.1203 27.2107 -26.5 28.16 27.037 -26.5 28.309 26.2486 -26.5 28.3694 26.0753 -26.5 29.2375 23.3621 -26.5 29.5158 22.5733 -26.5 29.5734 22.4 -26.5 29.6882 22.267 -26.5 29.8681 21.9704 -26.5 30.0414 21.9422 -26.5 30.8303 21.5509 -26.5 31.0036 21.5407 -26.5 31.7924 21.5802 -26.5 32.1208 21.4398 -26.5 32.1246 21.4379 -26.5 32.33 21.2031 -26.5 32.7546 20.8628 -26.5 32.9785 20.4757 -26.5 33.2579 19.5136 -26.5 33.4997 18.7247 -26.5 33.8821 17.416 -26.5 34.098 16.6271 -26.5 34.6581 14.7028 -26.5 34.7944 13.7407 -26.5 34.6405 13.3191 -26.5 34.4637 12.9519 -26.5 34.3897 12.7786 -26.5 34.2929 12.5223 -26.5 34.7706 13 -26.5 34.8441 13.4669 -26.5 35 13.6229 -26.5 35.2222 13.9669 -26.5 35.2291 14 -26.5 35.0069 14.3092 -26.5 35 14.3327 -26.5 34.9008 14.8092 -26.5 34.71 15 -26.5 34.6673 15.5 -26.5 34.5982 16 -26.5 34.5658 16.5 -26.5 34.3043 17 -26.5 34.279 17.5 -26.5 34.4555 18 -26.5 34.2467 18.2836 -26.5 34 18.6423 -26.5 33.6423 19 -26.5 33.6059 19.5 -26.5 33.3808 20 -26.5 33.3527 20.5 -26.5 33.4804 21 -26.5 33.2613 21.2883 -26.5 33 21.6169 -26.5 32.5 21.6145 -26.5 32 21.6562 -26.5 31.5 21.6549 -26.5 31 21.6463 -26.5 30.6463 22 -26.5 30.325 22.2775 -26.5 30 22.6258 -26.5 29.6258 23 -26.5 29.5872 23.5 -26.5 29.3281 24 -26.5 29.2989 24.5 -26.5 29.4577 25 -26.5 29.2479 25.2794 -26.5 29 25.6305 -26.5 28.6305 26 -26.5 28.6003 26.5 -26.5 28.4073 27 -26.5 28.3931 27.5 -26.5 28.3269 28 -26.5 28.3142 28.5 -26.5 28.248 29 -26.5 28.2367 29.5 -26.5 28.462 30 -26.5 28.4992 30.5 -26.5 28.3391 31 -26.5 28.4108 31.5 -26.5 28.7289 32 -26.5 28.8198 32.2458 -26.5 29 32.426 -26.5 29.3057 32.7458 -26.5 29.4875 33 -26.5 29.8057 33.1434 -26.5 30 33.3377 -26.5 30.781 34 -26.5 30.8552 34.3412 -26.5 31 34.486 -26.5 31.3002 34.8412 -26.5 31.396 35 -26.5 31.0958 35.2519 -26.5 31 35.297 -26.5 30.5 35.6228 -26.5 30 35.694 -26.5 29.6401 35.8231 -26.5 29.4631 36 -26.5 29.14 36.3073 -26.5 29 36.4481 -26.5 28.8718 36.8072 -26.5 28.679 37 -26.5 31 39.3334 -26.5 31.2122 39.6318 -26.5 31.4646 40 -26.5 31.4853 40.5 -26.5 31.3056 41 -26.5 31.3308 41.5 -26.5 31.578 42 -26.5 31.5709 42.5 -26.5 31.4056 43 -26.5 31.379 43.5 -26.5 31.2478 44 -26.5 31.2263 44.5 -26.5 31.442 45 -26.5 31.239 45.2556 -26.5 31 45.547 -26.5 30.5 45.6912 -26.5 30 45.797 -26.5 29.797 46 -26.5 29 46.6772 -26.5 28.6043 46.8118 -26.5 28.4161 47 -26.5 28.1044 47.2534 -26.5 28 47.3048 -26.5 27.5 47.5758 -26.5 27 47.62 -26.5 26.5 47.696 -26.5 26 47.7207 -26.5 25 47.7346 -26.5 24.5 47.6628 -26.5 24 47.6383 -26.5 23.5 47.5825 -26.5 23 47.5407 -26.5 22.6644 47.2794 -26.5 22.266 47 -26.5 22 46.7341 -26.5 21.5 46.6098 -26.5 21 46.5173 -26.5 20.416 46 -26.5 20 45.584 -26.5 19.781 45.312 -26.5 19.5196 45 -26.5 19.6577 44.5 -26.5 19.6325 44 -26.5 19.4088 43.5 -26.5 19.3771 43 -26.5 19.3536 42 -26.5 19.4011 41.5 -26.5 19.4314 41 -26.5 19.6887 40.5 -26.5 19.7132 40 -26.5 19.9431 39.6693 -26.5 20 39.5107 -26.5 20.0907 39.1693 -26.5 21.2547 38 -26.5 21.3584 37.5 -26.5 21.8179 37 -26.5 21.7698 36.9137 -26.5 21.3702 36.5 -26.5 21.2558 36 -26.5 21 35.7442 -26.5 20.5 35.6329 -26.5 20 35.5509 -26.5 19.6665 35.2883 -26.5 19.2649 35 -26.5 19.3588 34.5 -26.5 19.4234 34 -26.5 20 33.4906 -26.5 20.5 33.4019 -26.5 21 33.2838 -26.5 21.2838 33 -26.5 21.4059 32.5 -26.5 21.5093 32 -26.5 21.7342 31.7299 -26.5 22 31.3986 -26.5 22.3986 31 -26.5 22.6703 30.5 -26.5 22.7119 30 -26.5 22.6457 29.5 -26.5 22.6322 29 -26.5 22.4385 28.5 -26.5 22.4234 28 -26.5 22.3965 27.5 -26.5 22.3794 27 -26.5 22.3249 26.5 -26.5 22.2891 26 -26.5 22.1901 25.5751 -26.5 22 25.3851 -26.5 21.7734 25.0751 -26.5 21.7487 25 -26.5 21.4508 24.5 -26.5 21.4163 24 -26.5 21.3418 23.5 -26.5 21.2951 23 -26.5 21.1923 22.5548 -26.5 21 22.3625 -26.5 20.6769 22.0548 -26.5 20.6486 22 -26.5 20.177 21.8267 -26.5 20 21.6497 -26.5 19.5 21.6474 -26.5 19 21.6524 -26.5 18.5 21.4481 -26.5 18 21.4303 -26.5 17.7624 21.12 -26.5 17.6742 21 -26.5 17.4235 20.5 -26.5 17.39 20 -26.5 17 19.61 -26.5 16.7982 19.339 -26.5 16.5609 19 -26.5 16.7734 18.5 -26.5 16.7498 18 -26.5 16.4597 17.5 -26.5 16.4298 17 -26.5 16.3683 16.5 -26.5 16.3293 16 -26.5 16 15.6707 -26.5 15.7855 15.3763 -26.5 15.5306 15 -26.5 15.6786 14.5 -26.5 15.6518 14 -26.5 15.4677 13.5 -26.5 15.4652 13 -26.5 16.458 12 -26.5 16 11.542 -26.5 15.9136 11.5277 -26.5 16.3981 11.5414 -26.5 16.5714 11.5727 -26.5 16.6097 11.6018 -26.5 16.9544 11.8164 -26.5 16.6097 12.4332 -26.5 16.5714 12.4862 -26.5 16.399 12.7779 -26.5 16.3984 12.7786 -26.5 16.3981 12.7793 -26.5 16.3429 12.917 -26.5 16.3313 12.9519 -26.5 
