12
0
0
0
0
0
0
1
13
16 20.6716 25.4 16.6 20.8655 25.4 16.771 20.9323 25.4 16.9571 21 25.4 17 21.0278 25.4 17.0161 21.0485 25.4 17.6 21.5339 25.4 18 21.8452 25.4 17.4 21.6884 25.4 17 21.3771 25.4 16.6101 21.0485 25.4 16.5352 21 25.4 16.2101 20.8817 25.4 
1
10
21 24.5785 26.3 21.5453 24.8678 26.3 21.6775 25 26.3 21.1322 25.2893 26.3 21 25.4215 26.3 20.5785 25 26.3 20.1678 24.5489 26.3 20 24.3812 26.3 20.3 24.3145 26.3 20.6044 24.2183 26.3 
1
5
20.2 24.4375 27.2 20 24.4603 27.2 21 25.4585 27.2 21.4585 25 27.2 20.7695 24.311 27.2 
1
6
20.1 24.5425 28.1 20 24.5471 28.1 20.0474 24.5844 28.1 21 25.5297 28.1 21.5297 25 28.1 20.9734 24.4432 28.1 
1
6
20 24.627 29 20.4738 25 29 21 25.5262 29 21.4938 25.0324 29 21.4615 25 29 21 24.5812 29 
1
8
20 24.5501 29.9 20.9 24.5935 29.9 20.9868 24.5894 29.9 21 24.6063 29.9 21.3937 25 29.9 21 25.3937 29.9 20.6063 25 29.9 20.5589 24.9627 29.9 
