6
0 1 1 2 2 3 
12
0 
0 
0 
1 0 
1 1 
1 2 
1 3 
0 
0 
0 
0 
0 
4
3 0 0 22.7
1 1 
1
49
16.7 20.4486 22.7 17 20.3653 22.7 17.3 20.4617 22.7 18 20.8587 22.7 17.9731 20.8494 22.7 17.7673 20.7673 22.7 17.6467 21 22.7 18 21.4319 22.7 18.3374 21.3374 22.7 18.3238 21 22.7 18.5365 21.1027 22.7 19 21.4428 22.7 20.3279 22.3279 22.7 20.6042 23 22.7 21 23.4455 22.7 21.3501 23.3501 22.7 21.3402 23 22.7 21.541 23.1274 22.7 22 23.4382 22.7 23 24.0302 22.7 23.0657 24.0657 22.7 23.4463 25 22.7 23.4601 25.4601 22.7 23.405 26 22.7 23.3917 25.6083 22.7 23.2608 25.6652 22.7 23 25.72 22.7 22.8353 25.4146 22.7 22.7 25.2852 22.7 22 25.4217 22.7 21.7 25.4265 22.7 21 25.5445 22.7 20.4555 25 22.7 20.1246 24.6326 22.7 20 24.5116 22.7 20.5116 24 22.7 20 23.4884 22.7 19.8706 23.3674 22.7 19.4577 23 22.7 19 22.5423 22.7 18.861 22.4129 22.7 18.3899 22 22.7 18 21.6101 22.7 17.7 21.591 22.7 17 21.4572 22.7 16.4084 21 22.7 16 20.5916 22.7 15.9733 20.5928 22.7 16 20.4419 22.7 
4 1 0 23.6
2 0 2 
1
41
17 20.7459 23.6 17.2667 20.8927 23.6 17.4214 21 23.6 17.8667 21.3289 23.6 18 21.4176 23.6 18.4 21.711 23.6 18.4375 21.7459 23.6 19 22.1614 23.6 19.4 22.4208 23.6 20 22.8741 23.6 20.1888 23 23.6 20.227 23.0152 23.6 20.4 23.1263 23.6 21 23.5694 23.6 21.4 23.8403 23.6 21.4215 23.8635 23.6 21.6064 24 23.6 22 24.3558 23.6 22.4 24.6004 23.6 22.5787 24.8378 23.6 22.7321 25 23.6 22.6184 25.0655 23.6 22.4 25.1859 23.6 22 25.2639 23.6 21.6 25.3313 23.6 21 25.4968 23.6 20.5032 25 23.6 20.1891 24.6625 23.6 20 24.4526 23.6 20.4526 24 23.6 20 23.5474 23.6 19.3817 23 23.6 19 22.6183 23.6 18.2898 22 23.6 18 21.7102 23.6 17.6 21.6338 23.6 17 21.5005 23.6 16.7506 21.3077 23.6 16.3748 21 23.6 16 20.6252 23.6 16.6 20.7421 23.6 
5 2 0 24.5
2 1 3 
1
28
17 20.8971 24.5 17.129 20.9865 24.5 17.1424 21 24.5 17.629 21.4045 24.5 18.3058 21.9045 24.5 18.5061 22 24.5 21.1598 23.9701 24.5 21.2139 24 24.5 21.4389 24.5 24.5 21.9477 25 24.5 21.7791 25.1003 24.5 21.5 25.2472 24.5 21 25.385 24.5 20.615 25 24.5 20.2617 24.6975 24.5 20 24.4163 24.5 20.4163 24 24.5 20 23.5837 24.5 19.3353 23 24.5 19 22.6647 24.5 18.228 22 24.5 18 21.772 24.5 17.5 21.6609 24.5 17 21.5303 24.5 16.6868 21.2738 24.5 16.3619 21 24.5 16 20.6381 24.5 16.5 20.7997 24.5 
6 3 0 25.4
1 2 
1
28
18.6403 22.303 25.4 19.4525 22.9029 25.4 19.5496 23 25.4 19.8525 23.2577 25.4 20.6 23.8218 25.4 20.6382 23.8713 25.4 20.7669 24 25.4 21 24.2122 25.4 21.0649 24.2347 25.4 21.3765 24.4 25.4 21.6465 25 25.4 21 25.3415 25.4 20.6585 25 25.4 20.4238 24.7422 25.4 20 24.3793 25.4 20.4 24.253 25.4 20.4165 24.2306 25.4 20.6471 24 25.4 20.6371 23.98 25.4 20.4 23.7429 25.4 20 23.4941 25.4 19.5847 23.1312 25.4 19.1847 22.8395 25.4 19 22.6548 25.4 18.5146 22.2395 25.4 18.1904 22 25.4 18.1082 21.9178 25.4 18.2805 22 25.4 
