19
0
1
10
9.38799 10.3778 17.8733 8.99978 10.1055 17.8733 9.38585 10.1054 17.8733 9.38798 10.1054 17.8733 10.411 10.1053 17.8733 10.4131 10.1054 17.8733 10.7993 10.1053 17.8733 10.4133 10.3762 17.8733 10.413 10.3763 17.8733 9.89944 10.737 17.8733 
0
0
0
0
0
0
0
0
0
0
0
0
1
5
20.8219 15 29.5733 20.8929 14.7352 29.5733 20.9897 14.4127 29.5733 20.8587 15 29.5733 20.6344 15.3964 29.5733 
1
6
22.4905 11.451 30.4733 22.4134 11.8617 30.4733 22.5452 11.4897 30.4733 22.7352 11 30.4733 22.8008 10.9416 30.4733 22.6897 11 30.4733 
10
9
9.03185 22.5707 31.3733 9.40533 22.5707 31.3733 9.63894 22.8513 31.3733 10.1601 22.9653 31.3733 10.3797 23 31.3733 10.1906 23.0911 31.3733 10.1601 23.1008 31.3733 9.63894 23.4318 31.3733 9.07275 23 31.3733 
11
13.1215 17.906 31.3733 12.9885 17.9249 31.3733 12.7539 18 31.3733 12.4674 18.2247 31.3733 12.0717 18.7202 31.3733 12.1087 19.2536 31.3733 12.4673 19.191 31.3733 12.5207 19 31.3733 12.9885 18.3174 31.3733 13.2666 18.1966 31.3733 13.221 18 31.3733 
7
19.3779 18.9171 31.3733 19.0735 19 31.3733 19.4653 19.0517 31.3733 19.5021 19.0517 31.3733 19.5384 19.0266 31.3733 19.6247 19 31.3733 19.5384 18.9233 31.3733 
6
7.86691 23.747 31.3733 7.89994 24 31.3733 8.22472 24.1778 31.3733 8.53752 24 31.3733 8.22472 23.9256 31.3733 8.08116 23.747 31.3733 
7
11.5743 25.4173 31.3733 12.0118 26 31.3733 12.0309 26.2848 31.3733 11.9805 26.3248 31.3733 11.7612 26.3247 31.3733 11.5743 26.1303 31.3733 10.8285 26 31.3733 
7
12.9885 24.3121 31.3733 13.4802 25 31.3733 13.4943 25.2254 31.3733 13.3159 25.3637 31.3733 13.1951 25.3637 31.3733 12.9885 25.1503 31.3733 12.1081 25 31.3733 
7
6.18647 30.1902 31.3733 6.02892 30.1902 31.3733 5.91744 30.069 31.3733 5.53657 30 31.3733 5.94584 29.7034 31.3733 6.38827 29.7373 31.3733 6.16798 30 31.3733 
7
7.35756 28.6888 31.3733 7.81793 28.7327 31.3733 7.59274 29 31.3733 7.60983 29.1967 31.3733 7.44854 29.1967 31.3733 7.33166 29.0725 31.3733 6.92697 29 31.3733 
7
8.74582 28.0874 31.3733 8.88335 28.2327 31.3733 9.07487 28.2326 31.3733 9.05661 28 31.3733 9.3015 27.7019 31.3733 8.75627 27.6192 31.3733 8.26898 28 31.3733 
6
9.54891 27 31.3733 10.1601 27.1094 31.3733 10.3242 27.2814 31.3733 10.5579 27.2814 31.3733 10.5376 27 31.3733 10.1601 26.5223 31.3733 
0
0
