19
0
0
1
8
8.10008 10.1164 18.7733 11.6989 10.116 18.7733 10.9252 10.6582 18.7733 10.438 11 18.7733 10.4319 15 18.7733 10.288 15.1075 18.7733 9.36755 15.7534 18.7733 9.36061 11 18.7733 
1
17
11.4394 10.1291 19.6733 11.44 10.1292 19.6733 12.5986 10.129 19.6733 11.4397 10.9398 19.6733 11.4394 10.94 19.6733 11.3538 11 19.6733 11.3458 15 19.6733 11.188 15.1186 19.6733 9.93004 16 19.6733 9.92706 17 19.6733 9.77376 17.1124 19.6733 8.46118 18.0345 19.6733 8.44458 11 19.6733 8.35952 10.9404 19.6733 7.20041 10.1297 19.6733 8.35954 10.1296 19.6733 8.36021 10.1296 19.6733 
1
22
6.30094 10.1466 20.5733 6.43116 10.2372 20.5733 7.52423 11 20.5733 7.56481 20.3008 20.5733 7.99314 20 20.5733 8.00188 19 20.5733 10.6738 17.1236 20.5733 10.8428 17 20.5733 10.8471 16 20.5733 12.088 15.1321 20.5733 12.2632 15 20.5733 12.2735 11 20.5733 13.3715 10.2334 20.5733 13.3721 10.233 20.5733 13.4981 10.1453 20.5733 13.4354 10.1455 20.5733 13.435 10.1455 20.5733 13.3678 10.1453 20.5733 12.728 10.1468 20.5733 12.7279 10.1468 20.5733 6.43117 10.1466 20.5733 6.42739 10.1465 20.5733 
1
19
5.4016 10.1687 21.4733 5.91692 10.5259 21.4733 6.5983 11 21.4733 6.6664 21.5704 21.4733 8.90479 20 21.4733 8.9161 19 21.4733 11.5738 17.1368 21.4733 11.762 17 21.4733 11.7681 16 21.4733 12.988 15.1494 21.4733 13.1847 15 21.4733 13.1986 11 21.4733 13.8846 10.5223 21.4733 14.3974 10.1666 21.4733 14.1425 10.1677 21.4733 14.1421 10.1678 21.4733 13.4351 10.1682 21.4733 13.435 10.1682 21.4733 5.91691 10.1687 21.4733 
1
20
4.50249 10.1982 22.3733 5.66456 11 22.3733 5.77135 23.8393 22.3733 6.81693 23.1058 22.3733 6.95504 23 22.3733 6.96415 22 22.3733 8.23114 21.108 22.3733 9.64536 20.1176 22.3733 9.81752 20 22.3733 9.83222 19 22.3733 12.6853 17 22.3733 12.6944 16 22.3733 13.888 15.1714 22.3733 14.1121 15 22.3733 14.131 11 22.3733 14.3975 10.8151 22.3733 14.3978 10.815 22.3733 15.2966 10.1943 22.3733 14.8497 10.1978 22.3733 14.8492 10.1977 22.3733 
1
47
3.60372 10.2389 23.2733 4.24264 10.2451 23.2733 4.88851 10.239 23.2733 5.01099 10.239 23.2733 5.65686 10.2453 23.2733 6.30272 10.239 23.2733 6.4252 10.239 23.2733 7.07107 10.2453 23.2733 7.71694 10.2388 23.2733 7.83942 10.2388 23.2733 8.48528 10.245 23.2733 9.13115 10.2384 23.2733 9.25363 10.2384 23.2733 9.8995 10.2445 23.2733 10.5454 10.2378 23.2733 10.6678 10.2378 23.2733 11.3137 10.2437 23.2733 11.9596 10.2371 23.2733 12.082 10.237 23.2733 12.7279 10.2427 23.2733 13.3738 10.236 23.2733 13.4962 10.2359 23.2733 14.1421 10.2415 23.2733 14.788 10.2348 23.2733 14.911 10.2347 23.2733 15.5563 10.2382 23.2733 15.5568 10.2383 23.2733 16.1955 10.2255 23.2733 15.0731 11 23.2733 15.0485 15 23.2733 14.788 15.2001 23.2733 13.6289 16 23.2733 13.6145 17 23.2733 10.7504 19 23.2733 10.731 20 23.2733 10.5454 20.1248 23.2733 9.30062 21 23.2733 9.13115 21.1134 23.2733 7.87193 22 23.2733 7.86845 23 23.2733 7.71694 23.1173 23.2733 6.45669 24 23.2733 6.30272 24.1193 23.2733 5.04524 25 23.2733 4.88849 25.1226 23.2733 4.8511 25.1488 23.2733 4.7176 11 23.2733 
1
70
3.53554 10.3113 24.1733 4.11098 10.3027 24.1733 4.24264 10.3069 24.1733 4.3743 10.3031 24.1733 4.94975 10.3127 24.1733 5.5252 10.3035 24.1733 5.65686 10.3077 24.1733 5.78852 10.3037 24.1733 6.36396 10.3135 24.1733 6.93941 10.3038 24.1733 7.07107 10.3082 24.1733 7.20273 10.3039 24.1733 7.77818 10.3137 24.1733 8.35362 10.3038 24.1733 8.48528 10.3082 24.1733 8.61694 10.3037 24.1733 9.19239 10.3133 24.1733 9.76784 10.3031 24.1733 9.8995 10.3076 24.1733 10.0312 10.3029 24.1733 10.6066 10.3123 24.1733 11.182 10.3021 24.1733 11.3137 10.3064 24.1733 11.4454 10.3017 24.1733 12.0208 10.3108 24.1733 12.5962 10.3005 24.1733 12.7279 10.3045 24.1733 12.8596 10.3 24.1733 13.435 10.3087 24.1733 14.0104 10.2986 24.1733 14.1421 10.3025 24.1733 14.2738 10.298 24.1733 14.8492 10.3064 24.1733 15.4247 10.294 24.1733 15.5564 10.2963 24.1733 15.6881 10.289 24.1733 16.2635 10.2864 24.1733 16.264 10.2864 24.1733 16.8389 10.2685 24.1733 16.9706 10.2673 24.1733 16.972 10.2672 24.1733 17.0942 10.2619 24.1733 16.0195 11 24.1733 15.9954 15 24.1733 15.6881 15.2402 24.1733 14.5772 16 24.1733 14.5522 17 24.1733 13.111 18 24.1733 12.8596 18.1683 24.1733 11.6702 19 24.1733 11.645 20 24.1733 11.4454 20.1319 24.1733 10.0708 21.0964 24.1733 10.0312 21.125 24.1733 8.78162 22 24.1733 8.78579 23 24.1733 8.61694 23.1317 24.1733 7.37454 24 24.1733 7.20273 24.134 24.1733 5.96331 25 24.1733 5.78852 25.1366 24.1733 4.55346 26 24.1733 4.3743 26.1397 24.1733 3.92812 26.4511 24.1733 3.94518 22 24.1733 3.74346 12 24.1733 3.74681 11 24.1733 2.70623 10.3019 24.1733 2.82843 10.3058 24.1733 2.9601 10.3019 24.1733 
1
85
2.12132 10.4269 25.0733 1.81078 10.4068 25.0733 2.44588 10.8087 25.0733 2.73566 11 25.0733 2.72068 12 25.0733 2.78026 15.2365 25.0733 2.82383 16.2673 25.0733 2.87163 17.3011 25.0733 2.90909 18 25.0733 2.9521 19 25.0733 3.03113 22 25.0733 3.00594 27.7514 25.0733 3.8601 27.1573 25.0733 4.06581 27 25.0733 5.27431 26.1588 25.0733 5.47553 26 25.0733 6.68852 25.1556 25.0733 6.88597 25 25.0733 8.10274 24.1527 25.0733 8.29648 24 25.0733 9.51695 23.1497 25.0733 9.70708 23 25.0733 9.70066 22 25.0733 10.9312 21.1419 25.0733 11.0341 21.0632 25.0733 11.1213 21 25.0733 12.4634 20.0626 25.0733 12.5587 20 25.0733 12.5902 19 25.0733 13.7596 18.1824 25.0733 14.0417 18 25.0733 15.1738 17.2131 25.0733 15.4981 17 25.0733 15.5077 16.6951 25.0733 15.543 16 25.0733 16.5881 15.2876 25.0733 16.9511 15 25.0733 16.977 11 25.0733 17.9922 10.3116 25.0733 17.6795 10.3316 25.0733 17.6777 10.3317 25.0733 17.3531 10.3341 25.0733 16.971 10.3507 25.0733 16.9706 10.3507 25.0733 16.5881 10.3541 25.0733 16.2635 10.3845 25.0733 15.9389 10.384 25.0733 15.5564 10.4051 25.0733 15.1738 10.3984 25.0733 14.8492 10.4303 25.0733 14.5246 10.407 25.0733 14.1421 10.4201 25.0733 13.7596 10.4087 25.0733 13.435 10.4357 25.0733 13.1104 10.4112 25.0733 12.7279 10.4245 25.0733 12.3454 10.4127 25.0733 12.0208 10.4407 25.0733 11.6962 10.415 25.0733 11.3137 10.4286 25.0733 10.9312 10.4161 25.0733 10.6066 10.4447 25.0733 10.282 10.4174 25.0733 9.8995 10.431 25.0733 9.51695 10.4181 25.0733 9.19239 10.4453 25.0733 8.86783 10.4183 25.0733 8.48528 10.4314 25.0733 8.10274 10.4184 25.0733 7.77818 10.4434 25.0733 7.45362 10.4175 25.0733 7.07107 10.43 25.0733 6.68852 10.4172 25.0733 6.36396 10.441 25.0733 6.0394 10.4154 25.0733 5.65686 10.427 25.0733 5.27431 10.4147 25.0733 4.94975 10.4379 25.0733 4.62519 10.4128 25.0733 4.24264 10.4239 25.0733 3.8601 10.4116 25.0733 3.53554 10.4342 25.0733 3.21098 10.4098 25.0733 2.82843 10.4207 25.0733 2.44587 10.4085 25.0733 
2
92
1.62565 11 25.9733 1.5858 11.7555 25.9733 1.61517 12 25.9733 1.6429 12.7958 25.9733 1.6839 13 25.9733 1.70883 13.8424 25.9733 1.73821 14 25.9733 1.76171 14.8799 25.9733 1.68557 15 25.9733 1.77337 15.8881 25.9733 1.79273 16 25.9733 1.8772 16.9615 25.9733 1.88331 17 25.9733 1.96535 18 25.9733 2.02647 19 25.9733 2.07089 20 25.9733 2.10338 21 25.9733 2.10503 21.1226 25.9733 2.08505 29.0557 25.9733 2.13072 29.021 25.9733 2.15735 29 25.9733 3.34582 28.1762 25.9733 3.57899 28 25.9733 4.76003 27.1824 25.9733 4.99509 27 25.9733 6.17425 26.1832 25.9733 6.40469 26 25.9733 7.58846 25.1798 25.9733 7.81446 25 25.9733 9.00267 24.1763 25.9733 9.22411 24 25.9733 10.4169 23.1727 25.9733 10.6339 23 25.9733 10.6265 22 25.9733 11.8311 21.1637 25.9733 12.0416 21 25.9733 13.4458 20.019 25.9733 13.4736 20 25.9733 13.5107 19 25.9733 14.6595 18.1979 25.9733 14.9727 18 25.9733 16.0738 17.235 25.9733 16.4414 17 25.9733 16.4418 16.992 25.9733 16.5056 16.0371 25.9733 16.5088 16 25.9733 17.488 15.3336 25.9733 17.9236 15 25.9733 17.9429 14.0534 25.9733 17.9457 14 25.9733 17.9591 11 25.9733 18.8889 10.3831 25.9733 18.3848 10.4349 25.9733 17.8674 10.4354 25.9733 17.678 10.4476 25.9733 17.6777 10.4476 25.9733 17.488 10.449 25.9733 16.9706 10.5356 25.9733 16.4532 10.5268 25.9733 16.2635 10.5446 25.9733 16.0738 10.5443 25.9733 15.0389 10.6247 25.9733 14.8492 10.6434 25.9733 14.6595 10.6298 25.9733 13.6247 10.6393 25.9733 13.435 10.6551 25.9733 13.2453 10.6408 25.9733 12.2105 10.6496 25.9733 12.0208 10.666 25.9733 11.8311 10.651 25.9733 10.7963 10.6591 25.9733 10.6066 10.6758 25.9733 10.4169 10.6598 25.9733 9.38211 10.6586 25.9733 9.19239 10.6745 25.9733 9.00267 10.6587 25.9733 7.96789 10.6519 25.9733 7.77818 10.6665 25.9733 7.58846 10.6513 25.9733 6.55368 10.6446 25.9733 6.36396 10.6585 25.9733 6.17425 10.6436 25.9733 5.13947 10.637 25.9733 4.94975 10.6506 25.9733 4.76003 10.6359 25.9733 3.72525 10.6296 25.9733 3.53554 10.6428 25.9733 3.34582 10.6285 25.9733 2.31104 10.6107 25.9733 2.12132 10.6215 25.9733 1.93159 10.6092 25.9733 0.916381 10.5678 25.9733 
19
-7.51986 29.4698 25.9733 -7.56689 29.4817 25.9733 -7.23081 29.8548 25.9733 -6.80945 30 25.9733 -6.71814 30.0511 25.9733 -6.49062 30.2882 25.9733 -6.17422 30.5476 25.9733 -5.93264 30.9063 25.9733 -5.67761 31 25.9733 -5.35783 31.4227 25.9733 -5.22621 31.468 25.9733 -5.29805 31.3804 25.9733 -5.63942 31 25.9733 -5.59509 30.4096 25.9733 -5.79408 30 25.9733 -5.92505 29.9193 25.9733 -6.17425 29.7302 25.9733 -6.82389 29.5876 25.9733 -7.08374 29.6431 25.9733 
2
98
0.384889 15 26.8733 0.643979 14.6226 26.8733 1.41106 14.661 26.8733 1.41738 14.6616 26.8733 1.50968 14.6735 26.8733 2.82527 14.7861 26.8733 2.83159 14.7852 26.8733 4.22906 15 26.8733 4.23948 15.0003 26.8733 4.24581 15.0001 26.8733 4.25384 15 26.8733 5.6537 14.8167 26.8733 5.66002 14.8147 26.8733 5.71319 14.8036 26.8733 7.06791 14.5498 26.8733 7.07423 14.5504 26.8733 7.10683 14.5429 26.8733 8.48212 14.2925 26.8733 8.48844 14.2907 26.8733 8.50903 14.2863 26.8733 8.73965 14.1821 26.8733 9.89629 14.0016 26.8733 9.90253 14.0004 26.8733 9.90265 14.0003 26.8733 9.90291 14.0003 26.8733 9.90485 14 26.8733 14.2616 13.0867 26.8733 14.5448 13 26.8733 15.2691 12.7992 26.8733 15.5127 12.6299 26.8733 15.5532 12.5976 26.8733 15.5596 12.5877 26.8733 15.8002 12 26.8733 16.0414 11.3453 26.8733 16.0422 11 26.8733 16.6453 10.9039 26.8733 16.9674 10.7976 26.8733 16.9758 10.7957 26.8733 18.3816 10.609 26.8733 18.388 10.6112 26.8733 18.393 10.6099 26.8733 19.7802 10.4516 26.8733 18.9675 11 26.8733 18.9801 11.4232 26.8733 18.9817 12 26.8733 18.9959 12.4344 26.8733 19.0025 13.439 26.8733 18.9953 14 26.8733 18.9433 14.3972 26.8733 18.9123 15 26.8733 18.388 15.3921 26.8733 17.4847 16 26.8733 17.4477 16.3397 26.8733 17.3925 17 26.8733 16.9738 17.2597 26.8733 15.9055 18 26.8733 15.5596 18.2161 26.8733 14.4344 19 26.8733 14.3923 20 26.8733 14.1467 20.1863 26.8733 14.1453 20.1874 26.8733 12.9719 21 26.8733 12.7311 21.1927 26.8733 11.5615 22 26.8733 11.5695 23 26.8733 11.3169 23.2024 26.8733 10.1609 24 26.8733 9.90266 24.2066 26.8733 8.7521 25 26.8733 8.48844 25.2105 26.8733 7.34327 26 26.8733 7.07423 26.2143 26.8733 5.93425 27 26.8733 5.66002 27.2162 26.8733 4.51983 28 26.8733 4.2458 28.2078 26.8733 3.0954 29 26.8733 2.83159 29.1996 26.8733 1.67167 30 26.8733 1.66542 31 26.8733 1.41888 31.2216 26.8733 1.41738 31.2227 26.8733 1.41106 31.2273 26.8733 1.0912 31.2431 26.8733 1.10039 31 26.8733 1.1125 30.7844 26.8733 1.13889 30 26.8733 1.14649 29 26.8733 1.1753 21 26.8733 1.17505 20.8286 26.8733 1.15385 20 26.8733 1.10162 19 26.8733 1.02212 18 26.8733 0.973604 17.6862 26.8733 0.889456 17 26.8733 0.732215 16.5155 26.8733 0.63972 16 26.8733 0.447232 15.314 26.8733 
26
-8.45045 28.9355 26.8733 -7.07423 28.5664 26.8733 -7.06791 28.5667 26.8733 -6.57621 28.8624 26.8733 -6.36489 29 26.8733 -5.65369 29.5425 26.8733 -4.95774 30 26.8733 -4.78442 30.3808 26.8733 -4.2458 30.5423 26.8733 -4.23948 30.5471 26.8733 -3.55218 31 26.8733 -3.42638 31.3809 26.8733 -3.70709 31.3809 26.8733 -3.67104 31.978 26.8733 -3.70455 31.9568 26.8733 -4.23948 31.4807 26.8733 -4.24264 31.4782 26.8733 -5.03429 30.9343 26.8733 -5.65685 30.4507 26.8733 -5.66001 30.4486 26.8733 -7.06791 29.4278 26.8733 -7.07107 29.4257 26.8733 -7.07423 29.4248 26.8733 -7.77817 29.1337 26.8733 -8.03145 29.0479 26.8733 -8.23339 29 26.8733 
2
94
-0.520008 15.7429 27.7733 -0.875632 15.7551 27.7733 -0.607188 16 27.7733 -0.606188 16.0008 27.7733 -0.570013 16.0417 27.7733 -0.107831 17 27.7733 -0.0565283 17.3214 27.7733 0.0747539 18 27.7733 0.114433 18.4423 27.7733 0.172687 19 27.7733 0.227854 20 27.7733 0.228632 20.523 27.7733 0.141188 26 27.7733 0.191103 29 27.7733 0.188121 29.4944 27.7733 0.192252 30 27.7733 0.165756 30.4785 27.7733 0.122688 31 27.7733 0.0958593 31.4291 27.7733 0.0219048 32 27.7733 -0.00512027 32.3577 27.7733 -0.0133689 32.4067 27.7733 0.511048 32.346 27.7733 0.903171 32.3095 27.7733 1.21976 32.2913 27.7733 1.20904 32 27.7733 1.92525 31.4868 27.7733 2.31738 31.2201 27.7733 2.60858 31 27.7733 2.6217 30 27.7733 3.7316 29.2434 27.7733 4.04968 29 27.7733 5.14581 28.2528 27.7733 5.47335 28 27.7733 6.56002 27.2557 27.7733 6.88424 27 27.7733 7.97424 26.2531 27.7733 8.29333 26 27.7733 9.38845 25.2501 27.7733 9.7018 25 27.7733 10.8027 24.2465 27.7733 11.1098 24 27.7733 12.2169 23.2425 27.7733 12.5174 23 27.7733 12.5107 22 27.7733 13.6311 21.2355 27.7733 13.9162 21 27.7733 15.0453 20.2282 27.7733 15.1516 20.1405 27.7733 15.328 20 27.7733 15.3489 19.492 27.7733 15.362 19 27.7733 16.4596 18.2386 27.7733 16.8449 18 27.7733 17.8738 17.2908 27.7733 18.359 17 27.7733 18.397 16.6474 27.7733 18.4925 16 27.7733 18.8958 15.733 27.7733 19.2089 15.3548 27.7733 19.288 15.2866 27.7733 19.5206 15 27.7733 19.5956 14.5051 27.7733 19.6365 14 27.7733 19.633 13.5213 27.7733 20.0253 13 27.7733 19.9528 11.0188 27.7733 19.6095 11.5047 27.7733 19.2933 11.8834 27.7733 19.288 11.8857 27.7733 19.0047 12 27.7733 19.0657 12.8719 27.7733 19.0946 13 27.7733 18.9719 14 27.7733 18.9417 14.0324 27.7733 18.8958 14.0612 27.7733 18.0661 14.4133 27.7733 17.9399 14.5332 27.7733 17.8738 14.5904 27.7733 17.4816 14.8655 27.7733 17.4463 14.8775 27.7733 17.3678 14.9196 27.7733 17.3052 15 27.7733 16.4596 15.2714 27.7733 9.38845 15.5921 27.7733 9.19239 15.5499 27.7733 8.99633 15.5783 27.7733 7.97424 15.6215 27.7733 6.56002 15.5624 27.7733 1.92526 15.7142 27.7733 0.903171 15.7236 27.7733 0.511048 15.7349 27.7733 -0.511052 15.7429 27.7733 -0.511529 15.743 27.7733 
50
-7.97425 28.5259 27.7733 -8.39322 28.637 27.7733 -7.97428 28.8688 27.7733 -7.77817 28.8232 27.7733 -7.66861 28.9847 27.7733 -7.6572 29 27.7733 -7.75012 29.1389 27.7733 -7.7672 29.162 27.7733 -7.58212 29.1891 27.7733 -7.07107 29.3425 27.7733 -6.56002 29.6775 27.7733 -6.36396 29.7651 27.7733 -6.16786 29.935 27.7733 -6.0784 30 27.7733 -5.944 30.0653 27.7733 -5.65685 30.2589 27.7733 -5.14581 30.657 27.7733 -4.94975 30.7794 27.7733 -4.75366 30.9645 27.7733 -4.70518 31 27.7733 -4.55805 31.0704 27.7733 -4.24264 31.2812 27.7733 -3.73159 31.6881 27.7733 -3.53553 31.8123 27.7733 -3.34724 31.9964 27.7733 -3.34228 32 27.7733 -3.33944 32.004 27.7733 -3.18345 32.1197 27.7733 -2.82843 32.4736 27.7733 -2.31738 32.7947 27.7733 -2.12132 32.9464 27.7733 -2.09169 32.9682 27.7733 -2.04703 33 27.7733 -1.9252 33.124 27.7733 -1.90812 33.1487 27.7733 -1.75672 33.3965 27.7733 -1.63247 33.9628 27.7733 -1.41767 33.6362 27.7733 -1.22592 33 27.7733 -1.36789 32 27.7733 -1.92526 31.6226 27.7733 -2.31741 31.3327 27.7733 -2.67678 31.2541 27.7733 -2.76182 31 27.7733 -3.33947 30.6171 27.7733 -4.16893 30 27.7733 -4.75368 29.6135 27.7733 -5.57804 29 27.7733 -5.84693 28.8225 27.7733 -6.16784 28.6202 27.7733 
2
147
-1.02525 16.1913 28.6733 -1.41421 16.1903 28.6733 -1.78639 16.2127 28.6733 -1.22672 16.9059 28.6733 -1.14245 17 28.6733 -1.02523 17.4387 28.6733 -0.8852 18 28.6733 -0.87382 18.1071 28.6733 -0.761943 19 28.6733 -0.751804 19.1933 28.6733 -0.742138 20 28.6733 -0.876522 25 28.6733 -0.883239 26 28.6733 -0.881097 26.1019 28.6733 -0.848729 27 28.6733 -0.815907 28.148 28.6733 -0.787611 29 28.6733 -0.786201 29.169 28.6733 -0.762883 30 28.6733 -0.777202 30.1754 28.6733 -0.881294 31.1018 28.6733 -0.970837 31.1018 28.6733 -1.02522 31.1052 28.6733 -1.8032 31.1052 28.6733 -1.94546 31 28.6733 -2.43947 30.6708 28.6733 -3.35325 30 28.6733 -3.85368 29.6668 28.6733 -4.7616 29 28.6733 -5.08636 28.7805 28.6733 -5.26789 28.6636 28.6733 -5.65685 28.6384 28.6733 -6.04581 28.6342 28.6733 -6.68211 28.6055 28.6733 -7.07107 28.5942 28.6733 -8.09632 28.5321 28.6733 -8.80775 28 28.6733 -8.82734 27.9874 28.6733 -8.86287 27.9708 28.6733 -8.84223 28 28.6733 -8.83141 28.0203 28.6733 -8.63654 28.5031 28.6733 -8.48528 28.5132 28.6733 -8.11079 28.8442 28.6733 -8.09625 28.8428 28.6733 -7.77817 28.7689 28.6733 -7.74956 28.8111 28.6733 -7.60877 29 28.6733 -7.62136 29.0188 28.6733 -7.76792 29.2173 28.6733 -7.46003 29.2623 28.6733 -7.07107 29.3281 28.6733 -6.68211 29.3522 28.6733 -6.36396 29.4945 28.6733 -6.27429 29.5722 28.6733 -6.0458 29.717 28.6733 -5.77202 30 28.6733 -5.73991 30.044 28.6733 -5.65685 30.1646 28.6733 -5.26789 30.2498 28.6733 -4.94975 30.4485 28.6733 -4.87888 30.5154 28.6733 -4.6316 30.6936 28.6733 -4.3431 31 28.6733 -4.33743 31.0086 28.6733 -4.24264 31.1341 28.6733 -3.85368 31.2675 28.6733 -3.53553 31.4692 28.6733 -3.48636 31.5173 28.6733 -3.21741 31.7121 28.6733 -2.9486 32 28.6733 -2.93888 32.0148 28.6733 -2.82843 32.2444 28.6733 -2.12132 32.7867 28.6733 -2.11358 32.7924 28.6733 -1.82164 33 28.6733 -1.80321 33.0188 28.6733 -1.49964 33.3414 28.6733 -1.41421 33.4142 28.6733 -1.02521 33.7982 28.6733 -0.90049 34 28.6733 -0.620221 34.8019 28.6733 -0.388977 34.367 28.6733 -0.281918 34.0757 28.6733 -0.260543 34 28.6733 -0.426257 33 28.6733 -0.388957 32.9721 28.6733 0.388961 32.9721 28.6733 0.707196 32.87 28.6733 1.02521 32.8404 28.6733 1.80322 32.8404 28.6733 2.04187 33 28.6733 2.14002 33.0709 28.6733 2.1388 33 28.6733 2.13063 32.7817 28.6733 2.14235 32 28.6733 3.21739 31.2796 28.6733 3.48699 31.0642 28.6733 3.57108 31 28.6733 3.5952 30 28.6733 4.6316 29.3029 28.6733 5.01913 29 28.6733 6.04582 28.3052 28.6733 6.43312 28 28.6733 7.46003 27.3036 28.6733 7.84362 27 28.6733 8.87424 26.3006 28.6733 9.25406 26 28.6733 10.2885 25.2977 28.6733 10.6642 25 28.6733 11.7027 24.2948 28.6733 12.0732 24 28.6733 13.1169 23.2916 28.6733 13.4808 23 28.6733 13.4817 22 28.6733 14.5311 21.2983 28.6733 14.8836 21 28.6733 15.9454 20.2883 28.6733 16.2027 20.0689 28.6733 16.2865 20 28.6733 16.292 19.7953 28.6733 16.3004 19 28.6733 17.7111 18.0515 28.6733 17.794 18 28.6733 17.9958 17.8613 28.6733 18.7738 17.3445 28.6733 19.3481 17 28.6733 19.3538 16.9603 28.6733 19.5359 16.089 28.6733 19.5118 16 28.6733 19.6873 15.1961 28.6733 19.8768 15 28.6733 20.0695 14.5511 28.6733 19.6834 15 28.6733 19.5661 15.1105 28.6733 18.7738 15.5002 28.6733 17.9958 15.5887 28.6733 17.3596 15.7448 28.6733 15.1674 15.8876 28.6733 10.2885 16.0916 28.6733 10.0852 16.0345 28.6733 9.79208 15.9895 28.6733 9.19239 15.8604 28.6733 8.87424 15.9065 28.6733 8.80719 15.9148 28.6733 8.09628 15.9386 28.6733 7.46003 15.9074 28.6733 
17
20.5802 10.912 28.6733 20.8242 10.8318 28.6733 21.2937 10.6965 28.6733 21.5632 10.598 28.6733 20.9533 11 28.6733 20.9978 12 28.6733 20.943 12.0839 28.6733 20.9403 13 28.6733 20.8242 13.2043 28.6733 20.4162 13.7115 28.6733 20.2471 13.9532 28.6733 20.2789 13.6144 28.6733 20.4711 13 28.6733 20.4246 12.7174 28.6733 20.4272 12 28.6733 20.5774 11.8255 28.6733 20.4889 11 28.6733 
2
175
-2.82843 16.4815 29.5733 -2.70318 16.4928 29.5733 -2.12132 16.5359 29.5733 -1.53945 16.5614 29.5733 -1.41421 16.5539 29.5733 -1.28897 16.5542 29.5733 -0.707105 16.5335 29.5733 -0.12524 16.5573 29.5733 9.77427 16.1918 29.5733 9.92219 16.2147 29.5733 10.0247 16.2436 29.5733 10.6066 16.3639 29.5733 11.1885 16.4255 29.5733 11.4389 16.4173 29.5733 12.0208 16.3609 29.5733 12.6027 16.5409 29.5733 12.8531 16.5303 29.5733 13.435 16.4957 29.5733 14.0169 16.4811 29.5733 15.6816 16.3895 29.5733 16.2635 16.3692 29.5733 16.8454 16.3121 29.5733 18.51 16.2118 29.5733 19.5135 16.175 29.5733 19.6738 16.1612 29.5733 19.9242 16.0802 29.5733 19.9952 16.0742 29.5733 20.2248 17 29.5733 19.9242 17.3072 29.5733 18.51 18.1998 29.5733 17.2933 19 29.5733 17.2879 20 29.5733 16.8454 20.3795 29.5733 15.8917 21 29.5733 15.4311 21.39 29.5733 14.494 22 29.5733 14.4838 22.153 29.5733 14.4616 23 29.5733 14.0169 23.3549 29.5733 13.0522 24 29.5733 12.6027 24.3591 29.5733 11.643 25 29.5733 11.1885 25.3633 29.5733 10.2337 26 29.5733 9.77426 26.3676 29.5733 8.82482 27 29.5733 8.36004 27.3721 29.5733 7.41588 28 29.5733 6.94583 28.3752 29.5733 6.00494 29 29.5733 5.53162 29.376 29.5733 4.59168 30 29.5733 4.58193 30.1514 29.5733 4.54297 31 29.5733 4.1174 31.364 29.5733 3.14943 32 29.5733 3.15039 32.1391 29.5733 3.13236 33.1264 29.5733 3.13049 34 29.5733 3.13561 34.1551 29.5733 2.95367 34.1555 29.5733 2.70319 34.1714 29.5733 2.15512 34.1714 29.5733 1.53946 34.2346 29.5733 1.28898 34.3372 29.5733 1.08225 34.317 29.5733 0.573522 34.317 29.5733 0.285766 35 29.5733 0.284796 35.0039 29.5733 0.271673 35.0653 29.5733 0.241283 35.0081 29.5733 0.236347 35 29.5733 0.125219 34.8361 29.5733 -0.0671596 34.6203 29.5733 -0.12524 34.4709 29.5733 -0.131607 34.4587 29.5733 -0.509673 34 29.5733 -0.717568 33.8276 29.5733 -1.28898 33.3058 29.5733 -1.3031 33.2936 29.5733 -1.41421 33.1838 29.5733 -1.53944 33.0772 29.5733 -1.59838 33 29.5733 -1.72978 32.9046 29.5733 -2.12132 32.5496 29.5733 -2.70319 32.1911 29.5733 -2.82843 32.0957 29.5733 -2.84192 32.0676 29.5733 -2.88643 32 29.5733 -2.95368 31.928 29.5733 -3.53553 31.3442 29.5733 -4.1174 31.0958 29.5733 -4.24264 31.0528 29.5733 -4.25422 31.0375 29.5733 -4.27883 31 29.5733 -4.36784 30.9055 29.5733 -4.94975 30.3887 29.5733 -5.53161 30.2261 29.5733 -5.65685 30.1987 29.5733 -5.667 30.1839 29.5733 -5.7821 30.0263 29.5733 -5.80066 30 29.5733 -5.81295 29.9903 29.5733 -6.36396 29.4625 29.5733 -6.94583 29.4121 29.5733 -7.07107 29.4044 29.5733 -7.19631 29.3832 29.5733 -7.76832 29.3398 29.5733 -7.5855 29.1132 29.5733 -7.52125 29 29.5733 -7.65909 28.8372 29.5733 -7.77817 28.648 29.5733 -8.34858 28.6835 29.5733 -8.36007 28.6722 29.5733 -8.40775 28.6346 29.5733 -8.48528 28.566 29.5733 -8.54273 28.5622 29.5733 -8.6105 28.435 29.5733 -8.81316 28 29.5733 -8.91849 27.8676 29.5733 -9.08014 27.6261 29.5733 -8.61051 27.6266 29.5733 -8.52707 27.6656 29.5733 -8.36003 27.7728 29.5733 -8.10029 27.9028 29.5733 -8.00786 28 29.5733 -7.19631 28.6103 29.5733 -7.07107 28.6182 29.5733 -6.94583 28.6218 29.5733 -6.36396 28.5763 29.5733 -5.78209 28.615 29.5733 -5.65685 28.6163 29.5733 -5.53161 28.6244 29.5733 -4.94975 28.5909 29.5733 -4.36788 28.5905 29.5733 -4.30242 28.628 29.5733 -4.11742 28.8115 29.5733 -3.96771 28.9331 29.5733 -3.90276 29 29.5733 -2.95367 29.6162 29.5733 -2.88881 29.654 29.5733 -2.70321 29.8273 29.5733 -2.57705 29.8517 29.5733 -1.74908 29.8517 29.5733 -1.781 29 29.5733 -1.80764 28.8103 29.5733 -1.88164 28 29.5733 -1.78054 27.8295 29.5733 -1.81373 27 29.5733 -1.89158 26.751 29.5733 -1.93269 26 29.5733 -1.96752 25.6973 29.5733 -1.97308 25 29.5733 -1.88104 24.7585 29.5733 -1.85072 24 29.5733 -1.98741 23.6832 29.5733 -1.94816 23 29.5733 -1.92097 22.7302 29.5733 -1.88605 22 29.5733 -1.86749 21.7681 29.5733 -1.83644 21 29.5733 -1.82335 20.7992 29.5733 -1.79005 20 29.5733 -1.77909 19.8306 29.5733 -1.73917 19 29.5733 -1.73795 18.8596 29.5733 -1.84426 18 29.5733 -1.95758 17.7043 29.5733 -2.20266 17 29.5733 -2.55157 16.7655 29.5733 -2.70318 16.6134 29.5733 -2.82843 16.6174 29.5733 -2.95367 16.6076 29.5733 -3.45997 16.4957 29.5733 -2.95367 16.4868 29.5733 
11
22.1461 10.8349 29.5733 22.4444 10.712 29.5733 21.9981 11 29.5733 21.8262 11.3449 29.5733 21.842 12 29.5733 21.7513 12.2919 29.5733 21.4029 12.9139 29.5733 21.5898 12.1777 29.5733 21.6575 12 29.5733 21.5844 11.1739 29.5733 21.6379 11 29.5733 
1
217
-3.44476 16.8358 30.4733 -3.19967 17 30.4733 -3.09481 17.2638 30.4733 -2.86886 18 30.4733 -2.87256 18.4209 30.4733 -2.94659 19 30.4733 -2.97146 19.351 30.4733 -2.61897 20 30.4733 -2.64306 20.5832 30.4733 -2.93972 21 30.4733 -2.96531 21.3554 30.4733 -3.33245 22 30.4733 -3.34288 22.0883 30.4733 -3.38332 22.164 30.4733 -2.189 22.6948 30.4733 -2.08732 22.9281 30.4733 -2.08293 22.9309 30.4733 -2.05362 22.9444 30.4733 -1.96733 23 30.4733 -1.57722 23.5674 30.4733 -0.817725 23.7513 30.4733 -0.774774 23.7682 30.4733 -0.639445 23.9176 30.4733 -0.605171 23.9568 30.4733 -0.561561 24 30.4733 0.639476 24.9641 30.4733 0.683973 24.9192 30.4733 0.710298 25 30.4733 0.774796 25.058 30.4733 0.822146 25.1046 30.4733 1.28821 25.5413 30.4733 1.87528 25.6215 30.4733 2.05367 25.6388 30.4733 2.18898 25.7021 30.4733 2.37758 25.799 30.4733 2.91666 26 30.4733 2.82688 26.4533 30.4733 3.46789 26.4692 30.4733 3.6032 26.6042 30.4733 3.70336 26.6986 30.4733 3.78286 26.7773 30.4733 4.81965 26.8215 30.4733 5.01741 26.836 30.4733 5.07448 26.842 30.4733 5.12193 26.8304 30.4733 5.76539 27 30.4733 5.22975 27.2458 30.4733 5.13442 27.348 30.4733 5.01741 27.4911 30.4733 4.88208 27.5919 30.4733 4.15476 27.6667 30.4733 -0.639455 27.7786 30.4733 -0.774769 27.7383 30.4733 -1.44897 27.6531 30.4733 -2.05367 27.474 30.4733 -2.18898 27.3932 30.4733 -2.32282 27.3305 30.4733 -2.43156 27.2672 30.4733 -3.2721 27.0266 30.4733 -3.36693 27.0713 30.4733 -2.71077 28 30.4733 -2.65044 28.578 30.4733 -3.14232 28.578 30.4733 -3.46788 28.3225 30.4733 -3.46868 28.3222 30.4733 -3.469 28.3221 30.4733 -3.60318 28.2724 30.4733 -3.75677 28.2929 30.4733 -4.88209 28.3727 30.4733 -5.01741 28.3727 30.4733 -5.14773 28.3804 30.4733 -6.2963 28.4137 30.4733 -6.43162 28.4137 30.4733 -7.09059 28 30.4733 -7.35937 27.6992 30.4733 -7.71051 27.4379 30.4733 -7.84583 27.4645 30.4733 -8.48528 27.5017 30.4733 -9.07096 27.564 30.4733 -8.76266 28 30.4733 -8.6413 28.1811 30.4733 -8.48528 28.5297 30.4733 -7.84583 28.494 30.4733 -7.77817 28.499 30.4733 -7.71052 28.5982 30.4733 -7.42639 29 30.4733 -7.71049 29.4018 30.4733 -7.75115 29.4642 30.4733 -7.77121 29.4915 30.4733 -7.71048 29.4959 30.4733 -7.07107 29.5029 30.4733 -6.43162 29.5558 30.4733 -6.36396 29.5457 30.4733 -6.2963 29.6565 30.4733 -5.99923 30 30.4733 -5.72924 30.2904 30.4733 -5.65685 30.4123 30.4733 -5.01741 30.4815 30.4733 -4.94975 30.4683 30.4733 -4.88209 30.4743 30.4733 -4.25619 30.7356 30.4733 -3.86841 31 30.4733 -3.6032 31.2433 30.4733 -3.53553 31.3366 30.4733 -3.46787 31.351 30.4733 -2.85333 31.716 30.4733 -2.41632 32 30.4733 -2.18898 32.1955 30.4733 -2.05366 32.3021 30.4733 -1.45006 32.6891 30.4733 -1.02624 33 30.4733 -0.639445 33.6135 30.4733 -0.198125 33.9968 30.4733 -0.195588 34 30.4733 0.639402 34.9471 30.4733 0.689563 34.9645 30.4733 0.713703 34.9599 30.4733 0.774817 34.9599 30.4733 0.872074 35 30.4733 1.49906 35.3921 30.4733 1.57784 35.9222 30.4733 1.62134 35.6943 30.4733 1.82071 35.6943 30.4733 2.05365 35.7207 30.4733 2.18898 35.6625 30.4733 2.19334 35.662 30.4733 3.46788 35.5875 30.4733 3.54724 35.568 30.4733 3.6032 35.55 30.4733 3.73426 35.4402 30.4733 4.23319 35 30.4733 4.21641 34.5293 30.4733 4.23854 33.5449 30.4733 4.21939 33 30.4733 4.21602 32.529 30.4733 4.16665 32 30.4733 5.01741 31.4246 30.4733 5.11001 31.353 30.4733 5.5452 31 30.4733 5.57796 30.492 30.4733 5.63149 30 30.4733 6.29629 29.5719 30.4733 6.43162 29.4899 30.4733 6.55401 29.3894 30.4733 7.04396 29 30.4733 7.71053 28.5707 30.4733 7.84585 28.4886 30.4733 7.96528 28.3894 30.4733 8.45073 28 30.4733 9.12474 27.5646 30.4733 9.26005 27.482 30.4733 9.3762 27.3855 30.4733 9.85589 27 30.4733 10.5389 26.5575 30.4733 10.6743 26.4744 30.4733 10.7873 26.3807 30.4733 11.2613 26 30.4733 11.9531 25.5507 30.4733 12.0885 25.4672 30.4733 12.1985 25.3761 30.4733 12.667 25 30.4733 13.3673 24.5442 30.4733 13.5027 24.46 30.4733 14.0729 24 30.4733 14.9169 23.4513 30.4733 15.4791 23 30.4733 15.5115 22.5161 30.4733 15.5662 22 30.4733 16.1962 21.5987 30.4733 16.3312 21.5187 30.4733 16.9662 21 30.4733 17.61 20.591 30.4733 17.7454 20.5095 30.4733 18.3641 20 30.4733 18.3648 19.5338 30.4733 18.3805 19 30.4733 19.0242 18.6013 30.4733 19.1325 18.5435 30.4733 19.1596 18.4841 30.4733 19.199 18.4431 30.4733 19.6769 18 30.4733 19.8976 17.8033 30.4733 20.4021 17.2402 30.4733 19.2073 17.2228 30.4733 19.1596 17.2193 30.4733 17.7454 17.0813 30.4733 17.6442 17.0768 30.4733 16.9119 17 30.4733 16.1958 16.9538 30.4733 14.9169 16.9957 30.4733 14.7815 16.9797 30.4733 14.1391 17 30.4733 13.5438 17.0842 30.4733 13.5027 17.0822 30.4733 13.4529 17.0352 30.4733 13.4266 17.0389 30.4733 13.3674 17.0596 30.4733 13.0659 17 30.4733 12.0885 16.7135 30.4733 11.9531 16.7135 30.4733 10.6743 16.6639 30.4733 10.5389 16.6639 30.4733 9.26006 16.7188 30.4733 9.12472 16.7188 30.4733 7.84583 16.7737 30.4733 7.71053 16.7737 30.4733 6.43163 16.8286 30.4733 6.2963 16.7248 30.4733 2.18899 16.8824 30.4733 2.05366 16.8764 30.4733 0.849049 16.9132 30.4733 0.774776 16.914 30.4733 0.639466 16.9937 30.4733 -0.639463 16.9336 30.4733 -0.774747 16.9336 30.4733 -2.05364 16.8811 30.4733 -2.189 16.8811 30.4733 
3
92
-8.74581 28.0756 31.3733 -8.80001 28 31.3733 -8.99748 27.6999 31.3733 -9.19239 27.4323 31.3733 -9.33416 27.4207 31.3733 -9.19239 27.4016 31.3733 -8.74584 27.3711 31.3733 -8.22471 27.2392 31.3733 -7.38627 27.0744 31.3733 -7.19465 27.0113 31.3733 -6.81048 27.2412 31.3733 -6.06393 27.4677 31.3733 -5.39633 27.8841 31.3733 -5.02995 28 31.3733 -4.50316 28.1513 31.3733 -4.29906 28.2241 31.3733 -3.98208 28.3518 31.3733 -0.30802 30 31.3733 -0.0267953 30.1862 31.3733 -0.0151766 30.195 31.3733 0.260549 30.3083 31.3733 0.814139 30.6086 31.3733 1.0734 30.7062 31.3733 1.15366 30.7306 31.3733 1.67481 30.9206 31.3733 1.8578 31 31.3733 2.56785 31.7161 31.3733 2.5952 31.7211 31.3733 2.99046 32 31.3733 3.03367 32.0564 31.3733 3.08902 32.0959 31.3733 3.94329 33 31.3733 3.98207 33.1362 31.3733 4.01269 33 31.3733 4.50321 32.1486 31.3733 4.79314 32.6745 31.3733 4.81314 33 31.3733 4.93675 33.3828 31.3733 4.63453 34 31.3733 4.63651 34.0943 31.3733 4.7924 35 31.3733 4.79958 35.0629 31.3733 4.67239 35.2224 31.3733 4.63328 35.2224 31.3733 4.50322 35.0459 31.3733 4.34312 35 31.3733 4.4052 34.3482 31.3733 3.98206 34.3092 31.3733 3.45209 34.3205 31.3733 3.089 34.3051 31.3733 2.56789 34.3157 31.3733 2.45045 34.083 31.3733 1.74247 34.0868 31.3733 1.67474 34.0456 31.3733 1.15369 34.047 31.3733 1.06282 34.0643 31.3733 0.877977 34 31.3733 0.466193 33.4861 31.3733 0.265177 33.4875 31.3733 0.260575 33.4881 31.3733 -0.26058 33.4918 31.3733 -0.621091 33 31.3733 -0.786215 32.3717 31.3733 -0.790773 32.3717 31.3733 -1.15365 32.255 31.3733 -1.67473 32.0365 31.3733 -1.72113 32 31.3733 -2.19742 31.4661 31.3733 -2.56786 31.3497 31.3733 -3.08898 31.3999 31.3733 -3.53553 31.3051 31.3733 -3.62668 31.1794 31.3733 -3.74898 31 31.3733 -3.98209 30.7635 31.3733 -4.24264 30.4232 31.3733 -4.5032 30.477 31.3733 -4.94975 30.4377 31.3733 -5.39629 30.525 31.3733 -5.65685 30.5593 31.3733 -5.9174 30.2163 31.3733 -6.07034 30 31.3733 -6.24696 29.6307 31.3733 -6.36396 29.439 31.3733 -7.07107 29.5451 31.3733 -7.33163 29.5705 31.3733 -7.77186 29.5389 31.3733 -7.39188 29.0212 31.3733 -7.37808 29 31.3733 -7.63031 28.6692 31.3733 -7.77817 28.4525 31.3733 -8.22472 28.4196 31.3733 -8.48528 28.4139 31.3733 
14
3.41053 24.9728 31.3733 3.29732 25 31.3733 3.9821 25.2993 31.3733 4.63036 25.4152 31.3733 4.83327 25.3981 31.3733 5.3114 25.4328 31.3733 5.39632 25.4132 31.3733 5.9174 25.2367 31.3733 5.97763 25.2118 31.3733 6.51256 25 31.3733 5.9174 24.9205 31.3733 5.39632 24.8613 31.3733 4.5032 24.8391 31.3733 3.9821 24.8773 31.3733 
12
4.54756 30.5808 31.3733 4.50322 30.622 31.3733 4.06356 31 31.3733 3.98208 31.2526 31.3733 3.68697 31.7758 31.3733 3.23061 32 31.3733 3.98207 32.8785 31.3733 4.20487 32 31.3733 4.50322 31.8106 31.3733 4.90809 31.2863 31.3733 4.88815 31 31.3733 5.16048 30.6316 31.3733 
1
55
-9.64585 27.322 32.2733 -9.89949 27.3652 32.2733 -9.9509 27.3717 32.2733 -9.89949 27.4303 32.2733 -9.64585 27.447 32.2733 -9.19239 27.5054 32.2733 -8.82872 27.9759 32.2733 -8.8144 28 32.2733 -8.7389 28.0845 32.2733 -8.4921 28.4048 32.2733 -8.48528 28.4041 32.2733 -8.47905 28.4138 32.2733 -8.23161 28.4193 32.2733 -7.77817 28.4679 32.2733 -7.39464 28.9777 32.2733 -7.38083 29 32.2733 -7.64635 29.3344 32.2733 -7.77135 29.5218 32.2733 -7.32473 29.465 32.2733 -7.07107 29.4403 32.2733 -6.81743 29.4019 32.2733 -6.36396 29.2944 32.2733 -5.99605 29.9456 32.2733 -5.97236 30 32.2733 -5.9105 30.0875 32.2733 -5.76165 30.3331 32.2733 -5.65685 30.4711 32.2733 -5.40321 30.4377 32.2733 -4.94975 30.3266 32.2733 -4.49628 30.18 32.2733 -4.24264 30.1277 32.2733 -4.10289 30.3102 32.2733 -3.989 30.5268 32.2733 -3.95556 30.5381 32.2733 -3.50761 30.6991 32.2733 -3.60697 30 32.2733 -3.65171 29.9724 32.2733 -3.989 29.7236 32.2733 -4.08125 29.6581 32.2733 -4.49631 29.5441 32.2733 -4.87888 29.2162 32.2733 -5.28426 29 32.2733 -5.32238 28.981 32.2733 -5.40321 28.9048 32.2733 -5.5848 28.7446 32.2733 -5.91051 28.6176 32.2733 -6.81339 28.0686 32.2733 -6.81742 28.0663 32.2733 -6.95743 28 32.2733 -7.32469 27.7802 32.2733 -7.77817 27.4175 32.2733 -8.23164 27.2097 32.2733 -8.28667 27.1675 32.2733 -8.63098 27.0088 32.2733 -8.73895 27.036 32.2733 
1
47
-9.16023 27.2139 33.1733 -9.13165 27.2304 33.1733 -7.83891 27.932 33.1733 -7.77817 27.9598 33.1733 -7.73207 27.9967 33.1733 -7.71746 28.0059 33.1733 -6.30322 28.867 33.1733 -6.29793 28.8704 33.1733 -6.08499 29 33.1733 -5.01049 29.7277 33.1733 -4.94527 29.7625 33.1733 -4.88901 29.8107 33.1733 -4.88245 29.8176 33.1733 -4.6972 30 33.1733 -4.71103 30.0094 33.1733 -4.88901 30.1167 33.1733 -4.94975 30.1363 33.1733 -5.01049 30.1512 33.1733 -5.32634 30 33.1733 -5.10837 29.8305 33.1733 -6.13426 29.3709 33.1733 -6.30322 29.2397 33.1733 -6.3407 29.1536 33.1733 -6.36396 29.1124 33.1733 -7.71743 29.437 33.1733 -7.77024 29.4437 33.1733 -7.71743 29.3645 33.1733 -7.45984 29.0003 33.1733 -7.45965 29 33.1733 -7.71743 28.6354 33.1733 -7.75392 28.5766 33.1733 -7.77817 28.5443 33.1733 -7.83891 28.5378 33.1733 -7.95013 28.4868 33.1733 -7.89635 28.2879 33.1733 -8.24164 28.3527 33.1733 -8.48528 28.2407 33.1733 -8.83113 28.0075 33.1733 -8.83479 28 33.1733 -9.13164 27.7069 33.1733 -9.1694 27.6434 33.1733 -9.19239 27.6137 33.1733 -9.25313 27.6059 33.1733 -9.7745 27.4246 33.1733 -9.57713 27.2383 33.1733 -9.40579 27.2945 33.1733 -9.25315 27.1573 33.1733 
