43
1
4
0 12.7 -50.8 12.7 12.7 -50.8 12.7 3.05176e-006 -50.8 7.62939e-007 3.1106e-015 -50.8 
1
4
0 12.7 -50.5 12.7 12.7 -50.5 12.7 3.09223e-015 -50.5 0 3.09223e-015 -50.5 
1
4
0 12.7 -50.2 12.7 12.7 -50.2 12.7 3.07386e-015 -50.2 0 3.07386e-015 -50.2 
1
4
0 12.7 -49.9 12.7 12.7 -49.9 12.7 3.05549e-015 -49.9 0 3.05549e-015 -49.9 
1
4
0 12.7 -49.6 12.7 12.7 -49.6 12.7 3.03712e-015 -49.6 0 3.03712e-015 -49.6 
1
4
0 12.7 -49.3 12.7 12.7 -49.3 12.7 3.01875e-015 -49.3 0 3.01875e-015 -49.3 
1
4
0 12.7 -49 12.7 12.7 -49 12.7 3.00038e-015 -49 0 3.00038e-015 -49 
1
4
0 12.7 -48.7 12.7 12.7 -48.7 12.7 2.98201e-015 -48.7 0 2.98201e-015 -48.7 
1
4
0 12.7 -48.4 12.7 12.7 -48.4 12.7 2.96364e-015 -48.4 0 2.96364e-015 -48.4 
1
4
0 12.7 -48.1 12.7 12.7 -48.1 12.7 2.94527e-015 -48.1 0 2.94527e-015 -48.1 
1
4
0 12.7 -47.8 12.7 12.7 -47.8 12.7 2.9269e-015 -47.8 0 2.9269e-015 -47.8 
1
4
0 2.90853e-015 -47.5 0 9.525 -47.5 12.7 9.525 -47.5 12.7 2.90853e-015 -47.5 
1
4
0 2.89016e-015 -47.2 0 9.525 -47.2 12.7 9.525 -47.2 12.7 2.89016e-015 -47.2 
1
4
0 2.87179e-015 -46.9 0 9.525 -46.9 12.7 9.525 -46.9 12.7 2.87179e-015 -46.9 
1
4
0 2.85342e-015 -46.6 0 9.525 -46.6 12.7 9.525 -46.6 12.7 2.85342e-015 -46.6 
1
4
0 2.83505e-015 -46.3 0 9.525 -46.3 12.7 9.525 -46.3 12.7 2.83505e-015 -46.3 
1
4
0 2.81669e-015 -46 0 9.525 -46 12.7 9.525 -46 12.7 2.81669e-015 -46 
1
4
0 2.79832e-015 -45.7 0 9.525 -45.7 12.7 9.525 -45.7 12.7 2.79832e-015 -45.7 
1
4
0 2.77995e-015 -45.4 0 9.525 -45.4 12.7 9.525 -45.4 12.7 2.77995e-015 -45.4 
1
4
0 2.76158e-015 -45.1 0 9.525 -45.1 12.7 9.525 -45.1 12.7 2.76158e-015 -45.1 
1
4
0 2.74321e-015 -44.8 0 9.525 -44.8 12.7 9.525 -44.8 12.7 2.74321e-015 -44.8 
1
4
0 2.72484e-015 -44.5 0 9.525 -44.5 12.7 9.525 -44.5 12.7 2.72484e-015 -44.5 
1
4
0 6.35 -44.2 12.7 6.35 -44.2 12.7 2.70647e-015 -44.2 0 2.70647e-015 -44.2 
1
4
0 6.35 -43.9 12.7 6.35 -43.9 12.7 2.6881e-015 -43.9 0 2.6881e-015 -43.9 
1
4
0 6.35 -43.6 12.7 6.35 -43.6 12.7 2.66973e-015 -43.6 0 2.66973e-015 -43.6 
1
4
0 6.35 -43.3 12.7 6.35 -43.3 12.7 2.65136e-015 -43.3 0 2.65136e-015 -43.3 
1
4
0 6.35 -43 12.7 6.35 -43 12.7 2.63299e-015 -43 0 2.63299e-015 -43 
1
4
0 6.35 -42.7 12.7 6.35 -42.7 12.7 2.61462e-015 -42.7 0 2.61462e-015 -42.7 
1
4
0 6.35 -42.4 12.7 6.35 -42.4 12.7 2.59625e-015 -42.4 0 2.59625e-015 -42.4 
1
4
0 6.35 -42.1 12.7 6.35 -42.1 12.7 2.57788e-015 -42.1 0 2.57788e-015 -42.1 
1
4
0 6.35 -41.8 12.7 6.35 -41.8 12.7 2.55951e-015 -41.8 0 2.55951e-015 -41.8 
1
4
0 6.35 -41.5 12.7 6.35 -41.5 12.7 2.54114e-015 -41.5 0 2.54114e-015 -41.5 
1
4
0 2.52277e-015 -41.2 0 3.175 -41.2 12.7 3.175 -41.2 12.7 2.52277e-015 -41.2 
1
4
0 2.5044e-015 -40.9 0 3.175 -40.9 12.7 3.175 -40.9 12.7 2.5044e-015 -40.9 
1
4
0 2.48603e-015 -40.6 0 3.175 -40.6 12.7 3.175 -40.6 12.7 2.48603e-015 -40.6 
1
4
0 2.46766e-015 -40.3 0 3.175 -40.3 12.7 3.175 -40.3 12.7 2.46766e-015 -40.3 
1
4
0 2.44929e-015 -40 0 3.175 -40 12.7 3.175 -40 12.7 2.44929e-015 -40 
1
4
0 2.43092e-015 -39.7 0 3.175 -39.7 12.7 3.175 -39.7 12.7 2.43092e-015 -39.7 
1
4
0 2.41255e-015 -39.4 0 3.175 -39.4 12.7 3.175 -39.4 12.7 2.41255e-015 -39.4 
1
4
0 2.39418e-015 -39.1 0 3.175 -39.1 12.7 3.175 -39.1 12.7 2.39418e-015 -39.1 
1
4
0 2.37581e-015 -38.8 0 3.175 -38.8 12.7 3.175 -38.8 12.7 2.37581e-015 -38.8 
1
4
0 2.35744e-015 -38.5 0 3.175 -38.5 12.7 3.175 -38.5 12.7 2.35744e-015 -38.5 
1
4
0 2.33907e-015 -38.2 0 3.175 -38.2 12.7 3.175 -38.2 12.7 2.33907e-015 -38.2 
