14
0
1
21
21.4811 1.6071 -42.2335 22 1.27936 -42.2335 22.0697 1.22132 -42.2335 22.7767 0.192885 -42.2335 22.8149 -2.83722e-006 -42.2335 22.9591 -0.118682 -42.2335 23 -0.160528 -42.2335 23.0493 -0.192939 -42.2335 23.1674 -0.365262 -42.2335 23.5827 -0.70711 -42.2335 23.5215 -1.22133 -42.2335 23.4816 -1.60711 -42.2335 23.1151 -1.22135 -42.2335 23 -1.03745 -42.2335 22.8184 -0.365262 -42.2335 22.8081 -0.19289 -42.2335 22.3299 0.192918 -42.2335 22.1256 0.370502 -42.2335 22 0.587747 -42.2335 21.7645 1.10417 -42.2335 21.7605 1.22132 -42.2335 
2
18
12.1188 0.522026 -41.3335 12.0431 0.321336 -41.3335 12.0888 0.364637 -41.3335 12.2779 0.699808 -41.3335 13 1.06425 -41.3335 13.9673 1.0467 -41.3335 14 1.05671 -41.3335 14.0317 1.09291 -41.3335 14.4412 1.73553 -41.3335 14.5609 1.96896 -41.3335 15 2.20291 -41.3335 14.7703 2.18219 -41.3335 14.1745 1.94043 -41.3335 14 1.90193 -41.3335 13.6784 1.73551 -41.3335 13.0108 1.09291 -41.3335 13 1.07731 -41.3335 12.1803 0.852205 -41.3335 
40
19 2.12189 -41.3335 18.6592 2.02518 -41.3335 19 1.99135 -41.3335 19.1565 1.80908 -41.3335 19.3181 1.73553 -41.3335 19.5735 1.62386 -41.3335 19.8941 1.09292 -41.3335 19.9754 1.01621 -41.3335 20 0.988374 -41.3335 20.8342 0.858344 -41.3335 21 0.828372 -41.3335 21.3983 0.321315 -41.3335 21.608 0.0875549 -41.3335 21.9985 -0.326688 -41.3335 22 -0.328882 -41.3335 22.5585 -1.0929 -41.3335 22.6908 -1.34756 -41.3335 22.818 -1.73554 -41.3335 22.8404 -2.13361 -41.3335 23 -2.48998 -41.3335 23.0103 -2.50712 -41.3335 23.2009 -2.12722 -41.3335 23.2037 -2.12132 -41.3335 23.3048 -1.73553 -41.3335 23.3712 -1.0929 -41.3335 23.3566 -0.70711 -41.3335 23.0291 -0.554073 -41.3335 23 -0.534592 -41.3335 22.6988 -0.321332 -41.3335 22.4153 -0.0312259 -41.3335 22.3773 -2.77676e-006 -41.3335 22.3136 0.321315 -41.3335 22.0662 0.66931 -41.3335 22 0.776962 -41.3335 21.6967 1.09288 -41.3335 21 1.53759 -41.3335 20.6287 1.61794 -41.3335 20.615 1.62386 -41.3335 20.1982 1.7355 -41.3335 19.3364 2.03138 -41.3335 
1
67
12.1364 -0.578694 -40.4335 12.7219 -0.278165 -40.4335 13 -0.0872276 -40.4335 13.6848 0.132846 -40.4335 14 0.21752 -40.4335 14.2168 0.578668 -40.4335 14.4117 0.835519 -40.4335 15 1.53537 -40.4335 16 1.53636 -40.4335 16.7038 1.57409 -40.4335 17 1.57273 -40.4335 17.6574 1.50833 -40.4335 18 1.49516 -40.4335 18.6045 1.43353 -40.4335 19 1.41667 -40.4335 19.5056 0.835519 -40.4335 19.6008 0.745701 -40.4335 19.9459 0.350071 -40.4335 20 0.283754 -40.4335 20.7004 0.155036 -40.4335 21 0.124993 -40.4335 21.5736 -0.578694 -40.4335 21.6509 -0.659608 -40.4335 21.9416 -1.078 -40.4335 22 -1.22617 -40.4335 22.4799 -1.99291 -40.4335 22.4944 -2.24974 -40.4335 22.5453 -2.82843 -40.4335 22.9459 -2.24973 -40.4335 23 -2.18357 -40.4335 23.0214 -2.14097 -40.4335 23.0308 -2.12132 -40.4335 23.0644 -1.99291 -40.4335 23.204 -0.835526 -40.4335 23.1992 -0.70711 -40.4335 23.1583 -0.688001 -40.4335 23 -0.581972 -40.4335 22.625 -0.305241 -40.4335 22 0.243446 -40.4335 21.5686 0.578693 -40.4335 21.3586 0.833464 -40.4335 21.3575 0.835529 -40.4335 21 1.18675 -40.4335 20.392 1.43854 -40.4335 20 1.74697 -40.4335 19 1.93831 -40.4335 18.5186 1.84283 -40.4335 18 1.71767 -40.4335 17.4503 1.9929 -40.4335 17.1761 2.2226 -40.4335 17.1564 2.24974 -40.4335 17 2.59043 -40.4335 16.6197 2.6143 -40.4335 16 2.50255 -40.4335 15.856 2.24974 -40.4335 15.5237 1.99291 -40.4335 15 1.74476 -40.4335 14.4102 1.71728 -40.4335 14 1.64248 -40.4335 13.9322 1.5986 -40.4335 13.4911 1.41421 -40.4335 13.0594 0.852324 -40.4335 13.0408 0.835528 -40.4335 13 0.776529 -40.4335 12.9265 0.756352 -40.4335 12.9063 0.647727 -40.4335 12.8569 0.578688 -40.4335 
1
63
13.1528 -1.34973 -39.5335 13.1277 -1.47871 -39.5335 13.14 -1.45663 -39.5335 13.3063 -1.34973 -39.5335 13.7347 -0.97445 -39.5335 14 -0.8916 -39.5335 14.3379 -0.295118 -39.5335 14.4579 -0.0644888 -39.5335 15 0.761747 -39.5335 15.4918 0.759967 -39.5335 16 0.84413 -39.5335 16.5494 0.841402 -39.5335 17 0.865025 -39.5335 17.5499 0.842174 -39.5335 18 0.830147 -39.5335 18.5239 0.805294 -39.5335 19 0.790876 -39.5335 19.5742 0.0644752 -39.5335 19.6701 -0.0644888 -39.5335 19.9124 -0.373812 -39.5335 20 -0.503502 -39.5335 20.5539 -0.566508 -39.5335 21 -0.590365 -39.5335 21.5681 -1.34974 -39.5335 21.6565 -1.47871 -39.5335 21.8476 -1.92988 -39.5335 22 -2.31071 -39.5335 22.2981 -2.76394 -39.5335 22.3638 -2.85205 -39.5335 22.3653 -2.8511 -39.5335 22.3953 -2.82843 -39.5335 22.4038 -2.76394 -39.5335 22.5419 -2.53945 -39.5335 23 -1.76358 -39.5335 23.2737 -1.47871 -39.5335 23.344 -1.39752 -39.5335 23.3433 -1.34973 -39.5335 23.1504 -0.707109 -39.5335 23.0644 -0.644825 -39.5335 23 -0.600561 -39.5335 22.5411 -0.0644846 -39.5335 22.3963 0.0644818 -39.5335 22 0.344691 -39.5335 21 1.02758 -39.5335 20.4298 1.34974 -39.5335 20.2217 1.47868 -39.5335 20 1.67877 -39.5335 19.326 1.733 -39.5335 19 1.77072 -39.5335 18.302 1.81839 -39.5335 18 1.74993 -39.5335 17.5635 2.09604 -39.5335 17 2.65332 -39.5335 16 2.69735 -39.5335 15.868 2.45073 -39.5335 15.6656 2.12132 -39.5335 15.2193 1.88097 -39.5335 15 1.78543 -39.5335 14 1.58619 -39.5335 13.848 1.47869 -39.5335 13.7772 1.36033 -39.5335 13.7719 1.34972 -39.5335 13.0952 0.0644835 -39.5335 
1
67
13.5935 -2.85059 -38.6335 13.728 -2.37871 -38.6335 13.7925 -2.28142 -38.6335 14 -2.08083 -38.6335 14.5018 -0.964499 -38.6335 14.8695 -0.449729 -38.6335 15 -0.254907 -38.6335 15.1583 -0.225878 -38.6335 16 -0.0298176 -38.6335 16.3097 -0.0118359 -38.6335 17 0.0134696 -38.6335 17.3206 0.00372665 -38.6335 18 0.0433297 -38.6335 18.3408 0.0321905 -38.6335 19 0.0251845 -38.6335 19.3532 -0.449715 -38.6335 19.7191 -0.964499 -38.6335 20 -1.38682 -38.6335 20.3244 -1.40512 -38.6335 21 -1.47788 -38.6335 21.6242 -2.37871 -38.6335 21.7679 -2.71972 -38.6335 22 -3.17153 -38.6335 22.0076 -3.18173 -38.6335 22.0305 -3.16749 -38.6335 22.4786 -2.82843 -38.6335 22.5381 -2.37871 -38.6335 22.633 -1.86393 -38.6335 22.8276 -1.50429 -38.6335 23 -1.22413 -38.6335 23.0516 -1.16448 -38.6335 23.0491 -0.964446 -38.6335 23 -0.875698 -38.6335 22.9409 -0.83186 -38.6335 22.8227 -0.700461 -38.6335 22.6089 -0.449785 -38.6335 22 -0.0327267 -38.6335 21.7558 0.144938 -38.6335 21.5057 0.449716 -38.6335 21.4373 0.707104 -38.6335 21.1 0.964471 -38.6335 21 1.03518 -38.6335 20.9131 1.08734 -38.6335 20 1.76572 -38.6335 19.8905 1.77141 -38.6335 19 1.78708 -38.6335 18.9024 1.79145 -38.6335 18 1.81497 -38.6335 17.9123 1.86397 -38.6335 17.0402 2.3787 -38.6335 17 2.41629 -38.6335 16 2.43349 -38.6335 15.9417 2.37868 -38.6335 15.5588 2.12132 -38.6335 15.4203 1.99319 -38.6335 15.2614 1.86392 -38.6335 15 1.68669 -38.6335 14.4771 1.19071 -38.6335 14.1455 0.964472 -38.6335 14.0495 0.449741 -38.6335 14.0721 -0.449762 -38.6335 14 -0.833422 -38.6335 13.9863 -0.87827 -38.6335 13.9713 -0.964499 -38.6335 13.7965 -1.86393 -38.6335 13.6681 -2.37871 -38.6335 13.5098 -2.82843 -38.6335 
1
52
14 -2.85815 -37.7335 14.2556 -2.37815 -37.7335 14.4891 -1.86451 -37.7335 15 -1.14892 -37.7335 15.9951 -0.970924 -37.7335 16 -0.969872 -37.7335 17 -0.924832 -37.7335 18 -0.857235 -37.7335 18.0749 -0.858083 -37.7335 19 -0.843582 -37.7335 19.7255 -1.86451 -37.7335 20 -2.27977 -37.7335 20.0648 -2.28651 -37.7335 20.9815 -2.40435 -37.7335 21 -2.40599 -37.7335 21.5952 -3.21937 -37.7335 22 -3.18797 -37.7335 22.3116 -2.94538 -37.7335 22.4859 -2.82843 -37.7335 22.3082 -2.37814 -37.7335 22.403 -1.86451 -37.7335 22.0621 -1.43259 -37.7335 22 -1.23786 -37.7335 21.948 -1.12891 -37.7335 21.8235 -0.963937 -37.7335 21.6199 -0.559322 -37.7335 21.5079 -0.450292 -37.7335 21.4123 0.450287 -37.7335 21.3441 0.707104 -37.7335 21.2424 0.784679 -37.7335 21 0.935488 -37.7335 20.9677 0.963918 -37.7335 20.1487 1.65414 -37.7335 20 1.79008 -37.7335 19.115 1.80227 -37.7335 19 1.80824 -37.7335 18 1.82655 -37.7335 17.9336 1.86445 -37.7335 17 2.51289 -37.7335 16 2.4937 -37.7335 15.8367 2.37819 -37.7335 15.5946 2.19005 -37.7335 15.4924 2.12132 -37.7335 15.2147 1.86449 -37.7335 15 1.67169 -37.7335 14.6955 1.54545 -37.7335 14.5038 1.41421 -37.7335 14.4563 0.963921 -37.7335 13.9288 -1.86451 -37.7335 13.8007 -2.37814 -37.7335 13.6285 -2.82843 -37.7335 13.9206 -2.95251 -37.7335 
1
59
14 -2.96207 -36.8335 14.191 -2.82843 -36.8335 14.2374 -2.80793 -36.8335 14.34 -2.76449 -36.8335 14.5392 -2.67663 -36.8335 15 -2.03142 -36.8335 15.001 -2.03118 -36.8335 16 -1.81474 -36.8335 16.7752 -1.79602 -36.8335 17.8143 -1.74078 -36.8335 18 -1.73447 -36.8335 18.8205 -1.73206 -36.8335 19 -1.73452 -36.8335 19.7319 -2.76451 -36.8335 19.8176 -2.89237 -36.8335 19.9548 -3.10549 -36.8335 20 -3.18422 -36.8335 20.7423 -3.25685 -36.8335 20.9137 -3.28832 -36.8335 21 -3.21645 -36.8335 22 -3.12003 -36.8335 22.322 -2.89237 -36.8335 22.4173 -2.82843 -36.8335 22.3921 -2.76451 -36.8335 22.3517 -2.68409 -36.8335 22 -1.94384 -36.8335 21.9897 -1.93683 -36.8335 21.6195 -1.47814 -36.8335 21.5799 -1.3953 -36.8335 21.546 -1.3503 -36.8335 21.4863 -0.0639175 -36.8335 21.4728 0.0639125 -36.8335 21.4235 0.123377 -36.8335 21 0.51173 -36.8335 20.8523 0.852603 -36.8335 20.6875 1.29847 -36.8335 20.6499 1.35025 -36.8335 20.6071 1.40581 -36.8335 20.5272 1.47818 -36.8335 20 1.85098 -36.8335 19 1.89499 -36.8335 18 1.90085 -36.8335 17.3136 2.32093 -36.8335 17 2.56151 -36.8335 16 2.5452 -36.8335 15.8238 2.39692 -36.8335 15.4046 2.12132 -36.8335 15.1767 1.8782 -36.8335 15 1.73338 -36.8335 14.639 1.47814 -36.8335 14.5456 1.41421 -36.8335 14.5389 1.3503 -36.8335 14.5816 0.0639125 -36.8335 14.5577 -0.0639175 -36.8335 14.1397 -1.3503 -36.8335 14.1158 -1.47814 -36.8335 13.9594 -2.22729 -36.8335 13.7049 -2.76451 -36.8335 13.6804 -2.82843 -36.8335 
1
58
13.8175 -2.82843 -35.9335 13.9505 -2.88877 -35.9335 14 -2.92173 -35.9335 14.072 -2.8679 -35.9335 14.1306 -2.82843 -35.9335 14.5956 -2.62098 -35.9335 15 -2.45501 -35.9335 16 -2.58348 -35.9335 16.9559 -2.64342 -35.9335 17 -2.64092 -35.9335 17.5548 -2.62204 -35.9335 18.5472 -2.63276 -35.9335 19 -2.65025 -35.9335 19.5174 -3.40663 -35.9335 19.6832 -3.66445 -35.9335 19.8562 -3.9801 -35.9335 20 -3.97166 -35.9335 20.4345 -3.66443 -35.9335 20.5461 -3.56884 -35.9335 20.598 -3.53554 -35.9335 20.7494 -3.40664 -35.9335 21 -3.18177 -35.9335 21.3092 -3.14964 -35.9335 22 -3.12245 -35.9335 22.4155 -2.82843 -35.9335 22.0678 -2.25022 -35.9335 22 -2.18306 -35.9335 21.9613 -2.13678 -35.9335 21.9271 -2.12132 -35.9335 21.847 -1.99243 -35.9335 21.3126 -0.835997 -35.9335 21 -0.390744 -35.9335 20.5811 0.578217 -35.9335 20.5734 0.626537 -35.9335 20.4207 0.836065 -35.9335 20.1572 1.2334 -35.9335 20 1.43818 -35.9335 19.3172 1.28467 -35.9335 19 1.23106 -35.9335 18.2002 1.11916 -35.9335 18 1.0971 -35.9335 17.3588 1.99243 -35.9335 17.1948 2.25023 -35.9335 17 2.54669 -35.9335 16.1524 2.46587 -35.9335 16 2.45584 -35.9335 15.8059 2.46348 -35.9335 15.3222 2.12132 -35.9335 15.1767 1.99243 -35.9335 15 1.81198 -35.9335 14.9288 1.76929 -35.9335 14.463 1.41421 -35.9335 14.5086 -0.835997 -35.9335 14.16 -1.99243 -35.9335 14.1394 -2.12132 -35.9335 14.058 -2.25024 -35.9335 14 -2.40676 -35.9335 13.9673 -2.50524 -35.9335 
1
53
14.3857 -2.69094 -35.0335 14.7818 -2.50661 -35.0335 15 -2.41145 -35.0335 15.1519 -2.43219 -35.0335 16 -2.53519 -35.0335 17 -2.57821 -35.0335 17.0912 -2.63557 -35.0335 17.288 -2.7939 -35.0335 17.7496 -3.15023 -35.0335 18 -3.32726 -35.0335 18.5708 -3.66893 -35.0335 19 -3.68152 -35.0335 19.1489 -3.91303 -35.0335 20 -3.84604 -35.0335 20.0521 -3.80139 -35.0335 20.4669 -3.53554 -35.0335 20.6287 -3.39769 -35.0335 21 -3.1629 -35.0335 21.9686 -3.12294 -35.0335 22 -3.12542 -35.0335 22.0116 -3.11669 -35.0335 22.4338 -2.82843 -35.0335 22.0116 -2.54018 -35.0335 22 -2.53144 -35.0335 21.9688 -2.50658 -35.0335 21.6503 -2.12596 -35.0335 21.6401 -2.12132 -35.0335 21.4007 -1.73601 -35.0335 21 -1.2692 -35.0335 20.9669 -1.21889 -35.0335 20.9154 -1.09241 -35.0335 20.7373 -0.635179 -35.0335 20.597 -0.321785 -35.0335 20.5897 -0.273706 -35.0335 20.1749 0.321812 -35.0335 20 0.542339 -35.0335 19 0.308382 -35.0335 18 0.175292 -35.0335 17.3619 1.09242 -35.0335 17 1.65674 -35.0335 16 1.54788 -35.0335 15.8681 1.54945 -35.0335 15 1.57797 -35.0335 14.6992 1.6363 -35.0335 14.6094 1.58022 -35.0335 14.3846 1.41421 -35.0335 14.4271 -1.09243 -35.0335 14.5228 -1.73601 -35.0335 14.461 -2.12132 -35.0335 14.3839 -2.2434 -35.0335 14.2402 -2.5066 -35.0335 14.2784 -2.66457 -35.0335 14.2784 -2.75659 -35.0335 
2
33
14.3559 -0.192419 -34.1335 14.5625 -1.60663 -34.1335 14.754 -1.86452 -34.1335 15 -2.32909 -34.1335 15.892 -2.48332 -34.1335 15.9217 -2.49345 -34.1335 16 -2.50485 -34.1335 16.9274 -2.55677 -34.1335 17 -2.56355 -34.1335 17.1072 -2.636 -34.1335 17.7362 -3.02084 -34.1335 17.7362 -2.63602 -34.1335 18 -2.28064 -34.1335 18.796 -2.34759 -34.1335 19 -2.34718 -34.1335 19.8961 -2.48919 -34.1335 20 -2.48266 -34.1335 20.8704 -2.45273 -34.1335 21 -2.43908 -34.1335 21.748 -2.2997 -34.1335 21.2385 -1.92912 -34.1335 21 -1.98944 -34.1335 20.4865 -1.2218 -34.1335 20 -0.435511 -34.1335 19.8028 -0.471329 -34.1335 19 -0.633739 -34.1335 18 -0.751163 -34.1335 17.3423 0.192414 -34.1335 17 0.722805 -34.1335 16 0.625552 -34.1335 15 0.641184 -34.1335 14.6258 0.692681 -34.1335 14.3405 0.746383 -34.1335 
12
18.1728 -3.26286 -34.1335 19 -3.21344 -34.1335 19.1714 -3.19076 -34.1335 20 -3.10549 -34.1335 20.0472 -3.11511 -34.1335 20.0739 -3.12522 -34.1335 20.9383 -3.14514 -34.1335 20.7208 -3.30607 -34.1335 20.3261 -3.58901 -34.1335 20 -3.70258 -34.1335 19.7992 -3.76623 -34.1335 19 -3.8772 -34.1335 
1
23
15.2226 -2.12083 -33.2335 15.2254 -2.12181 -33.2335 16 -2.28293 -33.2335 17 -2.40805 -33.2335 17.2981 -2.54236 -33.2335 17.318 -2.558 -33.2335 17.7109 -2.82843 -33.2335 17.514 -2.12181 -33.2335 17.5136 -2.12083 -33.2335 17.92 -1.48148 -33.2335 17.3246 -0.707595 -33.2335 17.3239 -0.706623 -33.2335 17 -0.207459 -33.2335 16.3518 -0.209055 -33.2335 16 -0.239621 -33.2335 15.3648 -0.190726 -33.2335 15 -0.183764 -33.2335 14.4234 -0.125473 -33.2335 14.4994 -0.706623 -33.2335 14.4997 -0.707595 -33.2335 14.6846 -1.41422 -33.2335 14.9844 -1.99955 -33.2335 15 -2.02171 -33.2335 
1
21
16.7904 -2.25196 -32.3335 17 -2.39767 -32.3335 17.5315 -2.63503 -32.3335 17.5966 -2.67109 -32.3335 17.9587 -2.8512 -32.3335 17.9378 -2.82843 -32.3335 17.8461 -2.63504 -32.3335 17.4505 -1.60761 -32.3335 17.0955 -1.22084 -32.3335 17 -1.10531 -32.3335 16.1242 -1.04518 -32.3335 16 -1.04546 -32.3335 15 -0.970065 -32.3335 14.6375 -0.934666 -32.3335 14.7219 -1.22081 -32.3335 14.7752 -1.41422 -32.3335 14.9739 -1.53489 -32.3335 15 -1.558 -32.3335 15.4796 -1.60763 -32.3335 16 -1.73292 -32.3335 16.1047 -1.75578 -32.3335 
0
