20
0
1
31
17.8355 11.7773 -44.0749 17.3372 12 -44.0749 17.2316 12.1316 -44.0749 18.0541 12.3995 -44.0749 18.1081 13 -44.0749 17.7503 13.3858 -44.0749 17.2048 13.6751 -44.0749 16.8164 14 -44.0749 16.7932 14.0221 -44.0749 16.7379 14.0609 -44.0749 16.7363 14.062 -44.0749 16.1604 14.3208 -44.0749 16.2634 14.3605 -44.0749 16.7363 14.427 -44.0749 16.7379 14.4266 -44.0749 17.2048 14.2907 -44.0749 17.6336 14 -44.0749 17.8561 13.5394 -44.0749 18.138 13.2128 -44.0749 18.1503 13.2017 -44.0749 18.1505 13.2015 -44.0749 18.3019 13 -44.0749 18.6109 12.4108 -44.0749 18.6112 12.4102 -44.0749 18.619 12.3949 -44.0749 18.8729 12 -44.0749 18.8203 11.9386 -44.0749 18.619 11.7379 -44.0749 18.2932 11.4959 -44.0749 18.1505 11.3994 -44.0749 17.9225 11.2647 -44.0749 
1
12
10.2805 34.845 -43.1749 9.26662 35.0032 -43.1749 9.38424 34.9053 -43.1749 9.89949 34.5587 -43.1749 10.5652 34.5835 -43.1749 10.6066 34.5778 -43.1749 10.648 34.5607 -43.1749 11.3137 34.2445 -43.1749 11.8982 34.4812 -43.1749 11.3137 34.3265 -43.1749 10.6066 34.7079 -43.1749 10.5652 34.709 -43.1749 
2
14
19.844 12.8028 -42.2749 19.8052 12.8885 -42.2749 19.7808 13 -42.2749 19.6475 13.1442 -42.2749 18.8876 14 -42.2749 18.6088 14.4022 -42.2749 18.5363 14.499 -42.2749 18.477 14.6256 -42.2749 18.3042 14.974 -42.2749 18.5362 14.7982 -42.2749 19.3888 14 -42.2749 19.6475 13.3707 -42.2749 19.7893 13 -42.2749 19.8154 12.8813 -42.2749 
17
11.0176 35 -42.2749 10.6902 35.1593 -42.2749 10.051 35.4574 -42.2749 9.89949 35.463 -42.2749 9.74798 35.4783 -42.2749 9.20712 35.3151 -42.2749 9.66318 35.004 -42.2749 9.66588 35 -42.2749 9.748 34.9225 -42.2749 9.85163 34.7494 -42.2749 9.89949 34.6881 -42.2749 10.051 34.6886 -42.2749 10.6066 34.6074 -42.2749 11.1622 34.5078 -42.2749 11.3137 34.4882 -42.2749 11.9812 34.5979 -42.2749 11.4652 34.6682 -42.2749 
3
20
19.2765 16.0364 -41.3749 19.4363 16.2496 -41.3749 20.1617 16.8934 -41.3749 20.2385 16.9645 -41.3749 20.2818 17 -41.3749 20.8505 17.5048 -41.3749 21.0575 17.6953 -41.3749 21.4058 18 -41.3749 21.4335 18.1007 -41.3749 21.5759 18.231 -41.3749 21.9183 18.7196 -41.3749 21.7396 18 -41.3749 21.7093 17.9602 -41.3749 21.5759 17.8256 -41.3749 21.1403 17.4865 -41.3749 20.8505 17.253 -41.3749 20.4961 17 -41.3749 20.3544 16.8916 -41.3749 20.1617 16.7324 -41.3749 19.4363 16.1508 -41.3749 
16
9.56732 34.9937 -41.3749 9.56355 35 -41.3749 9.5368 35.031 -41.3749 9.31336 35.3301 -41.3749 9.20187 35.4448 -41.3749 9.89949 35.3784 -41.3749 10.2622 35.3652 -41.3749 10.951 35.376 -41.3749 11.8364 35 -41.3749 12.349 34.6217 -41.3749 11.6764 34.6084 -41.3749 11.3137 34.5474 -41.3749 10.951 34.5945 -41.3749 10.6066 34.585 -41.3749 10.2622 34.5695 -41.3749 9.89949 34.5682 -41.3749 
18
5.49607 36.6964 -41.3749 5.29419 36.746 -41.3749 4.94974 36.7486 -41.3749 4.7549 36.8348 -41.3749 4.60533 36.915 -41.3749 4.41776 36.9743 -41.3749 4.36136 37 -41.3749 4.15521 37.163 -41.3749 3.87995 37.3249 -41.3749 3.5414 37.6329 -41.3749 3.29766 38 -41.3749 3.25877 38.0403 -41.3749 3.31991 38 -41.3749 3.67895 37.6561 -41.3749 3.87995 37.53 -41.3749 4.60531 37.2051 -41.3749 4.97791 37 -41.3749 5.29419 36.7668 -41.3749 
3
16
20.1234 16.0358 -40.4749 20.3363 16.3269 -40.4749 20.4636 16.4448 -40.4749 20.6759 16.6185 -40.4749 20.9782 16.8758 -40.4749 21.1423 17 -40.4749 21.8461 17.6247 -40.4749 21.9812 17.7624 -40.4749 21.8869 17.6387 -40.4749 21.7505 17.5013 -40.4749 21.6325 17.3911 -40.4749 21.379 17 -40.4749 21.0834 16.7834 -40.4749 20.6759 16.4621 -40.4749 20.482 16.3138 -40.4749 20.3363 16.1934 -40.4749 
13
9.19983 35.3491 -40.4749 9.53925 35 -40.4749 9.68069 34.7766 -40.4749 9.89949 34.4824 -40.4749 10.4368 34.4951 -40.4749 10.6066 34.5028 -40.4749 12.7279 34.5529 -40.4749 12.9437 34.8766 -40.4749 12.7463 35 -40.4749 12.1906 35.2068 -40.4749 11.851 35.3538 -40.4749 9.89949 35.3271 -40.4749 9.36216 35.3347 -40.4749 
19
6.17647 36.5624 -40.4749 5.65685 36.7041 -40.4749 5.11955 36.788 -40.4749 4.94974 36.7893 -40.4749 4.77996 36.8645 -40.4749 4.53625 37 -40.4749 4.38383 37.1646 -40.4749 3.78494 37.7414 -40.4749 3.55675 37.9487 -40.4749 3.52271 38 -40.4749 3.40302 38.1241 -40.4749 3.36574 38.1828 -40.4749 3.01896 38.7685 -40.4749 3.36574 38.6722 -40.4749 3.70532 38.4197 -40.4749 4.16418 38 -40.4749 4.77995 37.5331 -40.4749 5.11954 37.3495 -40.4749 5.68558 37 -40.4749 
1
28
7.06418 36.3893 -39.5749 7.04794 36.4017 -39.5749 6.289 37 -39.5749 5.70697 37.4083 -39.5749 5.67996 37.428 -39.5749 4.3007 38.4977 -39.5749 4.26575 38.5313 -39.5749 4.21953 38.5607 -39.5749 3.79743 38.9132 -39.5749 3.55894 39 -39.5749 2.90321 39.4836 -39.5749 2.85155 39.526 -39.5749 2.85118 39.5262 -39.5749 2.85155 39.5256 -39.5749 3.26331 39 -39.5749 3.44874 38.6018 -39.5749 3.53553 38.3764 -39.5749 3.56403 38.3352 -39.5749 3.7565 38 -39.5749 4.21953 37.6119 -39.5749 4.23123 37.5979 -39.5749 4.24264 37.5898 -39.5749 4.26574 37.5534 -39.5749 4.65032 37 -39.5749 4.94974 36.7825 -39.5749 5.67996 36.6079 -39.5749 6.36396 36.4707 -39.5749 7.04793 36.3787 -39.5749 
0
2
14
15.0221 45.9782 -37.7749 14.9757 46 -37.7749 15.093 46.2558 -37.7749 15.1475 46.2452 -37.7749 15.1867 46.2159 -37.7749 15.2403 46 -37.7749 15.9652 45.2937 -37.7749 15.9689 45.297 -37.7749 15.9962 45.3207 -37.7749 16.0329 45.2414 -37.7749 16.2126 45 -37.7749 16.5169 44.2126 -37.7749 15.904 45 -37.7749 15.0766 45.9499 -37.7749 
32
20.7434 37.7715 -37.7749 20.7545 37.765 -37.7749 20.6105 37.929 -37.7749 20.5339 38 -37.7749 20.5236 38.1984 -37.7749 20.4452 39 -37.7749 20.2763 39.2437 -37.7749 20.2079 39.3907 -37.7749 20.102 39.5764 -37.7749 19.5604 39.9212 -37.7749 19.3901 39.9722 -37.7749 19.3465 39.9841 -37.7749 19.3264 40 -37.7749 19.3254 40.0457 -37.7749 19.0658 41 -37.7749 18.9568 41.1557 -37.7749 18.9546 41.1587 -37.7749 18.8949 41.2439 -37.7749 18.895 41.2438 -37.7749 18.852 41.3306 -37.7749 18.7937 41.2763 -37.7749 18.4866 41.4755 -37.7749 18.6451 41 -37.7749 18.7936 40.6616 -37.7749 18.8734 40.4269 -37.7749 19.2911 40 -37.7749 19.313 39.9347 -37.7749 19.3139 39.9311 -37.7749 19.9594 38 -37.7749 20.2079 37.9086 -37.7749 20.277 37.9142 -37.7749 20.5707 37.8348 -37.7749 
0
0
1
17
8.11294 29 -35.0749 7.67598 29.2737 -35.0749 7.35148 29.1798 -35.0749 7.00178 29.0407 -35.0749 6.94318 29 -35.0749 7.23143 28.9182 -35.0749 7.35148 28.8202 -35.0749 7.77817 28.5899 -35.0749 8.20481 28.2846 -35.0749 8.50381 28 -35.0749 8.50924 27.9929 -35.0749 8.69881 27.9358 -35.0749 8.66657 27.9767 -35.0749 8.64379 28 -35.0749 8.76569 28.1023 -35.0749 9.18057 28.2491 -35.0749 8.76569 28.5089 -35.0749 
1
21
9.80689 28.345 -34.1749 9.6657 28.3095 -34.1749 9.2823 28 -34.1749 9.41699 27.8364 -34.1749 9.61293 27.515 -34.1749 9.19239 27.745 -34.1749 8.78449 27.925 -34.1749 8.71902 27.9591 -34.1749 8.58617 27.9992 -34.1749 8.58552 28 -34.1749 8.42847 28.1495 -34.1749 8.25148 28.2814 -34.1749 7.77817 28.6717 -34.1749 7.64487 28.8444 -34.1749 7.54916 29 -34.1749 7.62983 29.101 -34.1749 7.77817 29.3283 -34.1749 8.25151 29.3692 -34.1749 8.29355 29.3789 -34.1749 8.90776 29 -34.1749 9.6657 28.433 -34.1749 
0
0
0
0
0
0
1
34
8.89466 28.4591 -27.8749 8.66262 28.5556 -27.8749 8.65341 28.5774 -27.8749 8.07587 28.904 -27.8749 7.77817 28.8334 -27.8749 7.68872 28.9654 -27.8749 7.6629 29 -27.8749 7.73847 29.1129 -27.8749 7.77817 29.1666 -27.8749 8.41644 29.0159 -27.8749 8.47483 29 -27.8749 8.68006 28.6368 -27.8749 8.89469 28.8752 -27.8749 10.3089 28.4631 -27.8749 10.6066 28.4386 -27.8749 10.9043 28.3403 -27.8749 11.0651 28.1785 -27.8749 11.7231 28.094 -27.8749 12.1214 28.0076 -27.8749 12.1631 28 -27.8749 12.3185 27.9688 -27.8749 13.1373 27.9765 -27.8749 13.6819 27.9527 -27.8749 13.435 27.861 -27.8749 13.1373 27.7559 -27.8749 12.3185 27.7482 -27.8749 12.0208 27.8683 -27.8749 11.7231 27.7786 -27.8749 11.6025 27.7719 -27.8749 10.9044 27.9015 -27.8749 10.5953 27.9145 -27.8749 10.3088 27.9145 -27.8749 9.53991 28 -27.8749 9.49015 28.0081 -27.8749 
