88
0 1 0 1 1 2 1 2 2 3 2 3 3 4 3 4 3 5 3 6 3 6 4 7 4 7 5 8 6 9 6 9 7 10 7 10 9 11 9 11 10 12 10 12 11 13 11 13 12 14 12 14 14 15 14 15 15 16 15 16 16 17 16 17 17 18 17 18 18 19 18 19 19 20 19 20 20 21 20 21 21 22 21 22 22 23 22 23 
20
0 
1 0 
1 1 
1 2 
1 3 
3 4 5 6 
3 7 8 9 
2 10 11 
2 12 13 
1 14 
1 15 
1 16 
1 17 
1 18 
1 19 
1 20 
1 21 
1 22 
1 23 
0 
24
1 0 0 -44.0749
1 1 
1
50
18.1505 17.58 -44.0749 18.2531 17.6626 -44.0749 18.6191 17.9817 -44.0749 18.6337 17.994 -44.0749 18.6403 18 -44.0749 18.6477 18.9798 -44.0749 18.6488 19 -44.0749 18.6229 19.9973 -44.0749 18.6227 20 -44.0749 19.5647 20.6075 -44.0749 19.658 20.6901 -44.0749 19.9703 21 -44.0749 19.886 26 -44.0749 19.8878 26.1029 -44.0749 19.8827 27 -44.0749 19.8872 27.1032 -44.0749 19.9058 28 -44.0749 19.9805 30 -44.0749 19.5647 30.4143 -44.0749 18.7112 31 -44.0749 18.7458 34 -44.0749 18.1505 34.5341 -44.0749 17.7868 34.7837 -44.0749 17.6956 34.3217 -44.0749 17.4837 34.2282 -44.0749 17.2248 34.0877 -44.0749 17.3483 34 -44.0749 17.2236 32.3809 -44.0749 17.257 32 -44.0749 17.2575 31.9877 -44.0749 17.2586 31.9714 -44.0749 17.2621 31.9039 -44.0749 17.3366 31 -44.0749 17.3381 30.9903 -44.0749 17.3829 30.7344 -44.0749 17.6154 30 -44.0749 17.856 29.7917 -44.0749 17.969 29 -44.0749 18.1489 28.0012 -44.0749 18.1492 28 -44.0749 18.2604 27 -44.0749 18.2647 26.9193 -44.0749 18.3301 26 -44.0749 18.3296 25.8733 -44.0749 18.1808 20.9786 -44.0749 18.136 20.0102 -44.0749 18.1352 20 -44.0749 18.1158 19 -44.0749 18.1146 18 -44.0749 18.118 17.5594 -44.0749 
2 1 0 -43.1749
2 0 2 
1
102
16.3049 14.973 -43.1749 16.2948 14.9716 -43.1749 16.3049 14.9671 -43.1749 17.5044 14.8566 -43.1749 17.6363 14.7064 -43.1749 17.7191 14.6436 -43.1749 18.1766 14 -43.1749 18.8003 13.2354 -43.1749 18.9555 13.0361 -43.1749 18.5313 14 -43.1749 17.7191 14.7946 -43.1749 17.6363 14.8577 -43.1749 17.3674 14.9995 -43.1749 17.3665 14.9999 -43.1749 17.3663 15 -43.1749 17.2726 15.3157 -43.1749 17.0233 16 -43.1749 17.6363 16.3437 -43.1749 17.6577 16.3606 -43.1749 17.7191 16.4175 -43.1749 18.3639 17 -43.1749 19.0505 17.4225 -43.1749 19.0717 17.4404 -43.1749 19.1332 17.4966 -43.1749 19.4925 17.8066 -43.1749 19.6987 18 -43.1749 19.7304 18.5778 -43.1749 19.7654 19 -43.1749 19.736 19.5738 -43.1749 19.6961 20 -43.1749 20.4647 20.496 -43.1749 20.4833 20.514 -43.1749 20.5475 20.5832 -43.1749 20.83 20.8765 -43.1749 20.9602 21 -43.1749 20.8769 28 -43.1749 20.8927 28.7559 -43.1749 20.8896 29 -43.1749 20.9154 29.7399 -43.1749 20.9123 30 -43.1749 20.4647 30.4561 -43.1749 19.6684 31 -43.1749 19.7141 34 -43.1749 19.1856 34.4574 -43.1749 19.1846 34.4583 -43.1749 19.0505 34.5754 -43.1749 18.4293 35 -43.1749 17.6363 35.4914 -43.1749 17.0147 35.9061 -43.1749 16.8652 35.5452 -43.1749 16.6091 35 -43.1749 16.339 34.9437 -43.1749 16.3146 34.9211 -43.1749 17.6363 34.7836 -43.1749 18.2212 34.3551 -43.1749 18.6361 34 -43.1749 18.6005 33.3767 -43.1749 18.4106 31 -43.1749 18.2589 30.6183 -43.1749 18.0584 30 -43.1749 17.9488 29.9433 -43.1749 17.7191 29.7862 -43.1749 17.6399 29.7406 -43.1749 17.6363 29.7378 -43.1749 16.9706 29.7124 -43.1749 16.2221 29.5223 -43.1749 15.622 29.4441 -43.1749 16.2221 29.3624 -43.1749 16.3049 29.3837 -43.1749 16.6481 29.2919 -43.1749 16.8334 29 -43.1749 17.0159 28.4387 -43.1749 17.178 28 -43.1749 17.3281 27 -43.1749 17.3684 26.1894 -43.1749 17.3693 26 -43.1749 17.3391 25.2101 -43.1749 17.3259 25 -43.1749 17.2962 24.2405 -43.1749 17.2799 24 -43.1749 17.2478 23.2747 -43.1749 17.2275 23 -43.1749 17.1899 22.3157 -43.1749 17.1588 22 -43.1749 17.1143 21.3691 -43.1749 17.0632 21 -43.1749 17.015 20.4393 -43.1749 17.185 20 -43.1749 17.1693 19.3302 -43.1749 17.0897 19 -43.1749 17.0834 18.391 -43.1749 17.0432 18 -43.1749 17.0504 17.4143 -43.1749 17.0822 17 -43.1749 17.0891 16.3869 -43.1749 17.065 16.3406 -43.1749 17.0647 16.3401 -43.1749 16.8882 16 -43.1749 16.7746 15.6093 -43.1749 16.3661 15 -43.1749 16.3563 14.9957 -43.1749 16.356 14.9956 -43.1749 
3 2 0 -42.2749
2 1 3 
1
93
16.1905 21.6587 -42.2749 15.7629 21.2422 -42.2749 19.0635 20.587 -42.2749 19.6474 20.4219 -42.2749 19.7427 20.3313 -42.2749 19.9505 20.1635 -42.2749 19.9713 20.1427 -42.2749 20.0493 20 -42.2749 20.3025 19.4632 -42.2749 20.592 19 -42.2749 20.351 18.5026 -42.2749 20.0644 18 -42.2749 19.9505 17.9438 -42.2749 19.8935 17.9115 -42.2749 19.8207 17.8776 -42.2749 19.6475 17.4974 -42.2749 19.3324 17.2228 -42.2749 19.252 17 -42.2749 18.7272 16.7332 -42.2749 18.5363 16.3821 -42.2749 18.3957 16.0338 -42.2749 18.5363 16.1345 -42.2749 18.9465 16.5686 -42.2749 19.606 17 -42.2749 19.6475 17.0242 -42.2749 19.9505 17.2406 -42.2749 20.3295 17.6375 -42.2749 20.8621 18 -42.2749 20.9531 19 -42.2749 20.9448 19.0827 -42.2749 20.7956 20 -42.2749 21.0617 20.1676 -42.2749 21.3647 20.3221 -42.2749 21.692 20.6 -42.2749 22.0013 21 -42.2749 21.8905 30 -42.2749 21.3647 30.5193 -42.2749 21.0616 30.7134 -42.2749 20.6391 31 -42.2749 20.6991 34 -42.2749 19.9505 34.6242 -42.2749 19.0206 35.2491 -42.2749 19.0203 35.2491 -42.2749 18.5363 35.5807 -42.2749 17.8938 36 -42.2749 17.8302 36.285 -42.2749 17.6395 37 -42.2749 17.1221 37.3069 -42.2749 16.3906 37.8094 -42.2749 16.3576 37.5405 -42.2749 16.272 37 -42.2749 16.1905 36.6586 -42.2749 15.9566 36 -42.2749 15.8942 35.8683 -42.2749 15.7079 35.7152 -42.2749 15.4277 35.4325 -42.2749 16.8191 35.4369 -42.2749 17.1221 35.4142 -42.2749 18.3848 35.1674 -42.2749 18.5363 35.1127 -42.2749 18.6208 35.0555 -42.2749 18.7172 35 -42.2749 19.8081 34.1136 -42.2749 19.9505 34.0106 -42.2749 19.9621 34 -42.2749 19.7027 31 -42.2749 19.6936 30.9674 -42.2749 19.6475 30.8742 -42.2749 19.3553 30.2066 -42.2749 19.2755 30 -42.2749 18.8583 29.833 -42.2749 18.5363 29.6451 -42.2749 18.3848 29.617 -42.2749 17.6777 29.5238 -42.2749 17.1221 29.4421 -42.2749 16.9706 29.4274 -42.2749 16.8191 29.4075 -42.2749 16.2635 29.3443 -42.2749 15.7079 29.2601 -42.2749 15.4266 29.251 -42.2749 15.8106 29 -42.2749 15.8493 28.9 -42.2749 16.2374 28 -42.2749 16.4075 27 -42.2749 16.4098 26.5037 -42.2749 16.3521 25.5445 -42.2749 16.2846 25 -42.2749 16.2579 24.611 -42.2749 16.1776 24 -42.2749 16.1534 23.6849 -42.2749 16.0436 23 -42.2749 16.0204 22.779 -42.2749 16.2269 22 -42.2749 
4 3 0 -41.3749
4 2 4 5 6 
1
111
15.9341 23.8595 -41.3749 16.9621 23.7159 -41.3749 17.447 23.6254 -41.3749 18.0221 23.5411 -41.3749 19.0798 23.3349 -41.3749 19.4869 23.2621 -41.3749 20.1617 23.0112 -41.3749 20.8275 23.0188 -41.3749 20.8505 23.0455 -41.3749 21.4062 24 -41.3749 21.5759 24.8596 -41.3749 21.7256 24 -41.3749 21.7338 23.8884 -41.3749 21.8655 23 -41.3749 21.8795 22.7853 -41.3749 21.9807 22 -41.3749 21.9834 21.7119 -41.3749 22.065 21 -41.3749 22.0679 20.6521 -41.3749 22.1413 20 -41.3749 22.0289 19.6797 -41.3749 22.0569 19 -41.3749 21.9877 18.8541 -41.3749 22.0757 19 -41.3749 22.0658 19.6536 -41.3749 22.1454 20 -41.3749 22.2647 20.0806 -41.3749 22.949 21 -41.3749 22.8622 30 -41.3749 22.7732 30.091 -41.3749 22.2647 30.6525 -41.3749 21.7054 31 -41.3749 21.665 32 -41.3749 21.6886 32.9203 -41.3749 21.6864 33 -41.3749 21.7083 33.9063 -41.3749 21.6713 34 -41.3749 21.5759 34.1017 -41.3749 20.8505 34.682 -41.3749 20.3776 35 -41.3749 19.4363 35.6895 -41.3749 18.9584 36 -41.3749 18.7475 36.5895 -41.3749 18.6071 37 -41.3749 18.3557 37.1476 -41.3749 18.3534 37.149 -41.3749 18.0221 37.3429 -41.3749 17.0656 38 -41.3749 16.9641 39 -41.3749 16.8457 39.0742 -41.3749 15.6013 39.923 -41.3749 15.5892 39.7203 -41.3749 15.5639 39 -41.3749 15.5419 38.7538 -41.3749 15.4568 38 -41.3749 15.4307 37.8324 -41.3749 15.253 37 -41.3749 15.2415 36.9661 -41.3749 15.4081 36 -41.3749 15.2554 35.9427 -41.3749 16.6078 35.9469 -41.3749 17.3332 35.8937 -41.3749 17.9379 35.7964 -41.3749 18.0221 35.7816 -41.3749 18.3848 35.7082 -41.3749 18.7475 35.5772 -41.3749 19.4363 35.3411 -41.3749 19.8155 35.0602 -41.3749 19.903 35 -41.3749 20.0233 34.9022 -41.3749 20.1616 34.8037 -41.3749 20.8505 34.281 -41.3749 21.094 34.0675 -41.3749 21.1661 34 -41.3749 21.2048 33.2624 -41.3749 21.1943 33 -41.3749 21.1015 32 -41.3749 21.0721 31.3562 -41.3749 21.037 31 -41.3749 20.8735 30.0758 -41.3749 20.8614 30 -41.3749 20.8505 29.9531 -41.3749 20.8264 29.983 -41.3749 20.3992 29.8134 -41.3749 20.1617 29.8425 -41.3749 19.6978 29.7267 -41.3749 19.4363 29.6081 -41.3749 19.0919 29.4836 -41.3749 18.7475 29.4806 -41.3749 18.3848 29.4134 -41.3749 18.0221 29.3632 -41.3749 16.9706 29.2614 -41.3749 16.6079 29.2136 -41.3749 16.2635 29.1933 -41.3749 15.919 29.1879 -41.3749 15.1936 29.1648 -41.3749 14.8492 29.1915 -41.3749 14.5268 29.1798 -41.3749 14.7852 29 -41.3749 15.2919 28 -41.3749 15.3061 27.9205 -41.3749 15.4864 27 -41.3749 15.4753 26.8008 -41.3749 15.3609 25.8817 -41.3749 15.1937 25.3344 -41.3749 15.1191 25.0528 -41.3749 15.0923 25 -41.3749 15.1937 24.465 -41.3749 15.2658 24 -41.3749 15.2602 23.9555 -41.3749 15.7476 23.8923 -41.3749 
5 4 0 -40.4749
2 3 7 
1
45
14.6794 24.6312 -40.4749 15.019 24.608 -40.4749 15.5563 24.6271 -40.4749 16.0937 24.5757 -40.4749 16.4333 24.5533 -40.4749 16.9706 24.5754 -40.4749 17.8475 24.5253 -40.4749 18.9221 24.5373 -40.4749 19.2617 24.5195 -40.4749 19.6542 24.8241 -40.4749 19.964 25 -40.4749 20.0356 25.2126 -40.4749 20.4465 27.9221 -40.4749 20.5531 29 -40.4749 20.4744 29.0977 -40.4749 20.432 29.0808 -40.4749 19.4014 29.2011 -40.4749 19.2617 29.1827 -40.4749 19.0919 29.1213 -40.4749 18.9221 29.1199 -40.4749 17.8475 29.1763 -40.4749 17.5079 29.1434 -40.4749 16.4333 29.1029 -40.4749 16.2635 29.0928 -40.4749 16.0937 29.0902 -40.4749 15.5563 29.2078 -40.4749 15.019 29.191 -40.4749 14.8492 29.2042 -40.4749 14.6794 29.1981 -40.4749 14.1421 29.2776 -40.4749 13.6225 29.2568 -40.4749 13.9499 29 -40.4749 14.2839 28.2797 -40.4749 14.3916 28 -40.4749 14.568 27.0788 -40.4749 14.5778 27 -40.4749 14.4425 26.1675 -40.4749 14.405 26 -40.4749 14.2733 25.7132 -40.4749 14.335 25.6492 -40.4749 14.1653 25.4782 -40.4749 13.9473 25 -40.4749 13.7335 24.8192 -40.4749 13.6216 24.6891 -40.4749 14.1421 24.616 -40.4749 
5 5 0 -40.4749
2 3 8 
1
27
23.1647 20.1084 -40.4749 23.2755 20.2662 -40.4749 23.5043 20.5494 -40.4749 23.7442 21 -40.4749 23.7453 21.079 -40.4749 23.7482 21.1724 -40.4749 23.748 21.3175 -40.4749 23.748 21.3178 -40.4749 23.7462 22.8289 -40.4749 23.865 23 -40.4749 23.8051 30 -40.4749 23.1647 30.7655 -40.4749 22.8092 31 -40.4749 22.7652 32.5227 -40.4749 22.6068 33 -40.4749 22.3139 33.6981 -40.4749 22.5997 32.6397 -40.4749 23.0549 25 -40.4749 23.0802 24.2999 -40.4749 23.0978 24 -40.4749 23.1035 23.2835 -40.4749 23.1195 23 -40.4749 23.1252 22.2681 -40.4749 23.139 22 -40.4749 23.1466 21 -40.4749 23.0197 20.3427 -40.4749 23.0219 20.0006 -40.4749 
5 6 0 -40.4749
2 3 9 
1
55
14.0555 35.5588 -40.4749 13.9896 35.4178 -40.4749 14.1421 35.4095 -40.4749 14.3111 35.89 -40.4749 14.395 36 -40.4749 14.6794 36.3554 -40.4749 14.9272 36.4543 -40.4749 15.019 36.4544 -40.4749 15.5563 36.2157 -40.4749 16.0937 36.4561 -40.4749 16.9706 36.4588 -40.4749 17.5079 36.3842 -40.4749 17.8475 36.3295 -40.4749 18.9221 36.1402 -40.4749 19.2617 36.0604 -40.4749 19.4594 36 -40.4749 20.0486 35.7522 -40.4749 20.3363 35.5709 -40.4749 21.4597 34.7185 -40.4749 21.7505 34.4778 -40.4749 21.9615 34.278 -40.4749 21.7505 34.5334 -40.4749 21.5459 34.8874 -40.4749 21.3769 35 -40.4749 20.3362 35.7777 -40.4749 20.0013 36 -40.4749 19.5976 37 -40.4749 18.9221 37.3831 -40.4749 18.0191 38 -40.4749 17.896 39 -40.4749 17.5079 39.3024 -40.4749 16.4582 40 -40.4749 16.458 40.9825 -40.4749 16.4577 41 -40.4749 16.0937 41.3417 -40.4749 15.11 42 -40.4749 15.1417 43 -40.4749 14.6794 43.4203 -40.4749 14.4431 43.5786 -40.4749 14.455 43.1587 -40.4749 14.4715 43 -40.4749 14.5165 42.1152 -40.4749 14.5278 42 -40.4749 14.5661 41.0801 -40.4749 14.5728 41 -40.4749 14.6078 40.0506 -40.4749 14.6111 40 -40.4749 14.6432 39.0257 -40.4749 14.6446 39 -40.4749 14.5553 38.0877 -40.4749 14.5591 38 -40.4749 14.421 37.1828 -40.4749 14.4079 37 -40.4749 14.2221 36.3234 -40.4749 14.1773 36 -40.4749 
6 7 0 -39.5749
2 4 10 
1
49
15.5332 24.9895 -39.5749 15.5795 24.9947 -39.5749 16.9936 25.0111 -39.5749 18.3163 25.0267 -39.5749 18.3617 25.0344 -39.5749 18.4079 25.0808 -39.5749 19.0299 25.5602 -39.5749 19.1621 26 -39.5749 19.3111 27 -39.5749 19.2563 27.4001 -39.5749 19.3684 28 -39.5749 18.9293 28.3687 -39.5749 18.6203 28.6666 -39.5749 18.4079 28.893 -39.5749 18.3715 28.9252 -39.5749 18.3617 28.933 -39.5749 16.9937 28.8972 -39.5749 16.9706 28.9057 -39.5749 16.9475 28.9083 -39.5749 16.9301 28.9164 -39.5749 16.3748 29 -39.5749 16.148 29.0297 -39.5749 15.5794 29.3014 -39.5749 15.5563 29.3153 -39.5749 15.5332 29.3212 -39.5749 14.8492 29.3506 -39.5749 14.1652 29.4524 -39.5749 14.1421 29.4535 -39.5749 14.119 29.4557 -39.5749 13.435 29.4393 -39.5749 13.4284 29.4397 -39.5749 13.5278 29 -39.5749 13.6101 28.3599 -39.5749 13.8072 28.1271 -39.5749 13.8852 28 -39.5749 13.8719 27.4124 -39.5749 13.8973 27 -39.5749 14.1371 26.5377 -39.5749 14.1652 26.4956 -39.5749 14.5157 26 -39.5749 14.1652 25.5044 -39.5749 14.119 25.4735 -39.5749 12.7623 25.2765 -39.5749 12.7663 25.2751 -39.5749 13.3206 25 -39.5749 13.5391 24.8974 -39.5749 14.119 24.8035 -39.5749 14.1421 24.7979 -39.5749 14.1652 24.8077 -39.5749 
6 8 0 -39.5749
1 5 
1
23
24.1219 22.0408 -39.5749 24.5443 22.6282 -39.5749 24.5398 24 -39.5749 24.5337 26.6687 -39.5749 24.5337 26.669 -39.5749 24.5126 29.6507 -39.5749 24.7541 30 -39.5749 24.1111 30.8056 -39.5749 24.0647 30.8603 -39.5749 24.0551 30.8657 -39.5749 24.0185 30.8948 -39.5749 23.8567 31 -39.5749 23.8527 31.1172 -39.5749 23.7 32 -39.5749 23.5789 32.3109 -39.5749 23.279 32.8301 -39.5749 23.4696 32.3881 -39.5749 23.5728 32 -39.5749 23.8365 31.1287 -39.5749 24.0775 27.0417 -39.5749 24.0778 26.9991 -39.5749 24.1072 24 -39.5749 24.1072 23.9998 -39.5749 
6 9 0 -39.5749
2 6 11 
1
115
9.32081 35.7375 -39.5749 9.32018 35.7379 -39.5749 8.96119 36 -39.5749 8.52811 36.265 -39.5749 8.50839 36.2799 -39.5749 8.48528 36.2786 -39.5749 8.46217 36.2786 -39.5749 7.09414 36.3666 -39.5749 7.06465 36.3889 -39.5749 7.07572 36.3695 -39.5749 7.07613 36.3688 -39.5749 7.09414 36.3423 -39.5749 7.35123 36 -39.5749 7.43505 35.8671 -39.5749 7.77817 35.4031 -39.5749 8.46217 35.3284 -39.5749 8.48528 35.3264 -39.5749 9.19239 35.3056 -39.5749 9.38636 35.1178 -39.5749 9.38693 35.1173 -39.5749 9.38721 35.117 -39.5749 9.49024 35 -39.5749 9.87638 34.4539 -39.5749 9.88698 34.4358 -39.5749 9.89949 34.4192 -39.5749 10.6066 34.4231 -39.5749 11.2906 34.4464 -39.5749 11.3137 34.4468 -39.5749 12.0208 34.451 -39.5749 12.7048 34.4743 -39.5749 12.7279 34.4762 -39.5749 12.751 34.5104 -39.5749 13.0972 35 -39.5749 13.2203 35.147 -39.5749 13.435 35.4406 -39.5749 14.1421 35.5761 -39.5749 14.1652 35.6103 -39.5749 14.4408 36 -39.5749 14.5715 36.1542 -39.5749 14.8492 36.5153 -39.5749 15.5332 36.3291 -39.5749 15.5563 36.3287 -39.5749 15.5794 36.3426 -39.5749 16.2635 36.7305 -39.5749 16.9475 36.9545 -39.5749 16.9937 36.9666 -39.5749 18.3617 36.7561 -39.5749 19.8221 36.4986 -39.5749 20.0397 36.3983 -39.5749 20.9411 36 -39.5749 21.0186 35.9529 -39.5749 21.2346 35.7891 -39.5749 21.2363 35.7874 -39.5749 21.2953 35.724 -39.5749 22.066 35 -39.5749 22.155 34.9116 -39.5749 22.1091 35 -39.5749 21.29 35.8041 -39.5749 21.2363 35.8665 -39.5749 21.2342 35.8694 -39.5749 21.0344 36 -39.5749 20.9697 36.1558 -39.5749 20.5922 37 -39.5749 19.8221 37.4337 -39.5749 18.9867 38 -39.5749 18.9018 38.6181 -39.5749 18.8569 39 -39.5749 18.4331 39.3676 -39.5749 18.4079 39.3903 -39.5749 17.4791 40 -39.5749 17.4608 41 -39.5749 16.9937 41.4353 -39.5749 16.9475 41.4641 -39.5749 16.1265 42 -39.5749 16.1441 42.5681 -39.5749 16.1444 43 -39.5749 15.5794 43.494 -39.5749 14.8185 44 -39.5749 14.7736 44.5335 -39.5749 14.1987 44.5942 -39.5749 14.1652 44.6027 -39.5749 14.119 44.6027 -39.5749 13.5593 44.6682 -39.5749 13.5372 44.4441 -39.5749 12.8053 44.3421 -39.5749 13.0167 44.2205 -39.5749 13.2295 44 -39.5749 13.1958 43.6528 -39.5749 12.9083 43.4196 -39.5749 13.0771 43.2306 -39.5749 13.136 42.7277 -39.5749 13.5706 42 -39.5749 13.6098 41.3927 -39.5749 13.4016 41 -39.5749 13.4375 40.5146 -39.5749 13.5105 40 -39.5749 13.5424 39.4404 -39.5749 13.5874 39 -39.5749 13.6182 38.3868 -39.5749 13.658 38 -39.5749 13.6065 37.3951 -39.5749 13.6424 37 -39.5749 13.5528 36.4331 -39.5749 13.5214 36 -39.5749 13.3875 35.55 -39.5749 13.3867 35.5498 -39.5749 12.751 35.3974 -39.5749 12.7048 35.3631 -39.5749 12.0208 35.332 -39.5749 11.3368 35.3158 -39.5749 11.3137 35.3167 -39.5749 11.2906 35.3155 -39.5749 10.6066 35.3172 -39.5749 9.9226 35.2993 -39.5749 9.87638 35.3318 -39.5749 
7 10 0 -38.6749
2 7 12 
1
45
14.1421 24.9248 -38.6749 14.3116 24.9968 -38.6749 14.3195 25 -38.6749 14.6332 25.1443 -38.6749 14.8492 25.28 -38.6749 15.0652 25.343 -38.6749 16.0475 25.4576 -38.6749 16.4795 25.4961 -38.6749 17.4617 25.5218 -38.6749 17.8936 25.7771 -38.6749 18.1711 26 -38.6749 18.3111 27 -38.6749 17.8936 27.8881 -38.6749 17.8634 28 -38.6749 17.6676 28.372 -38.6749 17.4617 28.4594 -38.6749 16.9706 28.6414 -38.6749 16.4795 28.6967 -38.6749 16.2635 28.6988 -38.6749 16.1458 28.8353 -38.6749 16.0527 29 -38.6749 16.0475 29.0052 -38.6749 15.5563 29.3021 -38.6749 15.0652 29.4273 -38.6749 14.8492 29.4881 -38.6749 14.6332 29.5157 -38.6749 14.1421 29.5381 -38.6749 13.7974 29.5713 -38.6749 13.855 29 -38.6749 13.9125 28 -38.6749 13.8926 27 -38.6749 13.9444 26.9022 -38.6749 14.0829 26.6946 -38.6749 13.9005 26 -38.6749 13.651 25.8336 -38.6749 13.219 25.5555 -38.6749 12.7279 25.4956 -38.6749 12.2368 25.5764 -38.6749 12.0734 25.5841 -38.6749 12.2368 25.5133 -38.6749 13.219 25.1599 -38.6749 13.435 25.1454 -38.6749 13.6484 25.0492 -38.6749 13.651 25.0471 -38.6749 13.8357 25 -38.6749 
7 11 0 -38.6749
2 9 13 
1
168
9.158 35.4034 -38.6749 9.23012 35.2257 -38.6749 9.40269 35 -38.6749 9.4084 34.9919 -38.6749 9.89949 34.3404 -38.6749 10.8226 34.3447 -38.6749 11.3137 34.3538 -38.6749 11.8048 34.3529 -38.6749 12.2368 34.3777 -38.6749 12.7279 34.4165 -38.6749 12.9015 34.6735 -38.6749 13.1575 35 -38.6749 13.219 35.0824 -38.6749 13.651 35.4279 -38.6749 14.1421 35.5163 -38.6749 14.2736 35.711 -38.6749 14.6333 36.1777 -38.6749 15.0652 36.5242 -38.6749 15.5563 36.5171 -38.6749 16.0475 36.8121 -38.6749 16.4299 36.9867 -38.6749 16.4544 37 -38.6749 16.4428 37.0259 -38.6749 16.4794 37.0545 -38.6749 16.8653 37.7271 -38.6749 17.131 37.7279 -38.6749 17.4617 37.5832 -38.6749 17.8751 37.4981 -38.6749 17.8937 37.4846 -38.6749 18.8759 37.2969 -38.6749 19.3079 37.142 -38.6749 19.8791 37.006 -38.6749 20.7221 36.8537 -38.6749 20.7523 36.8421 -38.6749 21.1985 36.6424 -38.6749 21.6716 36.3204 -38.6749 21.0944 37 -38.6749 20.7385 37.3294 -38.6749 20.722 37.3458 -38.6749 20.5263 37.5689 -38.6749 20.2901 37.7879 -38.6749 19.9742 38 -38.6749 19.9457 38.2436 -38.6749 19.8894 39 -38.6749 19.639 39.2238 -38.6749 19.6391 39.2237 -38.6749 19.3079 39.5368 -38.6749 19.1412 39.5823 -38.6749 18.8759 39.7914 -38.6749 18.5484 40 -38.6749 18.5423 40.3162 -38.6749 18.5422 40.3171 -38.6749 18.5237 41 -38.6749 17.8936 41.5944 -38.6749 17.7539 41.6426 -38.6749 17.4617 41.8549 -38.6749 17.2291 42 -38.6749 17.2291 42.1644 -38.6749 17.1545 43 -38.6749 16.4794 43.6001 -38.6749 16.4762 43.6012 -38.6749 16.4761 43.6012 -38.6749 16.3278 43.6536 -38.6749 16.0475 43.8735 -38.6749 15.8537 44 -38.6749 15.8376 44.1484 -38.6749 15.7195 45 -38.6749 15.4565 45.2291 -38.6749 15.4567 45.2291 -38.6749 15.0652 45.5781 -38.6749 14.6332 45.6436 -38.6749 13.651 45.6939 -38.6749 13.2191 45.9263 -38.6749 13.1503 45.9339 -38.6749 13.1256 45.9339 -38.6749 12.2368 46.0322 -38.6749 12.2166 46.035 -38.6749 12.173 46.035 -38.6749 11.8323 45.7839 -38.6749 12.2323 45.641 -38.6749 12.2325 45.6409 -38.6749 12.2368 45.6394 -38.6749 13.219 45.4097 -38.6749 13.651 45.3378 -38.6749 14.0627 45.0624 -38.6749 14.1769 45 -38.6749 14.6333 44.4595 -38.6749 14.991 44 -38.6749 15.1573 43.6697 -38.6749 15.2742 43.4532 -38.6749 15.7066 43 -38.6749 15.5118 42.3787 -38.6749 14.2866 41.2451 -38.6749 13.9616 41 -38.6749 13.651 40.7506 -38.6749 13.5312 40.6732 -38.6749 12.3023 40.0659 -38.6749 12.3141 40.0547 -38.6749 12.3218 40 -38.6749 12.3286 39.9351 -38.6749 12.8639 39 -38.6749 12.8968 38.5333 -38.6749 12.553 38 -38.6749 12.5793 37.7577 -38.6749 12.7096 37 -38.6749 12.6822 36.685 -38.6749 12.7478 36 -38.6749 12.2368 35.6209 -38.6749 11.8048 35.3326 -38.6749 11.3137 35.3523 -38.6749 10.8226 35.3259 -38.6749 10.6566 35.4356 -38.6749 10.6559 35.436 -38.6749 10.3906 35.6113 -38.6749 9.83713 36 -38.6749 9.59867 36.1889 -38.6749 9.4084 36.3646 -38.6749 9.19239 36.3463 -38.6749 8.97638 36.3306 -38.6749 8.48528 36.3022 -38.6749 7.99418 36.3031 -38.6749 7.56217 36.6033 -38.6749 7.03834 37 -38.6749 6.76313 37.1991 -38.6749 6.57997 37.3474 -38.6749 6.14795 37.6579 -38.6749 5.69925 38 -38.6749 5.40087 38.3316 -38.6749 5.16575 38.6313 -38.6749 4.73375 38.9331 -38.6749 4.62869 39 -38.6749 4.2845 39.6823 -38.6749 3.94248 39.8403 -38.6749 3.7515 39.8588 -38.6749 3.37334 40 -38.6749 3.31951 40.0349 -38.6749 2.78689 40.4998 -38.6749 3.0268 40 -38.6749 3.31952 39.5168 -38.6749 3.54893 39.2834 -38.6749 3.75147 39.2273 -38.6749 3.83464 39.1782 -38.6749 3.8596 39 -38.6749 3.75148 38.9533 -38.6749 3.65246 38.8924 -38.6749 3.57176 38.8216 -38.6749 3.73395 38.1355 -38.6749 3.7515 38.0668 -38.6749 3.77829 38 -38.6749 3.78689 37.9897 -38.6749 4.24264 37.6672 -38.6749 4.4328 37.3676 -38.6749 4.73374 37.0686 -38.6749 4.7626 37.0702 -38.6749 4.81477 37.0573 -38.6749 5.12284 37.0573 -38.6749 5.16575 37.0455 -38.6749 5.31354 37 -38.6749 5.51802 36.8971 -38.6749 6.14794 36.7546 -38.6749 6.57997 36.7546 -38.6749 6.80372 36.9013 -38.6749 7.27415 36.0766 -38.6749 7.32609 36 -38.6749 7.56217 35.6661 -38.6749 7.99418 35.3344 -38.6749 8.48528 35.293 -38.6749 8.97638 35.2749 -38.6749 
8 12 0 -37.7749
2 10 14 
1
44
12.0629 25.7025 -37.7749 12.319 25.5915 -37.7749 12.7279 25.4482 -37.7749 13.1368 25.4765 -37.7749 13.435 25.4564 -37.7749 13.7332 25.3221 -37.7749 13.7368 25.3221 -37.7749 14.551 25.3822 -37.7749 14.5692 25.3924 -37.7749 14.8492 25.5684 -37.7749 15.1474 25.6554 -37.7749 15.5563 25.7147 -37.7749 15.9652 25.8941 -37.7749 16.5616 25.9483 -37.7749 16.6943 26 -37.7749 17.1192 26.184 -37.7749 17.1783 27 -37.7749 17.3794 27.4067 -37.7749 17.734 27.7493 -37.7749 17.6662 28 -37.7749 17.6257 28.0771 -37.7749 17.3794 28.1816 -37.7749 16.9706 28.3741 -37.7749 16.5617 28.3394 -37.7749 16.2635 28.3424 -37.7749 15.9652 28.6882 -37.7749 15.7617 29 -37.7749 15.5563 29.2885 -37.7749 15.1474 29.4149 -37.7749 14.8492 29.4988 -37.7749 14.1421 29.5933 -37.7749 13.9393 29.6081 -37.7749 14.0562 29 -37.7749 14.127 28.2784 -37.7749 13.9852 28.0671 -37.7749 13.9512 28 -37.7749 13.7332 27.6918 -37.7749 13.587 27.5025 -37.7749 13.1837 27.0331 -37.7749 13.1823 27 -37.7749 13.1753 26.9728 -37.7749 12.902 26.166 -37.7749 12.8199 26 -37.7749 12.3191 25.6905 -37.7749 
8 13 0 -37.7749
1 11 
1
62
10.865 35.9762 -37.7749 10.8614 35.9787 -37.7749 10.8291 36 -37.7749 10.7923 36.0339 -37.7749 10.3084 36.5091 -37.7749 9.49065 36.4086 -37.7749 9.40815 36.4016 -37.7749 9.35555 36.0955 -37.7749 8.96111 36.1375 -37.7749 8.89418 36.1471 -37.7749 8.07639 36.1471 -37.7749 7.87426 36.1429 -37.7749 7.88486 36 -37.7749 8.07637 35.8529 -37.7749 8.89419 35.8529 -37.7749 9.01473 35.9382 -37.7749 9.38734 35.0201 -37.7749 9.40269 35 -37.7749 9.49058 34.8757 -37.7749 11.7226 34.8812 -37.7749 12.2323 34.9573 -37.7749 12.319 34.9623 -37.7749 13.1368 34.9623 -37.7749 13.1635 35 -37.7749 13.1671 35.9653 -37.7749 13.2346 35.9643 -37.7749 13.417 36 -37.7749 13.7333 36.08 -37.7749 14.3699 36.08 -37.7749 14.489 36.0438 -37.7749 14.5074 37 -37.7749 14.4337 37.083 -37.7749 14.551 37.1189 -37.7749 14.636 37.2218 -37.7749 15.1475 37.5677 -37.7749 15.7534 37 -37.7749 15.9652 36.9308 -37.7749 16.0929 37 -37.7749 15.9652 37.2838 -37.7749 15.2609 38 -37.7749 15.1475 38.229 -37.7749 15.058 38.3856 -37.7749 14.551 38.4324 -37.7749 13.8889 38.5319 -37.7749 13.7685 38.5331 -37.7749 13.7332 38.5294 -37.7749 13.1906 38.4162 -37.7749 13.1368 38.3988 -37.7749 11.9612 38.1415 -37.7749 11.8961 38 -37.7749 11.9135 37.865 -37.7749 11.7502 37.4484 -37.7749 11.8329 37.3434 -37.7749 12.3191 37.2404 -37.7749 12.3806 37 -37.7749 12.3191 36.4113 -37.7749 12.0021 36.4089 -37.7749 11.734 36.2997 -37.7749 11.7975 36 -37.7749 11.7226 35.95 -37.7749 10.9048 35.95 -37.7749 10.9027 35.9513 -37.7749 
9 14 0 -36.8749
2 12 15 
1
43
12.8151 25.6426 -36.8749 12.8332 25.6439 -36.8749 13.435 25.5691 -36.8749 14.0368 25.2607 -36.8749 14.2474 25.2762 -36.8749 14.8492 25.7046 -36.8749 15.451 25.8558 -36.8749 15.5563 25.8711 -36.8749 15.6299 25.9034 -36.8749 15.6616 25.9148 -36.8749 16.0154 26 -36.8749 16.1365 26.0435 -36.8749 16.8652 26.9015 -36.8749 16.9518 26.9388 -36.8749 16.9562 27 -36.8749 17.0051 27.0989 -36.8749 17.0587 27.3949 -36.8749 17.0759 27.4653 -36.8749 17.2254 28 -36.8749 17.0759 28.0545 -36.8749 16.9706 28.1032 -36.8749 16.8653 28.0943 -36.8749 16.2635 28.1992 -36.8749 15.9196 28.743 -36.8749 15.7492 29 -36.8749 15.5563 29.2744 -36.8749 14.8492 29.4978 -36.8749 14.2474 29.5987 -36.8749 14.1421 29.6132 -36.8749 14.1367 29.6136 -36.8749 14.2474 29.4742 -36.8749 14.5827 29 -36.8749 14.2474 28.5258 -36.8749 14.1257 28.3445 -36.8749 14.0368 28.169 -36.8749 13.902 28.03 -36.8749 13.8618 28 -36.8749 12.9499 27.3692 -36.8749 13.4884 27 -36.8749 13.3768 26.6157 -36.8749 13.1472 26 -36.8749 13.0476 25.8786 -36.8749 12.8332 25.6617 -36.8749 
10 15 0 -35.9749
2 14 16 
1
32
13.7429 25.5465 -35.9749 14.1421 25.4638 -35.9749 14.7617 25.7476 -35.9749 14.8492 25.7599 -35.9749 15.5563 25.8913 -35.9749 16.0132 26 -35.9749 16.176 26.0845 -35.9749 16.1929 26.115 -35.9749 16.351 26.295 -35.9749 16.7898 27 -35.9749 16.857 27.3578 -35.9749 16.6589 28 -35.9749 16.6195 28.0136 -35.9749 16.351 28.1124 -35.9749 16.2635 28.1633 -35.9749 15.7396 29 -35.9749 15.5563 29.2596 -35.9749 14.8492 29.4908 -35.9749 14.1421 29.6119 -35.9749 14.1272 29.6133 -35.9749 14.1882 29.5294 -35.9749 14.2699 29 -35.9749 13.3475 28.3099 -35.9749 13.0677 28.0882 -35.9749 13.0006 28.0512 -35.9749 13.0747 28 -35.9749 13.483 27.6642 -35.9749 13.5225 27.6238 -35.9749 14.372 27 -35.9749 14.1798 26.4115 -35.9749 14.0723 26 -35.9749 13.8948 25.7683 -35.9749 
11 16 0 -35.0749
2 15 17 
1
31
14.6439 25.8123 -35.0749 14.5817 25.7258 -35.0749 14.8492 25.7635 -35.0749 15.2759 25.8421 -35.0749 15.5563 25.8659 -35.0749 15.6206 25.963 -35.0749 15.6489 26 -35.0749 15.6494 26.0005 -35.0749 15.8368 26.2129 -35.0749 16.4693 26.8104 -35.0749 16.6902 26.9591 -35.0749 16.7287 27 -35.0749 16.7091 27.0996 -35.0749 16.6902 27.2305 -35.0749 16.5059 28 -35.0749 16.2635 28.1435 -35.0749 15.7311 29 -35.0749 15.5563 29.245 -35.0749 14.8492 29.4835 -35.0749 14.1421 29.6078 -35.0749 13.435 29.6813 -35.0749 13.388 29.684 -35.0749 13.4556 29 -35.0749 13.0259 28.6838 -35.0749 13.8617 28.1049 -35.0749 14.0048 28 -35.0749 14.2837 27.7123 -35.0749 14.4225 27.5812 -35.0749 15.227 27 -35.0749 14.9028 26.2638 -35.0749 14.8215 26 -35.0749 
12 17 0 -34.1749
2 16 18 
1
41
15.7108 26.056 -34.1749 15.6914 26.0132 -34.1749 15.6907 26.0116 -34.1749 15.6854 26 -34.1749 15.4473 25.7708 -34.1749 15.5563 25.7801 -34.1749 15.5696 25.8 -34.1749 15.7225 26 -34.1749 15.7249 26.0027 -34.1749 15.7901 26.0766 -34.1749 15.9747 26.303 -34.1749 16.2235 26.637 -34.1749 16.4582 26.9071 -34.1749 16.5311 27 -34.1749 16.531 27.0005 -34.1749 16.5309 27.0014 -34.1749 16.4499 27.616 -34.1749 16.3575 28 -34.1749 16.2635 28.133 -34.1749 15.7184 29 -34.1749 15.5563 29.2314 -34.1749 14.8492 29.4787 -34.1749 14.1421 29.6037 -34.1749 13.9083 29.629 -34.1749 12.9617 29.6976 -34.1749 12.7279 29.7075 -34.1749 12.5684 29.7076 -34.1749 12.5644 29 -34.1749 12.4941 28.9507 -34.1749 12.0249 28.632 -34.1749 12.4941 28.6521 -34.1749 12.7279 28.6668 -34.1749 13.435 28.7026 -34.1749 13.9083 28.6834 -34.1749 14.3759 28.3404 -34.1749 14.8199 28 -34.1749 15.0457 27.7726 -34.1749 15.3226 27.5623 -34.1749 15.7901 27.2289 -34.1749 16.0906 27 -34.1749 16.0401 26.8232 -34.1749 
13 18 0 -33.2749
2 17 19 
1
59
9.7531 27.4386 -33.2749 10.0865 27.7535 -33.2749 9.93506 28 -33.2749 10.5657 28.5265 -33.2749 10.6066 28.5358 -33.2749 10.6475 28.538 -33.2749 11.3137 28.5967 -33.2749 11.9799 28.6293 -33.2749 12.0208 28.6337 -33.2749 13.3941 28.6894 -33.2749 13.435 28.6916 -33.2749 13.4759 28.6899 -33.2749 14.1421 28.6332 -33.2749 14.8083 28.5915 -33.2749 14.8901 28.5288 -33.2749 15.5446 28 -33.2749 15.7465 27.8262 -33.2749 16.2226 27.4866 -33.2749 16.3044 27.4243 -33.2749 16.534 27.2616 -33.2749 16.3559 28 -33.2749 16.2635 28.1309 -33.2749 15.708 29 -33.2749 15.6297 29.1087 -33.2749 15.5563 29.214 -33.2749 14.8901 29.4615 -33.2749 14.8492 29.4759 -33.2749 14.8083 29.4831 -33.2749 14.1421 29.5326 -33.2749 13.4759 29.616 -33.2749 13.3941 29.6219 -33.2749 12.7279 29.6491 -33.2749 12.0617 29.6959 -33.2749 12.0208 29.6958 -33.2749 11.6669 29.6825 -33.2749 11.6233 29.2522 -33.2749 10.8206 29.2278 -33.2749 10.6475 29.2278 -33.2749 10.5657 29.2391 -33.2749 10.2457 29.3134 -33.2749 9.67648 29.3134 -33.2749 9.54664 29.3248 -33.2749 9.23328 29.2734 -33.2749 9.1515 29.3217 -33.2749 8.87178 29.5328 -33.2749 8.48528 29.4928 -33.2749 7.77817 29.4347 -33.2749 7.77172 29.4248 -33.2749 7.73729 29.3817 -33.2749 7.46742 29 -33.2749 7.73729 28.6183 -33.2749 7.77817 28.5653 -33.2749 7.81906 28.5316 -33.2749 8.48528 28.231 -33.2749 8.7941 28.0189 -33.2749 8.80336 28 -33.2749 9.1515 27.6564 -33.2749 9.19239 27.6383 -33.2749 9.23328 27.616 -33.2749 
14 19 0 -32.3749
2 18 20 
1
62
9.94803 27.3894 -32.3749 9.97149 27.3583 -32.3749 10.0515 27.3684 -32.3749 10.4029 27.7801 -32.3749 10.6149 28 -32.3749 11.1617 28.4275 -32.3749 11.4657 28.6423 -32.3749 12.0208 28.6387 -32.3749 12.5759 28.6647 -32.3749 12.7279 28.6567 -32.3749 13.435 28.6097 -32.3749 13.9901 28.5835 -32.3749 14.1421 28.571 -32.3749 14.8492 28.485 -32.3749 15.4043 28.4386 -32.3749 15.5563 28.4194 -32.3749 15.7084 28.4084 -32.3749 16.204 28 -32.3749 16.4025 27.8476 -32.3749 16.4623 27.8171 -32.3749 16.4285 27.9618 -32.3749 16.4285 27.9622 -32.3749 16.4273 27.9671 -32.3749 16.4271 27.9679 -32.3749 16.4196 28 -32.3749 16.3023 28.1532 -32.3749 16.2635 28.2118 -32.3749 15.7084 28.9848 -32.3749 15.6817 29 -32.3749 15.4256 29.1588 -32.3749 15.4043 29.1668 -32.3749 14.8492 29.2177 -32.3749 14.2941 29.3674 -32.3749 13.9901 29.4402 -32.3749 13.435 29.4787 -32.3749 12.8799 29.544 -32.3749 12.7279 29.5564 -32.3749 12.5759 29.5803 -32.3749 11.4657 29.6428 -32.3749 11.3137 29.6417 -32.3749 11.1617 29.6521 -32.3749 10.6066 29.6214 -32.3749 10.0515 29.6485 -32.3749 9.89949 29.6461 -32.3749 9.74748 29.6575 -32.3749 9.19239 29.6145 -32.3749 8.63729 29.592 -32.3749 8.48528 29.5781 -32.3749 8.33327 29.5746 -32.3749 7.77817 29.5139 -32.3749 7.62185 29.2793 -32.3749 7.40011 29 -32.3749 7.44239 28.9318 -32.3749 7.77817 28.4861 -32.3749 8.33327 28.4254 -32.3749 8.48528 28.4219 -32.3749 8.63731 28.2246 -32.3749 8.83792 28 -32.3749 8.87447 27.9385 -32.3749 9.19239 27.528 -32.3749 9.74748 27.4551 -32.3749 9.89949 27.4449 -32.3749 
15 20 0 -31.4749
2 19 21 
1
51
9.89949 27.4904 -31.4749 10.2617 27.5361 -31.4749 10.9516 27.58 -31.4749 11.1423 27.7742 -31.4749 11.6759 28.154 -31.4749 12.3657 28.5914 -31.4749 12.7279 28.5724 -31.4749 13.0901 28.5479 -31.4749 14.1421 28.4535 -31.4749 14.5043 28.413 -31.4749 14.8492 28.3528 -31.4749 15.1941 28.3201 -31.4749 15.5563 28.2743 -31.4749 15.9185 28.248 -31.4749 16.1248 28.2612 -31.4749 15.9186 28.2697 -31.4749 15.1941 28.6769 -31.4749 14.5043 28.9482 -31.4749 14.4051 29 -31.4749 14.3525 29.0206 -31.4749 13.7799 29.1577 -31.4749 13.3661 29.2754 -31.4749 13.0901 29.3497 -31.4749 12.7279 29.3793 -31.4749 12.3657 29.4362 -31.4749 12.0208 29.4493 -31.4749 11.6759 29.5005 -31.4749 11.3137 29.4978 -31.4749 10.9515 29.5225 -31.4749 10.6066 29.522 -31.4749 10.2617 29.5609 -31.4749 9.89949 29.5552 -31.4749 9.5373 29.5822 -31.4749 9.19239 29.5833 -31.4749 8.84748 29.6111 -31.4749 8.48528 29.578 -31.4749 8.12308 29.5698 -31.4749 7.77817 29.5438 -31.4749 7.43325 29.0742 -31.4749 7.38076 29 -31.4749 7.43325 28.9258 -31.4749 7.66702 28.6192 -31.4749 7.77817 28.4562 -31.4749 8.12308 28.4302 -31.4749 8.48528 28.422 -31.4749 8.81042 28 -31.4749 8.84751 27.9475 -31.4749 9.04461 27.648 -31.4749 9.19239 27.4453 -31.4749 9.48139 27.4212 -31.4749 9.53731 27.4287 -31.4749 
16 21 0 -30.5749
2 20 22 
1
46
9.0231 27.6395 -30.5749 9.08994 27.5478 -30.5749 9.19239 27.5548 -30.5749 9.36169 27.5777 -30.5749 9.89949 27.5942 -30.5749 10.7759 27.6559 -30.5749 11.3137 27.6387 -30.5749 11.8515 27.6549 -30.5749 11.9408 27.7203 -30.5749 12.405 27.9383 -30.5749 12.558 28 -30.5749 13.2657 28.4274 -30.5749 13.6043 28.3957 -30.5749 14.1421 28.294 -30.5749 14.6799 28.2086 -30.5749 14.8492 28.1791 -30.5749 15.0185 28.163 -30.5749 16.1205 28.2386 -30.5749 16.0941 28.2398 -30.5749 15.5563 28.2308 -30.5749 15.0185 28.1998 -30.5749 14.6799 28.3308 -30.5749 14.1421 28.5566 -30.5749 13.6043 28.7552 -30.5749 13.2657 28.9251 -30.5749 13.0606 29 -30.5749 12.4467 29.1296 -30.5749 12.1901 29.1588 -30.5749 12.0208 29.1652 -30.5749 11.8515 29.1904 -30.5749 10.7759 29.3155 -30.5749 10.6066 29.3152 -30.5749 9.89949 29.3891 -30.5749 9.36168 29.4275 -30.5749 9.19239 29.428 -30.5749 7.94746 29.5091 -30.5749 7.77817 29.4963 -30.5749 7.712 29.4063 -30.5749 7.60889 29.248 -30.5749 7.4335 29 -30.5749 7.60889 28.752 -30.5749 7.77817 28.5037 -30.5749 7.94746 28.4909 -30.5749 8.48528 28.5215 -30.5749 8.61978 28.2214 -30.5749 8.76821 28 -30.5749 
17 22 0 -29.6749
2 21 23 
1
46
9.08404 27.6214 -29.6749 9.19239 27.6214 -29.6749 9.87588 27.6702 -29.6749 9.9231 27.6691 -29.6749 10.6066 27.6399 -29.6749 11.2901 27.6404 -29.6749 12.7043 27.5931 -29.6749 12.7515 27.5903 -29.6749 13.2681 27.7987 -29.6749 13.9656 28 -29.6749 14.1185 28.0777 -29.6749 14.1657 28.1104 -29.6749 14.1659 28.1104 -29.6749 14.7684 28.117 -29.6749 14.7693 28.117 -29.6749 14.8492 28.1179 -29.6749 15.0049 28.1301 -29.6749 14.8492 28.1227 -29.6749 14.7997 28.1226 -29.6749 14.7987 28.1226 -29.6749 14.1659 28.1214 -29.6749 14.1657 28.1214 -29.6749 14.1185 28.1216 -29.6749 13.435 28.3951 -29.6749 12.7279 28.6654 -29.6749 12.7043 28.6707 -29.6749 11.0943 29 -29.6749 10.3882 29.0909 -29.6749 9.92309 29.1672 -29.6749 9.88214 29.173 -29.6749 9.87588 29.1742 -29.6749 9.19239 29.2227 -29.6749 8.50889 29.3079 -29.6749 8.48528 29.3116 -29.6749 8.46167 29.3138 -29.6749 7.77817 29.3571 -29.6749 7.5579 29.0849 -29.6749 7.5097 29 -29.6749 7.68073 28.798 -29.6749 7.77817 28.6429 -29.6749 8.46167 28.6862 -29.6749 8.48528 28.6884 -29.6749 8.49347 28.6681 -29.6749 8.50889 28.6392 -29.6749 8.80666 28 -29.6749 8.95841 27.8093 -29.6749 
18 23 0 -28.7749
1 22 
1
33
14.1132 27.9933 -28.7749 14.4801 28.0409 -28.7749 13.6515 28.0433 -28.7749 13.3256 28.0602 -28.7749 13.2185 28.0626 -28.7749 12.7279 28.2523 -28.7749 11.8043 28.4564 -28.7749 10.8231 28.6504 -28.7749 10.6066 28.7219 -28.7749 10.3901 28.7397 -28.7749 9.40891 28.9322 -28.7749 9.18011 29 -28.7749 9.01544 29.0418 -28.7749 8.48528 29.1255 -28.7749 7.99468 29.1706 -28.7749 7.77817 29.222 -28.7749 7.61845 29.006 -28.7749 7.61447 29 -28.7749 7.76083 28.8036 -28.7749 7.77817 28.778 -28.7749 7.99468 28.8294 -28.7749 8.48528 28.8745 -28.7749 8.80551 28.0823 -28.7749 8.84937 28 -28.7749 8.92872 27.8878 -28.7749 8.97588 27.8657 -28.7749 9.40885 27.6396 -28.7749 11.8043 27.5701 -28.7749 12.0208 27.6353 -28.7749 12.2373 27.548 -28.7749 13.2185 27.4897 -28.7749 13.435 27.5661 -28.7749 13.6515 27.6465 -28.7749 
