2725
17.3381 30.9903 -45.0749
17.5381 30.9903 -45.0749
17.5381 30.9903 -45.0749
17.4796 31.1318 -45.0536
17.3381 31.1903 -45.0323
17.1967 31.1318 -45.0111
17.1381 30.9903 -44.9898
17.1967 30.8489 -44.9685
17.3381 30.7903 -44.9472
17.4796 30.8489 -44.926
17.5381 30.9903 -44.9047
17.4796 31.1318 -44.8834
17.3381 31.1903 -44.8621
17.1967 31.1318 -44.8408
17.1381 30.9903 -44.8196
17.1967 30.8489 -44.7983
17.3381 30.7903 -44.777
17.4796 30.8489 -44.7557
17.5381 30.9903 -44.7345
17.4796 31.1318 -44.7132
17.3381 31.1903 -44.6919
17.1967 31.1318 -44.6706
17.1381 30.9903 -44.6494
17.1967 30.8489 -44.6281
17.3381 30.7903 -44.6068
17.4796 30.8489 -44.5855
17.5381 30.9903 -44.5643
17.4796 31.1318 -44.543
17.3381 31.1903 -44.5217
17.1967 31.1318 -44.5004
17.1381 30.9903 -44.4791
17.1967 30.8489 -44.4579
17.3381 30.7903 -44.4366
17.4796 30.8489 -44.4153
17.5381 30.9903 -44.394
17.4796 31.1318 -44.3728
17.3381 31.1903 -44.3515
17.1967 31.1318 -44.3302
17.1381 30.9903 -44.3089
17.1967 30.8489 -44.2877
17.3381 30.7903 -44.2664
17.4796 30.8489 -44.2451
17.5381 30.9903 -44.2238
17.4796 31.1318 -44.2025
17.3381 31.1903 -44.1813
17.1967 31.1318 -44.16
17.1381 30.9903 -44.1387
17.1967 30.8489 -44.1174
17.3381 30.7903 -44.0962
17.4796 30.8489 -44.0749
17.3381 30.9903 -44.0749
17.6334 30.0885 -44.0749
17.799 29.5476 -44.0749
17.9489 28.9846 -44.0749
18.0601 28.4629 -44.0749
18.134 28.0338 -44.0749
18.1833 27.6671 -44.0749
18.222 27.3267 -44.0749
18.255 26.9788 -44.0749
18.2819 26.5906 -44.0749
18.2994 26.1206 -44.0749
18.3031 25.5041 -44.0749
18.1246 19.2597 -44.0749
18.1175 18.3429 -44.0749
18.1247 17.9911 -44.0749
18.1576 17.7913 -44.0749
18.2307 17.716 -44.0749
18.3481 17.7655 -44.0749
18.4738 17.8922 -44.0749
18.5738 18.0872 -44.0749
18.6241 18.3869 -44.0749
18.64 18.7709 -44.0749
18.6685 19.237 -44.0749
18.7602 19.6723 -44.0749
18.9564 20.064 -44.0749
19.2159 20.3519 -44.0749
19.4828 20.6164 -44.0749
19.6898 20.9297 -44.0749
19.8277 21.426 -44.0749
19.9006 22.136 -44.0749
19.9244 23.0253 -44.0749
19.8872 26.4084 -44.0749
19.9248 28.8782 -44.0749
19.8683 29.5301 -44.0749
19.6964 30.0524 -44.0749
19.4081 30.4732 -44.0749
19.0986 30.9017 -44.0749
18.8659 31.449 -44.0749
18.7593 32.1242 -44.0749
18.7116 32.8708 -44.0749
18.6377 33.5327 -44.0749
18.4659 34.0324 -44.0749
18.2145 34.3198 -44.0749
17.9349 34.422 -44.0749
17.693 34.3773 -44.0749
17.5087 34.2201 -44.0749
17.388 33.9675 -44.0749
17.3145 33.5812 -44.0749
17.2785 33.1032 -44.0749
17.2606 32.6187 -44.0749
17.255 32.2607 -44.0749
17.2578 32.0222 -44.0749
17.2693 31.8341 -44.0749
17.3381 30.9903 -44.0749
16.2221 29.5223 -44.0749
16.4221 29.5223 -44.0749
16.4221 29.5223 -44.0749
16.3635 29.6637 -44.0557
16.2221 29.7223 -44.0366
16.0807 29.6637 -44.0174
16.0221 29.5223 -43.9983
16.0807 29.3809 -43.9791
16.2221 29.3223 -43.96
16.3635 29.3809 -43.9408
16.4221 29.5223 -43.9217
16.3635 29.6637 -43.9025
16.2221 29.7223 -43.8834
16.0807 29.6637 -43.8643
16.0221 29.5223 -43.8451
16.0807 29.3809 -43.826
16.2221 29.3223 -43.8068
16.3635 29.3809 -43.7877
16.4221 29.5223 -43.7685
16.3635 29.6637 -43.7494
16.2221 29.7223 -43.7302
16.0807 29.6637 -43.7111
16.0221 29.5223 -43.6919
16.0807 29.3809 -43.6728
16.2221 29.3223 -43.6536
16.3635 29.3809 -43.6345
16.4221 29.5223 -43.6153
16.3635 29.6637 -43.5962
16.2221 29.7223 -43.577
16.0807 29.6637 -43.5579
16.0221 29.5223 -43.5387
16.0807 29.3809 -43.5196
16.2221 29.3223 -43.5004
16.3635 29.3809 -43.4813
16.4221 29.5223 -43.4621
16.3635 29.6637 -43.443
16.2221 29.7223 -43.4238
16.0807 29.6637 -43.4047
16.0221 29.5223 -43.3855
16.0807 29.3809 -43.3664
16.2221 29.3223 -43.3472
16.3635 29.3809 -43.3281
16.4221 29.5223 -43.3089
16.3635 29.6637 -43.2898
16.2221 29.7223 -43.2706
16.0807 29.6637 -43.2515
16.0221 29.5223 -43.2323
16.0807 29.3809 -43.2132
16.2221 29.3223 -43.194
16.3635 29.3809 -43.1749
16.2221 29.5223 -43.1749
16.1582 29.4572 -43.1749
16.1993 29.3906 -43.1749
16.3689 29.2928 -43.1749
16.5882 29.1183 -43.1749
16.808 28.8114 -43.1749
16.9903 28.3838 -43.1749
17.1408 27.8585 -43.1749
17.2473 27.3319 -43.1749
17.3134 26.8093 -43.1749
17.3431 26.3329 -43.1749
17.3487 25.8389 -43.1749
17.3388 25.3615 -43.1749
17.2202 22.8945 -43.1749
17.117 21.4388 -43.1749
17.0966 20.9443 -43.1749
17.0998 20.4509 -43.1749
17.1198 19.4371 -43.1749
17.1072 18.9326 -43.1749
17.0696 17.9463 -43.1749
17.0658 17.4657 -43.1749
17.0698 17.0208 -43.1749
17.066 16.6672 -43.1749
17.0413 16.3989 -43.1749
16.9708 16.1634 -43.1749
16.8516 15.8926 -43.1749
16.6901 15.5781 -43.1749
16.5352 15.2937 -43.1749
16.4166 15.0986 -43.1749
16.3527 15.0101 -43.1749
16.3589 14.977 -43.1749
16.4649 14.9595 -43.1749
16.7084 14.9275 -43.1749
17.0288 14.8785 -43.1749
17.3591 14.7885 -43.1749
17.6419 14.6213 -43.1749
17.9289 14.3308 -43.1749
18.2291 13.9744 -43.1749
18.4955 13.6798 -43.1749
18.6098 13.6191 -43.1749
18.5384 13.7954 -43.1749
18.3109 14.1292 -43.1749
18.041 14.4491 -43.1749
17.7913 14.6983 -43.1749
17.6081 14.8469 -43.1749
17.479 14.946 -43.1749
17.3865 15.0486 -43.1749
17.3275 15.2257 -43.1749
17.3066 15.5037 -43.1749
17.362 15.8317 -43.1749
17.4906 16.1396 -43.1749
17.7119 16.4011 -43.1749
18.0118 16.6602 -43.1749
19.0219 17.4235 -43.1749
19.2467 17.6223 -43.1749
19.4319 17.8557 -43.1749
19.5827 18.1782 -43.1749
19.6819 18.5808 -43.1749
19.7518 19.0449 -43.1749
19.8403 19.5093 -43.1749
20.0037 19.9305 -43.1749
20.2139 20.2557 -43.1749
20.4345 20.4918 -43.1749
20.616 20.7005 -43.1749
20.7612 20.9879 -43.1749
20.8611 21.4638 -43.1749
20.9164 22.1559 -43.1749
20.9312 23.0323 -43.1749
20.8855 28.1582 -43.1749
20.8898 28.6485 -43.1749
20.8809 29.127 -43.1749
20.8088 29.5857 -43.1749
20.6265 30.0715 -43.1749
20.3379 30.6078 -43.1749
20.0382 31.2768 -43.1749
19.8204 32.0506 -43.1749
19.7065 32.8485 -43.1749
19.6273 33.5121 -43.1749
19.5104 33.9886 -43.1749
19.3375 34.2843 -43.1749
19.0922 34.5147 -43.1749
18.7493 34.7604 -43.1749
18.288 35.0554 -43.1749
17.7651 35.3221 -43.1749
17.2821 35.4475 -43.1749
16.9062 35.3881 -43.1749
16.6823 35.212 -43.1749
16.6329 35.0337 -43.1749
16.8116 34.8988 -43.1749
17.1776 34.7722 -43.1749
17.6455 34.578 -43.1749
18.0647 34.2619 -43.1749
18.3557 33.7808 -43.1749
18.4881 33.145 -43.1749
18.5006 32.4145 -43.1749
18.4426 31.7017 -43.1749
18.3467 31.0914 -43.1749
18.2235 30.6101 -43.1749
18.0787 30.2538 -43.1749
17.9277 30.005 -43.1749
17.7733 29.8574 -43.1749
17.5796 29.771 -43.1749
17.2727 29.7068 -43.1749
16.2221 29.5223 -43.1749
15.7079 29.2601 -43.1749
15.9079 29.2601 -43.1749
15.9079 29.2601 -43.1749
15.8493 29.4015 -43.1557
15.7079 29.4601 -43.1366
15.5665 29.4015 -43.1174
15.5079 29.2601 -43.0983
15.5665 29.1187 -43.0791
15.7079 29.0601 -43.06
15.8493 29.1187 -43.0408
15.9079 29.2601 -43.0217
15.8493 29.4015 -43.0026
15.7079 29.4601 -42.9834
15.5665 29.4015 -42.9643
15.5079 29.2601 -42.9451
15.5665 29.1187 -42.926
15.7079 29.0601 -42.9068
15.8493 29.1187 -42.8877
15.9079 29.2601 -42.8685
15.8493 29.4015 -42.8494
15.7079 29.4601 -42.8302
15.5665 29.4015 -42.8111
15.5079 29.2601 -42.7919
15.5665 29.1187 -42.7728
15.7079 29.0601 -42.7536
15.8493 29.1187 -42.7345
15.9079 29.2601 -42.7153
15.8493 29.4015 -42.6962
15.7079 29.4601 -42.677
15.5665 29.4015 -42.6579
15.5079 29.2601 -42.6387
15.5665 29.1187 -42.6196
15.7079 29.0601 -42.6004
15.8493 29.1187 -42.5813
15.9079 29.2601 -42.5621
15.8493 29.4015 -42.543
15.7079 29.4601 -42.5238
15.5665 29.4015 -42.5047
15.5079 29.2601 -42.4855
15.5665 29.1187 -42.4664
15.7079 29.0601 -42.4472
15.8493 29.1187 -42.4281
15.9079 29.2601 -42.4089
15.8493 29.4015 -42.3898
15.7079 29.4601 -42.3706
15.5665 29.4015 -42.3515
15.5079 29.2601 -42.3323
15.5665 29.1187 -42.3132
15.7079 29.0601 -42.294
15.8493 29.1187 -42.2749
15.7079 29.2601 -42.2749
15.7206 29.1239 -42.2749
15.7985 28.8878 -42.2749
15.9572 28.4947 -42.2749
16.1362 27.9718 -42.2749
16.2831 27.402 -42.2749
16.3572 26.8385 -42.2749
16.37 26.2758 -42.2749
16.3411 25.6919 -42.2749
16.2954 25.1159 -42.2749
16.1388 23.5913 -42.2749
16.1115 23.1131 -42.2749
16.1014 22.6195 -42.2749
16.1174 22.1513 -42.2749
16.1975 21.7184 -42.2749
16.4639 21.3677 -42.2749
16.967 21.0904 -42.2749
17.6698 20.8804 -42.2749
18.9873 20.5686 -42.2749
19.4086 20.4416 -42.2749
19.6906 20.3214 -42.2749
19.8664 20.1964 -42.2749
20.0064 20.0291 -42.2749
20.1374 19.7763 -42.2749
20.2573 19.4201 -42.2749
20.3084 18.9956 -42.2749
20.2628 18.5796 -42.2749
20.1422 18.2501 -42.2749
20.0058 18.0264 -42.2749
19.8778 17.8713 -42.2749
19.5765 17.4998 -42.2749
19.3629 17.247 -42.2749
19.107 16.9735 -42.2749
18.8588 16.6973 -42.2749
18.6717 16.4619 -42.2749
18.6328 16.3423 -42.2749
18.7633 16.3874 -42.2749
19.0406 16.5772 -42.2749
19.7073 17.0876 -42.2749
20.0303 17.3785 -42.2749
20.3534 17.7395 -42.2749
20.6308 18.1714 -42.2749
20.8196 18.6064 -42.2749
20.9045 19.0102 -42.2749
20.9286 19.3791 -42.2749
20.9107 19.7928 -42.2749
20.8259 20.2981 -42.2749
20.6147 20.9415 -42.2749
20.3163 21.5864 -42.2749
19.9972 22.115 -42.2749
19.7638 22.3953 -42.2749
19.597 22.5118 -42.2749
19.194 22.6023 -42.2749
18.8523 22.6976 -42.2749
18.5045 22.8395 -42.2749
18.2517 23.0232 -42.2749
18.1443 23.204 -42.2749
18.1263 23.3633 -42.2749
18.3162 25.1332 -42.2749
18.3418 25.421 -42.2749
18.3849 26.0689 -42.2749
18.3991 26.3805 -42.2749
18.4057 26.6413 -42.2749
18.4067 26.8529 -42.2749
18.4042 27.0154 -42.2749
18.4002 27.1292 -42.2749
18.3932 27.2168 -42.2749
18.3941 27.3009 -42.2749
18.4154 27.4024 -42.2749
18.4767 27.5026 -42.2749
18.5677 27.5832 -42.2749
18.6748 27.6306 -42.2749
18.775 27.6568 -42.2749
18.8659 27.6732 -42.2749
18.9455 27.6895 -42.2749
19.0159 27.7056 -42.2749
19.0797 27.7223 -42.2749
19.14 27.7404 -42.2749
19.1999 27.7605 -42.2749
19.2592 27.7824 -42.2749
19.3177 27.8062 -42.2749
19.3755 27.8318 -42.2749
19.4376 27.8623 -42.2749
19.5137 27.9018 -42.2749
19.6118 27.9275 -42.2749
19.7231 27.8692 -42.2749
19.8236 27.6142 -42.2749
19.8929 27.0927 -42.2749
19.9287 26.3573 -42.2749
20.0201 25.4796 -42.2749
20.2536 24.5635 -42.2749
20.7099 23.6077 -42.2749
21.238 22.8323 -42.2749
21.6876 22.409 -42.2749
21.9081 22.5528 -42.2749
21.9749 23.1443 -42.2749
21.9156 27.9625 -42.2749
21.8857 28.8336 -42.2749
21.8083 29.5282 -42.2749
21.6375 30.0463 -42.2749
21.3858 30.4412 -42.2749
21.099 30.8559 -42.2749
20.8711 31.4013 -42.2749
20.7359 32.0983 -42.2749
20.664 32.8641 -42.2749
20.5463 33.5573 -42.2749
20.2915 34.1309 -42.2749
19.9048 34.5724 -42.2749
19.4838 34.92 -42.2749
18.7892 35.414 -42.2749
18.4649 35.6794 -42.2749
18.1325 36.0184 -42.2749
17.4421 36.8556 -42.2749
17.0654 37.203 -42.2749
16.7173 37.3591 -42.2749
16.4449 37.2791 -42.2749
16.2686 36.9925 -42.2749
15.9974 36.2326 -42.2749
15.8815 35.9288 -42.2749
15.8537 35.7116 -42.2749
16.001 35.5653 -42.2749
16.3319 35.472 -42.2749
17.3256 35.3411 -42.2749
17.8104 35.2662 -42.2749
18.1962 35.1862 -42.2749
18.4765 35.0954 -42.2749
18.719 34.9634 -42.2749
19.0027 34.7558 -42.2749
19.3266 34.5029 -42.2749
19.6242 34.2272 -42.2749
19.8107 33.9216 -42.2749
19.8772 33.4752 -42.2749
19.8562 32.8611 -42.2749
19.7481 31.5522 -42.2749
19.698 31.138 -42.2749
19.637 30.8769 -42.2749
19.5305 30.6299 -42.2749
19.3674 30.3606 -42.2749
19.1422 30.0881 -42.2749
18.8676 29.873 -42.2749
18.5389 29.7198 -42.2749
18.1543 29.6143 -42.2749
17.7401 29.5363 -42.2749
17.3391 29.4765 -42.2749
15.7079 29.2601 -42.2749
14.8492 29.1915 -42.2749
15.0492 29.1915 -42.2749
15.0492 29.1915 -42.2749
14.9906 29.333 -42.2557
14.8492 29.3915 -42.2366
14.7078 29.333 -42.2174
14.6492 29.1915 -42.1983
14.7078 29.0501 -42.1791
14.8492 28.9915 -42.16
14.9906 29.0501 -42.1409
15.0492 29.1915 -42.1217
14.9906 29.333 -42.1026
14.8492 29.3915 -42.0834
14.7078 29.333 -42.0643
14.6492 29.1915 -42.0451
14.7078 29.0501 -42.026
14.8492 28.9915 -42.0068
14.9906 29.0501 -41.9877
15.0492 29.1915 -41.9685
14.9906 29.333 -41.9494
14.8492 29.3915 -41.9302
14.7078 29.333 -41.9111
14.6492 29.1915 -41.8919
14.7078 29.0501 -41.8728
14.8492 28.9915 -41.8536
14.9906 29.0501 -41.8345
15.0492 29.1915 -41.8153
14.9906 29.333 -41.7962
14.8492 29.3915 -41.777
14.7078 29.333 -41.7579
14.6492 29.1915 -41.7387
14.7078 29.0501 -41.7196
14.8492 28.9915 -41.7004
14.9906 29.0501 -41.6813
15.0492 29.1915 -41.6621
14.9906 29.333 -41.643
14.8492 29.3915 -41.6238
14.7078 29.333 -41.6047
14.6492 29.1915 -41.5855
14.7078 29.0501 -41.5664
14.8492 28.9915 -41.5472
14.9906 29.0501 -41.5281
15.0492 29.1915 -41.5089
14.9906 29.333 -41.4898
14.8492 29.3915 -41.4706
14.7078 29.333 -41.4515
14.6492 29.1915 -41.4323
14.7078 29.0501 -41.4132
14.8492 28.9915 -41.394
14.9906 29.0501 -41.3749
14.8492 29.1915 -41.3749
14.8491 28.9898 -41.3749
14.9252 28.7195 -41.3749
15.0725 28.3796 -41.3749
15.2266 28.0056 -41.3749
15.3369 27.5945 -41.3749
15.3882 27.1265 -41.3749
15.3823 26.582 -41.3749
15.3243 26.0393 -41.3749
15.1835 25.1562 -41.3749
15.1675 24.8129 -41.3749
15.2068 24.5002 -41.3749
15.3021 24.2264 -41.3749
15.4927 24.0273 -41.3749
15.7824 23.9067 -41.3749
16.1834 23.8273 -41.3749
17.5864 23.6047 -41.3749
18.6504 23.4109 -41.3749
19.6379 23.2075 -41.3749
20.1173 23.1542 -41.3749
20.5509 23.1971 -41.3749
20.9188 23.4091 -41.3749
21.1894 23.7144 -41.3749
21.3967 24.0244 -41.3749
21.5482 24.128 -41.3749
21.6661 24.0068 -41.3749
21.7569 23.6353 -41.3749
21.8302 23.1709 -41.3749
21.8954 22.6407 -41.3749
22.0002 21.6035 -41.3749
22.0384 21.0981 -41.3749
22.0662 20.5829 -41.3749
22.0706 20.0947 -41.3749
22.0629 19.6399 -41.3749
22.0475 19.3151 -41.3749
22.0474 19.1844 -41.3749
22.0649 19.2891 -41.3749
22.1283 19.5653 -41.3749
22.25 19.9225 -41.3749
22.4428 20.3267 -41.3749
22.6505 20.7895 -41.3749
22.8184 21.3903 -41.3749
22.9025 22.1381 -41.3749
22.9261 23.0326 -41.3749
22.8704 28.8179 -41.3749
22.8356 29.4785 -41.3749
22.735 29.9444 -41.3749
22.5339 30.3166 -41.3749
22.2531 30.7078 -41.3749
21.9771 31.189 -41.3749
21.7851 31.6964 -41.3749
21.7009 32.225 -41.3749
21.6824 32.7096 -41.3749
21.6828 33.1874 -41.3749
21.645 33.596 -41.3749
21.5215 33.9635 -41.3749
21.2473 34.3005 -41.3749
20.835 34.6575 -41.3749
19.8381 35.4078 -41.3749
19.4097 35.7712 -41.3749
19.077 36.1331 -41.3749
18.8121 36.4954 -41.3749
18.6023 36.8112 -41.3749
18.397 37.0605 -41.3749
18.147 37.2705 -41.3749
17.8259 37.5254 -41.3749
17.4884 37.8519 -41.3749
17.2071 38.2473 -41.3749
17.0038 38.6257 -41.3749
16.8024 38.9689 -41.3749
16.525 39.2526 -41.3749
16.1855 39.4668 -41.3749
15.874 39.5402 -41.3749
15.6705 39.4011 -41.3749
15.5688 39.0772 -41.3749
15.3406 37.2032 -41.3749
15.3492 36.742 -41.3749
15.4593 36.3729 -41.3749
15.7371 36.1076 -41.3749
16.1619 35.9778 -41.3749
16.6962 35.9135 -41.3749
17.2252 35.8722 -41.3749
17.6918 35.819 -41.3749
18.088 35.7481 -41.3749
18.466 35.6473 -41.3749
18.8708 35.5058 -41.3749
19.2719 35.3341 -41.3749
19.6149 35.1636 -41.3749
19.8795 35.0025 -41.3749
20.114 34.8359 -41.3749
20.3832 34.6292 -41.3749
20.6727 34.3764 -41.3749
20.9287 34.0837 -41.3749
21.0872 33.727 -41.3749
21.1532 33.3086 -41.3749
21.1544 32.8157 -41.3749
21.1304 32.3291 -41.3749
21.0936 31.8334 -41.3749
21.0488 31.3605 -41.3749
20.9366 30.3879 -41.3749
20.8945 29.8631 -41.3749
20.8771 29.2527 -41.3749
20.8797 27.4947 -41.3749
20.868 27.1211 -41.3749
20.841 26.8722 -41.3749
20.799 26.738 -41.3749
20.747 26.6776 -41.3749
20.691 26.6509 -41.3749
20.6348 26.6221 -41.3749
20.5795 26.5914 -41.3749
20.5253 26.5591 -41.3749
20.4721 26.525 -41.3749
20.42 26.4892 -41.3749
20.369 26.4519 -41.3749
20.3193 26.4129 -41.3749
20.2708 26.3724 -41.3749
20.2236 26.3304 -41.3749
20.1778 26.2869 -41.3749
20.1333 26.242 -41.3749
20.0903 26.1957 -41.3749
20.0488 26.1481 -41.3749
20.0089 26.0991 -41.3749
19.9705 26.049 -41.3749
19.9337 25.9976 -41.3749
19.8985 25.9451 -41.3749
19.865 25.8915 -41.3749
19.8332 25.8369 -41.3749
19.8032 25.7813 -41.3749
19.775 25.7248 -41.3749
19.7485 25.6675 -41.3749
19.7239 25.6093 -41.3749
19.7011 25.5503 -41.3749
19.6802 25.4907 -41.3749
19.6614 25.4313 -41.3749
19.6389 25.3765 -41.3749
19.6051 25.3335 -41.3749
19.5157 25.3161 -41.3749
19.3411 25.3309 -41.3749
19.0374 25.3814 -41.3749
18.6542 25.4508 -41.3749
18.2366 25.5586 -41.3749
17.8836 25.7218 -41.3749
17.6329 25.9738 -41.3749
17.5064 26.2585 -41.3749
17.4678 26.5221 -41.3749
17.4699 26.7077 -41.3749
17.4792 26.8355 -41.3749
17.4829 26.9271 -41.3749
17.4842 27.0035 -41.3749
17.4831 27.0708 -41.3749
17.48 27.1328 -41.3749
17.5034 27.1936 -41.3749
17.5852 27.2507 -41.3749
17.7708 27.3035 -41.3749
18.025 27.3488 -41.3749
18.7297 27.4468 -41.3749
18.8452 27.5392 -41.3749
18.9189 27.7728 -41.3749
18.9491 28.2218 -41.3749
18.9315 28.739 -41.3749
18.8348 29.1738 -41.3749
18.6169 29.3714 -41.3749
18.274 29.4056 -41.3749
16.9542 29.2586 -41.3749
16.582 29.2265 -41.3749
16.1991 29.2036 -41.3749
15.7786 29.191 -41.3749
15.3206 29.1879 -41.3749
14.8492 29.1915 -41.3749
14.1421 29.2776 -41.3749
14.3421 29.2776 -41.3749
14.3421 29.2776 -41.3749
14.2835 29.419 -41.3557
14.1421 29.4776 -41.3366
14.0007 29.419 -41.3174
13.9421 29.2776 -41.2983
14.0007 29.1361 -41.2791
14.1421 29.0776 -41.26
14.2835 29.1361 -41.2408
14.3421 29.2776 -41.2217
14.2835 29.419 -41.2026
14.1421 29.4776 -41.1834
14.0007 29.419 -41.1643
13.9421 29.2776 -41.1451
14.0007 29.1361 -41.126
14.1421 29.0776 -41.1068
14.2835 29.1361 -41.0877
14.3421 29.2776 -41.0685
14.2835 29.419 -41.0494
14.1421 29.4776 -41.0302
14.0007 29.419 -41.0111
13.9421 29.2776 -40.9919
14.0007 29.1361 -40.9728
14.1421 29.0776 -40.9536
14.2835 29.1361 -40.9345
14.3421 29.2776 -40.9153
14.2835 29.419 -40.8962
14.1421 29.4776 -40.877
14.0007 29.419 -40.8579
13.9421 29.2776 -40.8387
14.0007 29.1361 -40.8196
14.1421 29.0776 -40.8004
14.2835 29.1361 -40.7813
14.3421 29.2776 -40.7621
14.2835 29.419 -40.743
14.1421 29.4776 -40.7238
14.0007 29.419 -40.7047
13.9421 29.2776 -40.6855
14.0007 29.1361 -40.6664
14.1421 29.0776 -40.6472
14.2835 29.1361 -40.6281
14.3421 29.2776 -40.6089
14.2835 29.419 -40.5898
14.1421 29.4776 -40.5706
14.0007 29.419 -40.5515
13.9421 29.2776 -40.5323
14.0007 29.1361 -40.5132
14.1421 29.0776 -40.494
14.2835 29.1361 -40.4749
14.1421 29.2776 -40.4749
14.0545 29.0649 -40.4749
14.071 28.7566 -40.4749
14.3519 27.8361 -40.4749
14.4565 27.3294 -40.4749
14.4835 26.8323 -40.4749
14.4535 26.4147 -40.4749
14.3927 26.0663 -40.4749
14.3223 25.8083 -40.4749
14.23 25.5807 -40.4749
14.1073 25.3529 -40.4749
13.9744 25.1159 -40.4749
13.9068 24.9049 -40.4749
13.9877 24.7561 -40.4749
14.243 24.672 -40.4749
14.6327 24.6336 -40.4749
17.1771 24.5556 -40.4749
17.8245 24.545 -40.4749
18.4198 24.5479 -40.4749
18.9092 24.5822 -40.4749
19.2817 24.6723 -40.4749
19.5867 24.8472 -40.4749
19.8328 25.1522 -40.4749
20.0305 25.6363 -40.4749
20.1836 26.3086 -40.4749
20.3111 27.0911 -40.4749
20.4124 27.8523 -40.4749
20.4763 28.4481 -40.4749
20.4592 28.8328 -40.4749
20.3345 29.0235 -40.4749
20.0805 29.1124 -40.4749
19.775 29.1493 -40.4749
19.4808 29.167 -40.4749
19.2307 29.1636 -40.4749
18.9632 29.154 -40.4749
18.6216 29.149 -40.4749
17.7533 29.1492 -40.4749
17.2944 29.1383 -40.4749
16.5139 29.111 -40.4749
16.2121 29.1142 -40.4749
14.8492 29.2099 -40.4749
14.5025 29.24 -40.4749
14.1421 29.2776 -40.4749
13.435 29.4393 -40.4749
13.635 29.4393 -40.4749
13.635 29.4393 -40.4749
13.5764 29.5807 -40.4557
13.435 29.6393 -40.4366
13.2936 29.5807 -40.4174
13.235 29.4393 -40.3983
13.2936 29.2979 -40.3791
13.435 29.2393 -40.36
13.5764 29.2979 -40.3408
13.635 29.4393 -40.3217
13.5764 29.5807 -40.3026
13.435 29.6393 -40.2834
13.2936 29.5807 -40.2643
13.235 29.4393 -40.2451
13.2936 29.2979 -40.226
13.435 29.2393 -40.2068
13.5764 29.2979 -40.1877
13.635 29.4393 -40.1685
13.5764 29.5807 -40.1494
13.435 29.6393 -40.1302
13.2936 29.5807 -40.1111
13.235 29.4393 -40.0919
13.2936 29.2979 -40.0728
13.435 29.2393 -40.0536
13.5764 29.2979 -40.0345
13.635 29.4393 -40.0153
13.5764 29.5807 -39.9962
13.435 29.6393 -39.977
13.2936 29.5807 -39.9579
13.235 29.4393 -39.9387
13.2936 29.2979 -39.9196
13.435 29.2393 -39.9004
13.5764 29.2979 -39.8813
13.635 29.4393 -39.8621
13.5764 29.5807 -39.843
13.435 29.6393 -39.8238
13.2936 29.5807 -39.8047
13.235 29.4393 -39.7855
13.2936 29.2979 -39.7664
13.435 29.2393 -39.7472
13.5764 29.2979 -39.7281
13.635 29.4393 -39.7089
13.5764 29.5807 -39.6898
13.435 29.6393 -39.6706
13.2936 29.5807 -39.6515
13.235 29.4393 -39.6323
13.2936 29.2979 -39.6132
13.435 29.2393 -39.594
13.5764 29.2979 -39.5749
13.435 29.4393 -39.5749
13.4844 29.1895 -39.5749
13.5548 28.8865 -39.5749
13.7462 28.175 -39.5749
13.8318 27.8094 -39.5749
13.9039 27.4347 -39.5749
13.9929 27.0487 -39.5749
14.1945 26.3368 -39.5749
14.1995 26.0135 -39.5749
14.0647 25.7282 -39.5749
13.7543 25.5156 -39.5749
13.1383 25.2736 -39.5749
13.115 25.1683 -39.5749
13.296 25.052 -39.5749
13.595 24.941 -39.5749
13.9 24.8679 -39.5749
14.2089 24.8427 -39.5749
14.5564 24.8648 -39.5749
15.4266 24.9549 -39.5749
15.9386 24.9859 -39.5749
16.5018 25.003 -39.5749
17.6528 25.0217 -39.5749
18.08 25.0508 -39.5749
18.3742 25.135 -39.5749
18.6275 25.3417 -39.5749
18.8618 25.6853 -39.5749
19.0721 26.1471 -39.5749
19.2089 26.6254 -39.5749
19.2638 27.0838 -39.5749
19.2359 27.5015 -39.5749
19.1187 27.9072 -39.5749
18.9301 28.2735 -39.5749
18.7112 28.5683 -39.5749
18.4967 28.7635 -39.5749
18.2625 28.8674 -39.5749
17.9529 28.9061 -39.5749
17.5944 28.912 -39.5749
17.266 28.9082 -39.5749
17.0391 28.9102 -39.5749
16.876 28.9229 -39.5749
16.6805 28.9581 -39.5749
16.4148 29.0195 -39.5749
16.1001 29.1089 -39.5749
15.8069 29.2004 -39.5749
15.5223 29.2791 -39.5749
15.2107 29.3329 -39.5749
14.8492 29.3763 -39.5749
14.4834 29.4102 -39.5749
14.1421 29.4347 -39.5749
13.8008 29.4425 -39.5749
13.435 29.4393 -39.5749
12.2368 25.5764 -39.5749
12.4368 25.5764 -39.5749
12.4368 25.5764 -39.5749
12.3782 25.7178 -39.5557
12.2368 25.7764 -39.5366
12.0954 25.7178 -39.5174
12.0368 25.5764 -39.4983
12.0954 25.4349 -39.4791
12.2368 25.3764 -39.46
12.3782 25.4349 -39.4408
12.4368 25.5764 -39.4217
12.3782 25.7178 -39.4025
12.2368 25.7764 -39.3834
12.0954 25.7178 -39.3643
12.0368 25.5764 -39.3451
12.0954 25.4349 -39.326
12.2368 25.3764 -39.3068
12.3782 25.4349 -39.2877
12.4368 25.5764 -39.2685
12.3782 25.7178 -39.2494
12.2368 25.7764 -39.2302
12.0954 25.7178 -39.2111
12.0368 25.5764 -39.1919
12.0954 25.4349 -39.1728
12.2368 25.3764 -39.1536
12.3782 25.4349 -39.1345
12.4368 25.5764 -39.1153
12.3782 25.7178 -39.0962
12.2368 25.7764 -39.077
12.0954 25.7178 -39.0579
12.0368 25.5764 -39.0387
12.0954 25.4349 -39.0196
12.2368 25.3764 -39.0004
12.3782 25.4349 -38.9813
12.4368 25.5764 -38.9621
12.3782 25.7178 -38.943
12.2368 25.7764 -38.9238
12.0954 25.7178 -38.9047
12.0368 25.5764 -38.8855
12.0954 25.4349 -38.8664
12.2368 25.3764 -38.8472
12.3782 25.4349 -38.8281
12.4368 25.5764 -38.8089
12.3782 25.7178 -38.7898
12.2368 25.7764 -38.7706
12.0954 25.7178 -38.7515
12.0368 25.5764 -38.7323
12.0954 25.4349 -38.7132
12.2368 25.3764 -38.694
12.3782 25.4349 -38.6749
12.2368 25.5764 -38.6749
12.3535 25.5058 -38.6749
12.5692 25.4099 -38.6749
12.8663 25.2991 -38.6749
13.17 25.1984 -38.6749
13.4003 25.1278 -38.6749
13.5755 25.077 -38.6749
13.7305 25.0367 -38.6749
13.8979 25.0042 -38.6749
14.0767 24.9922 -38.6749
14.254 25.0106 -38.6749
14.4363 25.0668 -38.6749
14.658 25.1516 -38.6749
14.964 25.25 -38.6749
15.4058 25.3433 -38.6749
16.604 25.5181 -38.6749
17.2038 25.6666 -38.6749
17.6955 25.9069 -38.6749
18.0041 26.2798 -38.6749
18.1388 26.7204 -38.6749
18.1134 27.2007 -38.6749
17.9951 27.6209 -38.6749
17.8152 27.9841 -38.6749
17.5929 28.2461 -38.6749
17.3054 28.4435 -38.6749
16.972 28.5731 -38.6749
16.6409 28.6731 -38.6749
16.3769 28.7582 -38.6749
16.1861 28.8552 -38.6749
16.0197 28.9692 -38.6749
15.8049 29.1046 -38.6749
15.5206 29.2417 -38.6749
15.1899 29.3642 -38.6749
14.8546 29.4508 -38.6749
14.5326 29.4839 -38.6749
14.247 29.4141 -38.6749
14.0357 29.1951 -38.6749
13.9235 28.7988 -38.6749
13.8925 28.3061 -38.6749
13.8964 27.7957 -38.6749
13.9106 27.3855 -38.6749
13.941 26.7895 -38.6749
13.9034 26.4938 -38.6749
13.771 26.1866 -38.6749
13.5143 25.8969 -38.6749
13.1499 25.7017 -38.6749
12.7102 25.6048 -38.6749
12.2368 25.5764 -38.6749
12.0629 25.7025 -38.6749
12.2629 25.7025 -38.6749
12.2629 25.7025 -38.6749
12.2043 25.844 -38.6557
12.0629 25.9025 -38.6366
11.9214 25.844 -38.6174
11.8629 25.7025 -38.5983
11.9214 25.5611 -38.5791
12.0629 25.5025 -38.56
12.2043 25.5611 -38.5408
12.2629 25.7025 -38.5217
12.2043 25.844 -38.5026
12.0629 25.9025 -38.4834
11.9214 25.844 -38.4643
11.8629 25.7025 -38.4451
11.9214 25.5611 -38.426
12.0629 25.5025 -38.4068
12.2043 25.5611 -38.3877
12.2629 25.7025 -38.3685
12.2043 25.844 -38.3494
12.0629 25.9025 -38.3302
11.9214 25.844 -38.3111
11.8629 25.7025 -38.2919
11.9214 25.5611 -38.2728
12.0629 25.5025 -38.2536
12.2043 25.5611 -38.2345
12.2629 25.7025 -38.2153
12.2043 25.844 -38.1962
12.0629 25.9025 -38.177
11.9214 25.844 -38.1579
11.8629 25.7025 -38.1387
11.9214 25.5611 -38.1196
12.0629 25.5025 -38.1004
12.2043 25.5611 -38.0813
12.2629 25.7025 -38.0621
12.2043 25.844 -38.043
12.0629 25.9025 -38.0238
11.9214 25.844 -38.0047
11.8629 25.7025 -37.9855
11.9214 25.5611 -37.9664
12.0629 25.5025 -37.9472
12.2043 25.5611 -37.9281
12.2629 25.7025 -37.9089
12.2043 25.844 -37.8898
12.0629 25.9025 -37.8706
11.9214 25.844 -37.8515
11.8629 25.7025 -37.8323
11.9214 25.5611 -37.8132
12.0629 25.5025 -37.794
12.2043 25.5611 -37.7749
12.0629 25.7025 -37.7749
12.3941 25.6048 -37.7749
12.7357 25.5244 -37.7749
13.0701 25.464 -37.7749
13.39 25.4174 -37.7749
13.6861 25.3831 -37.7749
13.9949 25.373 -37.7749
14.2971 25.398 -37.7749
14.6047 25.46 -37.7749
15.2289 25.6473 -37.7749
15.595 25.7497 -37.7749
15.9984 25.8502 -37.7749
16.3793 25.9761 -37.7749
16.7152 26.1703 -37.7749
16.9849 26.4814 -37.7749
17.2131 26.8793 -37.7749
17.4002 27.2953 -37.7749
17.5305 27.6401 -37.7749
17.5647 27.8925 -37.7749
17.4707 28.0646 -37.7749
17.2561 28.1885 -37.7749
16.9533 28.2849 -37.7749
16.6207 28.3838 -37.7749
16.3014 28.5243 -37.7749
16.0141 28.7239 -37.7749
15.7446 28.9619 -37.7749
15.4518 29.1854 -37.7749
15.1141 29.3594 -37.7749
14.7402 29.453 -37.7749
14.4081 29.4299 -37.7749
14.1787 29.2456 -37.7749
14.0731 28.9185 -37.7749
14.0253 28.5356 -37.7749
13.9726 28.1973 -37.7749
13.8649 27.9233 -37.7749
13.7103 27.6828 -37.7749
13.5249 27.441 -37.7749
13.3511 27.2002 -37.7749
13.2019 26.9531 -37.7749
13.0611 26.6703 -37.7749
12.8902 26.3632 -37.7749
12.6581 26.0696 -37.7749
12.3754 25.8544 -37.7749
12.0629 25.7025 -37.7749
13.0394 27.4311 -37.7749
13.2394 27.4311 -37.7749
13.2394 27.4311 -37.7749
13.1808 27.5725 -37.7557
13.0394 27.6311 -37.7366
12.898 27.5725 -37.7174
12.8394 27.4311 -37.6983
12.898 27.2897 -37.6791
13.0394 27.2311 -37.66
13.1808 27.2897 -37.6409
13.2394 27.4311 -37.6217
13.1808 27.5725 -37.6026
13.0394 27.6311 -37.5834
12.898 27.5725 -37.5643
12.8394 27.4311 -37.5451
12.898 27.2897 -37.526
13.0394 27.2311 -37.5068
13.1808 27.2897 -37.4877
13.2394 27.4311 -37.4685
13.1808 27.5725 -37.4494
13.0394 27.6311 -37.4302
12.898 27.5725 -37.4111
12.8394 27.4311 -37.3919
12.898 27.2897 -37.3728
13.0394 27.2311 -37.3536
13.1808 27.2897 -37.3345
13.2394 27.4311 -37.3153
13.1808 27.5725 -37.2962
13.0394 27.6311 -37.277
12.898 27.5725 -37.2579
12.8394 27.4311 -37.2387
12.898 27.2897 -37.2196
13.0394 27.2311 -37.2004
13.1808 27.2897 -37.1813
13.2394 27.4311 -37.1621
13.1808 27.5725 -37.143
13.0394 27.6311 -37.1238
12.898 27.5725 -37.1047
12.8394 27.4311 -37.0855
12.898 27.2897 -37.0664
13.0394 27.2311 -37.0472
13.1808 27.2897 -37.0281
13.2394 27.4311 -37.0089
13.1808 27.5725 -36.9898
13.0394 27.6311 -36.9706
12.898 27.5725 -36.9515
12.8394 27.4311 -36.9323
12.898 27.2897 -36.9132
13.0394 27.2311 -36.894
13.1808 27.2897 -36.8749
13.0394 27.4311 -36.8749
13.1508 27.1985 -36.8749
13.2265 26.9101 -36.8749
13.2339 26.561 -36.8749
13.1595 26.2208 -36.8749
13.0412 25.9459 -36.8749
12.9541 25.7732 -36.8749
12.9754 25.6643 -36.8749
13.157 25.5815 -36.8749
13.4865 25.5013 -36.8749
13.9135 25.4608 -36.8749
14.3739 25.5006 -36.8749
14.814 25.6145 -36.8749
15.4509 25.844 -36.8749
15.6334 25.902 -36.8749
15.808 25.9715 -36.8749
16.0207 26.0982 -36.8749
16.2931 26.3122 -36.8749
16.5562 26.5571 -36.8749
16.7692 26.778 -36.8749
16.8946 26.9309 -36.8749
16.9654 27.0514 -36.8749
17.0111 27.1917 -36.8749
17.0544 27.3757 -36.8749
17.0891 27.5996 -36.8749
17.0906 27.8077 -36.8749
17.0316 27.9731 -36.8749
16.8853 28.0897 -36.8749
16.6453 28.2173 -36.8749
16.3461 28.4095 -36.8749
16.0221 28.6705 -36.8749
15.6871 28.9588 -36.8749
15.3108 29.2128 -36.8749
14.9073 29.4044 -36.8749
14.5465 29.5183 -36.8749
14.3233 29.5465 -36.8749
14.2548 29.4681 -36.8749
14.2811 29.2726 -36.8749
14.2968 28.9873 -36.8749
14.2546 28.6785 -36.8749
14.1536 28.4128 -36.8749
14.0138 28.2014 -36.8749
13.8024 27.9977 -36.8749
13.472 27.7421 -36.8749
13.0394 27.4311 -36.8749
13.0677 28.0882 -36.8749
13.2677 28.0882 -36.8749
13.2677 28.0882 -36.8749
13.2091 28.2296 -36.8557
13.0677 28.2882 -36.8366
12.9263 28.2296 -36.8174
12.8677 28.0882 -36.7983
12.9263 27.9468 -36.7791
13.0677 27.8882 -36.76
13.2091 27.9468 -36.7408
13.2677 28.0882 -36.7217
13.2091 28.2296 -36.7026
13.0677 28.2882 -36.6834
12.9263 28.2296 -36.6643
12.8677 28.0882 -36.6451
12.9263 27.9468 -36.626
13.0677 27.8882 -36.6068
13.2091 27.9468 -36.5877
13.2677 28.0882 -36.5685
13.2091 28.2296 -36.5494
13.0677 28.2882 -36.5302
12.9263 28.2296 -36.5111
12.8677 28.0882 -36.4919
12.9263 27.9468 -36.4728
13.0677 27.8882 -36.4536
13.2091 27.9468 -36.4345
13.2677 28.0882 -36.4153
13.2091 28.2296 -36.3962
13.0677 28.2882 -36.377
12.9263 28.2296 -36.3579
12.8677 28.0882 -36.3387
12.9263 27.9468 -36.3196
13.0677 27.8882 -36.3004
13.2091 27.9468 -36.2813
13.2677 28.0882 -36.2621
13.2091 28.2296 -36.243
13.0677 28.2882 -36.2238
12.9263 28.2296 -36.2047
12.8677 28.0882 -36.1855
12.9263 27.9468 -36.1664
13.0677 27.8882 -36.1472
13.2091 27.9468 -36.1281
13.2677 28.0882 -36.1089
13.2091 28.2296 -36.0898
13.0677 28.2882 -36.0706
12.9263 28.2296 -36.0515
12.8677 28.0882 -36.0323
12.9263 27.9468 -36.0132
13.0677 27.8882 -35.994
13.2091 27.9468 -35.9749
13.0677 28.0882 -35.9749
13.122 28.0021 -35.9749
13.2466 27.8735 -35.9749
13.4589 27.6937 -35.9749
13.7425 27.4447 -35.9749
13.9927 27.1553 -35.9749
14.1413 26.8135 -35.9749
14.1429 26.4612 -35.9749
14.0655 26.119 -35.9749
14.0094 25.853 -35.9749
14.0723 25.6901 -35.9749
14.292 25.6477 -35.9749
14.6328 25.691 -35.9749
15.0458 25.7843 -35.9749
15.4525 25.8842 -35.9749
15.8046 25.9823 -35.9749
16.0678 26.0963 -35.9749
16.2717 26.2715 -35.9749
16.4491 26.5586 -35.9749
16.5973 26.9393 -35.9749
16.6721 27.3577 -35.9749
16.6485 27.7046 -35.9749
16.5291 27.9753 -35.9749
16.3468 28.2024 -35.9749
16.0898 28.4862 -35.9749
15.7577 28.8138 -35.9749
15.3379 29.1412 -35.9749
14.8958 29.3777 -35.9749
14.5221 29.4917 -35.9749
14.2687 29.4546 -35.9749
14.1011 29.2676 -35.9749
13.9062 28.9649 -35.9749
13.6545 28.6296 -35.9749
13.3586 28.3337 -35.9749
13.0677 28.0882 -35.9749
13.4556 29 -35.9749
13.6556 29 -35.9749
13.6556 29 -35.9749
13.597 29.1414 -35.9557
13.4556 29.2 -35.9366
13.3142 29.1414 -35.9174
13.2556 29 -35.8983
13.3142 28.8586 -35.8791
13.4556 28.8 -35.86
13.597 28.8586 -35.8408
13.6556 29 -35.8217
13.597 29.1414 -35.8026
13.4556 29.2 -35.7834
13.3142 29.1414 -35.7643
13.2556 29 -35.7451
13.3142 28.8586 -35.726
13.4556 28.8 -35.7068
13.597 28.8586 -35.6877
13.6556 29 -35.6685
13.597 29.1414 -35.6494
13.4556 29.2 -35.6302
13.3142 29.1414 -35.6111
13.2556 29 -35.5919
13.3142 28.8586 -35.5728
13.4556 28.8 -35.5536
13.597 28.8586 -35.5345
13.6556 29 -35.5153
13.597 29.1414 -35.4962
13.4556 29.2 -35.477
13.3142 29.1414 -35.4579
13.2556 29 -35.4387
13.3142 28.8586 -35.4196
13.4556 28.8 -35.4004
13.597 28.8586 -35.3813
13.6556 29 -35.3621
13.597 29.1414 -35.343
13.4556 29.2 -35.3238
13.3142 29.1414 -35.3047
13.2556 29 -35.2855
13.3142 28.8586 -35.2664
13.4556 28.8 -35.2472
13.597 28.8586 -35.2281
13.6556 29 -35.2089
13.597 29.1414 -35.1898
13.4556 29.2 -35.1706
13.3142 29.1414 -35.1515
13.2556 29 -35.1323
13.3142 28.8586 -35.1132
13.4556 28.8 -35.094
13.597 28.8586 -35.0749
13.4556 29 -35.0749
13.5301 28.6527 -35.0749
13.6597 28.3542 -35.0749
13.8502 28.1182 -35.0749
14.073 27.9139 -35.0749
14.3173 27.6728 -35.0749
14.5714 27.3422 -35.0749
14.7594 26.9266 -35.0749
14.8398 26.4987 -35.0749
14.8047 26.1474 -35.0749
14.7661 25.9246 -35.0749
14.8067 25.8219 -35.0749
14.9679 25.8056 -35.0749
15.195 25.8352 -35.0749
15.4074 25.8855 -35.0749
15.5569 25.9422 -35.0749
15.6699 26.0248 -35.0749
16.5184 26.8424 -35.0749
16.6414 27.0255 -35.0749
16.6592 27.2189 -35.0749
16.5749 27.5035 -35.0749
16.4095 27.8711 -35.0749
16.1786 28.2962 -35.0749
15.9201 28.6763 -35.0749
15.6243 28.9969 -35.0749
15.2484 29.2312 -35.0749
14.7688 29.4157 -35.0749
14.2489 29.5197 -35.0749
13.8229 29.5012 -35.0749
13.5696 29.313 -35.0749
13.4556 29 -35.0749
12.4941 28.9507 -35.0749
12.6941 28.9507 -35.0749
12.6941 28.9507 -35.0749
12.6355 29.0921 -35.0557
12.4941 29.1507 -35.0366
12.3527 29.0921 -35.0174
12.2941 28.9507 -34.9983
12.3527 28.8092 -34.9791
12.4941 28.7507 -34.96
12.6355 28.8092 -34.9408
12.6941 28.9507 -34.9217
12.6355 29.0921 -34.9025
12.4941 29.1507 -34.8834
12.3527 29.0921 -34.8643
12.2941 28.9507 -34.8451
12.3527 28.8092 -34.826
12.4941 28.7507 -34.8068
12.6355 28.8092 -34.7877
12.6941 28.9507 -34.7685
12.6355 29.0921 -34.7494
12.4941 29.1507 -34.7302
12.3527 29.0921 -34.7111
12.2941 28.9507 -34.6919
12.3527 28.8092 -34.6728
12.4941 28.7507 -34.6536
12.6355 28.8092 -34.6345
12.6941 28.9507 -34.6153
12.6355 29.0921 -34.5962
12.4941 29.1507 -34.577
12.3527 29.0921 -34.5579
12.2941 28.9507 -34.5387
12.3527 28.8092 -34.5196
12.4941 28.7507 -34.5004
12.6355 28.8092 -34.4813
12.6941 28.9507 -34.4621
12.6355 29.0921 -34.443
12.4941 29.1507 -34.4238
12.3527 29.0921 -34.4047
12.2941 28.9507 -34.3855
12.3527 28.8092 -34.3664
12.4941 28.7507 -34.3472
12.6355 28.8092 -34.3281
12.6941 28.9507 -34.3089
12.6355 29.0921 -34.2898
12.4941 29.1507 -34.2706
12.3527 29.0921 -34.2515
12.2941 28.9507 -34.2323
12.3527 28.8092 -34.2132
12.4941 28.7507 -34.194
12.6355 28.8092 -34.1749
12.4941 28.9507 -34.1749
12.4854 28.8074 -34.1749
12.6161 28.7137 -34.1749
12.9385 28.6679 -34.1749
13.3821 28.6159 -34.1749
13.8669 28.4988 -34.1749
14.3145 28.3014 -34.1749
14.7106 28.0499 -34.1749
15.0619 27.7842 -34.1749
15.3859 27.5226 -34.1749
15.6592 27.2526 -34.1749
15.8316 26.9613 -34.1749
15.8721 26.6444 -34.1749
15.8216 26.3583 -34.1749
15.7394 26.1385 -34.1749
15.6728 26.0091 -34.1749
15.6166 25.9233 -34.1749
15.5843 25.8713 -34.1749
15.5791 25.8481 -34.1749
15.6167 25.877 -34.1749
15.6772 25.943 -34.1749
15.7616 26.0446 -34.1749
16.3545 26.7837 -34.1749
16.4571 26.9363 -34.1749
16.4961 27.0822 -34.1749
16.4811 27.287 -34.1749
16.4121 27.5815 -34.1749
16.2896 27.9421 -34.1749
16.11 28.3292 -34.1749
15.8908 28.6831 -34.1749
15.6145 28.989 -34.1749
15.2627 29.2223 -34.1749
14.804 29.4046 -34.1749
14.2793 29.5321 -34.1749
13.7347 29.6188 -34.1749
13.2627 29.6413 -34.1749
12.9011 29.5861 -34.1749
12.6827 29.4323 -34.1749
12.5616 29.2099 -34.1749
12.4941 28.9507 -34.1749
7.73729 29.3817 -34.1749
7.93728 29.3817 -34.1749
7.93728 29.3817 -34.1749
7.87871 29.5231 -34.1557
7.73729 29.5817 -34.1366
7.59586 29.5231 -34.1174
7.53729 29.3817 -34.0983
7.59586 29.2403 -34.0791
7.73729 29.1817 -34.06
7.87871 29.2403 -34.0408
7.93728 29.3817 -34.0217
7.87871 29.5231 -34.0026
7.73729 29.5817 -33.9834
7.59586 29.5231 -33.9643
7.53729 29.3817 -33.9451
7.59586 29.2403 -33.926
7.73729 29.1817 -33.9068
7.87871 29.2403 -33.8877
7.93728 29.3817 -33.8685
7.87871 29.5231 -33.8494
7.73729 29.5817 -33.8302
7.59586 29.5231 -33.8111
7.53729 29.3817 -33.7919
7.59586 29.2403 -33.7728
7.73729 29.1817 -33.7536
7.87871 29.2403 -33.7345
7.93728 29.3817 -33.7153
7.87871 29.5231 -33.6962
7.73729 29.5817 -33.677
7.59586 29.5231 -33.6579
7.53729 29.3817 -33.6387
7.59586 29.2403 -33.6196
7.73729 29.1817 -33.6004
7.87871 29.2403 -33.5813
7.93728 29.3817 -33.5621
7.87871 29.5231 -33.543
7.73729 29.5817 -33.5238
7.59586 29.5231 -33.5047
7.53729 29.3817 -33.4855
7.59586 29.2403 -33.4664
7.73729 29.1817 -33.4472
7.87871 29.2403 -33.4281
7.93728 29.3817 -33.4089
7.87871 29.5231 -33.3898
7.73729 29.5817 -33.3706
7.59586 29.5231 -33.3515
7.53729 29.3817 -33.3323
7.59586 29.2403 -33.3132
7.73729 29.1817 -33.294
7.87871 29.2403 -33.2749
7.73729 29.3817 -33.2749
7.70488 29.0616 -33.2749
7.73319 28.7946 -33.2749
7.85832 28.5908 -33.2749
8.08071 28.4226 -33.2749
8.63603 28.0847 -33.2749
8.86602 27.9188 -33.2749
9.0502 27.7777 -33.2749
9.22983 27.6737 -33.2749
9.43549 27.6297 -33.2749
9.67741 27.6809 -33.2749
9.92336 27.8336 -33.2749
10.1637 28.0651 -33.2749
10.3881 28.2892 -33.2749
10.6421 28.4559 -33.2749
10.9499 28.543 -33.2749
11.3492 28.5885 -33.2749
12.7653 28.6632 -33.2749
13.1519 28.6761 -33.2749
13.4659 28.6765 -33.2749
13.7893 28.6601 -33.2749
14.1709 28.6101 -33.2749
14.5961 28.5074 -33.2749
15.0264 28.3261 -33.2749
15.4137 28.0897 -33.2749
15.7687 27.8302 -33.2749
16.0498 27.6379 -33.2749
16.2513 27.5581 -33.2749
16.3196 27.6677 -33.2749
16.2702 27.9272 -33.2749
16.1107 28.2991 -33.2749
15.9241 28.6445 -33.2749
15.7329 28.9255 -33.2749
15.5538 29.1095 -33.2749
15.3414 29.252 -33.2749
15.1047 29.3584 -33.2749
14.8272 29.4431 -33.2749
14.5057 29.5001 -33.2749
14.1129 29.5455 -33.2749
13.2008 29.6225 -33.2749
12.7455 29.6519 -33.2749
12.341 29.6564 -33.2749
11.9921 29.6183 -33.2749
11.6872 29.5227 -33.2749
11.3674 29.4049 -33.2749
11.0494 29.3055 -33.2749
10.7333 29.2625 -33.2749
10.4437 29.2638 -33.2749
9.55237 29.3138 -33.2749
9.30361 29.3384 -33.2749
9.04597 29.3811 -33.2749
8.75096 29.4256 -33.2749
8.40877 29.45 -33.2749
8.09892 29.4427 -33.2749
7.87509 29.4158 -33.2749
7.73729 29.3817 -33.2749
7.77817 29.5139 -33.2749
7.97817 29.5139 -33.2749
7.97817 29.5139 -33.2749
7.91959 29.6553 -33.2557
7.77817 29.7139 -33.2366
7.63675 29.6553 -33.2174
7.57817 29.5139 -33.1983
7.63675 29.3725 -33.1791
7.77817 29.3139 -33.16
7.91959 29.3725 -33.1409
7.97817 29.5139 -33.1217
7.91959 29.6553 -33.1026
7.77817 29.7139 -33.0834
7.63675 29.6553 -33.0643
7.57817 29.5139 -33.0451
7.63675 29.3725 -33.026
7.77817 29.3139 -33.0068
7.91959 29.3725 -32.9877
7.97817 29.5139 -32.9685
7.91959 29.6553 -32.9494
7.77817 29.7139 -32.9302
7.63675 29.6553 -32.9111
7.57817 29.5139 -32.8919
7.63675 29.3725 -32.8728
7.77817 29.3139 -32.8536
7.91959 29.3725 -32.8345
7.97817 29.5139 -32.8153
7.91959 29.6553 -32.7962
7.77817 29.7139 -32.777
7.63675 29.6553 -32.7579
7.57817 29.5139 -32.7387
7.63675 29.3725 -32.7196
7.77817 29.3139 -32.7004
7.91959 29.3725 -32.6813
7.97817 29.5139 -32.6621
7.91959 29.6553 -32.643
7.77817 29.7139 -32.6238
7.63675 29.6553 -32.6047
7.57817 29.5139 -32.5855
7.63675 29.3725 -32.5664
7.77817 29.3139 -32.5472
7.91959 29.3725 -32.5281
7.97817 29.5139 -32.5089
7.91959 29.6553 -32.4898
7.77817 29.7139 -32.4706
7.63675 29.6553 -32.4515
7.57817 29.5139 -32.4323
7.63675 29.3725 -32.4132
7.77817 29.3139 -32.394
7.91959 29.3725 -32.3749
7.77817 29.5139 -32.3749
7.64769 29.2812 -32.3749
7.59715 29.0534 -32.3749
7.6776 28.8329 -32.3749
7.8895 28.6413 -32.3749
8.16262 28.4776 -32.3749
8.42169 28.3401 -32.3749
8.62941 28.193 -32.3749
9.0312 27.8387 -32.3749
9.29171 27.6669 -32.3749
9.5578 27.532 -32.3749
9.7736 27.4499 -32.3749
9.92053 27.4194 -32.3749
10.0395 27.4513 -32.3749
10.1984 27.5722 -32.3749
10.4308 27.78 -32.3749
10.7495 28.0472 -32.3749
11.1302 28.3013 -32.3749
11.5577 28.4935 -32.3749
12.0042 28.5991 -32.3749
12.4584 28.6368 -32.3749
12.9186 28.6342 -32.3749
13.3843 28.6126 -32.3749
13.8557 28.5814 -32.3749
14.778 28.4992 -32.3749
15.1855 28.4451 -32.3749
15.5287 28.3664 -32.3749
15.8242 28.2421 -32.3749
16.0734 28.098 -32.3749
16.2671 27.9751 -32.3749
16.3798 27.92 -32.3749
16.4246 27.9193 -32.3749
16.4305 27.9449 -32.3749
16.4234 27.9706 -32.3749
16.4057 28.0036 -32.3749
16.3527 28.0819 -32.3749
16.2493 28.2285 -32.3749
16.0765 28.4606 -32.3749
15.8755 28.7136 -32.3749
15.6567 28.9396 -32.3749
15.4343 29.0851 -32.3749
15.152 29.1835 -32.3749
14.7962 29.2594 -32.3749
14.3673 29.3392 -32.3749
13.912 29.4136 -32.3749
13.4724 29.475 -32.3749
13.0632 29.5216 -32.3749
12.6786 29.5581 -32.3749
11.9059 29.6142 -32.3749
11.5613 29.6313 -32.3749
11.2644 29.6394 -32.3749
9.89949 29.6411 -32.3749
9.5534 29.6329 -32.3749
9.19239 29.6183 -32.3749
8.48528 29.5756 -32.3749
7.77817 29.5139 -32.3749
7.77817 29.5438 -32.3749
7.97817 29.5438 -32.3749
7.97817 29.5438 -32.3749
7.91959 29.6852 -32.3557
7.77817 29.7438 -32.3366
7.63675 29.6852 -32.3174
7.57817 29.5438 -32.2983
7.63675 29.4024 -32.2791
7.77817 29.3438 -32.26
7.91959 29.4024 -32.2408
7.97817 29.5438 -32.2217
7.91959 29.6852 -32.2026
7.77817 29.7438 -32.1834
7.63675 29.6852 -32.1643
7.57817 29.5438 -32.1451
7.63675 29.4024 -32.126
7.77817 29.3438 -32.1068
7.91959 29.4024 -32.0877
7.97817 29.5438 -32.0685
7.91959 29.6852 -32.0494
7.77817 29.7438 -32.0302
7.63675 29.6852 -32.0111
7.57817 29.5438 -31.9919
7.63675 29.4024 -31.9728
7.77817 29.3438 -31.9536
7.91959 29.4024 -31.9345
7.97817 29.5438 -31.9153
7.91959 29.6852 -31.8962
7.77817 29.7438 -31.877
7.63675 29.6852 -31.8579
7.57817 29.5438 -31.8387
7.63675 29.4024 -31.8196
7.77817 29.3438 -31.8004
7.91959 29.4024 -31.7813
7.97817 29.5438 -31.7621
7.91959 29.6852 -31.743
7.77817 29.7438 -31.7238
7.63675 29.6852 -31.7047
7.57817 29.5438 -31.6855
7.63675 29.4024 -31.6664
7.77817 29.3438 -31.6472
7.91959 29.4024 -31.6281
7.97817 29.5438 -31.6089
7.91959 29.6852 -31.5898
7.77817 29.7438 -31.5706
7.63675 29.6852 -31.5515
7.57817 29.5438 -31.5323
7.63675 29.4024 -31.5132
7.77817 29.3438 -31.494
7.91959 29.4024 -31.4749
7.77817 29.5438 -31.4749
7.61104 29.2706 -31.4749
7.52226 29.0355 -31.4749
7.55018 28.843 -31.4749
7.68028 28.682 -31.4749
7.89387 28.5383 -31.4749
8.1539 28.4079 -31.4749
8.42914 28.2598 -31.4749
8.67197 28.0872 -31.4749
8.87779 27.8879 -31.4749
9.05369 27.704 -31.4749
9.23582 27.5612 -31.4749
9.43294 27.4849 -31.4749
9.68166 27.4683 -31.4749
9.98978 27.498 -31.4749
10.3753 27.5689 -31.4749
10.8042 27.6991 -31.4749
11.2693 27.8988 -31.4749
11.747 28.1412 -31.4749
12.2488 28.352 -31.4749
12.7556 28.4781 -31.4749
13.2673 28.5082 -31.4749
13.7373 28.4859 -31.4749
14.1584 28.4444 -31.4749
15.1973 28.3223 -31.4749
15.5154 28.2909 -31.4749
15.7369 28.287 -31.4749
15.7721 28.3354 -31.4749
15.5768 28.4585 -31.4749
15.2132 28.6333 -31.4749
14.809 28.8144 -31.4749
14.4512 28.9579 -31.4749
14.1286 29.0662 -31.4749
13.7959 29.1577 -31.4749
13.4368 29.2447 -31.4749
13.0742 29.3195 -31.4749
12.7202 29.3779 -31.4749
12.3715 29.4203 -31.4749
12.0208 29.4544 -31.4749
11.3137 29.5012 -31.4749
9.54562 29.5749 -31.4749
9.19239 29.5842 -31.4749
8.83915 29.5852 -31.4749
8.48528 29.5782 -31.4749
7.77817 29.5438 -31.4749
7.712 29.4063 -31.4749
7.912 29.4063 -31.4749
7.912 29.4063 -31.4749
7.85342 29.5477 -31.4557
7.712 29.6063 -31.4366
7.57058 29.5477 -31.4174
7.512 29.4063 -31.3983
7.57058 29.2648 -31.3791
7.712 29.2062 -31.36
7.85342 29.2648 -31.3408
7.912 29.4063 -31.3217
7.85342 29.5477 -31.3026
7.712 29.6063 -31.2834
7.57058 29.5477 -31.2643
7.512 29.4063 -31.2451
7.57058 29.2648 -31.226
7.712 29.2062 -31.2068
7.85342 29.2648 -31.1877
7.912 29.4063 -31.1685
7.85342 29.5477 -31.1494
7.712 29.6063 -31.1302
7.57058 29.5477 -31.1111
7.512 29.4063 -31.0919
7.57058 29.2648 -31.0728
7.712 29.2062 -31.0536
7.85342 29.2648 -31.0345
7.912 29.4063 -31.0153
7.85342 29.5477 -30.9962
7.712 29.6063 -30.977
7.57058 29.5477 -30.9579
7.512 29.4063 -30.9387
7.57058 29.2648 -30.9196
7.712 29.2062 -30.9004
7.85342 29.2648 -30.8813
7.912 29.4063 -30.8621
7.85342 29.5477 -30.843
7.712 29.6063 -30.8238
7.57058 29.5477 -30.8047
7.512 29.4063 -30.7855
7.57058 29.2648 -30.7664
7.712 29.2062 -30.7472
7.85342 29.2648 -30.7281
7.912 29.4063 -30.7089
7.85342 29.5477 -30.6898
7.712 29.6063 -30.6706
7.57058 29.5477 -30.6515
7.512 29.4063 -30.6323
7.57058 29.2648 -30.6132
7.712 29.2062 -30.594
7.85342 29.2648 -30.5749
7.712 29.4063 -30.5749
7.63615 29.2015 -30.5749
7.61386 28.992 -30.5749
7.68143 28.7937 -30.5749
7.84335 28.6303 -30.5749
8.0778 28.5003 -30.5749
8.33598 28.364 -30.5749
8.57923 28.1897 -30.5749
8.78149 27.9785 -30.5749
8.94793 27.7849 -30.5749
9.10487 27.65 -30.5749
9.30994 27.5924 -30.5749
9.63027 27.5862 -30.5749
10.6475 27.6282 -30.5749
11.1944 27.6591 -30.5749
11.6477 27.708 -30.5749
12.0289 27.8 -30.5749
12.374 27.9322 -30.5749
12.7614 28.0922 -30.5749
13.1887 28.2219 -30.5749
13.6535 28.2904 -30.5749
14.0971 28.2839 -30.5749
14.9013 28.2109 -30.5749
15.2948 28.203 -30.5749
15.6301 28.2121 -30.5749
15.8184 28.2244 -30.5749
15.7601 28.2327 -30.5749
15.4863 28.25 -30.5749
15.0733 28.3019 -30.5749
14.6135 28.4065 -30.5749
14.1544 28.5562 -30.5749
13.3143 28.8724 -30.5749
12.935 28.9923 -30.5749
12.5906 29.0769 -30.5749
12.2591 29.1364 -30.5749
11.9314 29.1805 -30.5749
10.7724 29.3062 -30.5749
9.45221 29.4128 -30.5749
8.9485 29.4454 -30.5749
8.49006 29.4682 -30.5749
8.11811 29.4721 -30.5749
7.87385 29.4491 -30.5749
7.712 29.4063 -30.5749
7.77817 29.3571 -30.5749
7.97817 29.3571 -30.5749
7.97817 29.3571 -30.5749
7.91959 29.4986 -30.5557
7.77817 29.5571 -30.5366
7.63675 29.4986 -30.5174
7.57817 29.3571 -30.4983
7.63675 29.2157 -30.4791
7.77817 29.1571 -30.46
7.91959 29.2157 -30.4408
7.97817 29.3571 -30.4217
7.91959 29.4986 -30.4026
7.77817 29.5571 -30.3834
7.63675 29.4986 -30.3643
7.57817 29.3571 -30.3451
7.63675 29.2157 -30.326
7.77817 29.1571 -30.3068
7.91959 29.2157 -30.2877
7.97817 29.3571 -30.2685
7.91959 29.4986 -30.2494
7.77817 29.5571 -30.2302
7.63675 29.4986 -30.2111
7.57817 29.3571 -30.1919
7.63675 29.2157 -30.1728
7.77817 29.1571 -30.1536
7.91959 29.2157 -30.1345
7.97817 29.3571 -30.1153
7.91959 29.4986 -30.0962
7.77817 29.5571 -30.077
7.63675 29.4986 -30.0579
7.57817 29.3571 -30.0387
7.63675 29.2157 -30.0196
7.77817 29.1571 -30.0004
7.91959 29.2157 -29.9813
7.97817 29.3571 -29.9621
7.91959 29.4986 -29.943
7.77817 29.5571 -29.9238
7.63675 29.4986 -29.9047
7.57817 29.3571 -29.8855
7.63675 29.2157 -29.8664
7.77817 29.1571 -29.8472
7.91959 29.2157 -29.8281
7.97817 29.3571 -29.8089
7.91959 29.4986 -29.7898
7.77817 29.5571 -29.7706
7.63675 29.4986 -29.7515
7.57817 29.3571 -29.7323
7.63675 29.2157 -29.7132
7.77817 29.1571 -29.694
7.91959 29.2157 -29.6749
7.77817 29.3571 -29.6749
7.68499 29.1621 -29.6749
7.67144 28.9857 -29.6749
7.77091 28.8445 -29.6749
7.97548 28.749 -29.6749
8.38801 28.6514 -29.6749
8.51707 28.5612 -29.6749
8.63851 28.3809 -29.6749
8.77261 28.1433 -29.6749
8.94542 27.9079 -29.6749
9.14714 27.7501 -29.6749
9.41348 27.6731 -29.6749
9.74609 27.6544 -29.6749
11.9725 27.6225 -29.6749
12.4972 27.6405 -29.6749
12.9359 27.7045 -29.6749
13.3372 27.8097 -29.6749
13.9792 28.0238 -29.6749
14.1891 28.0803 -29.6749
14.3794 28.1052 -29.6749
14.5614 28.1139 -29.6749
14.8299 28.1207 -29.6749
14.8703 28.1227 -29.6749
14.8389 28.1235 -29.6749
14.576 28.1225 -29.6749
14.3699 28.132 -29.6749
14.1146 28.1722 -29.6749
13.8007 28.2631 -29.6749
12.9156 28.5612 -29.6749
12.3607 28.7152 -29.6749
11.7618 28.8501 -29.6749
11.1418 28.9675 -29.6749
10.6008 29.0599 -29.6749
10.1819 29.1248 -29.6749
9.86347 29.167 -29.6749
8.48528 29.3046 -29.6749
7.77817 29.3571 -29.6749
7.99468 29.1706 -29.6749
8.19468 29.1706 -29.6749
8.19468 29.1706 -29.6749
8.1361 29.312 -29.6557
7.99468 29.3706 -29.6366
7.85326 29.312 -29.6174
7.79468 29.1706 -29.5983
7.85326 29.0292 -29.5791
7.99468 28.9706 -29.56
8.1361 29.0292 -29.5408
8.19468 29.1706 -29.5217
8.1361 29.312 -29.5026
7.99468 29.3706 -29.4834
7.85326 29.312 -29.4643
7.79468 29.1706 -29.4451
7.85326 29.0292 -29.426
7.99468 28.9706 -29.4068
8.1361 29.0292 -29.3877
8.19468 29.1706 -29.3685
8.1361 29.312 -29.3494
7.99468 29.3706 -29.3302
7.85326 29.312 -29.3111
7.79468 29.1706 -29.2919
7.85326 29.0292 -29.2728
7.99468 28.9706 -29.2536
8.1361 29.0292 -29.2345
8.19468 29.1706 -29.2153
8.1361 29.312 -29.1962
7.99468 29.3706 -29.177
7.85326 29.312 -29.1579
7.79468 29.1706 -29.1387
7.85326 29.0292 -29.1196
7.99468 28.9706 -29.1004
8.1361 29.0292 -29.0813
8.19468 29.1706 -29.0621
8.1361 29.312 -29.043
7.99468 29.3706 -29.0238
7.85326 29.312 -29.0047
7.79468 29.1706 -28.9855
7.85326 29.0292 -28.9664
7.99468 28.9706 -28.9472
8.1361 29.0292 -28.9281
8.19468 29.1706 -28.9089
8.1361 29.312 -28.8898
7.99468 29.3706 -28.8706
7.85326 29.312 -28.8515
7.79468 29.1706 -28.8323
7.85326 29.0292 -28.8132
7.99468 28.9706 -28.794
8.1361 29.0292 -28.7749
7.99468 29.1706 -28.7749
7.84203 29.1152 -28.7749
7.73855 29.0442 -28.7749
7.71242 28.9577 -28.7749
7.76979 28.885 -28.7749
7.91494 28.8132 -28.7749
8.13727 28.7177 -28.7749
8.3989 28.5414 -28.7749
8.63595 28.3192 -28.7749
8.81993 28.093 -28.7749
8.99961 27.9281 -28.7749
9.2905 27.8045 -28.7749
9.77154 27.7153 -28.7749
10.4093 27.6456 -28.7749
11.0605 27.6072 -28.7749
12.5139 27.5638 -28.7749
12.9444 27.5749 -28.7749
13.3636 27.6326 -28.7749
13.6976 27.7432 -28.7749
13.9032 27.8687 -28.7749
13.9087 27.9724 -28.7749
13.7322 28.0361 -28.7749
13.4089 28.0884 -28.7749
12.9823 28.1668 -28.7749
10.8541 28.6504 -28.7749
9.26053 28.9753 -28.7749
8.85946 29.0485 -28.7749
8.44049 29.1123 -28.7749
7.99468 29.1706 -28.7749
7.99468 29.1706 -64.9749
23.8051 30 -64.9749
23.8051 30 -41.4749
24.0051 30 -41.4749
24.0051 30 -41.4749
23.9465 30.1414 -41.4536
23.8051 30.2 -41.4323
23.6637 30.1414 -41.4111
23.6051 30 -41.3898
23.6637 29.8586 -41.3685
23.8051 29.8 -41.3472
23.9465 29.8586 -41.326
24.0051 30 -41.3047
23.9465 30.1414 -41.2834
23.8051 30.2 -41.2621
23.6637 30.1414 -41.2408
23.6051 30 -41.2196
23.6637 29.8586 -41.1983
23.8051 29.8 -41.177
23.9465 29.8586 -41.1557
24.0051 30 -41.1345
23.9465 30.1414 -41.1132
23.8051 30.2 -41.0919
23.6637 30.1414 -41.0706
23.6051 30 -41.0494
23.6637 29.8586 -41.0281
23.8051 29.8 -41.0068
23.9465 29.8586 -40.9855
24.0051 30 -40.9643
23.9465 30.1414 -40.943
23.8051 30.2 -40.9217
23.6637 30.1414 -40.9004
23.6051 30 -40.8791
23.6637 29.8586 -40.8579
23.8051 29.8 -40.8366
23.9465 29.8586 -40.8153
24.0051 30 -40.794
23.9465 30.1414 -40.7728
23.8051 30.2 -40.7515
23.6637 30.1414 -40.7302
23.6051 30 -40.7089
23.6637 29.8586 -40.6877
23.8051 29.8 -40.6664
23.9465 29.8586 -40.6451
24.0051 30 -40.6238
23.9465 30.1414 -40.6026
23.8051 30.2 -40.5813
23.6637 30.1414 -40.56
23.6051 30 -40.5387
23.6637 29.8586 -40.5174
23.8051 29.8 -40.4962
23.9465 29.8586 -40.4749
23.8051 30 -40.4749
23.3734 30.6142 -40.4749
23.0407 31.2368 -40.4749
22.8275 31.8566 -40.4749
22.5998 32.8208 -40.4749
22.5489 32.9412 -40.4749
22.5476 32.7499 -40.4749
22.6568 31.5061 -40.4749
23.0708 24.465 -40.4749
23.1268 22.3603 -40.4749
23.1306 21.8235 -40.4749
23.1228 21.3272 -40.4749
23.0925 20.5183 -40.4749
23.1177 20.2985 -40.4749
23.2 20.2606 -40.4749
23.3336 20.379 -40.4749
23.487 20.5992 -40.4749
23.6182 20.8338 -40.4749
23.7019 21.0286 -40.4749
23.738 21.2003 -40.4749
23.7474 21.4142 -40.4749
23.7518 21.7452 -40.4749
23.7643 22.1937 -40.4749
23.8164 23.3794 -40.4749
23.8373 24.1409 -40.4749
23.8051 30 -40.4749
23.8527 31.1172 -40.4749
24.0527 31.1172 -40.4749
24.0527 31.1172 -40.4749
23.9941 31.2586 -40.4557
23.8527 31.3172 -40.4366
23.7113 31.2586 -40.4174
23.6527 31.1172 -40.3983
23.7113 30.9758 -40.3791
23.8527 30.9172 -40.36
23.9941 30.9758 -40.3408
24.0527 31.1172 -40.3217
23.9941 31.2586 -40.3026
23.8527 31.3172 -40.2834
23.7113 31.2586 -40.2643
23.6527 31.1172 -40.2451
23.7113 30.9758 -40.226
23.8527 30.9172 -40.2068
23.9941 30.9758 -40.1877
24.0527 31.1172 -40.1685
23.9941 31.2586 -40.1494
23.8527 31.3172 -40.1302
23.7113 31.2586 -40.1111
23.6527 31.1172 -40.0919
23.7113 30.9758 -40.0728
23.8527 30.9172 -40.0536
23.9941 30.9758 -40.0345
24.0527 31.1172 -40.0153
23.9941 31.2586 -39.9962
23.8527 31.3172 -39.977
23.7113 31.2586 -39.9579
23.6527 31.1172 -39.9387
23.7113 30.9758 -39.9196
23.8527 30.9172 -39.9004
23.9941 30.9758 -39.8813
24.0527 31.1172 -39.8621
23.9941 31.2586 -39.843
23.8527 31.3172 -39.8238
23.7113 31.2586 -39.8047
23.6527 31.1172 -39.7855
23.7113 30.9758 -39.7664
23.8527 30.9172 -39.7472
23.9941 30.9758 -39.7281
24.0527 31.1172 -39.7089
23.9941 31.2586 -39.6898
23.8527 31.3172 -39.6706
23.7113 31.2586 -39.6515
23.6527 31.1172 -39.6323
23.7113 30.9758 -39.6132
23.8527 30.9172 -39.594
23.9941 30.9758 -39.5749
23.8527 31.1172 -39.5749
23.7014 31.7065 -39.5749
23.573 32.1447 -39.5749
23.5093 32.3056 -39.5749
23.5274 32.1536 -39.5749
23.626 31.6825 -39.5749
23.7492 30.9707 -39.5749
23.8634 30.0891 -39.5749
23.9447 29.161 -39.5749
24.0417 27.6121 -39.5749
24.0665 27.0604 -39.5749
24.1032 24.3715 -39.5749
24.1249 23.6943 -39.5749
24.1767 23.1761 -39.5749
24.274 22.9236 -39.5749
24.385 23.0523 -39.5749
24.4785 23.5292 -39.5749
24.5238 24.2357 -39.5749
24.5376 25.007 -39.5749
24.5333 28.5947 -39.5749
24.5128 29.3479 -39.5749
24.4304 29.9832 -39.5749
24.3115 30.4212 -39.5749
24.1817 30.6901 -39.5749
24.0929 30.8177 -39.5749
23.9745 30.9419 -39.5749
23.9143 31.0212 -39.5749
23.8527 31.1172 -39.5749
23.8527 31.1172 -64.9749
14.6446 39 -64.9749
14.6446 39 -41.4749
14.8446 39 -41.4749
14.8446 39 -41.4749
14.786 39.1414 -41.4536
14.6446 39.2 -41.4323
14.5031 39.1414 -41.4111
14.4446 39 -41.3898
14.5031 38.8586 -41.3685
14.6446 38.8 -41.3472
14.786 38.8586 -41.326
14.8446 39 -41.3047
14.786 39.1414 -41.2834
14.6446 39.2 -41.2621
14.5031 39.1414 -41.2408
14.4446 39 -41.2196
14.5031 38.8586 -41.1983
14.6446 38.8 -41.177
14.786 38.8586 -41.1557
14.8446 39 -41.1345
14.786 39.1414 -41.1132
14.6446 39.2 -41.0919
14.5031 39.1414 -41.0706
14.4446 39 -41.0494
14.5031 38.8586 -41.0281
14.6446 38.8 -41.0068
14.786 38.8586 -40.9855
14.8446 39 -40.9643
14.786 39.1414 -40.943
14.6446 39.2 -40.9217
14.5031 39.1414 -40.9004
14.4446 39 -40.8791
14.5031 38.8586 -40.8579
14.6446 38.8 -40.8366
14.786 38.8586 -40.8153
14.8446 39 -40.794
14.786 39.1414 -40.7728
14.6446 39.2 -40.7515
14.5031 39.1414 -40.7302
14.4446 39 -40.7089
14.5031 38.8586 -40.6877
14.6446 38.8 -40.6664
14.786 38.8586 -40.6451
14.8446 39 -40.6238
14.786 39.1414 -40.6026
14.6446 39.2 -40.5813
14.5031 39.1414 -40.56
14.4446 39 -40.5387
14.5031 38.8586 -40.5174
14.6446 38.8 -40.4962
14.786 38.8586 -40.4749
14.6446 39 -40.4749
14.5819 38.4037 -40.4749
14.5142 37.8466 -40.4749
14.4408 37.3523 -40.4749
14.3531 36.8772 -40.4749
14.1727 36.0422 -40.4749
14.1186 35.7595 -40.4749
14.1183 35.6195 -40.4749
14.1854 35.6572 -40.4749
14.3107 35.8156 -40.4749
14.4787 36.0347 -40.4749
14.6807 36.2175 -40.4749
14.9237 36.3345 -40.4749
15.2488 36.3739 -40.4749
15.6834 36.3871 -40.4749
16.8321 36.3889 -40.4749
17.4341 36.356 -40.4749
18.0003 36.2912 -40.4749
18.4882 36.2112 -40.4749
18.9073 36.1261 -40.4749
19.2573 36.033 -40.4749
19.6229 35.8938 -40.4749
20.0252 35.69 -40.4749
20.4894 35.4075 -40.4749
20.9454 35.0915 -40.4749
21.6042 34.603 -40.4749
21.7135 34.5481 -40.4749
21.6561 34.6473 -40.4749
21.455 34.8629 -40.4749
21.133 35.1529 -40.4749
20.7529 35.4807 -40.4749
20.3693 35.8409 -40.4749
20.0225 36.2374 -40.4749
19.6825 36.6489 -40.4749
19.3009 37.0549 -40.4749
18.8687 37.4496 -40.4749
18.4566 37.8457 -40.4749
18.1353 38.2626 -40.4749
17.8955 38.6643 -40.4749
17.6422 39.0476 -40.4749
16.9607 39.8054 -40.4749
16.6627 40.2326 -40.4749
16.4362 40.6545 -40.4749
16.2023 41.0554 -40.4749
15.8993 41.4343 -40.4749
15.5725 41.8265 -40.4749
15.2977 42.253 -40.4749
14.9368 43.0115 -40.4749
14.7643 43.2181 -40.4749
14.6076 43.2459 -40.4749
14.5159 43.0811 -40.4749
14.4922 42.7363 -40.4749
14.5071 42.3001 -40.4749
14.6446 39 -40.4749
13.6182 38.3868 -40.4749
13.8182 38.3868 -40.4749
13.8182 38.3868 -40.4749
13.7597 38.5282 -40.4557
13.6182 38.5868 -40.4366
13.4768 38.5282 -40.4174
13.4182 38.3868 -40.3983
13.4768 38.2453 -40.3791
13.6182 38.1868 -40.36
13.7597 38.2453 -40.3408
13.8182 38.3868 -40.3217
13.7597 38.5282 -40.3026
13.6182 38.5868 -40.2834
13.4768 38.5282 -40.2643
13.4182 38.3868 -40.2451
13.4768 38.2453 -40.226
13.6182 38.1868 -40.2068
13.7597 38.2453 -40.1877
13.8182 38.3868 -40.1685
13.7597 38.5282 -40.1494
13.6182 38.5868 -40.1302
13.4768 38.5282 -40.1111
13.4182 38.3868 -40.0919
13.4768 38.2453 -40.0728
13.6182 38.1868 -40.0536
13.7597 38.2453 -40.0345
13.8182 38.3868 -40.0153
13.7597 38.5282 -39.9962
13.6182 38.5868 -39.977
13.4768 38.5282 -39.9579
13.4182 38.3868 -39.9387
13.4768 38.2453 -39.9196
13.6182 38.1868 -39.9004
13.7597 38.2453 -39.8813
13.8182 38.3868 -39.8621
13.7597 38.5282 -39.843
13.6182 38.5868 -39.8238
13.4768 38.5282 -39.8047
13.4182 38.3868 -39.7855
13.4768 38.2453 -39.7664
13.6182 38.1868 -39.7472
13.7597 38.2453 -39.7281
13.8182 38.3868 -39.7089
13.7597 38.5282 -39.6898
13.6182 38.5868 -39.6706
13.4768 38.5282 -39.6515
13.4182 38.3868 -39.6323
13.4768 38.2453 -39.6132
13.6182 38.1868 -39.594
13.7597 38.2453 -39.5749
13.6182 38.3868 -39.5749
13.6222 37.9194 -39.5749
13.6171 37.4444 -39.5749
13.5924 36.9595 -39.5749
13.5511 36.4969 -39.5749
13.4717 36.0867 -39.5749
13.3489 35.7779 -39.5749
13.1404 35.5699 -39.5749
12.8477 35.4526 -39.5749
12.4606 35.3845 -39.5749
12.0469 35.3483 -39.5749
11.6559 35.3279 -39.5749
11.3137 35.3191 -39.5749
10.9715 35.3156 -39.5749
10.5835 35.3299 -39.5749
10.1787 35.3779 -39.5749
9.80101 35.4824 -39.5749
9.4893 35.6319 -39.5749
9.20658 35.8133 -39.5749
8.95064 35.9882 -39.5749
8.73013 36.1334 -39.5749
8.54421 36.2273 -39.5749
8.34269 36.2775 -39.5749
8.04936 36.3064 -39.5749
7.17219 36.3665 -39.5749
7.10204 36.3556 -39.5749
7.12329 36.3056 -39.5749
7.20735 36.1893 -39.5749
7.36054 36.01 -39.5749
7.59452 35.785 -39.5749
7.9121 35.5786 -39.5749
8.2754 35.419 -39.5749
8.65333 35.3199 -39.5749
8.97368 35.2467 -39.5749
9.21298 35.186 -39.5749
9.36146 35.1084 -39.5749
9.4756 34.9992 -39.5749
9.59707 34.8378 -39.5749
9.75006 34.6645 -39.5749
9.95676 34.523 -39.5749
10.2431 34.4532 -39.5749
10.6254 34.4336 -39.5749
11.9878 34.4587 -39.5749
12.3707 34.4889 -39.5749
12.6562 34.5625 -39.5749
12.8681 34.7106 -39.5749
13.0683 34.9165 -39.5749
13.3077 35.1488 -39.5749
13.6 35.3616 -39.5749
13.8981 35.5531 -39.5749
14.1757 35.7472 -39.5749
14.424 35.9493 -39.5749
14.6864 36.1442 -39.5749
14.9744 36.2758 -39.5749
15.2712 36.3551 -39.5749
15.5714 36.414 -39.5749
15.8985 36.5217 -39.5749
16.3026 36.6639 -39.5749
16.7696 36.7934 -39.5749
17.3087 36.8432 -39.5749
17.8879 36.8103 -39.5749
18.5162 36.7194 -39.5749
19.1307 36.6004 -39.5749
19.703 36.4597 -39.5749
20.2055 36.2937 -39.5749
20.6181 36.1237 -39.5749
20.9307 35.9698 -39.5749
21.1461 35.8361 -39.5749
21.3322 35.6877 -39.5749
21.9401 35.1246 -39.5749
21.9622 35.1159 -39.5749
21.8295 35.2589 -39.5749
21.4089 35.687 -39.5749
21.2655 35.8283 -39.5749
21.1493 35.958 -39.5749
21.0023 36.1477 -39.5749
20.7388 36.4763 -39.5749
20.3409 36.9034 -39.5749
19.4119 37.7991 -39.5749
19.0869 38.198 -39.5749
18.8847 38.5644 -39.5749
18.6947 38.9266 -39.5749
18.4632 39.2439 -39.5749
18.1576 39.5626 -39.5749
17.8639 39.8895 -39.5749
17.6142 40.2817 -39.5749
17.4414 40.6658 -39.5749
17.2567 41.0349 -39.5749
17.0293 41.3481 -39.5749
16.7323 41.6876 -39.5749
16.4403 42.0738 -39.5749
15.8484 43.0137 -39.5749
15.4782 43.4947 -39.5749
15.081 43.9303 -39.5749
14.7043 44.2664 -39.5749
14.4065 44.4795 -39.5749
14.1636 44.5722 -39.5749
13.9247 44.5865 -39.5749
13.6659 44.541 -39.5749
13.3981 44.4534 -39.5749
13.2089 44.3201 -39.5749
13.1108 44.1472 -39.5749
13.0977 43.9333 -39.5749
13.0896 43.6856 -39.5749
13.0992 43.3941 -39.5749
13.1461 43.0315 -39.5749
13.2589 42.5766 -39.5749
13.3797 42.05 -39.5749
13.4596 41.5077 -39.5749
13.4821 40.9856 -39.5749
13.487 40.4852 -39.5749
13.5055 39.9818 -39.5749
13.6182 38.3868 -39.5749
12.8639 39 -39.5749
13.0639 39 -39.5749
13.0639 39 -39.5749
13.0053 39.1414 -39.5557
12.8639 39.2 -39.5366
12.7225 39.1414 -39.5174
12.6639 39 -39.4983
12.7225 38.8586 -39.4791
12.8639 38.8 -39.46
13.0053 38.8586 -39.4408
13.0639 39 -39.4217
13.0053 39.1414 -39.4025
12.8639 39.2 -39.3834
12.7225 39.1414 -39.3643
12.6639 39 -39.3451
12.7225 38.8586 -39.326
12.8639 38.8 -39.3068
13.0053 38.8586 -39.2877
13.0639 39 -39.2685
13.0053 39.1414 -39.2494
12.8639 39.2 -39.2302
12.7225 39.1414 -39.2111
12.6639 39 -39.1919
12.7225 38.8586 -39.1728
12.8639 38.8 -39.1536
13.0053 38.8586 -39.1345
13.0639 39 -39.1153
13.0053 39.1414 -39.0962
12.8639 39.2 -39.077
12.7225 39.1414 -39.0579
12.6639 39 -39.0387
12.7225 38.8586 -39.0196
12.8639 38.8 -39.0004
13.0053 38.8586 -38.9813
13.0639 39 -38.9621
13.0053 39.1414 -38.943
12.8639 39.2 -38.9238
12.7225 39.1414 -38.9047
12.6639 39 -38.8855
12.7225 38.8586 -38.8664
12.8639 38.8 -38.8472
13.0053 38.8586 -38.8281
13.0639 39 -38.8089
13.0053 39.1414 -38.7898
12.8639 39.2 -38.7706
12.7225 39.1414 -38.7515
12.6639 39 -38.7323
12.7225 38.8586 -38.7132
12.8639 38.8 -38.694
13.0053 38.8586 -38.6749
12.8639 39 -38.6749
12.7739 38.5336 -38.6749
12.7023 38.0703 -38.6749
12.6659 37.5911 -38.6749
12.6508 37.1041 -38.6749
12.6047 36.6024 -38.6749
12.4513 36.146 -38.6749
12.1664 35.7696 -38.6749
11.7773 35.5284 -38.6749
11.372 35.4082 -38.6749
11.0218 35.3906 -38.6749
10.749 35.4387 -38.6749
10.5099 35.5501 -38.6749
10.2478 35.7207 -38.6749
9.95694 35.9254 -38.6749
9.66834 36.1166 -38.6749
9.4045 36.247 -38.6749
9.13846 36.3101 -38.6749
8.82479 36.3333 -38.6749
8.44188 36.3752 -38.6749
8.00903 36.4849 -38.6749
7.57155 36.6749 -38.6749
7.16948 36.9158 -38.6749
6.81021 37.1691 -38.6749
6.47045 37.4262 -38.6749
6.12619 37.7005 -38.6749
5.77488 38.0002 -38.6749
5.43888 38.3048 -38.6749
5.12534 38.6055 -38.6749
4.83706 38.8964 -38.6749
4.55509 39.1962 -38.6749
4.27457 39.475 -38.6749
3.99529 39.7073 -38.6749
3.71789 39.878 -38.6749
3.4644 40.0024 -38.6749
3.25166 40.0806 -38.6749
3.14686 40.0518 -38.6749
3.16875 39.8993 -38.6749
3.31334 39.656 -38.6749
3.49997 39.4253 -38.6749
3.66212 39.2542 -38.6749
3.75489 39.1382 -38.6749
3.77283 39.0464 -38.6749
3.69902 38.7981 -38.6749
3.68399 38.5918 -38.6749
3.70029 38.3666 -38.6749
3.75204 38.1583 -38.6749
3.83751 37.9976 -38.6749
3.9872 37.831 -38.6749
4.4122 37.4158 -38.6749
4.60706 37.2344 -38.6749
4.76684 37.1198 -38.6749
4.90596 37.0695 -38.6749
5.21065 37.013 -38.6749
5.42609 36.9594 -38.6749
6.08945 36.8155 -38.6749
6.47355 36.7088 -38.6749
6.82419 36.5231 -38.6749
7.12098 36.2702 -38.6749
7.3985 35.9708 -38.6749
7.70056 35.702 -38.6749
8.05865 35.4963 -38.6749
8.44211 35.3756 -38.6749
8.79008 35.3129 -38.6749
9.05228 35.2605 -38.6749
9.24126 35.1642 -38.6749
9.43042 35.0058 -38.6749
9.71488 34.7946 -38.6749
10.1432 34.5942 -38.6749
10.6784 34.4441 -38.6749
11.2409 34.3787 -38.6749
11.7551 34.3762 -38.6749
12.2029 34.4329 -38.6749
12.5683 34.5451 -38.6749
12.8684 34.7176 -38.6749
13.3895 35.1423 -38.6749
14.0119 35.5834 -38.6749
14.7133 36.1109 -38.6749
15.1159 36.3671 -38.6749
15.5366 36.5867 -38.6749
16.206 36.8884 -38.6749
16.3859 36.997 -38.6749
16.5099 37.1181 -38.6749
16.6612 37.2834 -38.6749
16.8801 37.4485 -38.6749
17.1585 37.5602 -38.6749
17.4778 37.5713 -38.6749
17.8315 37.5125 -38.6749
19.9004 37.0207 -38.6749
20.4041 36.8902 -38.6749
20.809 36.7775 -38.6749
21.0741 36.7173 -38.6749
21.162 36.7708 -38.6749
21.0801 36.9361 -38.6749
20.8945 37.1659 -38.6749
20.683 37.3887 -38.6749
20.4791 37.5932 -38.6749
20.2839 37.8158 -38.6749
20.1052 38.0913 -38.6749
19.9538 38.4271 -38.6749
19.8211 38.7704 -38.6749
19.6859 39.0679 -38.6749
19.521 39.293 -38.6749
19.3266 39.4681 -38.6749
19.105 39.6391 -38.6749
18.8889 39.8197 -38.6749
18.7122 40.0326 -38.6749
18.5768 40.284 -38.6749
18.4499 40.605 -38.6749
18.2659 40.9704 -38.6749
18.0261 41.3277 -38.6749
17.757 41.6176 -38.6749
17.525 41.8562 -38.6749
17.3277 42.1199 -38.6749
16.9402 42.8832 -38.6749
16.7338 43.2503 -38.6749
16.5478 43.4969 -38.6749
16.398 43.6355 -38.6749
16.2497 43.7398 -38.6749
16.0947 43.8847 -38.6749
15.9393 44.1082 -38.6749
15.7999 44.4159 -38.6749
15.6609 44.7557 -38.6749
15.4981 45.0667 -38.6749
15.2546 45.3044 -38.6749
14.8984 45.4807 -38.6749
14.4209 45.621 -38.6749
13.9222 45.7398 -38.6749
13.1346 45.9095 -38.6749
12.8271 45.961 -38.6749
12.5456 45.9873 -38.6749
12.3049 45.9769 -38.6749
12.1581 45.9168 -38.6749
12.114 45.8238 -38.6749
12.173 45.7224 -38.6749
12.332 45.637 -38.6749
12.5983 45.5579 -38.6749
12.9316 45.4746 -38.6749
13.2967 45.3745 -38.6749
13.64 45.2419 -38.6749
13.9691 45.0549 -38.6749
14.2858 44.7861 -38.6749
14.5935 44.452 -38.6749
14.8816 44.0814 -38.6749
15.126 43.7098 -38.6749
15.2971 43.3143 -38.6749
15.3239 42.8646 -38.6749
15.1589 42.356 -38.6749
14.8209 41.8461 -38.6749
14.4137 41.4065 -38.6749
14.016 41.063 -38.6749
13.6429 40.7957 -38.6749
13.2528 40.559 -38.6749
12.5684 40.1806 -38.6749
12.4145 40.0376 -38.6749
12.4071 39.8729 -38.6749
12.5156 39.6338 -38.6749
12.8639 39 -38.6749
14.551 38.4324 -38.6749
14.751 38.4324 -38.6749
14.751 38.4324 -38.6749
14.6924 38.5739 -38.6557
14.551 38.6325 -38.6366
14.4096 38.5739 -38.6174
14.351 38.4324 -38.5983
14.4096 38.291 -38.5791
14.551 38.2324 -38.56
14.6924 38.291 -38.5408
14.751 38.4324 -38.5217
14.6924 38.5739 -38.5026
14.551 38.6325 -38.4834
14.4096 38.5739 -38.4643
14.351 38.4324 -38.4451
14.4096 38.291 -38.426
14.551 38.2324 -38.4068
14.6924 38.291 -38.3877
14.751 38.4324 -38.3685
14.6924 38.5739 -38.3494
14.551 38.6325 -38.3302
14.4096 38.5739 -38.3111
14.351 38.4324 -38.2919
14.4096 38.291 -38.2728
14.551 38.2324 -38.2536
14.6924 38.291 -38.2345
14.751 38.4324 -38.2153
14.6924 38.5739 -38.1962
14.551 38.6325 -38.177
14.4096 38.5739 -38.1579
14.351 38.4324 -38.1387
14.4096 38.291 -38.1196
14.551 38.2324 -38.1004
14.6924 38.291 -38.0813
14.751 38.4324 -38.0621
14.6924 38.5739 -38.043
14.551 38.6325 -38.0238
14.4096 38.5739 -38.0047
14.351 38.4324 -37.9855
14.4096 38.291 -37.9664
14.551 38.2324 -37.9472
14.6924 38.291 -37.9281
14.751 38.4324 -37.9089
14.6924 38.5739 -37.8898
14.551 38.6325 -37.8706
14.4096 38.5739 -37.8515
14.351 38.4324 -37.8323
14.4096 38.291 -37.8132
14.551 38.2324 -37.794
14.6924 38.291 -37.7749
14.551 38.4324 -37.7749
14.1668 38.476 -37.7749
13.8403 38.4954 -37.7749
13.5435 38.4745 -37.7749
13.2293 38.4189 -37.7749
12.8448 38.3313 -37.7749
12.4672 38.2289 -37.7749
12.1539 38.1021 -37.7749
11.9712 37.9511 -37.7749
11.8938 37.7639 -37.7749
11.9155 37.5649 -37.7749
12.0127 37.3534 -37.7749
12.1348 37.1332 -37.7749
12.2031 36.8857 -37.7749
12.16 36.6406 -37.7749
12.0337 36.4192 -37.7749
11.8647 36.2439 -37.7749
11.6765 36.1088 -37.7749
11.4463 36.0181 -37.7749
11.2099 35.9728 -37.7749
11.0117 35.963 -37.7749
10.9021 35.9721 -37.7749
10.8331 36.0045 -37.7749
10.7274 36.0701 -37.7749
10.5074 36.179 -37.7749
10.1772 36.2777 -37.7749
9.81361 36.3278 -37.7749
9.49738 36.2947 -37.7749
9.23125 36.2306 -37.7749
8.96462 36.1709 -37.7749
8.3376 36.1159 -37.7749
8.13534 36.0694 -37.7749
8.13772 36.0022 -37.7749
8.34591 35.9074 -37.7749
8.66294 35.7748 -37.7749
8.98537 35.5644 -37.7749
9.25693 35.3217 -37.7749
9.55508 35.0947 -37.7749
9.96907 34.96 -37.7749
10.5302 34.9002 -37.7749
11.1335 34.8956 -37.7749
11.6834 34.9095 -37.7749
12.1264 34.9322 -37.7749
12.5098 34.9905 -37.7749
12.8151 35.1156 -37.7749
13.0473 35.3445 -37.7749
13.1953 35.6101 -37.7749
13.3461 35.8453 -37.7749
13.5552 35.9795 -37.7749
13.8407 36.0752 -37.7749
14.1246 36.1982 -37.7749
14.3391 36.422 -37.7749
14.4526 36.6911 -37.7749
14.5288 36.9533 -37.7749
14.6475 37.1262 -37.7749
14.8769 37.2167 -37.7749
15.2016 37.2051 -37.7749
15.5427 37.1503 -37.7749
15.7805 37.1218 -37.7749
15.8405 37.2165 -37.7749
15.7214 37.444 -37.7749
15.5167 37.729 -37.7749
15.2966 37.9924 -37.7749
15.0889 38.184 -37.7749
14.8419 38.3237 -37.7749
14.551 38.4324 -37.7749
14.551 38.4324 -64.9749
