39
0
0
0
0
0
0
0
0
0
0
3
27
32.2 19.5322 -41.8 32.0911 19.5338 -41.8 32.5325 19.6858 -41.8 33.0439 19.7226 -41.8 33.4943 19.7009 -41.8 34.0058 19.7676 -41.8 34.4562 19.7742 -41.8 34.9677 19.9273 -41.8 35.4181 19.9682 -41.8 35.6786 20.0666 -41.8 36.1949 20.2194 -41.8 36.2632 20.2487 -41.8 36.8914 20.7833 -41.8 37.3933 21.1566 -41.8 37.461 21 -41.8 37.2898 20.8878 -41.8 37.2 20.8074 -41.8 37 20.7214 -41.8 36.2 20.1945 -41.8 36 20.1395 -41.8 35.6917 20 -41.8 35.2 19.8666 -41.8 35 19.86 -41.8 34.2 19.7179 -41.8 34 19.6432 -41.8 33.2 19.5659 -41.8 33 19.5671 -41.8 
14
33.2 22.4071 -41.8 33.0647 22.3996 -41.8 33.4944 22.316 -41.8 34.0058 22.3058 -41.8 34.4562 22.3775 -41.8 34.9677 22.3406 -41.8 35.418 22.3706 -41.8 36.417 22.1969 -41.8 36.2 22.2693 -41.8 36 22.2879 -41.8 35.2 22.4245 -41.8 35 22.4127 -41.8 34.2 22.4368 -41.8 34 22.4226 -41.8 
17
34 28.4247 -41.8 33.2 28.4432 -41.8 32.8494 28.4662 -41.8 33.0439 28.4613 -41.8 33.4943 28.5156 -41.8 34.0058 28.528 -41.8 34.4563 28.4597 -41.8 34.9677 28.5096 -41.8 35.4181 28.473 -41.8 35.9295 28.5797 -41.8 36.2909 28.6015 -41.8 36.2006 28.5673 -41.8 36.2 28.567 -41.8 36 28.5655 -41.8 35.2 28.4238 -41.8 35 28.4413 -41.8 34.2 28.4084 -41.8 
2
9
34 19.4515 -40.9 33.1 19.4565 -40.9 31.8282 19.4775 -40.9 32.0821 19.484 -40.9 32.4706 19.5409 -40.9 33.0439 19.7383 -40.9 34.0058 19.6958 -40.9 34.3943 19.6846 -40.9 34.634 19.6882 -40.9 
13
35.0374 28.1574 -40.9 35.3562 28.3003 -40.9 35.9295 28.2538 -40.9 36.3181 28.2076 -40.9 36.8914 28.242 -40.9 37.2799 28.2142 -40.9 37.8533 28.3824 -40.9 38.1295 28.4115 -40.9 38 28.3276 -40.9 37.279 28.1045 -40.9 37 28.0503 -40.9 36.4216 28.076 -40.9 36 28.0729 -40.9 
1
14
36.2562 22.6705 -40 36.8914 22.6909 -40 37.2181 22.7487 -40 37.8533 22.8346 -40 38.18 22.8856 -40 38.8151 22.8028 -40 39.1418 22.8192 -40 39.777 22.4893 -40 40.1037 22.3712 -40 40.1637 22.3158 -40 40 22.4846 -40 39 22.8865 -40 38 22.9124 -40 36.1356 22.6601 -40 
1
16
35.5138 27.6429 -39.1 35.9295 27.6994 -39.1 36.1943 27.686 -39.1 36.8914 27.6653 -39.1 37.1562 27.6479 -39.1 37.8533 27.5884 -39.1 38.1181 27.5844 -39.1 38.8151 27.6938 -39.1 39.0799 27.726 -39.1 39.777 27.6937 -39.1 39.9243 27.6707 -39.1 39 27.4786 -39.1 38.9 27.4798 -39.1 38 27.5494 -39.1 37.9 27.5075 -39.1 37 27.5672 -39.1 
1
22
29.6966 39.1094 -38.2 30.1583 39.0739 -38.2 30.3613 39.0676 -38.2 31.1202 38.9881 -38.2 31.3231 38.9699 -38.2 32.0821 38.8458 -38.2 32.285 38.7613 -38.2 33.3502 38.5242 -38.2 34.0058 38.2418 -38.2 34.1505 38.1709 -38.2 34.2087 38.1568 -38.2 34.9677 37.756 -38.2 35.4973 37.5772 -38.2 35.0545 38 -38.2 35 38.0215 -38.2 34 38.3613 -38.2 33 38.6498 -38.2 32 38.8794 -38.2 31.8708 38.9019 -38.2 31.3669 39 -38.2 31 39.0348 -38.2 30 39.0958 -38.2 
1
11
38.4539 35.7427 -37.3 38.2823 35.6867 -37.3 38.1139 35.8992 -37.3 38.2754 36.6004 -37.3 38.154 36.713 -37.3 37.8533 36.8939 -37.3 37.2101 37.4931 -37.3 38 37.0449 -37.3 38.0705 37 -37.3 38.2229 36.7771 -37.3 38.6202 36 -37.3 
0
0
0
0
0
0
0
4
65
25.653 7.07357 -30.1 25.957 7.1196 -30.1 26.3109 7.1196 -30.1 26.9189 7.14581 -30.1 29.1965 7.15148 -30.1 30.1583 7.1959 -30.1 30.7663 7.2406 -30.1 31.1202 7.27246 -30.1 32.0821 7.4195 -30.1 32.6901 7.54749 -30.1 32.8801 7.58164 -30.1 33.0439 7.60837 -30.1 33.5521 7.72134 -30.1 33.6651 7.74443 -30.1 34.0058 7.85323 -30.1 34.6138 7.93593 -30.1 34.9677 8.09491 -30.1 34.9688 8.09555 -30.1 35.5756 8.42478 -30.1 35.6912 8.46767 -30.1 35.9295 8.53124 -30.1 36.3276 8.7063 -30.1 36.3756 8.72907 -30.1 36.5375 8.895 -30.1 37.5172 9.40256 -30.1 37.8533 9.49976 -30.1 38.1413 9.66817 -30.1 38.3075 10.0168 -30.1 38.3142 10.022 -30.1 38.468 10.1296 -30.1 38.8151 10.2192 -30.1 39.3143 10.5791 -30.1 39.4041 10.63 -30.1 39.777 11.0651 -30.1 40.2981 11.5919 -30.1 40.7389 12.2681 -30.1 40.8357 12.425 -30.1 40.6805 12 -30.1 40 11.0247 -30.1 39.9854 11 -30.1 39.8067 10.9037 -30.1 39 10.2589 -30.1 38.8139 10.0662 -30.1 38.7433 10 -30.1 38 9.52205 -30.1 37.4652 9.19202 -30.1 37.1269 9 -30.1 37 8.93427 -30.1 36.8553 8.87917 -30.1 36 8.47297 -30.1 35.906 8.44542 -30.1 35.0285 8.1 -30.1 35.0226 8.09702 -30.1 35 8.08185 -30.1 34.8461 8 -30.1 34.8201 7.99303 -30.1 34 7.75015 -30.1 33.8911 7.72851 -30.1 33 7.51166 -30.1 32.9662 7.50676 -30.1 32.9 7.49348 -30.1 31.9 7.32436 -30.1 31 7.20415 -30.1 30 7.12104 -30.1 29 7.07358 -30.1 
26
47 27.3957 -30.1 46.7711 27.9144 -30.1 46.7074 28 -30.1 46.7941 28.9 -30.1 46.7578 28.9565 -30.1 46.7342 29 -30.1 46.7875 29.1 -30.1 46.791 30 -30.1 46.7876 30.1 -30.1 46.4873 30.6754 -30.1 46.4975 30.5622 -30.1 46.4976 30.5615 -30.1 46.5041 30.4894 -30.1 46.5043 30.4889 -30.1 46.5101 30.4778 -30.1 46.7657 29.8813 -30.1 46.767 29.8674 -30.1 46.7816 29.2594 -30.1 46.6551 28.9055 -30.1 46.5101 28.3881 -30.1 46.3516 28.14 -30.1 46.4733 27.9436 -30.1 46.5101 27.9029 -30.1 46.5528 27.8703 -30.1 46.7748 27.5897 -30.1 47.1543 27.1516 -30.1 
28
33.6666 43.1549 -30.1 34.0058 43.0315 -30.1 34.6138 42.7784 -30.1 34.9677 42.662 -30.1 35.7688 42.3716 -30.1 35.7952 42.35 -30.1 35.9295 42.2813 -30.1 36.0886 42.2126 -30.1 36.8914 41.8854 -30.1 36.9786 41.8338 -30.1 36.9812 41.8322 -30.1 37.6954 41.4098 -30.1 37.8533 41.2558 -30.1 38.1293 41.1338 -30.1 38.6118 40.8396 -30.1 38.672 40.8105 -30.1 38.4648 41 -30.1 38 41.2986 -30.1 37.2487 41.7337 -30.1 37 41.8536 -30.1 36.9621 41.8741 -30.1 36.7915 42 -30.1 36 42.3573 -30.1 35.1726 42.6819 -30.1 35 42.737 -30.1 34.6075 42.8931 -30.1 34.2635 43 -30.1 34 43.0738 -30.1 
13
40.4756 37.8255 -30.1 40.7389 38.0166 -30.1 40.9686 38.265 -30.1 41 38.2004 -30.1 41.1069 38 -30.1 41 37.8466 -30.1 40.3536 37.806 -30.1 40 37.9063 -30.1 39.8133 37.7845 -30.1 39.4248 37.6773 -30.1 38.9835 38.3614 -30.1 39.777 38.1573 -30.1 39.8068 38.1446 -30.1 
2
11
35.9295 30.3004 -29.2 35.9019 30.3266 -29.2 40 30.4145 -29.2 41 30.4625 -29.2 41.9209 30.5303 -29.2 42.0139 30.2831 -29.2 42.135 29.8674 -29.2 41.7007 29.7051 -29.2 41.5009 29.8674 -29.2 40.7389 30.3099 -29.2 36.8914 30.1931 -29.2 
19
34.669 35.669 -29.2 34.4947 35.7749 -29.2 35.9295 35.7504 -29.2 36.0879 35.6386 -29.2 36.8914 34.8452 -29.2 37.8533 34.734 -29.2 37.9433 34.6767 -29.2 38.7338 33.9653 -29.2 37.4341 34 -29.2 37.1692 34.1692 -29.2 37 34.3226 -29.2 36.5726 34.543 -29.2 36.554 34.554 -29.2 36.0449 35 -29.2 36.0147 35.0147 -29.2 36 35.0278 -29.2 35.3279 35.3279 -29.2 35 35.5406 -29.2 34.9769 35.5493 -29.2 
0
0
0
0
0
0
1
23
34 11.4584 -22.9 35 11.401 -22.9 35.7662 11.3252 -22.9 35.8164 11.3726 -22.9 35.9295 11.4608 -22.9 36.7783 11.5877 -22.9 36.7838 11.589 -22.9 36.7939 11.5919 -22.9 36.7889 11.5995 -22.9 36.7783 11.6127 -22.9 35.9295 12.1885 -22.9 35.8164 12.2786 -22.9 35.3156 12.445 -22.9 35.0404 12.5538 -22.9 34.9677 12.5585 -22.9 34.8329 12.565 -22.9 34.0058 12.5885 -22.9 33.9675 12.5538 -22.9 33.9665 12.5528 -22.9 33.8643 12.4407 -22.9 33.0663 11.5919 -22.9 33.0554 11.5374 -22.9 33.0454 11.4994 -22.9 
0
1
13
32.12 39.4858 -21.1 32.1293 39.4753 -21.1 32.9396 38.5242 -21.1 33.0439 38.4499 -21.1 34.0058 38.4955 -21.1 34.3459 38.5242 -21.1 34.225 39.486 -21.1 34.0058 39.5081 -21.1 33.9951 39.517 -21.1 33.0439 40.2452 -21.1 33.0339 40.2465 -21.1 33.0272 40.231 -21.1 32.1197 39.486 -21.1 
0
0
0
0
0
