41
0
1
11
-50.8 50.8 0.9 5.51092e-017 50.8 0.9 5.51091e-017 11.1844 0.9 -0.027612 11.1606 0.9 -0.933509 11.0912 0.9 -0.972054 11.0894 0.9 -14.1942 11.0996 0.9 -14.1944 11.0996 0.9 -47.2497 11.0919 0.9 -47.2499 11.0919 0.9 -50.8 11.0888 0.9 
1
6
-50.8 11.0861 1.8 -50.8 50.8 1.8 1.10218e-016 50.8 1.8 1.10219e-016 11.1836 1.8 -0.027612 11.1593 1.8 -0.972054 11.0867 1.8 
1
6
-50.8 11.0869 2.7 -50.8 50.8 2.7 1.65327e-016 50.8 2.7 1.65328e-016 11.1845 2.7 -0.027612 11.1604 2.7 -0.972054 11.0877 2.7 
1
6
-50.8 11.0876 3.6 -50.8 50.8 3.6 2.20437e-016 50.8 3.6 2.20436e-016 11.1855 3.6 -0.027612 11.1614 3.6 -0.972054 11.0887 3.6 
1
6
-50.8 11.0884 4.5 -50.8 50.8 4.5 2.75546e-016 50.8 4.5 2.75546e-016 11.1866 4.5 -0.027612 11.1624 4.5 -0.972054 11.0897 4.5 
1
6
-50.8 11.0893 5.4 -50.8 50.8 5.4 3.30655e-016 50.8 5.4 3.30654e-016 11.1877 5.4 -0.027612 11.1636 5.4 -0.972054 11.0908 5.4 
1
6
-50.8 11.09 6.3 -50.8 50.8 6.3 3.85764e-016 50.8 6.3 3.85764e-016 11.1888 6.3 -0.027612 11.1647 6.3 -0.972054 11.0919 6.3 
1
6
-50.8 11.0909 7.2 -50.8 50.8 7.2 4.40873e-016 50.8 7.2 4.40873e-016 11.19 7.2 -0.027612 11.1659 7.2 -0.972054 11.0931 7.2 
1
6
-50.8 11.0917 8.1 -50.8 50.8 8.1 4.95982e-016 50.8 8.1 4.95982e-016 11.1911 8.1 -0.027612 11.167 8.1 -0.972054 11.0943 8.1 
1
6
-50.8 11.0925 9 -50.8 50.8 9 5.51092e-016 50.8 9 5.51092e-016 11.1923 9 -0.027612 11.1682 9 -0.972054 11.0954 9 
1
6
-50.8 11.0933 9.9 -50.8 50.8 9.9 6.06201e-016 50.8 9.9 6.06199e-016 11.1935 9.9 -0.027612 11.1694 9.9 -0.972054 11.0966 9.9 
1
6
-50.8 11.0941 10.8 -50.8 50.8 10.8 6.6131e-016 50.8 10.8 6.61309e-016 11.1947 10.8 -0.027612 11.1706 10.8 -0.972054 11.0979 10.8 
1
6
-50.8 50.8 11.7 7.16419e-016 50.8 11.7 7.16419e-016 11.1959 11.7 -0.027612 11.1718 11.7 -0.972054 11.0991 11.7 -50.8 11.0949 11.7 
1
6
-50.8 50.8 12.6 7.71528e-016 50.8 12.6 7.71529e-016 11.1971 12.6 -0.027612 11.173 12.6 -0.972054 11.1004 12.6 -50.8 11.0957 12.6 
1
6
-50.8 50.8 13.5 8.26637e-016 50.8 13.5 8.26637e-016 11.1982 13.5 -0.027612 11.1742 13.5 -0.972054 11.1016 13.5 -50.8 11.0964 13.5 
2
6
-50.8 50.8 14.4 8.81747e-016 50.8 14.4 8.81747e-016 11.1994 14.4 -0.027612 11.1753 14.4 -0.972054 11.1027 14.4 -50.8 11.0972 14.4 
25
-30.3734 36.1544 14.4 -30.7677 36.278 14.4 -30.9523 36.5199 14.4 -31.1942 37.0597 14.4 -31.2125 37.2041 14.4 -31.2113 37.2224 14.4 -31.1942 37.3084 14.4 -30.2498 39.0244 14.4 -30.1331 39.1113 14.4 -29.3053 39.6338 14.4 -28.7878 39.6289 14.4 -28.3609 39.674 14.4 -28.0112 39.461 14.4 -27.4164 39.3928 14.4 -27.2968 39.2309 14.4 -27.1666 39.1113 14.4 -27.168 38.4153 14.4 -27.1207 38.1669 14.4 -27.4164 37.4466 14.4 -27.6597 37.2224 14.4 -28.3609 36.5473 14.4 -28.7775 36.278 14.4 -29.3053 36.1817 14.4 -29.3829 36.2005 14.4 -30.2498 36.1278 14.4 
3
6
-50.8 50.8 15.3 9.36856e-016 50.8 15.3 9.36853e-016 11.2004 15.3 -0.027612 11.1764 15.3 -0.972054 11.1038 15.3 -50.8 11.098 15.3 
61
-32.57 34.3891 15.3 -32.975 35.2255 15.3 -33.0454 35.3336 15.3 -33.0831 35.5568 15.3 -33.1772 36.1839 15.3 -33.1756 36.278 15.3 -33.0831 36.8505 15.3 -33.0434 37.0682 15.3 -32.949 37.8186 15.3 -32.8956 38.1669 15.3 -32.9152 38.7995 15.3 -32.8625 39.6902 15.3 -32.8585 40.0558 15.3 -32.7128 40.4261 15.3 -32.4175 41.0002 15.3 -32.1386 41.3836 15.3 -32.1333 41.3884 15.3 -31.6062 41.9447 15.3 -31.1942 42.2479 15.3 -30.7898 42.3659 15.3 -30.2498 42.5426 15.3 -29.7857 42.5809 15.3 -29.3053 42.6018 15.3 -28.9072 42.5623 15.3 -28.3609 42.4971 15.3 -27.4164 42.1861 15.3 -26.9542 41.9447 15.3 -26.9114 41.9143 15.3 -26.472 41.6455 15.3 -25.7355 41.0002 15.3 -25.5275 40.7272 15.3 -25.1107 40.1436 15.3 -25.0522 40.0558 15.3 -24.8818 39.4474 15.3 -24.5831 38.4557 15.3 -24.5132 38.2368 15.3 -24.4939 38.1669 15.3 -24.4636 37.3419 15.3 -24.4419 37.2224 15.3 -24.5384 36.3227 15.3 -24.5395 36.278 15.3 -24.5831 35.9808 15.3 -24.6713 35.4962 15.3 -24.7049 35.3336 15.3 -24.8104 35.1063 15.3 -25.1099 34.3891 15.3 -25.5275 33.92 15.3 -26.0429 33.4447 15.3 -26.472 33.1854 15.3 -26.931 32.9856 15.3 -27.4164 32.8016 15.3 -28.1304 32.6994 15.3 -28.3609 32.7207 15.3 -28.7731 32.9125 15.3 -29.3053 33.219 15.3 -29.4597 33.2903 15.3 -30.2198 33.4531 15.3 -30.2498 33.4605 15.3 -31.1942 33.6746 15.3 -31.5741 33.8246 15.3 -32.1386 34.0329 15.3 
26
-30.5963 28.1628 15.3 -31.1942 28.1359 15.3 -31.3854 28.5277 15.3 -31.424 28.7225 15.3 -31.4246 28.9173 15.3 -31.5374 29.6669 15.3 -31.5443 29.8617 15.3 -31.4529 30.6113 15.3 -31.3881 30.8061 15.3 -31.3514 30.8521 15.3 -31.1942 31.1312 15.3 -30.4472 31.5558 15.3 -30.2498 31.8069 15.3 -29.6837 31.9616 15.3 -29.3053 32.0207 15.3 -28.5553 31.5558 15.3 -28.5714 30.8659 15.3 -28.4521 30.6113 15.3 -28.6292 30.4156 15.3 -28.954 29.6669 15.3 -29.0143 29.4721 15.3 -29.2491 28.993 15.3 -29.3053 28.8909 15.3 -29.4697 28.7225 15.3 -30.1202 28.1082 15.3 -30.2498 27.9905 15.3 
2
9
-50.8 50.8 16.2 9.91965e-016 50.8 16.2 9.91965e-016 11.2015 16.2 -0.027612 11.1775 16.2 -0.972054 11.1049 16.2 -21.9002 11.2695 16.2 -23.6387 11.2906 16.2 -24.5831 11.2852 16.2 -50.8 11.0987 16.2 
96
-34.5132 34.8062 16.2 -34.6577 35.3336 16.2 -34.6045 35.6613 16.2 -34.561 36.278 16.2 -34.5203 36.5446 16.2 -34.3632 37.2224 16.2 -34.3344 37.457 16.2 -34.2938 38.1669 16.2 -34.2546 38.3604 16.2 -34.3461 39.1113 16.2 -34.2211 39.6104 16.2 -34.1779 39.7366 16.2 -34.1041 40.0289 16.2 -34.0945 40.0558 16.2 -34.0275 40.1807 16.2 -33.9595 40.2885 16.2 -33.58 41.0002 16.2 -33.3158 41.3823 16.2 -33.2335 41.494 16.2 -33.0831 41.7062 16.2 -32.8988 41.9447 16.2 -32.1386 42.795 16.2 -32.011 42.8891 16.2 -31.8139 43.0096 16.2 -31.3446 43.3164 16.2 -31.1942 43.4063 16.2 -30.7931 43.4919 16.2 -30.2498 43.6159 16.2 -29.8149 43.6294 16.2 -29.3053 43.6546 16.2 -28.9542 43.6252 16.2 -28.3609 43.5856 16.2 -28.1299 43.5354 16.2 -27.4164 43.3541 16.2 -26.5694 42.9865 16.2 -26.472 42.9537 16.2 -26.3287 42.8891 16.2 -26.1556 42.8064 16.2 -25.5275 42.4158 16.2 -24.7303 41.9447 16.2 -24.5831 41.81 16.2 -23.7327 41.0002 16.2 -23.6387 40.8611 16.2 -23.1779 40.0558 16.2 -23.023 39.4901 16.2 -22.9283 39.1113 16.2 -22.7774 38.3015 16.2 -22.7461 38.1669 16.2 -22.6418 37.2748 16.2 -22.6421 37.2224 16.2 -22.6743 36.278 16.2 -22.8745 34.8257 16.2 -22.9474 34.3891 16.2 -23.0318 34.0269 16.2 -23.2362 33.4447 16.2 -23.6001 32.5388 16.2 -23.6061 32.5002 16.2 -23.6387 32.4052 16.2 -24.2381 31.5558 16.2 -24.5831 31.2648 16.2 -25.1078 31.0311 16.2 -25.5275 30.8147 16.2 -26.0275 30.6113 16.2 -26.472 30.4618 16.2 -26.603 30.4803 16.2 -27.4164 30.261 16.2 -27.4309 30.2418 16.2 -27.9876 29.6669 16.2 -28.3575 29.2465 16.2 -28.3609 29.2414 16.2 -28.5212 28.7225 16.2 -28.5518 28.4024 16.2 -28.6467 27.778 16.2 -29.3053 26.9412 16.2 -29.5724 27.0398 16.2 -30.2498 26.9949 16.2 -30.2798 27.0227 16.2 -30.4002 27.141 16.2 -31.1942 27.5314 16.2 -31.226 27.5634 16.2 -31.4098 27.778 16.2 -31.467 27.9284 16.2 -31.6554 28.8729 16.2 -31.658 29.6669 16.2 -31.686 30.4609 16.2 -31.73 30.6113 16.2 -31.7886 30.8976 16.2 -31.5698 31.5558 16.2 -32.1386 32.2041 16.2 -32.606 32.4931 16.2 -32.6185 32.5002 16.2 -33.0831 32.7806 16.2 -33.6561 33.2915 16.2 -33.8229 33.4447 16.2 -34.0275 33.7429 16.2 -34.4467 34.3891 16.2 
2
18
-50.8 50.8 17.1 1.04707e-015 50.8 17.1 1.04708e-015 11.2024 17.1 -0.027612 11.1784 17.1 -0.972054 11.1058 17.1 -19.8609 11.2465 17.1 -19.9668 11.2512 17.1 -20.8053 11.2752 17.1 -20.9112 11.281 17.1 -21.7498 11.3074 17.1 -21.8557 11.3141 17.1 -22.8001 11.3441 17.1 -23.6387 11.3558 17.1 -24.5831 11.346 17.1 -24.689 11.3416 17.1 -25.5275 11.3244 17.1 -25.6334 11.3201 17.1 -50.8 11.0994 17.1 
112
-35.466 33.7952 17.1 -35.7393 34.3891 17.1 -35.8467 35.3336 17.1 -35.8124 35.7159 17.1 -35.7395 36.278 17.1 -35.7127 36.5752 17.1 -35.6431 37.2224 17.1 -35.5956 37.4072 17.1 -35.4816 38.1669 17.1 -35.4421 38.2827 17.1 -35.267 39.1113 17.1 -35.0878 39.6486 17.1 -35.0779 39.6706 17.1 -34.972 39.954 17.1 -34.9357 40.0558 17.1 -34.8681 40.1709 17.1 -34.3997 41.0002 17.1 -34.1426 41.3719 17.1 -34.1334 41.3868 17.1 -34.0275 41.5423 17.1 -33.2983 42.5195 17.1 -33.189 42.6759 17.1 -33.0831 42.8201 17.1 -33.0248 42.8891 17.1 -32.149 43.8335 17.1 -32.1386 43.843 17.1 -31.3001 44.3006 17.1 -31.1942 44.3487 17.1 -30.2498 44.515 17.1 -29.3053 44.5253 17.1 -29.0841 44.5117 17.1 -28.3609 44.4512 17.1 -28.1859 44.4303 17.1 -27.4164 44.2934 17.1 -27.283 44.2672 17.1 -26.472 44.0356 17.1 -25.5987 43.8335 17.1 -25.5275 43.8138 17.1 -25.1807 43.7263 17.1 -24.5831 43.5503 17.1 -24.4012 43.4722 17.1 -23.6387 43.1021 17.1 -23.3405 42.9154 17.1 -23.3 42.8891 17.1 -22.6942 42.4063 17.1 -22.1813 41.9447 17.1 -21.7498 41.3431 17.1 -21.5395 41.0002 17.1 -21.4418 40.6922 17.1 -21.2168 40.0558 17.1 -21.1786 39.686 17.1 -21.0874 39.1113 17.1 -20.9811 38.1669 17.1 -20.9454 37.5867 17.1 -20.9337 37.2224 17.1 -20.938 36.6545 17.1 -20.947 36.278 17.1 -20.9994 35.8491 17.1 -21.0478 35.3336 17.1 -21.1921 34.3891 17.1 -21.1995 34.0774 17.1 -21.2402 33.4447 17.1 -20.9293 32.6806 17.1 -20.8623 32.5002 17.1 -20.3698 31.5558 17.1 -20.2867 31.1504 17.1 -20.2205 30.6113 17.1 -20.418 30.0542 17.1 -20.5435 29.6669 17.1 -20.8053 29.2635 17.1 -21.4583 28.7225 17.1 -21.7498 28.5286 17.1 -22.0578 28.4145 17.1 -22.6942 28.2052 17.1 -23.3237 28.0451 17.1 -23.6387 27.9935 17.1 -24.5076 27.8296 17.1 -24.5831 27.819 17.1 -24.6539 27.778 17.1 -25.5275 27.1991 17.1 -26.4093 26.8336 17.1 -26.472 26.8165 17.1 -26.4789 26.8267 17.1 -27.0975 26.7078 17.1 -27.4164 26.6153 17.1 -27.4431 26.633 17.1 -27.5223 26.6652 17.1 -28.3609 26.2974 17.1 -28.4668 26.3158 17.1 -29.3053 26.3867 17.1 -29.4112 26.4132 17.1 -30.2498 26.6462 17.1 -30.2855 26.675 17.1 -30.4531 26.8336 17.1 -31.124 27.4934 17.1 -31.1942 27.5519 17.1 -31.2567 27.5993 17.1 -31.4339 27.778 17.1 -31.7526 28.6166 17.1 -31.8296 28.7225 17.1 -31.9603 29.2304 17.1 -32.0508 29.6669 17.1 -32.1386 29.9656 17.1 -32.8149 30.6113 17.1 -33.0831 30.8308 17.1 -33.5185 31.3238 17.1 -33.7327 31.5558 17.1 -34.0275 31.8095 17.1 -34.2771 32.1518 17.1 -34.5515 32.5002 17.1 -34.972 32.9544 17.1 -35.3136 33.4447 17.1 
2
23
-50.8 50.8 18 1.10218e-015 50.8 18 1.10219e-015 11.2033 18 -0.027612 11.1793 18 -0.972054 11.1069 18 -18.9165 11.2381 18 -19.8609 11.2708 18 -19.9224 11.2749 18 -20.8053 11.3137 18 -20.8668 11.3195 18 -21.7498 11.3685 18 -21.8113 11.3743 18 -22.6942 11.4303 18 -22.7557 11.4387 18 -23.6387 11.466 18 -24.5831 11.4489 18 -24.6446 11.4427 18 -25.5275 11.4064 18 -25.589 11.4011 18 -26.472 11.3655 18 -26.5335 11.3616 18 -27.4779 11.3277 18 -50.8 11.1 18 
126
-36.5286 34.3891 18 -36.2407 33.4447 18 -35.9164 32.8398 18 -35.0819 31.5558 18 -34.972 31.3442 18 -34.0495 29.6889 18 -34.0363 29.6669 18 -34.0275 29.655 18 -33.0945 28.7225 18 -33.0831 28.7139 18 -33.0574 28.6968 18 -32.1386 28.1185 18 -31.8202 27.778 18 -31.3611 27.4304 18 -31.1942 27.3109 18 -30.6222 26.8336 18 -30.3307 26.5984 18 -30.3113 26.5801 18 -30.2498 26.5446 18 -29.3668 26.324 18 -29.3362 26.311 18 -29.3053 26.3021 18 -28.4411 26.1523 18 -28.3609 26.1259 18 -27.7794 25.8891 18 -27.4164 25.688 18 -26.5539 25.2787 18 -25.6913 24.9569 18 -25.6712 24.9447 18 -25.5275 24.807 18 -24.5831 24.1779 18 -24.1 24.0924 18 -23.663 24.0003 18 -23.6387 23.9966 18 -23.6231 24.0003 18 -22.6942 24.3332 18 -21.9541 24.7404 18 -21.7498 24.839 18 -21.4894 24.9447 18 -20.8053 25.3055 18 -20.6692 25.4582 18 -20.3011 25.8891 18 -19.865 26.4881 18 -19.8609 26.4942 18 -19.649 27.0455 18 -19.3549 27.778 18 -19.0387 28.5059 18 -18.9529 28.7225 18 -18.9165 28.8232 18 -18.6691 29.6669 18 -18.5615 30.4973 18 -18.5548 30.6113 18 -18.7779 31.4323 18 -18.8301 31.5558 18 -18.855 31.5953 18 -18.887 31.6434 18 -18.9165 31.6892 18 -19.4749 32.5002 18 -19.7298 33.336 18 -19.7555 33.4447 18 -19.5474 34.3068 18 -19.4763 34.3891 18 -19.1683 35.1541 18 -19.067 35.3336 18 -19.0336 35.7907 18 -19.0295 36.278 18 -19.0854 36.7191 18 -19.2805 37.8911 18 -19.332 38.1669 18 -19.5439 39.1113 18 -19.6729 39.9294 18 -19.7068 40.0558 18 -19.8609 40.7218 18 -19.9306 41.0002 18 -20.4293 41.9447 18 -20.8053 42.4894 18 -21.1609 42.8891 18 -21.7498 43.3747 18 -22.4441 43.8335 18 -22.5276 43.8797 18 -22.6591 43.9567 18 -22.6942 43.9783 18 -23.6387 44.4661 18 -24.3925 44.7067 18 -24.5831 44.762 18 -24.6844 44.778 18 -25.466 44.886 18 -25.5275 44.8935 18 -26.4059 45.0336 18 -26.472 45.041 18 -27.3409 45.1734 18 -27.4164 45.1781 18 -28.2779 45.2558 18 -29.2154 45.2927 18 -29.3053 45.2937 18 -30.1579 45.2801 18 -30.2498 45.2772 18 -31.1079 45.1512 18 -31.1942 45.141 18 -31.2557 45.1232 18 -32.0987 44.778 18 -32.1386 44.758 18 -33.0831 43.9017 18 -33.1446 43.8349 18 -33.1458 43.8335 18 -33.8308 42.9513 18 -33.8775 42.8891 18 -34.089 42.5707 18 -34.972 41.1907 18 -35.0226 41.1052 18 -35.0494 41.0617 18 -35.0795 41.0002 18 -35.5456 40.1173 18 -35.5528 40.0989 18 -35.5689 40.0558 18 -35.9164 39.3361 18 -35.9908 39.1728 18 -36.0164 39.1113 18 -36.3072 38.2284 18 -36.3276 38.1828 18 -36.3353 38.1669 18 -36.5843 37.2967 18 -36.6107 37.2224 18 -36.6514 36.4353 18 -36.6662 36.278 18 -36.6479 35.3336 18 
2
32
-50.8 50.8 18.9 1.15729e-015 50.8 18.9 1.1573e-015 11.2042 18.9 -0.027612 11.1802 18.9 -0.972054 11.1077 18.9 -17.972 11.2244 18.9 -18.9165 11.2549 18.9 -19.8609 11.2979 18.9 -19.878 11.2995 18.9 -20.8053 11.3601 18.9 -20.8224 11.363 18.9 -22.6771 11.538 18.9 -22.6942 11.5427 18.9 -23.6111 11.6692 18.9 -23.6387 11.6754 18.9 -24.5831 11.654 18.9 -25.4242 11.5689 18.9 -25.5275 11.5564 18.9 -25.5446 11.553 18.9 -26.472 11.4738 18.9 -26.4891 11.4712 18.9 -27.4164 11.4127 18.9 -27.4335 11.411 18.9 -28.3609 11.3664 18.9 -28.378 11.3652 18.9 -29.3053 11.3304 18.9 -29.3224 11.3294 18.9 -30.2498 11.3013 18.9 -30.2669 11.3004 18.9 -31.1942 11.2745 18.9 -31.2113 11.2737 18.9 -50.8 11.1007 18.9 
195
-36.8609 33.1557 18.9 -36.5252 32.5002 18.9 -36.5171 32.4831 18.9 -36.0313 31.5387 18.9 -35.924 31.3218 18.9 -35.9164 31.3074 18.9 -35.5365 30.6113 18.9 -34.9824 29.6773 18.9 -34.9769 29.6683 18.9 -34.9761 29.6669 18.9 -34.9729 29.662 18.9 -34.972 29.6608 18.9 -34.2781 28.7225 18.9 -34.0446 28.505 18.9 -34.0275 28.4916 18.9 -34.0269 28.4911 18.9 -33.1164 27.778 18.9 -33.0996 27.7661 18.9 -33.0831 27.7532 18.9 -32.1557 27.2059 18.9 -32.1495 27.2017 18.9 -32.1386 27.1941 18.9 -31.5329 26.8336 18.9 -31.2304 26.6402 18.9 -31.1942 26.6136 18.9 -30.2738 26.0836 18.9 -30.2498 26.0659 18.9 -29.8338 25.8891 18.9 -29.413 25.1912 18.9 -29.3053 25.004 18.9 -29.1914 24.9447 18.9 -29.2515 24.5875 18.9 -29.2721 24.0003 18.9 -29.3053 23.9473 18.9 -29.576 23.0558 18.9 -30.2498 22.1998 18.9 -30.2669 22.1774 18.9 -30.3129 22.1114 18.9 -31.1942 21.2602 18.9 -31.2298 21.2125 18.9 -31.2606 21.1669 18.9 -31.7107 20.2526 18.9 -31.7178 20.2225 18.9 -31.2396 19.5507 18.9 -31.1942 19.4892 18.9 -31.0311 19.278 18.9 -29.842 18.3336 18.9 -29.3053 17.8942 18.9 -28.3949 17.2441 18.9 -28.3609 17.2175 18.9 -27.4416 16.6363 18.9 -27.4164 16.6187 18.9 -27.1528 16.4447 18.9 -25.9667 15.5003 18.9 -25.5275 15.0802 18.9 -25.0312 15.4414 18.9 -24.9593 15.5003 18.9 -24.9568 16.3563 18.9 -24.9788 16.4447 18.9 -25.265 17.3512 18.9 -25.2756 17.3892 18.9 -25.5206 18.3336 18.9 -25.5275 18.3581 18.9 -25.8497 19.278 18.9 -26.1775 20.1607 18.9 -26.1938 20.2225 18.9 -26.4324 20.887 18.9 -26.472 21.0056 18.9 -26.5567 21.1669 18.9 -26.6796 21.7742 18.9 -26.737 22.1114 18.9 -26.4986 22.8865 18.9 -26.472 22.9187 18.9 -26.4243 23.0081 18.9 -25.5275 22.6634 18.9 -24.6436 22.4661 18.9 -24.5831 22.47 18.9 -23.6895 22.378 18.9 -23.6387 22.3769 18.9 -22.749 22.4475 18.9 -22.6942 22.4493 18.9 -21.7999 22.3484 18.9 -21.7498 22.3384 18.9 -21.0156 22.1114 18.9 -20.8053 22.0558 18.9 -20.1162 22.1114 18.9 -19.8609 22.1551 18.9 -18.9165 22.7531 18.9 -18.5847 23.0558 18.9 -18.2584 23.9291 18.9 -18.227 24.0003 18.9 -18.1184 24.7779 18.9 -18.1025 24.9447 18.9 -18.1016 25.6379 18.9 -18.1161 25.8891 18.9 -17.972 26.6204 18.9 -17.9417 26.8336 18.9 -17.7902 27.7546 18.9 -17.7892 27.778 18.9 -17.59 28.6979 18.9 -17.5873 28.7225 18.9 -17.4297 29.638 18.9 -17.4259 29.6669 18.9 -17.4041 30.5738 18.9 -17.404 30.6113 18.9 -17.8223 31.5558 18.9 -17.8236 31.5582 18.9 -17.9549 31.7598 18.9 -17.9618 31.7745 18.9 -17.972 31.7922 18.9 -18.4429 32.5002 18.9 -18.5381 33.4049 18.9 -18.541 33.4447 18.9 -17.9786 34.3539 18.9 -17.972 34.3666 18.9 -17.9639 34.3891 18.9 -17.6737 35.3165 18.9 -17.6699 35.3336 18.9 -17.642 36.2609 18.9 -17.6414 36.2635 18.9 -17.6373 36.278 18.9 -17.6427 36.2951 18.9 -17.8244 37.2224 18.9 -17.8304 37.2395 18.9 -17.9623 37.7164 18.9 -17.972 37.7545 18.9 -18.1112 38.1669 18.9 -18.352 39.0158 18.9 -18.3806 39.1113 18.9 -18.5898 40.0242 18.9 -18.6002 40.0729 18.9 -18.845 41.0002 18.9 -18.9165 41.1795 18.9 -19.2758 41.9447 18.9 -19.2872 41.9606 18.9 -19.8438 42.8839 18.9 -19.8446 42.8851 18.9 -19.8469 42.8891 18.9 -19.8587 42.9037 18.9 -19.8609 42.9066 18.9 -20.7095 43.8335 18.9 -20.7882 43.903 18.9 -20.8053 43.9171 18.9 -21.7331 44.5468 18.9 -21.7498 44.5592 18.9 -22.1267 44.778 18.9 -22.1482 44.7889 18.9 -22.6887 45.0738 18.9 -22.6942 45.0769 18.9 -23.6387 45.4727 18.9 -24.5831 45.6866 18.9 -25.5275 45.7933 18.9 -25.5446 45.7941 18.9 -26.472 45.8806 18.9 -26.4891 45.8808 18.9 -27.4164 45.9276 18.9 -27.4335 45.9274 18.9 -28.3609 45.9522 18.9 -28.378 45.952 18.9 -29.3053 45.9518 18.9 -30.2498 45.9165 18.9 -31.1942 45.8199 18.9 -31.2113 45.8166 18.9 -31.5948 45.7224 18.9 -32.1386 45.5595 18.9 -33.0099 44.9292 18.9 -33.0831 44.879 18.9 -33.1016 44.8609 18.9 -33.189 44.778 18.9 -34.0275 43.8634 18.9 -34.0374 43.852 18.9 -34.054 43.8335 18.9 -34.7605 42.9062 18.9 -34.7611 42.9055 18.9 -34.7736 42.8891 18.9 -34.972 42.5848 18.9 -35.3592 41.9447 18.9 -35.8091 41.0258 18.9 -35.82 41.0002 18.9 -35.9164 40.7529 18.9 -36.1618 40.0729 18.9 -36.167 40.0558 18.9 -36.5532 39.1284 18.9 -36.5589 39.1113 18.9 -36.9713 38.184 18.9 -36.9771 38.1669 18.9 -37.2616 37.2224 18.9 -37.3982 36.2951 18.9 -37.4019 36.278 18.9 -37.3827 35.3567 18.9 -37.3838 35.3336 18.9 -37.2921 34.4145 18.9 -37.29 34.3891 18.9 -37.0036 33.4447 18.9 -36.996 33.4276 18.9 
1
214
-50.8 50.8 19.8 1.2124e-015 50.8 19.8 1.2124e-015 11.2049 19.8 -0.027612 11.1809 19.8 -0.972054 11.1086 19.8 -17.972 11.2349 19.8 -18.9165 11.272 19.8 -19.8609 11.3273 19.8 -20.7779 11.4127 19.8 -20.8053 11.4144 19.8 -21.7224 11.5687 19.8 -21.7772 11.5739 19.8 -22.3115 11.7225 19.8 -22.6942 11.9002 19.8 -23.2771 12.595 19.8 -23.358 12.6669 19.8 -23.5785 13.5124 19.8 -23.6387 13.8813 19.8 -23.7939 14.5558 19.8 -23.9446 15.4583 19.8 -23.9389 15.5003 19.8 -24.1484 16.4447 19.8 -24.3336 17.3394 19.8 -24.3464 17.3892 19.8 -24.5642 18.3336 19.8 -24.5831 18.453 19.8 -24.737 19.278 19.8 -24.7778 20.1846 19.8 -24.7864 20.2225 19.8 -24.6313 20.944 19.8 -24.5831 21.1504 19.8 -24.5772 21.1669 19.8 -23.6387 21.6129 19.8 -22.734 21.592 19.8 -22.6942 21.593 19.8 -21.7914 21.3445 19.8 -21.7498 21.3381 19.8 -21.2651 21.1669 19.8 -20.8053 21.025 19.8 -19.8609 20.9027 19.8 -19.0064 21.0332 19.8 -18.9165 21.0501 19.8 -18.5374 21.1669 19.8 -17.972 21.4414 19.8 -17.2661 22.1114 19.8 -17.0276 22.6381 19.8 -16.9123 23.0558 19.8 -16.8712 24.0003 19.8 -16.7425 24.9447 19.8 -16.7463 26.7351 19.8 -16.7475 26.8336 19.8 -16.745 27.6761 19.8 -16.7112 28.6327 19.8 -16.7027 28.7225 19.8 -16.6627 29.6 19.8 -16.6558 29.6669 19.8 -16.6683 30.561 19.8 -16.6682 30.6113 19.8 -16.9712 31.5057 19.8 -16.989 31.5558 19.8 -17.0276 31.6432 19.8 -17.0511 31.6869 19.8 -17.055 31.6928 19.8 -17.4271 32.4788 19.8 -17.4394 32.5002 19.8 -17.521 33.3966 19.8 -17.5236 33.4447 19.8 -17.3097 34.3358 19.8 -17.2906 34.3891 19.8 -17.282 34.4165 19.8 -17.0785 35.3336 19.8 -17.0777 35.361 19.8 -17.0457 35.4987 19.8 -17.0276 35.563 19.8 -16.8644 36.278 19.8 -17.0276 36.8845 19.8 -17.0945 37.1193 19.8 -17.1187 37.195 19.8 -17.124 37.2224 19.8 -17.4456 38.1395 19.8 -17.4495 38.1536 19.8 -17.6926 39.1113 19.8 -17.8251 39.9961 19.8 -17.972 40.7569 19.8 -18.0197 40.9728 19.8 -18.0269 41.0002 19.8 -18.3905 41.9447 19.8 -18.9165 42.7838 19.8 -18.9275 42.7991 19.8 -18.9439 42.8264 19.8 -18.9866 42.889 19.8 -18.9867 42.8891 19.8 -19.721 43.806 19.8 -19.7421 43.8335 19.8 -19.8609 43.9567 19.8 -19.8883 43.9806 19.8 -20.8053 44.739 19.8 -20.8526 44.7712 19.8 -20.8618 44.778 19.8 -21.7498 45.3548 19.8 -21.7616 45.3608 19.8 -22.3968 45.7032 19.8 -22.4309 45.7224 19.8 -22.6942 45.8521 19.8 -23.6387 46.1789 19.8 -24.5831 46.3552 19.8 -25.5275 46.4471 19.8 -26.4446 46.4911 19.8 -26.472 46.4936 19.8 -27.389 46.5056 19.8 -27.4164 46.507 19.8 -28.3335 46.4957 19.8 -28.3609 46.4964 19.8 -29.2779 46.4819 19.8 -29.3053 46.4819 19.8 -30.2498 46.4457 19.8 -31.1942 46.3574 19.8 -32.1112 46.1811 19.8 -32.1386 46.1744 19.8 -33.0474 45.7618 19.8 -33.0831 45.7412 19.8 -33.1071 45.7224 19.8 -34.0275 44.8199 19.8 -34.0681 44.778 19.8 -34.9155 43.8335 19.8 -34.972 43.7604 19.8 -35.5979 42.8891 19.8 -35.9164 42.3719 19.8 -36.145 41.9447 19.8 -36.5224 41.0002 19.8 -36.5323 40.9728 19.8 -36.8111 40.0558 19.8 -36.8225 40.0284 19.8 -37.1175 39.1113 19.8 -37.1294 39.0839 19.8 -37.4426 38.1669 19.8 -37.7323 37.2224 19.8 -37.7363 37.195 19.8 -37.9276 36.278 19.8 -37.9793 35.4397 19.8 -37.9839 35.3336 19.8 -37.9151 34.3891 19.8 -37.8053 33.97 19.8 -37.6531 33.4447 19.8 -37.2418 32.5276 19.8 -37.2284 32.5002 19.8 -36.8609 31.6853 19.8 -36.8127 31.5832 19.8 -36.3273 30.6387 19.8 -36.3241 30.6323 19.8 -36.3131 30.6113 19.8 -35.8886 29.9297 19.8 -35.7366 29.6669 19.8 -35.1431 28.7503 19.8 -35.1233 28.7225 19.8 -34.972 28.5721 19.8 -34.9446 28.546 19.8 -34.0275 27.8265 19.8 -33.9937 27.7991 19.8 -33.9668 27.778 19.8 -33.9663 27.7776 19.8 -33.0831 27.0838 19.8 -33.0557 27.0676 19.8 -32.7235 26.8445 19.8 -32.1386 26.4417 19.8 -32.0437 26.3657 19.8 -31.4866 25.8891 19.8 -31.0819 25.0396 19.8 -31.0297 24.9447 19.8 -31.0842 24.0461 19.8 -31.084 24.0003 19.8 -31.4801 23.0558 19.8 -32.0788 22.1712 19.8 -32.1176 22.1114 19.8 -32.1386 22.0807 19.8 -32.5888 21.1669 19.8 -32.6439 20.2858 19.8 -32.655 20.2225 19.8 -32.1386 19.3671 19.8 -32.1061 19.3237 19.8 -32.0694 19.278 19.8 -31.1942 18.4842 19.8 -31.1522 18.4505 19.8 -31.0123 18.3336 19.8 -30.2498 17.6643 19.8 -29.9209 17.3892 19.8 -29.3053 16.8335 19.8 -29.22 16.767 19.8 -28.8278 16.4447 19.8 -28.3609 16.0181 19.8 -27.8666 15.5856 19.8 -27.7642 15.5003 19.8 -26.8392 14.5558 19.8 -26.0529 13.6114 19.8 -25.5275 12.7865 19.8 -25.5088 12.7625 19.8 -25.4261 12.6669 19.8 -25.445 12.6346 19.8 -25.5275 12.5797 19.8 -26.3933 11.7225 19.8 -26.4446 11.7123 19.8 -26.472 11.7099 19.8 -27.389 11.5706 19.8 -27.4164 11.5688 19.8 -28.3335 11.4795 19.8 -28.3609 11.4782 19.8 -29.2779 11.4143 19.8 -29.3053 11.4133 19.8 -30.2224 11.3628 19.8 -30.2498 11.362 19.8 -31.1668 11.3177 19.8 -31.1942 11.3169 19.8 -32.1112 11.2762 19.8 -50.8 11.1012 19.8 
1
224
-50.8 50.8 20.7 1.26751e-015 50.8 20.7 1.26751e-015 11.2055 20.7 -0.027612 11.1815 20.7 -0.972054 11.1092 20.7 -17.972 11.2437 20.7 -18.9165 11.2857 20.7 -19.8609 11.3512 20.7 -20.7335 11.4614 20.7 -20.8053 11.4681 20.7 -20.8771 11.4802 20.7 -21.6777 11.7225 20.7 -21.7498 11.749 20.7 -21.7901 11.7625 20.7 -21.8216 11.7771 20.7 -22.6579 12.6097 20.7 -22.6942 12.6598 20.7 -22.7001 12.6669 20.7 -22.9545 13.6114 20.7 -23.1385 14.484 20.7 -23.1436 14.5159 20.7 -23.1494 14.5558 20.7 -23.3334 15.4183 20.7 -23.5268 16.4447 20.7 -23.6387 17.2988 20.7 -23.6537 17.3892 20.7 -23.7072 18.2618 20.7 -23.7237 18.3336 20.7 -23.707 18.5762 20.7 -23.7193 18.6544 20.7 -23.6728 19.278 20.7 -23.6387 19.4238 20.7 -23.3072 20.2225 20.7 -22.9896 20.448 20.7 -22.6942 20.6385 20.7 -21.8846 20.6519 20.7 -21.7498 20.621 20.7 -21.678 20.5991 20.7 -20.8053 20.4285 20.7 -20.7335 20.4191 20.7 -19.8609 20.393 20.7 -19.7891 20.4039 20.7 -18.9165 20.4107 20.7 -18.0438 20.5805 20.7 -18.0074 20.5917 20.7 -17.972 20.6016 20.7 -17.1143 20.9653 20.7 -17.0276 21.0152 20.7 -16.8183 21.1669 20.7 -16.3579 21.8366 20.7 -16.1559 22.1114 20.7 -16.0961 23.0428 20.7 -16.0927 23.0558 20.7 -16.0922 23.0671 20.7 -16.1175 24.0003 20.7 -16.1116 24.0432 20.7 -15.7906 24.9447 20.7 -15.8095 25.6922 20.7 -15.8265 25.8891 20.7 -15.8271 26.5902 20.7 -15.8109 26.8336 20.7 -15.8282 27.5789 20.7 -15.8254 27.778 20.7 -15.9111 28.5315 20.7 -15.9258 28.7225 20.7 -16.0831 29.3367 20.7 -16.1006 29.4113 20.7 -16.1505 29.5951 20.7 -16.1472 29.6669 20.7 -16.1894 30.5395 20.7 -16.1904 30.6113 20.7 -16.4383 31.484 20.7 -16.4626 31.5558 20.7 -16.8099 32.4284 20.7 -16.8144 32.4387 20.7 -16.839 32.5002 20.7 -17.0271 33.2723 20.7 -17.0276 33.2753 20.7 -17.0626 33.4447 20.7 -17.0457 33.5151 20.7 -16.966 34.3891 20.7 -16.7048 35.0589 20.7 -16.6092 35.3336 20.7 -16.5931 35.4054 20.7 -16.5032 36.278 20.7 -16.559 37.1506 20.7 -16.5786 37.2224 20.7 -16.9215 38.0843 20.7 -16.9496 38.1669 20.7 -17.1342 39.0395 20.7 -17.1524 39.1113 20.7 -17.2886 40.0558 20.7 -17.5134 40.9284 20.7 -17.5273 41.0002 20.7 -17.8778 41.8692 20.7 -17.9018 41.9447 20.7 -17.972 42.0914 20.7 -18.0019 42.1423 20.7 -18.0438 42.2092 20.7 -18.4075 42.8842 20.7 -18.4103 42.8891 20.7 -18.9165 43.6066 20.7 -19.0422 43.7617 20.7 -19.0997 43.8335 20.7 -19.1106 43.8449 20.7 -19.8609 44.586 20.7 -20.0948 44.778 20.7 -20.8053 45.3056 20.7 -20.8069 45.3065 20.7 -21.4161 45.6962 20.7 -21.4547 45.7224 20.7 -21.7498 45.9013 20.7 -21.8216 45.9362 20.7 -22.6942 46.3768 20.7 -22.766 46.4016 20.7 -23.4545 46.6669 20.7 -23.6387 46.7345 20.7 -24.5831 46.8941 20.7 -25.3833 46.9405 20.7 -25.5275 46.9512 20.7 -26.472 46.9781 20.7 -27.4164 46.9773 20.7 -28.3609 46.9569 20.7 -29.3053 46.9291 20.7 -30.2498 46.881 20.7 -31.1942 46.7795 20.7 -32.1386 46.5909 20.7 -33.0113 46.3143 20.7 -33.0831 46.2817 20.7 -33.9557 45.7319 20.7 -33.9676 45.7224 20.7 -34.0275 45.6636 20.7 -34.9018 44.778 20.7 -34.972 44.6996 20.7 -35.6519 43.8335 20.7 -35.9164 43.464 20.7 -36.2794 42.8891 20.7 -36.318 42.8173 20.7 -36.7333 41.9447 20.7 -36.8609 41.6168 20.7 -37.0792 41.0002 20.7 -37.3359 40.0558 20.7 -37.3588 39.984 20.7 -37.5987 39.1113 20.7 -37.6232 39.0395 20.7 -37.8746 38.1669 20.7 -38.1735 37.2224 20.7 -38.1884 37.1506 20.7 -38.3972 36.278 20.7 -38.4017 36.2062 20.7 -38.5173 35.3336 20.7 -38.5121 35.2618 20.7 -38.4195 34.3891 20.7 -38.1367 33.5165 20.7 -38.1177 33.4447 20.7 -37.8297 32.5973 20.7 -37.8053 32.5301 20.7 -37.7925 32.5002 20.7 -37.7836 32.4804 20.7 -37.7295 32.3461 20.7 -37.4492 31.5558 20.7 -37.0615 30.6871 20.7 -37.0263 30.6113 20.7 -36.4219 29.6669 20.7 -35.9164 28.8312 20.7 -35.9049 28.8143 20.7 -35.8928 28.7943 20.7 -35.8463 28.7225 20.7 -35.0056 27.8498 20.7 -34.972 27.8161 20.7 -34.9252 27.7794 20.7 -34.9231 27.778 20.7 -34.0275 27.2416 20.7 -33.5151 26.8336 20.7 -33.0831 26.4476 20.7 -32.9107 26.3034 20.7 -32.474 25.8891 20.7 -32.1403 25.1171 20.7 -32.1386 25.1136 20.7 -32.0605 24.9447 20.7 -32.1386 24.4233 20.7 -32.2119 24.0003 20.7 -32.7446 23.0558 20.7 -32.9497 22.7066 20.7 -33.0113 22.6107 20.7 -33.0831 22.4865 20.7 -33.2732 22.1114 20.7 -33.4217 21.4527 20.7 -33.5011 21.1669 20.7 -33.1743 20.3537 20.7 -33.1514 20.2225 20.7 -33.0831 20.1254 20.7 -33.0059 20.0071 20.7 -32.4799 19.278 20.7 -32.1386 18.9067 20.7 -32.0503 18.8231 20.7 -31.5931 18.3336 20.7 -31.1942 17.7963 20.7 -31.0979 17.7051 20.7 -30.8299 17.3892 20.7 -30.2498 16.5592 20.7 -30.152 16.4629 20.7 -30.1376 16.4447 20.7 -29.4927 15.5981 20.7 -29.3997 15.5003 20.7 -29.3053 15.3766 20.7 -28.6105 14.5558 20.7 -28.3609 14.2117 20.7 -27.9042 13.6114 20.7 -27.3858 12.6975 20.7 -27.3675 12.6669 20.7 -27.4164 12.6236 20.7 -27.8978 12.1855 20.7 -28.3609 11.7379 20.7 -28.3989 11.7225 20.7 -29.2335 11.5782 20.7 -29.3053 11.5732 20.7 -30.178 11.4637 20.7 -30.2498 11.4597 20.7 -31.1224 11.373 20.7 -31.1942 11.3696 20.7 -32.0668 11.3086 20.7 -33.0113 11.2623 20.7 -50.8 11.1016 20.7 
1
210
-50.8 50.8 21.6 1.32262e-015 50.8 21.6 1.32261e-015 11.206 21.6 -0.027612 11.182 21.6 -0.972054 11.1096 21.6 -17.972 11.249 21.6 -18.9165 11.2947 21.6 -19.8609 11.3677 21.6 -20.689 11.4896 21.6 -20.8053 11.5043 21.6 -21.2889 11.6917 21.6 -21.3907 11.7225 21.6 -21.4052 11.7278 21.6 -21.7498 11.9268 21.6 -22.2066 12.5559 21.6 -22.318 12.6669 21.6 -22.5379 13.513 21.6 -22.7233 14.3162 21.6 -22.7542 14.4395 21.6 -22.7787 14.5558 21.6 -22.9921 15.5003 21.6 -23.1167 16.3284 21.6 -23.1387 16.4447 21.6 -23.069 17.2729 21.6 -23.084 17.3892 21.6 -22.8918 18.2173 21.6 -22.8983 18.3336 21.6 -22.8895 18.4499 21.6 -22.6942 18.9724 21.6 -22.5594 19.278 21.6 -22.2686 19.5194 21.6 -21.7498 19.9131 21.6 -21.035 20.0159 21.6 -20.8053 20.0015 21.6 -20.041 20.01 21.6 -19.8609 20.0078 21.6 -19.0886 20.0553 21.6 -18.9165 20.0586 21.6 -17.972 20.2107 21.6 -17.1439 20.4431 21.6 -17.0276 20.4924 21.6 -16.1994 20.6721 21.6 -16.1617 20.6994 21.6 -16.0831 20.7596 21.6 -15.5015 21.1669 21.6 -15.4145 21.2832 21.6 -15.2111 22.1114 21.6 -15.3387 22.9395 21.6 -15.3334 23.0558 21.6 -15.4387 23.884 21.6 -15.4423 24.0003 21.6 -15.2602 24.8284 21.6 -15.2175 24.9447 21.6 -15.2204 25.061 21.6 -15.2124 25.0791 21.6 -15.1387 25.1864 21.6 -14.7735 25.8891 21.6 -14.8425 26.6076 21.6 -14.8728 26.8336 21.6 -15.1387 27.2212 21.6 -15.2718 27.4785 21.6 -15.3834 27.6617 21.6 -15.4103 28.6062 21.6 -15.4235 28.7225 21.6 -15.5559 29.5506 21.6 -15.5824 29.6543 21.6 -15.5854 29.6669 21.6 -15.862 30.4901 21.6 -15.8701 30.6113 21.6 -16.0831 31.3179 21.6 -16.1495 31.5558 21.6 -16.4629 32.3839 21.6 -16.5092 32.5002 21.6 -16.7824 33.3284 21.6 -16.8108 33.4447 21.6 -16.7776 34.2728 21.6 -16.767 34.3891 21.6 -16.4061 35.3336 21.6 -16.2351 36.1617 21.6 -16.2231 36.278 21.6 -16.152 37.1061 21.6 -16.1594 37.2224 21.6 -16.3566 38.0506 21.6 -16.4029 38.1669 21.6 -16.6359 38.995 21.6 -16.6605 39.1113 21.6 -16.8904 39.9168 21.6 -16.9116 40.0558 21.6 -17.1314 40.8839 21.6 -17.1614 41.0002 21.6 -17.55 41.9447 21.6 -17.972 42.8099 21.6 -18.0147 42.8891 21.6 -18.6678 43.8335 21.6 -18.9165 44.1208 21.6 -19.0328 44.2357 21.6 -19.6118 44.778 21.6 -19.8609 44.9832 21.6 -20.8053 45.6936 21.6 -20.8504 45.7224 21.6 -20.9216 45.7654 21.6 -21.7498 46.2957 21.6 -21.8661 46.3544 21.6 -22.5144 46.6669 21.6 -22.6942 46.748 21.6 -23.6387 47.1047 21.6 -24.5831 47.2709 21.6 -25.5275 47.3365 21.6 -26.472 47.3567 21.6 -27.4164 47.3509 21.6 -28.3609 47.33 21.6 -29.3053 47.2949 21.6 -30.1335 47.2327 21.6 -30.2498 47.2266 21.6 -31.0779 47.1213 21.6 -31.1942 47.1086 21.6 -32.0223 46.9318 21.6 -32.1386 46.9088 21.6 -33.0831 46.614 21.6 -33.9112 46.2581 21.6 -34.0275 46.1848 21.6 -34.0285 46.184 21.6 -34.6599 45.7224 21.6 -34.7747 45.6061 21.6 -34.972 45.4163 21.6 -35.5332 44.778 21.6 -35.8001 44.4265 21.6 -35.9164 44.2786 21.6 -36.2185 43.8335 21.6 -36.2913 43.7172 21.6 -36.753 42.8891 21.6 -36.8609 42.6614 21.6 -37.1749 41.9447 21.6 -37.2159 41.8284 21.6 -37.4802 41.0002 21.6 -37.5118 40.8839 21.6 -37.7526 40.0574 21.6 -37.7531 40.0558 21.6 -38.2829 38.1669 21.6 -38.5801 37.2224 21.6 -38.7998 36.278 21.6 -38.9435 35.3336 21.6 -38.8575 34.3891 21.6 -38.7497 34.0726 21.6 -38.5653 33.561 21.6 -38.5276 33.4447 21.6 -38.488 33.3284 21.6 -38.1655 32.5002 21.6 -37.9173 31.6721 21.6 -37.8807 31.5558 21.6 -37.8053 31.3483 21.6 -37.5608 30.7276 21.6 -37.5089 30.6113 21.6 -37.0595 29.7832 21.6 -37.0327 29.7405 21.6 -36.7419 29.2676 21.6 -36.3702 28.7225 21.6 -35.9164 28.2242 21.6 -35.4916 27.778 21.6 -35.4889 27.7758 21.6 -34.972 27.2928 21.6 -34.8557 27.2233 21.6 -34.3703 26.8781 21.6 -34.3054 26.8336 21.6 -34.0275 26.6037 21.6 -33.7807 26.3479 21.6 -33.389 25.8891 21.6 -33.2156 25.1915 21.6 -33.1221 24.9447 21.6 -33.3836 24.0003 21.6 -33.9052 23.0558 21.6 -34.0275 22.7309 21.6 -34.188 22.1114 21.6 -34.1809 21.5324 21.6 -34.1984 21.1669 21.6 -34.0275 20.8954 21.6 -33.6314 20.3388 21.6 -33.5846 20.2225 21.6 -33.5716 20.204 21.6 -33.0831 19.6778 21.6 -32.7942 19.3758 21.6 -32.7236 19.278 21.6 -32.1386 18.6541 21.6 -31.9134 18.4001 21.6 -31.8513 18.3336 21.6 -31.1942 17.4336 21.6 -31.1935 17.4325 21.6 -31.1567 17.3892 21.6 -30.6482 16.561 21.6 -30.5687 16.4472 21.6 -30.5674 16.4447 21.6 -30.4015 15.6199 21.6 -30.3568 15.5003 21.6 -30.2498 15.1486 21.6 -30.0758 14.8606 21.6 -29.9368 14.5558 21.6 -29.4331 13.7854 21.6 -29.3558 13.6114 21.6 -29.3053 13.3596 21.6 -29.2903 13.307 21.6 -29.0641 12.6669 21.6 -29.1007 12.5762 21.6 -29.189 12.457 21.6 -29.3053 12.3734 21.6 -29.7907 11.7225 21.6 -30.1335 11.6184 21.6 -30.2498 11.6038 21.6 -31.0779 11.4336 21.6 -32.0223 11.3364 21.6 -50.8 11.1019 21.6 
1
225
-50.8 50.8 22.5 1.37773e-015 50.8 22.5 1.37773e-015 11.2063 22.5 -0.027612 11.1822 22.5 -0.972054 11.1099 22.5 -17.972 11.2507 22.5 -18.9165 11.2975 22.5 -19.8609 11.3729 22.5 -20.8053 11.5166 22.5 -21.1349 11.6861 22.5 -21.2288 11.7225 22.5 -21.2956 11.7611 22.5 -21.7498 12.1967 22.5 -21.9732 12.5448 22.5 -22.0618 12.6669 22.5 -22.2945 13.4507 22.5 -22.3362 13.6114 22.5 -22.5594 14.5558 22.5 -22.5879 15.3036 22.5 -22.624 15.5003 22.5 -22.6234 15.9944 22.5 -22.6527 16.4447 22.5 -22.5945 16.7344 22.5 -22.4746 17.3892 22.5 -22.2858 18.0268 22.5 -22.207 18.3336 22.5 -22.1413 18.4943 22.5 -21.916 18.8157 22.5 -21.7498 19.0869 22.5 -21.5425 19.278 22.5 -21.2875 19.3999 22.5 -20.966 19.5758 22.5 -20.8053 19.5989 22.5 -20.6446 19.6007 22.5 -19.8609 19.6765 22.5 -19.7002 19.6864 22.5 -18.9165 19.7941 22.5 -17.972 19.9387 22.5 -17.1883 20.0448 22.5 -17.0276 20.0888 22.5 -16.4066 20.074 22.5 -16.0831 20.0913 22.5 -15.5919 20.2225 22.5 -15.2516 20.3832 22.5 -15.2179 20.408 22.5 -15.1387 20.4367 22.5 -14.4425 21.1669 22.5 -14.4115 21.3276 22.5 -14.3306 22.1114 22.5 -14.3466 22.1578 22.5 -14.3549 22.2088 22.5 -14.5779 22.9461 22.5 -14.5937 23.0558 22.5 -14.6603 23.8175 22.5 -14.684 24.0003 22.5 -14.5954 24.7242 22.5 -14.5522 24.9447 22.5 -14.4688 25.1054 22.5 -14.2197 25.8891 22.5 -14.2247 25.941 22.5 -14.1942 26.0861 22.5 -14.0582 26.8336 22.5 -14.1942 27.0886 22.5 -14.2887 27.2418 22.5 -14.3549 27.3384 22.5 -14.6418 27.7139 22.5 -14.6963 27.778 22.5 -15.0893 28.4758 22.5 -15.1319 28.7225 22.5 -15.138 28.8181 22.5 -15.1387 28.8247 22.5 -15.1984 29.6669 22.5 -15.3485 30.4506 22.5 -15.4024 30.6113 22.5 -15.7526 31.3951 22.5 -15.8013 31.5558 22.5 -16.0831 32.0585 22.5 -16.2255 32.3395 22.5 -16.2863 32.5002 22.5 -16.6523 33.284 22.5 -16.7053 33.4447 22.5 -16.8651 34.2284 22.5 -16.8587 34.3891 22.5 -16.5049 35.3336 22.5 -16.4717 35.4943 22.5 -16.1009 35.9875 22.5 -15.9265 36.278 22.5 -15.8421 37.2224 22.5 -15.924 37.9936 22.5 -15.9593 38.1669 22.5 -16.1651 38.7668 22.5 -16.2325 38.9506 22.5 -16.2777 39.1113 22.5 -16.5718 39.8951 22.5 -16.8748 41.0002 22.5 -17.0276 41.3654 22.5 -17.2107 41.784 22.5 -17.2771 41.9447 22.5 -17.74 42.8891 22.5 -17.972 43.2541 22.5 -18.3804 43.8335 22.5 -18.4314 43.8924 22.5 -18.9165 44.4228 22.5 -19.2005 44.6762 22.5 -19.3092 44.778 22.5 -19.8609 45.2339 22.5 -20.3292 45.6045 22.5 -20.4856 45.7224 22.5 -20.4899 45.7255 22.5 -20.8053 45.971 22.5 -21.7498 46.5854 22.5 -21.8031 46.6122 22.5 -21.9164 46.6669 22.5 -22.6942 47.0253 22.5 -23.478 47.2974 22.5 -23.6387 47.3583 22.5 -24.4224 47.5178 22.5 -24.5831 47.5462 22.5 -25.5275 47.6202 22.5 -26.472 47.65 22.5 -27.4164 47.6413 22.5 -28.3609 47.6184 22.5 -29.3053 47.5756 22.5 -30.0891 47.498 22.5 -30.2498 47.4859 22.5 -31.0335 47.3666 22.5 -31.1942 47.3461 22.5 -32.1386 47.1377 22.5 -33.0831 46.8417 22.5 -33.5291 46.6669 22.5 -33.8668 46.5236 22.5 -34.0275 46.4545 22.5 -34.8113 45.9516 22.5 -34.9338 45.8621 22.5 -34.972 45.8332 22.5 -35.0999 45.7224 22.5 -35.7557 45.0314 22.5 -35.9164 44.8515 22.5 -35.9757 44.778 22.5 -36.0837 44.6173 22.5 -36.5698 43.8335 22.5 -36.6594 43.6728 22.5 -36.8609 43.2921 22.5 -37.0603 42.8891 22.5 -37.1306 42.7284 22.5 -37.4544 41.9447 22.5 -37.5057 41.784 22.5 -37.7825 41.0002 22.5 -37.8053 40.9218 22.5 -37.8053 40.9216 22.5 -37.8285 40.8395 22.5 -38.0677 40.0558 22.5 -38.112 39.8951 22.5 -38.3496 39.1113 22.5 -38.6224 38.1669 22.5 -38.6729 38.0062 22.5 -38.7497 37.6917 22.5 -39.0588 36.278 22.5 -39.0837 36.1173 22.5 -39.2365 35.3336 22.5 -39.2221 35.1729 22.5 -39.1639 34.3891 22.5 -38.8433 33.4447 22.5 -38.4683 32.5002 22.5 -38.4201 32.3395 22.5 -37.8903 30.772 22.5 -37.8314 30.6113 22.5 -37.8053 30.5541 22.5 -37.4574 29.8276 22.5 -37.3702 29.6669 22.5 -36.8609 28.8521 22.5 -36.8436 28.8286 22.5 -36.7713 28.7225 22.5 -36.1356 27.9387 22.5 -36.0473 27.8417 22.5 -35.9919 27.778 22.5 -35.9164 27.6955 22.5 -34.9944 26.8336 22.5 -34.972 26.8115 22.5 -34.5122 26.3133 22.5 -34.1641 25.8891 22.5 -34.1309 25.4045 22.5 -34.0888 24.9447 22.5 -34.2994 24.0003 22.5 -34.3654 23.8396 22.5 -34.5026 23.0558 22.5 -34.544 22.8951 22.5 -34.7275 22.1114 22.5 -34.7255 21.9507 22.5 -34.6659 21.1669 22.5 -34.6233 21.0992 22.5 -34.0275 20.3269 22.5 -34.0161 20.3155 22.5 -33.9502 20.2225 22.5 -33.8554 20.1204 22.5 -33.0076 19.3366 22.5 -32.8469 19.1666 22.5 -32.1386 18.4738 22.5 -32.054 18.3829 22.5 -32.0103 18.3336 22.5 -31.4002 17.5499 22.5 -31.283 17.3892 22.5 -31.1942 17.2499 22.5 -30.8184 16.6054 22.5 -30.7197 16.4447 22.5 -30.5214 15.5003 22.5 -30.3148 14.7165 22.5 -30.2852 14.6194 22.5 -30.2634 14.5558 22.5 -30.2498 14.5368 22.5 -30.0772 14.255 22.5 -29.666 13.6114 22.5 -29.5764 12.8276 22.5 -29.5498 12.6946 22.5 -29.5454 12.6669 22.5 -29.6549 12.5062 22.5 -30.1673 11.7225 22.5 -30.1942 11.7091 22.5 -30.2498 11.6922 22.5 -31.0335 11.4809 22.5 -31.1942 11.4479 22.5 -31.9779 11.3549 22.5 -32.1386 11.3383 22.5 -33.0831 11.2763 22.5 -50.8 11.1021 22.5 
1
228
-50.8 50.8 23.4 1.43284e-015 50.8 23.4 1.43284e-015 11.2064 23.4 -0.027612 11.1824 23.4 -0.972054 11.1101 23.4 -17.972 11.2491 23.4 -18.9165 11.295 23.4 -19.8609 11.3682 23.4 -20.8053 11.5049 23.4 -21.062 11.6781 23.4 -21.1483 11.7225 23.4 -21.2672 11.8365 23.4 -21.7498 12.4074 23.4 -21.8758 12.5758 23.4 -21.9343 12.6669 23.4 -22.1769 13.4062 23.4 -22.2378 13.6114 23.4 -22.2599 14.3506 23.4 -22.3087 14.5558 23.4 -22.3213 15.2951 23.4 -22.3291 15.5003 23.4 -22.2077 16.2395 23.4 -22.2074 16.4447 23.4 -22.0177 17.3892 23.4 -21.8236 18.0523 23.4 -21.7498 18.2648 23.4 -21.7288 18.3336 23.4 -21.5719 18.5388 23.4 -20.8529 19.278 23.4 -20.8053 19.3008 23.4 -20.0661 19.3963 23.4 -19.8609 19.4161 23.4 -19.6557 19.4443 23.4 -18.9165 19.5228 23.4 -18.7113 19.5538 23.4 -17.972 19.7842 23.4 -17.7668 19.812 23.4 -17.0276 19.8576 23.4 -16.8224 19.8527 23.4 -16.0831 19.821 23.4 -15.3439 19.916 23.4 -15.1601 19.9651 23.4 -15.1387 19.9701 23.4 -14.7692 20.2225 23.4 -14.5736 20.4277 23.4 -14.1942 20.7955 23.4 -13.9296 21.1669 23.4 -13.9139 21.3721 23.4 -13.808 22.1114 23.4 -14.0459 22.8628 23.4 -14.0964 23.0558 23.4 -14.1942 23.4527 23.4 -14.2145 23.5433 23.4 -14.2834 23.7951 23.4 -14.3014 24.0003 23.4 -14.2762 24.2055 23.4 -14.2454 24.3194 23.4 -14.1942 24.4641 23.4 -14.0533 24.9447 23.4 -13.9998 25.1499 23.4 -13.9226 25.8891 23.4 -13.6628 26.6284 23.4 -13.6169 26.8336 23.4 -13.8686 27.5728 23.4 -13.9256 27.6797 23.4 -13.9744 27.778 23.4 -14.1942 28.182 23.4 -14.3137 28.3831 23.4 -14.4153 28.5173 23.4 -14.5309 28.7225 23.4 -14.5438 28.9277 23.4 -14.3978 29.264 23.4 -14.1942 29.6074 23.4 -14.1431 29.6669 23.4 -14.1511 29.776 23.4 -14.1942 29.9805 23.4 -14.2843 30.6113 23.4 -14.4553 30.8724 23.4 -14.8461 31.5558 23.4 -15.1369 31.9406 23.4 -15.1387 31.9427 23.4 -15.4169 32.5002 23.4 -16.0831 33.2321 23.4 -16.1805 33.4447 23.4 -16.4926 34.1839 23.4 -16.5344 34.3891 23.4 -16.4025 35.1284 23.4 -16.3259 35.3336 23.4 -16.1802 35.5353 23.4 -16.0831 35.6644 23.4 -16.0375 35.7405 23.4 -15.7439 36.278 23.4 -15.6557 37.0172 23.4 -15.6372 37.2224 23.4 -15.7288 38.1669 23.4 -16.0469 39.1113 23.4 -16.3406 39.8506 23.4 -16.4176 40.0558 23.4 -16.6405 40.795 23.4 -16.6969 41.0002 23.4 -16.7406 41.1048 23.4 -17.1067 41.9447 23.4 -17.3442 42.6839 23.4 -17.4448 42.8891 23.4 -17.5053 42.9842 23.4 -17.972 43.6029 23.4 -18.0783 43.7235 23.4 -18.1565 43.8335 23.4 -18.2835 43.9724 23.4 -18.9165 44.6155 23.4 -19.0969 44.778 23.4 -20.8053 46.1528 23.4 -21.5668 46.6599 23.4 -21.5777 46.6669 23.4 -21.7498 46.774 23.4 -22.6942 47.2035 23.4 -23.4335 47.4879 23.4 -23.6387 47.5591 23.4 -23.8439 47.6008 23.4 -24.5831 47.7249 23.4 -24.7883 47.7409 23.4 -25.5275 47.8123 23.4 -26.472 47.8497 23.4 -28.3609 47.8266 23.4 -29.3053 47.7815 23.4 -30.0446 47.6954 23.4 -30.2498 47.6753 23.4 -30.989 47.5843 23.4 -31.9334 47.4452 23.4 -32.1386 47.3996 23.4 -32.8779 47.0854 23.4 -33.0831 47.021 23.4 -33.8223 46.7512 23.4 -34.0275 46.67 23.4 -34.0323 46.6669 23.4 -34.7668 46.1622 23.4 -34.972 46.0305 23.4 -35.0142 45.9939 23.4 -35.3627 45.7224 23.4 -35.7534 45.346 23.4 -35.9164 45.1747 23.4 -36.2315 44.778 23.4 -36.3588 44.5728 23.4 -36.7874 43.8335 23.4 -36.8609 43.694 23.4 -37.2622 42.8891 23.4 -37.6456 41.9447 23.4 -37.7391 41.6975 23.4 -37.8114 41.4923 23.4 -37.995 41.0002 23.4 -38.6341 38.9061 23.4 -38.8642 38.1669 23.4 -38.9116 37.9617 23.4 -39.1102 37.0172 23.4 -39.2972 36.278 23.4 -39.3372 36.0728 23.4 -39.5042 35.3336 23.4 -39.489 35.1284 23.4 -39.4014 34.3891 23.4 -39.3319 34.1839 23.4 -39.001 33.3662 23.4 -38.7264 32.6269 23.4 -38.6766 32.5002 23.4 -38.6079 32.295 23.4 -38.4226 31.5558 23.4 -38.3526 31.3506 23.4 -37.9951 30.5746 23.4 -37.8053 30.1341 23.4 -37.6682 29.8354 23.4 -37.5877 29.6669 23.4 -37.2023 28.9277 23.4 -37.0776 28.7286 23.4 -37.0737 28.7225 23.4 -36.8609 28.4139 23.4 -36.5369 27.9832 23.4 -36.3704 27.778 23.4 -36.3362 27.7405 23.4 -35.9164 27.2621 23.4 -35.6564 27.0013 23.4 -35.4772 26.8336 23.4 -35.4512 26.808 23.4 -34.972 26.24 23.4 -34.8637 26.0687 23.4 -34.7163 25.8891 23.4 -34.7022 25.6839 23.4 -34.5855 24.9447 23.4 -34.6294 24.7395 23.4 -34.7469 24.0003 23.4 -34.7828 23.7951 23.4 -34.8237 23.0558 23.4 -34.8718 22.8506 23.4 -34.9384 22.475 23.4 -34.972 22.3024 23.4 -35.0056 22.1114 23.4 -35.0026 21.723 23.4 -34.9861 21.1669 23.4 -34.972 21.1434 23.4 -34.756 20.8552 23.4 -34.2238 20.2225 23.4 -34.0275 20.0352 23.4 -33.6842 19.7246 23.4 -33.0831 19.197 23.4 -32.159 18.3336 23.4 -32.1386 18.3127 23.4 -31.5386 17.5944 23.4 -31.3789 17.3892 23.4 -31.3556 17.3527 23.4 -31.1942 17.1259 23.4 -30.8703 16.6134 23.4 -30.7719 16.4447 23.4 -30.7285 16.2395 23.4 -30.5581 15.5003 23.4 -30.3044 14.5558 23.4 -30.2951 14.5429 23.4 -30.2498 14.4673 23.4 -29.9108 13.8037 23.4 -29.793 13.6114 23.4 -29.7696 13.4062 23.4 -29.7337 12.6669 23.4 -29.8679 12.4617 23.4 -30.2427 11.7511 23.4 -30.2498 11.7447 23.4 -30.2893 11.7225 23.4 -30.989 11.5155 23.4 -31.1942 11.4602 23.4 -32.1386 11.3442 23.4 -33.0831 11.2797 23.4 -50.8 11.1023 23.4 
1
234
-50.8 50.8 24.3 1.48795e-015 50.8 24.3 1.48794e-015 11.2063 24.3 -0.027612 11.1823 24.3 -0.972054 11.11 24.3 -18.9165 11.2893 24.3 -19.8609 11.358 24.3 -20.8053 11.4829 24.3 -21.1588 11.7225 24.3 -21.7498 12.4155 24.3 -21.9003 12.6101 24.3 -21.9429 12.6669 24.3 -22.2549 13.6114 24.3 -22.2176 14.3062 24.3 -22.2251 14.5558 24.3 -22.126 15.2507 24.3 -22.1303 15.5003 24.3 -21.9653 16.4447 24.3 -21.9151 16.6943 24.3 -21.759 17.3892 24.3 -21.7439 17.44 24.3 -21.6872 17.6388 24.3 -21.5028 18.3336 24.3 -21.0259 18.8888 24.3 -20.8053 19.1265 24.3 -20.7264 19.1384 24.3 -20.0423 19.278 24.3 -20.0316 19.2798 24.3 -19.8609 19.3014 24.3 -18.9165 19.3978 24.3 -18.6669 19.4756 24.3 -17.972 19.6055 24.3 -17.7224 19.6209 24.3 -17.0276 19.6284 24.3 -16.778 19.6177 24.3 -16.0831 19.6106 24.3 -15.8335 19.6427 24.3 -15.1387 19.6999 24.3 -15.0114 19.7868 24.3 -14.5247 20.2225 24.3 -14.3166 20.4896 24.3 -14.1942 20.6082 24.3 -13.7885 21.1669 24.3 -13.5924 21.8618 24.3 -13.5566 22.1114 24.3 -13.8256 22.8062 24.3 -13.9047 23.0558 24.3 -14.1368 23.7507 24.3 -14.1975 24.0003 24.3 -14.1942 24.0126 24.3 -14.1249 24.2499 24.3 -13.8785 24.9447 24.3 -13.7883 25.8891 24.3 -13.5248 26.584 24.3 -13.4371 26.8336 24.3 -13.4886 27.5284 24.3 -13.5736 27.778 24.3 -13.5664 28.4729 24.3 -13.6571 28.6395 24.3 -13.7256 28.7225 24.3 -13.5402 28.9721 24.3 -13.3831 29.0796 24.3 -13.2498 29.2015 24.3 -12.6625 29.3741 24.3 -12.3054 29.5522 24.3 -12.1964 29.6669 24.3 -12.219 29.897 24.3 -12.2455 30.6113 24.3 -12.3054 30.7215 24.3 -12.3392 30.7708 24.3 -12.9242 31.5558 24.3 -13.1625 31.9689 24.3 -13.2498 32.1791 24.3 -13.3851 32.3649 24.3 -13.4642 32.5002 24.3 -13.8243 33.0747 24.3 -14.0769 33.4447 24.3 -14.1942 33.5685 24.3 -14.3222 33.6384 24.3 -15.1387 34.1231 24.3 -15.4144 34.3891 24.3 -15.3763 34.6267 24.3 -15.6877 35.3336 24.3 -15.5215 35.5832 24.3 -15.5532 36.278 24.3 -15.4955 36.9728 24.3 -15.4657 37.2224 24.3 -15.5561 37.9173 24.3 -15.5797 38.1669 24.3 -15.8752 38.8617 24.3 -15.9593 39.1113 24.3 -15.9805 39.1643 24.3 -16.2035 39.8592 24.3 -16.281 40.0558 24.3 -16.434 40.7506 24.3 -16.5092 41.0002 24.3 -16.9063 41.6951 24.3 -17.0032 41.9172 24.3 -17.0168 41.9447 24.3 -17.0276 41.9791 24.3 -17.2193 42.6395 24.3 -17.2995 42.8891 24.3 -17.7857 43.5839 24.3 -17.9433 43.7928 24.3 -17.972 43.8285 24.3 -17.9764 43.8335 24.3 -18.0079 43.864 24.3 -18.2216 44.0812 24.3 -18.8971 44.7455 24.3 -18.9165 44.7655 24.3 -18.9303 44.778 24.3 -19.1661 44.9729 24.3 -19.8609 45.5743 24.3 -19.9501 45.649 24.3 -20.041 45.7224 24.3 -20.1997 45.846 24.3 -20.8053 46.3589 24.3 -21.2694 46.6669 24.3 -21.3312 46.7054 24.3 -21.7498 46.9229 24.3 -22.6942 47.3478 24.3 -22.9438 47.4438 24.3 -23.488 47.6091 24.3 -23.6387 47.6508 24.3 -23.8883 47.6927 24.3 -24.5831 47.8444 24.3 -25.5275 47.926 24.3 -26.472 47.9691 24.3 -27.4164 47.9762 24.3 -28.3609 47.9593 24.3 -29.3053 47.9193 24.3 -30.0002 47.8504 24.3 -30.2498 47.8213 24.3 -30.9446 47.7235 24.3 -31.1942 47.6928 24.3 -31.8627 47.627 24.3 -31.9884 47.6113 24.3 -32.1386 47.5901 24.3 -32.8335 47.2395 24.3 -33.0831 47.1334 24.3 -34.0275 46.7889 24.3 -34.0478 46.7761 24.3 -34.2276 46.6669 24.3 -34.972 46.148 24.3 -35.0897 46.0563 24.3 -35.5047 45.7224 24.3 -35.7845 45.4638 24.3 -35.9164 45.3367 24.3 -36.3694 44.778 24.3 -36.5141 44.5284 24.3 -36.9576 43.8335 24.3 -37.0826 43.5839 24.3 -37.4923 42.8891 24.3 -37.5932 42.6395 24.3 -37.7737 41.9595 24.3 -37.7773 41.9447 24.3 -38.1334 41.0002 24.3 -38.211 40.7506 24.3 -38.4973 40.0558 24.3 -38.5733 39.8062 24.3 -38.7157 39.234 24.3 -38.7437 39.1113 24.3 -39.0473 38.1669 24.3 -39.2519 37.2224 24.3 -39.3151 36.9728 24.3 -39.5072 36.278 24.3 -39.7124 35.3336 24.3 -39.6942 35.2487 24.3 -39.5542 34.6387 24.3 -39.5246 34.3891 24.3 -39.4236 34.1395 24.3 -39.1858 33.4447 24.3 -38.8442 32.5002 24.3 -38.5999 31.8054 24.3 -38.5373 31.5558 24.3 -38.4223 31.3062 24.3 -38.2131 30.6113 24.3 -38.149 30.4626 24.3 -37.8053 29.8419 24.3 -37.7688 29.7678 24.3 -37.7225 29.6669 24.3 -37.5924 29.4173 24.3 -37.3257 28.7225 24.3 -37.2525 28.6164 24.3 -36.8609 28.0773 24.3 -36.6328 27.778 24.3 -36.4911 27.6164 24.3 -35.9164 26.9337 24.3 -35.9059 26.9216 24.3 -35.8181 26.8336 24.3 -35.1999 26.1387 24.3 -35.0381 25.9469 24.3 -34.9958 25.8891 24.3 -34.972 25.805 24.3 -34.8346 25.1943 24.3 -34.7952 24.9447 24.3 -34.8348 24.6951 24.3 -34.8846 24.0003 24.3 -34.8984 23.7507 24.3 -34.9201 23.0558 24.3 -34.9495 22.8736 24.3 -35.0779 22.1114 24.3 -35.0759 21.8618 24.3 -35.0926 21.1669 24.3 -34.972 20.9652 24.3 -34.3435 20.2225 24.3 -34.0275 19.924 24.3 -32.2587 18.3336 24.3 -32.2434 18.3179 24.3 -32.1386 18.2162 24.3 -31.661 17.6231 24.3 -31.4659 17.3892 24.3 -31.4114 17.3126 24.3 -31.1942 16.915 24.3 -31.0171 16.6178 24.3 -30.9078 16.4447 24.3 -30.8502 16.1951 24.3 -30.6319 15.5003 24.3 -30.5645 15.2507 24.3 -30.3229 14.5558 24.3 -30.3076 14.5303 24.3 -30.2498 14.4155 24.3 -30.0004 13.8355 24.3 -29.8859 13.6114 24.3 -29.845 12.6669 24.3 -30.1232 12.0681 24.3 -30.2498 11.8282 24.3 -30.267 11.8185 24.3 -30.4057 11.7225 24.3 -30.9618 11.5425 24.3 -31.1942 11.4738 24.3 -32.1386 11.3511 24.3 -33.0831 11.284 24.3 -50.8 11.1024 24.3 
1
242
-50.8 50.8 25.2 1.54306e-015 50.8 25.2 1.54305e-015 11.2062 25.2 -0.027612 11.1822 25.2 -0.972054 11.1099 25.2 -18.9165 11.2824 25.2 -19.8609 11.3463 25.2 -20.8053 11.4597 25.2 -21.1907 11.7225 25.2 -21.7498 12.3755 25.2 -21.979 12.6669 25.2 -22.2047 13.3174 25.2 -22.3021 13.6114 25.2 -22.2782 14.2618 25.2 -22.2624 14.5558 25.2 -22.131 15.5003 25.2 -21.9312 16.1507 25.2 -21.8787 16.4447 25.2 -21.8007 16.6649 25.2 -21.7356 16.9589 25.2 -21.5859 17.3892 25.2 -21.4989 18.0396 25.2 -21.4209 18.3336 25.2 -21.0071 18.8985 25.2 -20.8053 19.1334 25.2 -20.0696 19.278 25.2 -19.8654 19.306 25.2 -19.8609 19.3067 25.2 -19.5669 19.3363 25.2 -18.9165 19.364 25.2 -18.6225 19.419 25.2 -17.972 19.4382 25.2 -17.0276 19.4485 25.2 -16.0831 19.4401 25.2 -15.7891 19.4643 25.2 -15.1387 19.4919 25.2 -14.4882 19.9718 25.2 -14.2823 20.1562 25.2 -14.2229 20.2225 25.2 -14.1942 20.2594 25.2 -14.0064 20.5165 25.2 -13.6938 21.1669 25.2 -13.4195 22.1114 25.2 -13.6066 22.7618 25.2 -13.7205 23.0558 25.2 -14.0515 23.7063 25.2 -14.1498 24.0003 25.2 -13.8266 24.6507 25.2 -13.7223 24.9447 25.2 -13.649 25.5951 25.2 -13.6219 25.8891 25.2 -13.4852 26.5396 25.2 -13.3737 26.8336 25.2 -13.3733 27.484 25.2 -13.3951 27.778 25.2 -13.3921 28.072 25.2 -13.3165 28.2412 25.2 -13.2498 28.3227 25.2 -12.7096 28.6403 25.2 -12.3054 28.7073 25.2 -12.2718 28.7225 25.2 -11.9472 29.0165 25.2 -11.6581 29.6669 25.2 -11.5362 30.3173 25.2 -11.5651 30.6113 25.2 -11.9965 31.2618 25.2 -12.1069 31.4649 25.2 -12.152 31.5558 25.2 -12.3054 31.9145 25.2 -12.3567 32.0581 25.2 -12.4341 32.2062 25.2 -12.6037 32.5002 25.2 -13.0038 33.1507 25.2 -13.0659 33.2706 25.2 -13.1437 33.4447 25.2 -13.2498 33.5693 25.2 -13.3657 33.6606 25.2 -13.5438 33.8485 25.2 -14.0169 34.283 25.2 -14.1032 34.3891 25.2 -14.1942 34.4424 25.2 -14.4882 34.5877 25.2 -15.1387 35.0317 25.2 -15.197 35.1342 25.2 -15.2953 35.3336 25.2 -15.3734 35.984 25.2 -15.3869 36.278 25.2 -15.3841 36.9284 25.2 -15.3597 37.2224 25.2 -15.3834 37.8729 25.2 -15.4216 38.1669 25.2 -15.6706 38.8173 25.2 -15.7956 39.1113 25.2 -15.839 39.2437 25.2 -16.0831 39.698 25.2 -16.1681 39.8942 25.2 -16.219 40.0558 25.2 -16.3245 40.7062 25.2 -16.3892 41.0002 25.2 -16.7855 41.6507 25.2 -16.9535 41.9447 25.2 -16.9638 41.9777 25.2 -17.1861 42.6281 25.2 -17.2622 42.8891 25.2 -17.923 43.8335 25.2 -17.9352 43.8464 25.2 -17.972 43.8884 25.2 -18.5503 44.4969 25.2 -18.9165 44.8576 25.2 -19.8609 45.6911 25.2 -20.1549 45.9397 25.2 -20.8053 46.5234 25.2 -21.0243 46.6669 25.2 -21.2015 46.759 25.2 -21.7498 47.1039 25.2 -22.4002 47.331 25.2 -22.6942 47.463 25.2 -23.1945 47.6113 25.2 -23.2583 47.629 25.2 -23.6387 47.7254 25.2 -24.2891 47.8062 25.2 -24.5831 47.8704 25.2 -25.2335 47.9369 25.2 -25.5275 47.9613 25.2 -26.472 48.0115 25.2 -27.4164 48.0245 25.2 -28.3609 48.0164 25.2 -29.3053 47.9819 25.2 -30.9002 47.8211 25.2 -31.1942 47.7797 25.2 -32.1386 47.6787 25.2 -32.1528 47.6718 25.2 -32.3514 47.6113 25.2 -32.8033 47.4488 25.2 -33.0831 47.3082 25.2 -33.7335 46.9529 25.2 -34.0275 46.8457 25.2 -34.1036 46.7995 25.2 -34.4219 46.6669 25.2 -34.754 46.4999 25.2 -34.972 46.3472 25.2 -35.1476 46.2059 25.2 -35.7189 45.7224 25.2 -35.798 45.647 25.2 -35.9164 45.5376 25.2 -36.067 45.353 25.2 -36.5537 44.778 25.2 -36.7174 44.4478 25.2 -36.9051 44.1538 25.2 -37.0612 43.8335 25.2 -37.2346 43.5395 25.2 -37.6492 42.8891 25.2 -37.7289 42.5525 25.2 -37.8053 42.2648 25.2 -37.881 41.9447 25.2 -37.9921 41.6507 25.2 -38.3371 41.0002 25.2 -38.4582 40.7062 25.2 -38.6686 40.0558 25.2 -38.6894 39.9394 25.2 -38.7497 39.6973 25.2 -38.7615 39.6454 25.2 -38.8646 39.1113 25.2 -38.9602 38.8173 25.2 -39.2493 38.1669 25.2 -39.4481 37.2224 25.2 -39.5295 36.9284 25.2 -39.6942 36.1589 25.2 -39.7294 35.984 25.2 -39.7503 35.3336 25.2 -39.729 35.2344 25.2 -39.6905 34.584 25.2 -39.6457 34.3891 25.2 -39.209 33.1507 25.2 -38.9229 32.5002 25.2 -38.8796 32.3746 25.2 -38.7271 31.7242 25.2 -38.6671 31.5558 25.2 -38.5786 31.2618 25.2 -38.3491 30.6113 25.2 -37.8344 29.6983 25.2 -37.819 29.6669 25.2 -37.8053 29.6248 25.2 -37.5841 29.0165 25.2 -37.4713 28.7225 25.2 -36.8609 27.8962 25.2 -36.8193 27.8439 25.2 -36.7684 27.778 25.2 -36.2043 27.1276 25.2 -35.9567 26.8336 25.2 -35.9164 26.7896 25.2 -35.1212 25.8891 25.2 -35.0932 25.7902 25.2 -34.972 25.4274 25.2 -34.8973 25.1398 25.2 -34.8546 24.9447 25.2 -34.8756 24.6507 25.2 -34.8769 24.0003 25.2 -34.8861 23.7063 25.2 -34.9173 23.0558 25.2 -34.9595 22.9287 25.2 -35.0076 22.6347 25.2 -35.2209 22.1114 25.2 -35.2279 21.8174 25.2 -35.2732 21.1669 25.2 -35.2305 21.0954 25.2 -34.972 20.7103 25.2 -34.7299 20.445 25.2 -34.5411 20.2225 25.2 -34.4359 20.1233 25.2 -34.0275 19.7267 25.2 -33.6958 19.4729 25.2 -33.4018 19.2103 25.2 -33.0831 19.0074 25.2 -32.5383 18.5599 25.2 -32.2887 18.3336 25.2 -32.2443 18.2905 25.2 -32.1386 18.1547 25.2 -31.8564 17.6401 25.2 -31.6543 17.3892 25.2 -31.5624 17.2209 25.2 -31.1942 16.6013 25.2 -31.1702 16.5705 25.2 -31.0953 16.4447 25.2 -31.0029 16.1507 25.2 -30.6626 15.5003 25.2 -30.3414 14.5558 25.2 -30.3169 14.5072 25.2 -30.2498 14.3559 25.2 -30.0583 13.8568 25.2 -29.9527 13.6114 25.2 -29.9405 13.3174 25.2 -29.9239 12.6669 25.2 -30.1321 12.1855 25.2 -30.2498 11.9321 25.2 -30.3085 11.8915 25.2 -30.5155 11.7225 25.2 -30.9589 11.5647 25.2 -31.1942 11.4885 25.2 -32.1386 11.3583 25.2 -33.0831 11.2882 25.2 -50.8 11.1024 25.2 
1
229
-50.8 50.8 26.1 1.59817e-015 50.8 26.1 1.59816e-015 11.2062 26.1 -0.027612 11.1822 26.1 -0.972054 11.1099 26.1 -18.9165 11.2749 26.1 -19.8609 11.3346 26.1 -20.8053 11.4385 26.1 -21.2195 11.7225 26.1 -21.7498 12.3372 26.1 -21.93 12.5581 26.1 -22.0161 12.6669 26.1 -22.2446 13.2729 26.1 -22.362 13.6114 26.1 -22.3525 14.2173 26.1 -22.34 14.5558 26.1 -22.2892 15.1618 26.1 -22.2426 15.5003 26.1 -21.9426 16.1062 26.1 -21.8387 16.4447 26.1 -21.7904 16.5358 26.1 -21.6719 16.8743 26.1 -21.462 17.3892 26.1 -21.4229 17.9951 26.1 -21.3776 18.3336 26.1 -21.0331 18.9395 26.1 -20.969 19.0206 26.1 -20.8053 19.2442 26.1 -20.6287 19.278 26.1 -20.4668 19.3003 26.1 -19.8609 19.3378 26.1 -19.5224 19.3522 26.1 -18.9165 19.3542 26.1 -17.972 19.3809 26.1 -17.6335 19.3846 26.1 -17.0276 19.4058 26.1 -16.0831 19.3898 26.1 -15.1387 19.429 26.1 -14.1942 20.1165 26.1 -14.1653 20.151 26.1 -14.0949 20.2225 26.1 -13.6787 20.8284 26.1 -13.516 21.1669 26.1 -13.4986 21.7729 26.1 -13.399 22.1114 26.1 -13.4553 22.7173 26.1 -13.5527 23.0558 26.1 -13.9631 23.6618 26.1 -14.1354 24.0003 26.1 -13.7136 24.6062 26.1 -13.5454 24.9447 26.1 -13.4474 25.8891 26.1 -13.403 26.4951 26.1 -13.3319 26.8336 26.1 -13.363 27.4395 26.1 -13.3628 27.778 26.1 -13.2891 27.9051 26.1 -13.2498 27.9931 26.1 -12.9113 28.1921 26.1 -12.3054 28.4909 26.1 -12.1914 28.5424 26.1 -11.8508 28.7225 26.1 -11.6538 29.3284 26.1 -11.5034 29.6669 26.1 -11.5659 30.2728 26.1 -11.5025 30.6113 26.1 -11.7593 31.2173 26.1 -11.9838 31.5558 26.1 -12.0871 31.7975 26.1 -12.3054 32.1857 26.1 -12.3946 32.4034 26.1 -12.4292 32.5002 26.1 -12.6988 33.1062 26.1 -12.907 33.4447 26.1 -13.0027 33.5571 26.1 -13.2498 33.821 26.1 -13.6359 34.163 26.1 -13.882 34.3891 26.1 -13.9743 34.4432 26.1 -14.1942 34.5818 26.1 -14.8002 34.7073 26.1 -15.1387 34.9384 26.1 -15.3449 35.2802 26.1 -15.3752 35.3336 26.1 -15.3115 35.9395 26.1 -15.3521 36.278 26.1 -15.3356 36.8839 26.1 -15.3341 37.2224 26.1 -15.3471 37.8284 26.1 -15.3594 38.1669 26.1 -15.4561 38.7728 26.1 -15.5857 39.1113 26.1 -15.7127 39.3477 26.1 -16.0831 39.8307 26.1 -16.164 39.9537 26.1 -16.2082 40.0558 26.1 -16.3638 41.0002 26.1 -16.7211 41.6062 26.1 -16.9273 41.9447 26.1 -17.1773 42.6447 26.1 -17.2598 42.8891 26.1 -17.9223 43.8335 26.1 -17.972 43.8898 26.1 -18.8182 44.778 26.1 -18.9165 44.8752 26.1 -19.8723 45.7224 26.1 -19.8724 45.7225 26.1 -20.8845 46.6323 26.1 -20.9377 46.6669 26.1 -21.223 46.8464 26.1 -21.7498 47.301 26.1 -22.0883 47.4192 26.1 -22.6653 47.5705 26.1 -22.6942 47.5775 26.1 -22.8107 47.6113 26.1 -23.0327 47.6676 26.1 -24.2446 47.797 26.1 -24.5831 47.8391 26.1 -25.5275 47.93 26.1 -26.472 47.9851 26.1 -27.4164 47.9989 26.1 -28.3609 47.9971 26.1 -29.3053 47.9707 26.1 -29.9113 47.9247 26.1 -32.1386 47.6928 26.1 -32.2419 47.6613 26.1 -32.609 47.6113 26.1 -32.8479 47.5716 26.1 -33.0831 47.4871 26.1 -33.689 47.037 26.1 -34.0275 46.8521 26.1 -34.1931 46.7831 26.1 -34.7991 46.626 26.1 -34.972 46.5391 26.1 -35.8753 45.776 26.1 -35.9164 45.7399 26.1 -35.9338 45.7224 26.1 -36.2227 45.3839 26.1 -36.6741 44.778 26.1 -36.7757 44.5088 26.1 -36.9421 44.1703 26.1 -37.0835 43.8335 26.1 -37.2993 43.495 26.1 -37.6978 42.8891 26.1 -37.7638 42.634 26.1 -37.8439 42.2955 26.1 -37.9451 41.9447 26.1 -38.1246 41.6062 26.1 -38.5356 41.0002 26.1 -38.6451 40.6617 26.1 -38.7287 40.0558 26.1 -38.7389 40.0063 26.1 -38.8033 39.6678 26.1 -38.9338 39.1113 26.1 -39.0842 38.7728 26.1 -39.4357 38.1669 26.1 -39.5057 37.8284 26.1 -39.5874 37.2224 26.1 -39.6101 36.6165 26.1 -39.6819 36.278 26.1 -39.7092 35.3336 26.1 -39.6547 34.3891 26.1 -39.5347 34.0506 26.1 -39.3491 33.4447 26.1 -39.2001 33.1062 26.1 -38.9471 32.5002 26.1 -38.8795 32.2137 26.1 -38.7497 31.8047 26.1 -38.6907 31.5558 26.1 -38.3662 30.6113 26.1 -37.8219 29.6669 26.1 -37.8067 29.6204 26.1 -37.8053 29.6159 26.1 -37.6022 29.0145 26.1 -37.4951 28.7225 26.1 -36.8609 27.8846 26.1 -36.7955 27.8052 26.1 -36.7738 27.778 26.1 -36.4802 27.4395 26.1 -36.1193 26.8336 26.1 -35.9164 26.6107 26.1 -35.5813 26.2022 26.1 -35.3059 25.8891 26.1 -35.2428 25.7003 26.1 -34.972 25.1324 26.1 -34.9574 25.0943 26.1 -34.9185 24.9447 26.1 -34.9146 24.0003 26.1 -34.9633 23.0558 26.1 -34.972 23.0297 26.1 -35.0986 22.7173 26.1 -35.4457 22.1114 26.1 -35.4692 21.7729 26.1 -35.493 21.1669 26.1 -35.3585 20.9665 26.1 -34.972 20.4218 26.1 -34.9125 20.3606 26.1 -34.7865 20.2225 26.1 -34.0275 19.4994 26.1 -33.8346 19.4101 26.1 -33.662 19.278 26.1 -33.4962 19.1725 26.1 -33.0831 18.9968 26.1 -32.5827 18.5665 26.1 -32.2992 18.3336 26.1 -32.2442 18.2629 26.1 -32.1386 18.1162 26.1 -31.8963 17.657 26.1 -31.7494 17.3892 26.1 -31.1942 16.4617 26.1 -31.1935 16.4608 26.1 -31.181 16.4447 26.1 -30.6936 15.5003 26.1 -30.3787 14.5558 26.1 -30.3438 14.4771 26.1 -30.2498 14.2435 26.1 -30.1181 13.8711 26.1 -30.0184 13.6114 26.1 -29.9892 12.6669 26.1 -30.1415 12.2947 26.1 -30.2498 12.0442 26.1 -30.3575 11.9562 26.1 -30.6075 11.7225 26.1 -30.9635 11.5848 26.1 -31.1942 11.5027 26.1 -32.1386 11.365 26.1 -33.0831 11.292 26.1 -34.0275 11.2466 26.1 -50.8 11.1023 26.1 
1
204
-50.8 50.8 27 1.65327e-015 50.8 27 1.65327e-015 11.2061 27 -0.027612 11.1821 27 -0.972054 11.1098 27 -18.9165 11.2671 27 -19.8609 11.3224 27 -20.8053 11.4165 27 -21.2486 11.7225 27 -21.7498 12.3014 27 -22.0507 12.6669 27 -22.4113 13.6114 27 -22.4251 14.1729 27 -22.4048 15.1174 27 -22.3726 15.5003 27 -21.8954 16.4447 27 -21.7803 16.6466 27 -21.7498 16.7041 27 -21.4665 17.3892 27 -21.4118 18.3336 27 -21.1436 18.8951 27 -20.9259 19.278 27 -20.8053 19.3527 27 -20.4224 19.3764 27 -18.9165 19.37 27 -17.5891 19.4077 27 -17.0276 19.4374 27 -16.0831 19.4209 27 -15.1387 19.4644 27 -14.7558 19.741 27 -14.1942 20.164 27 -14.1366 20.2225 27 -13.4833 21.1669 27 -13.4582 22.1114 27 -13.5395 23.0558 27 -13.7988 23.4387 27 -14.1942 23.9807 27 -14.2075 24.0003 27 -14.1942 24.0201 27 -14.1706 24.0495 27 -13.7903 24.5618 27 -13.5238 24.9447 27 -13.4282 25.8891 27 -13.4011 26.4507 27 -13.3731 26.8336 27 -13.4163 27.778 27 -13.2963 27.9749 27 -13.2498 28.0552 27 -12.8669 28.244 27 -12.3054 28.5057 27 -11.8907 28.7225 27 -11.633 29.284 27 -11.5085 29.6669 27 -11.5201 30.2284 27 -11.5596 30.6113 27 -11.8863 31.1729 27 -12.0486 31.5558 27 -12.1865 31.8011 27 -12.3054 31.9917 27 -12.4702 32.3626 27 -12.5266 32.5002 27 -12.9428 33.4447 27 -13.099 33.6115 27 -13.2498 33.7676 27 -13.7357 34.173 27 -13.9797 34.3891 27 -14.1186 34.4767 27 -14.1942 34.5215 27 -14.7558 34.6984 27 -15.1387 34.7777 27 -15.3208 35.1176 27 -15.4511 35.3336 27 -15.418 35.8951 27 -15.3777 36.278 27 -15.3458 37.2224 27 -15.3454 37.784 27 -15.3536 38.1669 27 -15.5074 39.1113 27 -16.0831 39.8508 27 -16.2198 40.0558 27 -16.3756 41.0002 27 -16.9411 41.9447 27 -17.0276 42.1811 27 -17.2742 42.8891 27 -17.5432 43.272 27 -17.953 43.8335 27 -17.972 43.8549 27 -18.8636 44.778 27 -18.9165 44.8301 27 -19.8609 45.6725 27 -20.9542 46.6669 27 -21.7498 47.3566 27 -22.6942 47.5977 27 -23.2558 47.6488 27 -23.6387 47.6895 27 -24.2002 47.7381 27 -24.5831 47.7792 27 -25.1446 47.8201 27 -25.5275 47.8557 27 -26.0891 47.8808 27 -26.472 47.9036 27 -27.4164 47.9184 27 -29.3053 47.9008 27 -29.8669 47.8709 27 -30.8113 47.7949 27 -31.1942 47.7546 27 -31.7557 47.7081 27 -32.1386 47.669 27 -32.5734 47.6113 27 -33.0831 47.5296 27 -33.6446 47.0837 27 -34.0275 46.7993 27 -34.3093 46.7259 27 -34.5626 46.6669 27 -34.8709 46.5999 27 -34.972 46.5741 27 -35.9164 45.7728 27 -35.9663 45.7224 27 -36.6791 44.778 27 -36.8609 44.2886 27 -37.0523 43.8335 27 -37.3042 43.4506 27 -37.6905 42.8891 27 -37.8053 42.4477 27 -37.9499 41.9447 27 -38.5891 41.0002 27 -38.7254 40.0558 27 -38.7497 39.9369 27 -38.9421 39.1113 27 -39.4918 38.1669 27 -39.6114 37.2224 27 -39.6257 36.8395 27 -39.6485 35.8951 27 -39.6511 35.3336 27 -39.6028 34.3891 27 -39.4855 34.0062 27 -39.459 33.4447 27 -39.0727 32.5002 27 -38.9907 32.2417 27 -38.7497 31.8286 27 -38.6804 31.6802 27 -38.6505 31.5558 27 -38.3355 30.6113 27 -38.1129 30.2284 27 -37.8053 29.7322 27 -37.7711 29.6669 27 -37.7703 29.664 27 -37.6419 29.284 27 -37.4628 28.7225 27 -37.2082 28.3898 27 -36.8609 27.9137 27 -36.8091 27.8282 27 -36.7678 27.778 27 -36.5397 27.3951 27 -36.349 26.8336 27 -36.2355 26.7088 27 -35.9164 26.3758 27 -35.7213 26.1472 27 -35.5096 25.8891 27 -35.1474 25.3276 27 -34.9763 24.9687 27 -34.972 24.9592 27 -34.9664 24.9447 27 -34.9647 24.7136 27 -34.972 24.6727 27 -35.1062 24.0003 27 -35.1603 23.0558 27 -35.3796 22.6729 27 -35.5519 22.1114 27 -35.567 21.7285 27 -35.5579 21.1669 27 -34.972 20.337 27 -34.8609 20.2225 27 -34.0275 19.4354 27 -33.7926 19.3344 27 -33.6707 19.278 27 -33.0831 19.0326 27 -32.6225 18.6055 27 -32.3063 18.3336 27 -32.2396 18.2409 27 -32.1386 18.0958 27 -31.7664 17.3892 27 -31.4479 16.8276 27 -31.2182 16.4453 27 -31.2177 16.4447 27 -31.1942 16.4061 27 -30.7425 15.5003 27 -30.4214 14.5558 27 -30.362 14.4082 27 -30.2498 14.0989 27 -30.1692 13.8467 27 -30.0859 13.6114 27 -30.073 13.2285 27 -30.1522 12.6669 27 -30.1536 12.6608 27 -30.2498 12.4256 27 -30.4078 12.2779 27 -30.6753 11.7225 27 -30.9693 11.5969 27 -31.1942 11.5099 27 -32.1386 11.3685 27 -33.0831 11.2941 27 -34.0275 11.248 27 -50.8 11.1023 27 
1
194
-50.8 50.8 27.9 1.70838e-015 50.8 27.9 1.70838e-015 11.2058 27.9 -0.027612 11.1819 27.9 -0.972054 11.1095 27.9 -19.8609 11.3085 27.9 -20.3779 11.3493 27.9 -20.8053 11.3898 27.9 -21.2832 11.7225 27.9 -22.09 12.6669 27.9 -22.4524 13.6114 27.9 -22.4814 15.0729 27.9 -22.4706 15.5003 27.9 -22.2185 16.0173 27.9 -21.9995 16.4447 27.9 -21.7498 16.8831 27.9 -21.54 17.3892 27.9 -21.49 18.3336 27.9 -21.2731 18.8506 27.9 -21.069 19.278 27.9 -20.8053 19.4445 27.9 -20.3779 19.4421 27.9 -19.8609 19.4274 27.9 -18.9165 19.4255 27.9 -17.972 19.4443 27.9 -17.0276 19.4901 27.9 -16.6002 19.4839 27.9 -16.0831 19.4888 27.9 -15.1387 19.5392 27.9 -14.7113 19.8611 27.9 -14.2352 20.2225 27.9 -14.1942 20.2646 27.9 -14.1842 20.2754 27.9 -13.561 21.1669 27.9 -13.5424 22.1114 27.9 -13.6169 23.0558 27.9 -13.8998 23.4462 27.9 -14.1942 23.8206 27.9 -14.3028 23.9633 27.9 -14.3278 24.0003 27.9 -14.2193 24.1439 27.9 -14.1942 24.1813 27.9 -13.9048 24.5712 27.9 -13.605 24.9447 27.9 -13.5052 25.8891 27.9 -13.4911 26.4062 27.9 -13.4705 26.8336 27.9 -13.5033 27.778 27.9 -13.3411 28.0317 27.9 -13.2498 28.1815 27.9 -12.8224 28.3807 27.9 -12.3054 28.5926 27.9 -12.0528 28.7225 27.9 -11.7902 29.2395 27.9 -11.594 29.6669 27.9 -11.6078 30.6113 27.9 -12.1525 31.5558 27.9 -12.243 31.7008 27.9 -12.3054 31.7959 27.9 -12.5023 32.2179 27.9 -13.0448 33.4447 27.9 -13.2498 33.6553 27.9 -14.1417 34.3891 27.9 -14.1942 34.4202 27.9 -14.2126 34.4232 27.9 -14.7113 34.5615 27.9 -15.1387 34.696 27.9 -15.3605 35.0749 27.9 -15.4991 35.3336 27.9 -15.4399 35.8506 27.9 -15.4146 36.278 27.9 -15.3757 37.2224 27.9 -15.3882 37.7395 27.9 -15.3879 38.1669 27.9 -15.4599 38.6839 27.9 -15.5305 39.1113 27.9 -16.0831 39.8084 27.9 -16.2525 40.0558 27.9 -16.4128 41.0002 27.9 -16.6713 41.4276 27.9 -17.0162 41.9447 27.9 -17.0276 41.9759 27.9 -17.1638 42.3721 27.9 -17.3225 42.8891 27.9 -17.972 43.7764 27.9 -18.025 43.8332 27.9 -18.0253 43.8335 27.9 -18.956 44.778 27.9 -19.4335 45.2232 27.9 -19.8609 45.6066 27.9 -21.0086 46.6669 27.9 -21.7498 47.3203 27.9 -22.6942 47.5549 27.9 -23.2113 47.5911 27.9 -23.6387 47.63 27.9 -24.1557 47.6635 27.9 -24.5831 47.7005 27.9 -25.1001 47.7292 27.9 -25.5275 47.7604 27.9 -26.0446 47.776 27.9 -26.472 47.7951 27.9 -27.4164 47.8064 27.9 -29.8224 47.7791 27.9 -30.7668 47.7311 27.9 -32.1386 47.6226 27.9 -32.293 47.6028 27.9 -32.566 47.5597 27.9 -33.0831 47.4915 27.9 -33.5105 47.1521 27.9 -34.0275 46.7059 27.9 -34.1948 46.6669 27.9 -34.2203 46.6624 27.9 -34.4549 46.6114 27.9 -34.972 46.5213 27.9 -35.9041 45.7224 27.9 -35.9164 45.7101 27.9 -35.9289 45.6972 27.9 -36.6242 44.778 27.9 -36.7714 44.3578 27.9 -36.8609 44.1148 27.9 -36.98 43.8335 27.9 -37.2741 43.4061 27.9 -37.6466 42.8891 27.9 -37.8053 42.2694 27.9 -37.8987 41.9447 27.9 -38.1875 41.5173 27.9 -38.5536 41.0002 27.9 -38.6911 40.0558 27.9 -38.7361 39.7882 27.9 -38.7497 39.7215 27.9 -38.8334 39.3608 27.9 -38.8836 39.1113 27.9 -39.1329 38.6839 27.9 -39.4652 38.1669 27.9 -39.5818 37.2224 27.9 -39.5965 35.3336 27.9 -39.5108 33.4447 27.9 -39.13 32.5002 27.9 -38.7497 31.8566 27.9 -38.6076 31.5558 27.9 -38.2909 30.6113 27.9 -38.0575 30.2349 27.9 -37.8053 29.8517 27.9 -37.7065 29.6669 27.9 -37.5701 29.2395 27.9 -37.4144 28.7225 27.9 -37.15 28.3602 27.9 -36.8609 27.997 27.9 -36.7634 27.8431 27.9 -36.724 27.778 27.9 -36.5789 27.3506 27.9 -36.4135 26.8336 27.9 -35.9164 26.3131 27.9 -35.6951 26.063 27.9 -35.5466 25.8891 27.9 -35.271 25.4617 27.9 -34.972 25.0162 27.9 -34.9273 24.9447 27.9 -34.9753 24.8696 27.9 -35.2447 24.4277 27.9 -35.3539 24.0003 27.9 -35.3986 23.0558 27.9 -35.5298 22.6284 27.9 -35.5155 21.1669 27.9 -35.2554 20.7972 27.9 -34.972 20.3795 27.9 -34.8219 20.2225 27.9 -34.0275 19.4708 27.9 -33.7282 19.3548 27.9 -33.5495 19.278 27.9 -33.3009 19.1757 27.9 -33.0831 19.093 27.9 -32.6302 18.6586 27.9 -32.2797 18.3336 27.9 -32.1386 18.1289 27.9 -31.7531 17.3892 27.9 -31.5108 16.9618 27.9 -31.2393 16.4447 27.9 -31.1942 16.3707 27.9 -30.7622 15.5003 27.9 -30.4404 14.5558 27.9 -30.4343 14.0388 27.9 -30.2814 13.6114 27.9 -30.2952 13.4465 27.9 -30.3912 12.6669 27.9 -30.5958 12.2395 27.9 -30.7681 11.7225 27.9 -30.9704 11.587 27.9 -31.1942 11.4914 27.9 -31.7112 11.4258 27.9 -32.1386 11.3615 27.9 -33.0831 11.2907 27.9 -34.0275 11.2462 27.9 -50.8 11.1022 27.9 
1
187
-50.8 50.8 28.8 1.76349e-015 50.8 28.8 1.76349e-015 11.2054 28.8 -0.027612 11.1814 28.8 -0.972054 11.1091 28.8 -19.8609 11.2923 28.8 -20.3335 11.3228 28.8 -20.8053 11.3601 28.8 -21.3214 11.7225 28.8 -21.9655 12.4539 28.8 -22.1461 12.6669 28.8 -22.5062 13.6114 28.8 -22.5205 14.5558 28.8 -22.5302 15.5003 28.8 -22.0716 16.4447 28.8 -21.8977 16.7748 28.8 -21.7498 17.0347 28.8 -21.663 17.2466 28.8 -21.6094 17.3892 28.8 -21.5639 18.3336 28.8 -21.1753 19.278 28.8 -20.8053 19.5178 28.8 -19.8609 19.4932 28.8 -17.972 19.5124 28.8 -17.0276 19.5497 28.8 -16.5557 19.5541 28.8 -16.0831 19.5683 28.8 -15.1387 19.6197 28.8 -14.3366 20.2225 28.8 -14.1942 20.3675 28.8 -13.6305 21.1669 28.8 -13.6167 22.1114 28.8 -13.63 22.584 28.8 -13.6662 23.0558 28.8 -13.9348 23.3975 28.8 -14.1942 23.8381 28.8 -14.2193 23.8701 28.8 -14.3184 24.0003 28.8 -14.2933 24.032 28.8 -14.1942 24.163 28.8 -13.9206 24.5038 28.8 -13.6572 24.9447 28.8 -13.6345 25.4173 28.8 -13.5836 25.8891 28.8 -13.5633 26.8336 28.8 -13.5688 27.3062 28.8 -13.5825 27.778 28.8 -13.3979 28.0546 28.8 -13.2498 28.2861 28.8 -12.778 28.4795 28.8 -12.3054 28.6509 28.8 -12.1656 28.7225 28.8 -11.9141 29.1951 28.8 -11.6744 29.6669 28.8 -11.6818 30.6113 28.8 -12.2187 31.5558 28.8 -12.3054 31.6866 28.8 -12.6913 32.5002 28.8 -13.1125 33.4447 28.8 -13.2498 33.5842 28.8 -14.1942 34.362 28.8 -14.2952 34.3859 28.8 -14.312 34.3891 28.8 -14.767 34.5152 28.8 -15.1387 34.6376 28.8 -15.5514 35.3336 28.8 -15.53 35.8062 28.8 -15.4759 36.278 28.8 -15.4341 37.2224 28.8 -15.4603 38.1669 28.8 -15.5869 39.1113 28.8 -16.0831 39.7307 28.8 -16.2198 39.9184 28.8 -16.3149 40.0558 28.8 -16.4751 41.0002 28.8 -16.7696 41.4438 28.8 -17.0276 41.8105 28.8 -17.1056 41.9164 28.8 -17.1243 41.9447 28.8 -17.2538 42.4173 28.8 -17.3985 42.8891 28.8 -17.972 43.6715 28.8 -18.1254 43.8335 28.8 -19.065 44.778 28.8 -21.0793 46.6669 28.8 -21.4343 46.9837 28.8 -21.7498 47.2742 28.8 -22.6942 47.5045 28.8 -23.1668 47.5286 28.8 -23.6387 47.5617 28.8 -24.1113 47.5834 28.8 -24.5831 47.614 28.8 -25.0789 47.6344 28.8 -25.5275 47.6593 28.8 -26.472 47.684 28.8 -30.2498 47.6556 28.8 -31.1942 47.6178 28.8 -31.666 47.5836 28.8 -32.1386 47.5615 28.8 -33.0831 47.4426 28.8 -33.9709 46.6669 28.8 -34.0216 46.6303 28.8 -34.0275 46.6262 28.8 -34.972 46.4621 28.8 -35.8349 45.7224 28.8 -35.9164 45.6409 28.8 -36.5565 44.778 28.8 -36.7138 44.3054 28.8 -36.8609 43.8901 28.8 -36.8851 43.8335 28.8 -36.8987 43.8179 28.8 -37.5764 42.8891 28.8 -37.8053 41.9689 28.8 -37.8123 41.9447 28.8 -37.8345 41.9181 28.8 -38.1665 41.472 28.8 -38.5005 41.0002 28.8 -38.5681 40.5284 28.8 -38.6838 39.5831 28.8 -38.7497 39.1913 28.8 -38.7658 39.1113 28.8 -39.1126 38.6387 28.8 -39.4158 38.1669 28.8 -39.5402 37.2224 28.8 -39.5533 36.278 28.8 -39.5454 35.3336 28.8 -39.4672 33.4447 28.8 -39.2769 32.9729 28.8 -39.0776 32.5002 28.8 -38.8979 32.1998 28.8 -38.7497 31.9654 28.8 -38.5514 31.5558 28.8 -38.2295 30.6113 28.8 -37.9994 30.2617 28.8 -37.8053 29.9874 28.8 -37.6928 29.7891 28.8 -37.627 29.6669 28.8 -37.4848 29.1951 28.8 -37.354 28.7225 28.8 -37.0902 28.3911 28.8 -36.8609 28.1209 28.8 -36.726 27.9185 28.8 -36.6371 27.778 28.8 -36.4862 27.3062 28.8 -36.3428 26.8336 28.8 -35.6637 26.1173 28.8 -35.4618 25.8891 28.8 -35.1919 25.4872 28.8 -34.972 25.2107 28.8 -34.8268 25.0146 28.8 -34.7832 24.9447 28.8 -34.9283 24.7621 28.8 -34.972 24.6936 28.8 -35.2178 24.2903 28.8 -35.4247 24.0003 28.8 -35.4673 23.0558 28.8 -35.4625 21.1669 28.8 -35.2039 20.7857 28.8 -34.972 20.4266 28.8 -34.8688 20.3131 28.8 -34.7829 20.2225 28.8 -34.0275 19.5048 28.8 -33.6626 19.3838 28.8 -33.1908 19.2025 28.8 -33.0831 19.1669 28.8 -32.2206 18.3336 28.8 -32.1386 18.2136 28.8 -31.2233 16.4447 28.8 -31.1988 16.4045 28.8 -31.1942 16.3977 28.8 -30.9276 15.9319 28.8 -30.7106 15.5003 28.8 -30.5518 15.0285 28.8 -30.4882 14.5558 28.8 -30.4826 14.084 28.8 -30.4467 13.6114 28.8 -30.4861 13.1396 28.8 -30.4674 12.6669 28.8 -30.6246 12.1951 28.8 -30.7734 11.7225 28.8 -31.1942 11.4371 28.8 -31.6668 11.3991 28.8 -32.1386 11.3392 28.8 -32.6113 11.3135 28.8 -33.0831 11.2797 28.8 -34.0275 11.24 28.8 -50.8 11.102 28.8 
1
174
-50.8 50.8 29.7 1.8186e-015 50.8 29.7 1.8186e-015 11.2049 29.7 -0.027612 11.1809 29.7 -0.972054 11.1085 29.7 -20.8053 11.3326 29.7 -21.356 11.7225 29.7 -21.97 12.4011 29.7 -22.2057 12.6669 29.7 -22.3488 13.0951 29.7 -22.5449 13.6114 29.7 -22.4546 14.0396 29.7 -22.4635 15.5003 29.7 -22.2732 15.9285 29.7 -22.0236 16.4447 29.7 -21.9397 16.7207 29.7 -21.7498 17.0812 29.7 -21.6912 17.2369 29.7 -21.663 17.3892 29.7 -21.6202 18.3336 29.7 -21.3604 18.7618 29.7 -21.1522 19.278 29.7 -21.0321 19.3633 29.7 -20.8053 19.5123 29.7 -20.2891 19.5001 29.7 -19.8609 19.5568 29.7 -18.9165 19.5602 29.7 -17.972 19.5739 29.7 -16.0831 19.6349 29.7 -15.1387 19.6824 29.7 -14.4139 20.2225 29.7 -14.1942 20.4444 29.7 -13.6834 21.1669 29.7 -13.6732 22.1114 29.7 -13.6739 22.5396 29.7 -13.6884 23.0558 29.7 -13.6888 23.484 29.7 -13.9721 23.9654 29.7 -13.9917 24.0003 29.7 -13.6843 24.5165 29.7 -13.6712 25.3729 29.7 -13.6465 25.8891 29.7 -13.6359 26.8336 29.7 -13.6449 27.778 29.7 -13.2498 28.3616 29.7 -12.7336 28.5488 29.7 -12.3054 28.6903 29.7 -12.2429 28.7225 29.7 -12.0013 29.1507 29.7 -11.7266 29.6669 29.7 -11.7312 30.6113 29.7 -12.2634 31.5558 29.7 -12.3054 31.6175 29.7 -12.7343 32.5002 29.7 -13.1539 33.4447 29.7 -13.2498 33.5419 29.7 -14.1942 34.3321 29.7 -14.4367 34.3891 29.7 -15.1387 34.6171 29.7 -15.5712 35.3336 29.7 -15.5675 35.7618 29.7 -15.5442 36.278 29.7 -15.5324 36.7062 29.7 -15.5093 37.2224 29.7 -15.5358 38.1669 29.7 -15.6592 39.1113 29.7 -16.0831 39.6361 29.7 -16.2483 39.8508 29.7 -16.3976 40.0558 29.7 -16.5492 41.0002 29.7 -16.831 41.4007 29.7 -17.0276 41.6705 29.7 -17.1551 41.829 29.7 -17.2404 41.9447 29.7 -17.337 42.3729 29.7 -17.4784 42.8891 29.7 -17.972 43.5684 29.7 -18.2271 43.8335 29.7 -19.1686 44.778 29.7 -21.7498 47.2215 29.7 -22.6942 47.4499 29.7 -23.6387 47.4922 29.7 -24.5831 47.5312 29.7 -25.5275 47.5648 29.7 -26.472 47.5829 29.7 -32.1386 47.4941 29.7 -33.0831 47.3854 29.7 -33.8871 46.6669 29.7 -33.9721 46.6034 29.7 -34.0275 46.5634 29.7 -34.972 46.4008 29.7 -35.7709 45.7224 29.7 -35.9164 45.5774 29.7 -36.4948 44.778 29.7 -36.6665 44.2617 29.7 -36.7966 43.8335 29.7 -36.847 43.7751 29.7 -36.8609 43.7581 29.7 -37.5045 42.8891 29.7 -37.7298 41.9447 29.7 -37.7846 41.8728 29.7 -37.8053 41.8438 29.7 -38.1679 41.3566 29.7 -38.4412 41.0002 29.7 -38.5045 40.484 29.7 -38.5499 40.0558 29.7 -38.6129 39.5395 29.7 -38.6463 39.1113 29.7 -38.7225 38.9985 29.7 -38.7497 38.9544 29.7 -39.096 38.4823 29.7 -39.3554 38.1669 29.7 -39.4826 37.2224 29.7 -39.5002 36.278 29.7 -39.4883 35.3336 29.7 -39.4666 34.8173 29.7 -39.4273 33.4447 29.7 -39.2095 32.9284 29.7 -39.0178 32.5002 29.7 -38.8559 32.2441 29.7 -38.7497 32.0847 29.7 -38.4871 31.5558 29.7 -38.3104 31.0395 29.7 -38.1527 30.6113 29.7 -37.9408 30.3117 29.7 -37.8053 30.1358 29.7 -37.5349 29.6669 29.7 -37.2761 28.7225 29.7 -37.0257 28.4273 29.7 -36.8609 28.2469 29.7 -36.6897 27.999 29.7 -36.5424 27.778 29.7 -36.3857 27.2618 29.7 -36.2725 26.8336 29.7 -35.9164 26.4569 29.7 -35.6468 26.1832 29.7 -35.3709 25.8891 29.7 -35.1306 25.587 29.7 -34.972 25.4045 29.7 -34.7738 25.1588 29.7 -34.6152 24.9447 29.7 -34.8134 24.72 29.7 -34.972 24.5205 29.7 -35.198 24.2038 29.7 -35.3501 24.0003 29.7 -35.4 23.0558 29.7 -35.4081 22.1114 29.7 -35.412 21.1669 29.7 -34.972 20.4779 29.7 -34.743 20.2225 29.7 -34.0275 19.5431 29.7 -33.5993 19.4242 29.7 -33.3554 19.3477 29.7 -33.0831 19.2575 29.7 -33.0629 19.2391 29.7 -32.1642 18.3594 29.7 -32.1396 18.3336 29.7 -32.1136 18.2965 29.7 -31.3865 16.8729 29.7 -31.3678 16.8415 29.7 -31.1942 16.537 29.7 -31.1158 16.4373 29.7 -30.5867 15.5003 29.7 -30.5172 14.984 29.7 -30.4428 14.0396 29.7 -30.3885 12.6669 29.7 -30.681 11.7225 29.7 -31.1942 11.3662 29.7 -31.6224 11.3482 29.7 -32.1386 11.3068 29.7 -32.5668 11.2908 29.7 -33.0831 11.2626 29.7 -34.0275 11.23 29.7 -50.8 11.1017 29.7 
1
157
-50.8 50.8 30.6 1.87371e-015 50.8 30.6 1.87371e-015 11.2042 30.6 -0.027612 11.1802 30.6 -0.972054 11.1077 30.6 -20.8053 11.3092 30.6 -21.3853 11.7225 30.6 -22.2547 12.6669 30.6 -22.1475 13.0507 30.6 -22.3348 13.6114 30.6 -22.2166 14.172 30.6 -22.0839 14.5558 30.6 -22.0859 15.5003 30.6 -21.8526 16.0253 30.6 -21.8331 16.4447 30.6 -21.7498 16.7188 30.6 -21.6966 17.0054 30.6 -21.6974 17.3892 30.6 -21.5539 17.773 30.6 -21.5275 18.3336 30.6 -21.1874 18.8942 30.6 -20.9625 19.1033 30.6 -20.8053 19.2229 30.6 -20.746 19.278 30.6 -20.6843 19.3227 30.6 -20.4215 19.5316 30.6 -19.8609 19.6058 30.6 -19.3003 19.6067 30.6 -17.972 19.6255 30.6 -16.0831 19.6826 30.6 -15.1387 19.7254 30.6 -14.4653 20.2225 30.6 -14.1942 20.4963 30.6 -13.7231 21.1669 30.6 -13.7142 24.0003 30.6 -13.6972 24.9447 30.6 -13.6898 25.8891 30.6 -13.6942 27.778 30.6 -13.2498 28.4193 30.6 -12.6892 28.6045 30.6 -12.3106 28.7225 30.6 -12.3054 28.7245 30.6 -12.292 28.7362 30.6 -11.7605 29.6669 30.6 -11.7636 30.6113 30.6 -12.2957 31.5558 30.6 -12.308 31.5736 30.6 -12.7651 32.5002 30.6 -13.1753 33.4447 30.6 -13.2498 33.521 30.6 -14.1942 34.3091 30.6 -14.5455 34.3891 30.6 -14.9331 34.5127 30.6 -15.1387 34.575 30.6 -15.6033 35.3336 30.6 -15.5905 36.6618 30.6 -15.5752 37.2224 30.6 -15.5786 37.6062 30.6 -15.5921 38.1669 30.6 -15.7221 39.1113 30.6 -16.0831 39.552 30.6 -16.262 39.7747 30.6 -16.4783 40.0558 30.6 -16.622 41.0002 30.6 -17.0276 41.5533 30.6 -17.1857 41.7372 30.6 -17.3527 41.9447 30.6 -17.4226 42.3285 30.6 -17.5491 42.8891 30.6 -17.972 43.4802 30.6 -18.3161 43.8335 30.6 -21.7498 47.1693 30.6 -22.6942 47.3969 30.6 -25.5275 47.4838 30.6 -26.472 47.4967 30.6 -32.1386 47.4307 30.6 -33.0831 47.3266 30.6 -33.8115 46.6669 30.6 -34.0275 46.5038 30.6 -34.972 46.3437 30.6 -35.7152 45.7224 30.6 -35.9164 45.5195 30.6 -36.2409 45.0652 30.6 -36.4394 44.778 30.6 -36.6097 44.2173 30.6 -36.7162 43.8335 30.6 -36.795 43.7463 30.6 -36.8609 43.6699 30.6 -37.4411 42.8891 30.6 -37.5704 42.3285 30.6 -37.6525 41.9447 30.6 -37.7335 41.8441 30.6 -38.3846 41.0002 30.6 -38.444 40.4396 30.6 -38.5216 39.4951 30.6 -38.544 39.1113 30.6 -38.65 38.9636 30.6 -38.7497 38.8159 30.6 -39.0893 38.403 30.6 -39.2961 38.1669 30.6 -39.3695 37.6062 30.6 -39.4272 37.2224 30.6 -39.4432 36.278 30.6 -39.4322 35.3336 30.6 -39.3934 33.4447 30.6 -39.1423 32.884 30.6 -38.9618 32.5002 30.6 -38.8228 32.2915 30.6 -38.7497 32.1861 30.6 -38.4303 31.5558 30.6 -38.0766 30.6113 30.6 -37.8992 30.381 30.6 -37.8053 30.2666 30.6 -37.6426 29.9973 30.6 -37.4495 29.6669 30.6 -37.1931 28.7225 30.6 -36.9774 28.4863 30.6 -36.8609 28.3629 30.6 -36.4519 27.778 30.6 -36.3037 27.2174 30.6 -36.2125 26.8336 30.6 -35.9164 26.5126 30.6 -35.6474 26.2475 30.6 -35.2945 25.8891 30.6 -35.0868 25.6501 30.6 -34.972 25.5226 30.6 -34.7582 25.2663 30.6 -34.4987 24.9447 30.6 -34.7125 24.7134 30.6 -34.972 24.4192 30.6 -35.2856 24.0003 30.6 -35.3398 23.0558 30.6 -35.3655 21.1669 30.6 -34.972 20.5406 30.6 -34.6909 20.2225 30.6 -34.0275 19.5964 30.6 -33.4669 19.4407 30.6 -33.0831 19.3532 30.6 -32.977 19.278 30.6 -32.0576 18.3674 30.6 -32.0249 18.3336 30.6 -31.7422 17.773 30.6 -31.5588 17.3892 30.6 -31.3136 16.9589 30.6 -31.1942 16.7396 30.6 -31.0701 16.5751 30.6 -30.9674 16.4447 30.6 -30.656 15.8841 30.6 -30.4529 15.5003 30.6 -30.4069 14.9396 30.6 -30.3587 13.9952 30.6 -30.3214 12.6669 30.6 -30.6082 11.7225 30.6 -31.1942 11.3071 30.6 -32.1386 11.2727 30.6 -33.0831 11.2427 30.6 -50.8 11.1013 30.6 
1
117
-50.8 50.8 31.5 1.92882e-015 50.8 31.5 1.92882e-015 11.2034 31.5 -0.027612 11.1794 31.5 -0.972054 11.1069 31.5 -20.8053 11.2868 31.5 -21.4131 11.7225 31.5 -22.3005 12.6669 31.5 -22.034 13.6114 31.5 -21.7498 14.4283 31.5 -21.718 14.5558 31.5 -21.7199 17.3892 31.5 -21.3672 18.3336 31.5 -20.3592 19.278 31.5 -19.8609 19.6413 31.5 -17.972 19.6725 31.5 -16.0831 19.718 31.5 -15.1387 19.7551 31.5 -14.4994 20.2225 31.5 -14.1942 20.5333 31.5 -13.7539 21.1669 31.5 -13.729 27.778 31.5 -13.2498 28.4585 31.5 -12.4305 28.7225 31.5 -12.3054 28.7715 31.5 -11.7836 29.6669 31.5 -11.7858 30.6113 31.5 -12.3054 31.5418 31.5 -12.3163 31.5558 31.5 -12.7846 32.5002 31.5 -13.1861 33.4447 31.5 -13.2498 33.5106 31.5 -14.1942 34.2815 31.5 -14.691 34.3891 31.5 -15.1387 34.523 31.5 -15.6451 35.3336 31.5 -15.6288 36.278 31.5 -15.6348 38.1669 31.5 -15.769 39.1113 31.5 -16.5432 40.0558 31.5 -16.681 41.0002 31.5 -17.0276 41.4661 31.5 -17.1974 41.6547 31.5 -17.4466 41.9447 31.5 -17.4986 42.284 31.5 -17.6088 42.8891 31.5 -17.972 43.405 31.5 -21.7498 47.1229 31.5 -22.6942 47.3511 31.5 -32.1386 47.378 31.5 -33.0831 47.2716 31.5 -33.7503 46.6669 31.5 -34.0275 46.4535 31.5 -34.972 46.2966 31.5 -35.6671 45.7224 31.5 -35.9164 45.4643 31.5 -36.3866 44.778 31.5 -36.5544 44.1728 31.5 -36.6427 43.8335 31.5 -36.7366 43.7327 31.5 -36.8609 43.5952 31.5 -37.3851 42.8891 31.5 -37.5145 42.284 31.5 -37.5802 41.9447 31.5 -37.6775 41.8292 31.5 -37.8053 41.6706 31.5 -38.3321 41.0002 31.5 -38.4122 40.0558 31.5 -38.4653 39.1113 31.5 -38.5826 38.9526 31.5 -38.7497 38.7197 31.5 -39.238 38.1669 31.5 -39.3839 37.2224 31.5 -39.3929 36.278 31.5 -39.3599 33.4447 31.5 -38.9125 32.5002 31.5 -38.7972 32.3341 31.5 -38.7497 32.268 31.5 -38.3811 31.5558 31.5 -38.0149 30.6113 31.5 -37.8668 30.4308 31.5 -37.8053 30.3592 31.5 -37.3824 29.6669 31.5 -37.1235 28.7225 31.5 -36.8609 28.4439 31.5 -36.3856 27.778 31.5 -36.166 26.8336 31.5 -35.9164 26.5574 31.5 -35.2391 25.8891 31.5 -34.972 25.5919 31.5 -34.4293 24.9447 31.5 -34.972 24.3604 31.5 -35.2408 24.0003 31.5 -35.2933 23.0558 31.5 -35.3245 21.1669 31.5 -34.972 20.6051 31.5 -34.6339 20.2225 31.5 -34.2319 19.8449 31.5 -34.0275 19.6588 31.5 -33.4224 19.5208 31.5 -33.0831 19.4504 31.5 -32.9704 19.3676 31.5 -32.8448 19.278 31.5 -31.8895 18.3336 31.5 -31.6003 17.7285 31.5 -31.4549 17.3892 31.5 -31.2667 17.0435 31.5 -31.1942 16.8992 31.5 -31.0566 16.7042 31.5 -30.8609 16.4447 31.5 -30.3655 15.5003 31.5 -30.3334 14.8951 31.5 -30.2734 12.6669 31.5 -30.2739 12.6646 31.5 -30.5616 11.7225 31.5 -31.1942 11.268 31.5 -50.8 11.1008 31.5 
1
111
-50.8 50.8 32.4 1.98393e-015 50.8 32.4 1.98393e-015 11.2025 32.4 -0.027612 11.1785 32.4 -0.972054 11.106 32.4 -20.8053 11.2648 32.4 -21.44 11.7225 32.4 -22.3451 12.6669 32.4 -22.0726 13.6114 32.4 -21.7498 14.5225 32.4 -21.7414 14.5558 32.4 -21.7415 17.3892 32.4 -21.7391 17.3984 32.4 -21.3892 18.3336 32.4 -20.4007 19.278 32.4 -19.8609 19.6768 32.4 -18.9165 19.7025 32.4 -16.0831 19.7459 32.4 -15.1387 19.7762 32.4 -14.5243 20.2225 32.4 -14.1942 20.5613 32.4 -13.7768 21.1669 32.4 -13.751 27.778 32.4 -13.2498 28.4826 32.4 -12.5202 28.7225 32.4 -12.3054 28.8076 32.4 -11.8014 29.6669 32.4 -11.8034 30.6113 32.4 -12.3054 31.5265 32.4 -12.3281 31.5558 32.4 -12.7954 32.5002 32.4 -13.1988 33.4447 32.4 -13.2498 33.4973 32.4 -14.1942 34.2549 32.4 -14.8349 34.3891 32.4 -15.1387 34.4762 32.4 -15.6858 35.3336 32.4 -15.6712 36.278 32.4 -15.6786 38.1669 32.4 -15.8067 39.1113 32.4 -16.5919 40.0558 32.4 -16.7246 41.0002 32.4 -17.0276 41.4043 32.4 -17.1938 41.5835 32.4 -17.5187 41.9447 32.4 -17.6595 42.8891 32.4 -17.972 43.34 32.4 -21.7498 47.0828 32.4 -22.6942 47.3135 32.4 -32.1386 47.3326 32.4 -33.0831 47.2236 32.4 -33.7012 46.6669 32.4 -34.0275 46.4117 32.4 -34.972 46.2577 32.4 -35.6245 45.7224 32.4 -35.9164 45.4131 32.4 -36.3411 44.778 32.4 -36.51 44.1284 32.4 -36.5819 43.8335 32.4 -36.8609 43.5365 32.4 -37.3381 42.8891 32.4 -37.4638 42.2396 32.4 -37.516 41.9447 32.4 -37.6191 41.8261 32.4 -37.8053 41.605 32.4 -38.2853 41.0002 32.4 -38.3592 40.0558 32.4 -38.4087 39.1113 32.4 -38.7497 38.6528 32.4 -39.1866 38.1669 32.4 -39.341 37.2224 32.4 -39.3226 33.4447 32.4 -38.8683 32.5002 32.4 -38.7497 32.3363 32.4 -38.3363 31.5558 32.4 -37.9632 30.6113 32.4 -37.8053 30.4285 32.4 -37.3283 29.6669 32.4 -37.0648 28.7225 32.4 -36.8609 28.5054 32.4 -36.335 27.778 32.4 -36.1266 26.8336 32.4 -35.9164 26.5975 32.4 -35.2005 25.8891 32.4 -34.972 25.6338 32.4 -34.3872 24.9447 32.4 -34.972 24.3231 32.4 -35.2099 24.0003 32.4 -35.2596 23.0558 32.4 -35.288 21.1669 32.4 -34.972 20.6633 32.4 -34.5813 20.2225 32.4 -34.19 19.8662 32.4 -34.0275 19.723 32.4 -33.378 19.5883 32.4 -33.0831 19.5317 32.4 -32.7413 19.278 32.4 -31.7756 18.3336 32.4 -31.4972 17.6841 32.4 -31.3761 17.3892 32.4 -31.2373 17.1129 32.4 -31.1942 17.0213 32.4 -31.0591 16.818 32.4 -30.7956 16.4447 32.4 -30.3102 15.5003 32.4 -30.2397 12.6669 32.4 -30.2498 12.6223 32.4 -30.5305 11.7225 32.4 -31.1942 11.2413 32.4 -32.1386 11.2181 32.4 -50.8 11.1002 32.4 
1
158
-50.8 50.8 33.3 2.03904e-015 50.8 33.3 2.03903e-015 11.215 33.3 -0.027612 11.1909 33.3 -0.278023 11.1802 33.3 -0.972054 11.1269 33.3 -20.1113 11.2398 33.3 -20.8053 11.2641 33.3 -20.9674 11.3748 33.3 -21.4474 11.7225 33.3 -21.6614 11.9435 33.3 -21.7498 12.0278 33.3 -22.3701 12.6669 33.3 -22.0944 13.6114 33.3 -22.0088 13.8618 33.3 -21.759 14.5558 33.3 -21.7584 17.3892 33.3 -21.7498 17.4219 33.3 -21.4959 18.0943 33.3 -21.3971 18.3336 33.3 -20.4197 19.278 33.3 -20.2766 19.3815 33.3 -19.8609 19.6911 33.3 -19.1669 19.7129 33.3 -16.0831 19.7449 33.3 -15.1387 19.7692 33.3 -14.6979 20.0879 33.3 -14.5301 20.2225 33.3 -14.1942 20.5696 33.3 -13.8974 21.0023 33.3 -13.7711 21.1669 33.3 -13.748 27.778 33.3 -13.6283 27.9582 33.3 -13.2498 28.4877 33.3 -12.7503 28.6522 33.3 -12.4999 28.7436 33.3 -12.3054 28.8205 33.3 -11.9422 29.4376 33.3 -11.7905 29.6669 33.3 -11.7927 30.6113 33.3 -12.1543 31.276 33.3 -12.3054 31.5173 33.3 -12.3349 31.5558 33.3 -12.4392 31.8062 33.3 -12.7823 32.5002 33.3 -12.9115 32.7506 33.3 -13.2096 33.4447 33.3 -13.2498 33.486 33.3 -13.5002 33.6947 33.3 -14.1942 34.2465 33.3 -14.4027 34.2781 33.3 -14.9379 34.3891 33.3 -15.1387 34.4454 33.3 -15.2765 34.6844 33.3 -15.6965 35.3336 33.3 -15.6935 38.1669 33.3 -15.7309 38.4173 33.3 -15.8225 39.1113 33.3 -16.0074 39.3342 33.3 -16.0831 39.4163 33.3 -16.6188 40.0558 33.3 -16.6438 40.3062 33.3 -16.738 41.0002 33.3 -16.9425 41.2723 33.3 -17.0276 41.3727 33.3 -17.5597 41.9447 33.3 -17.5854 42.1951 33.3 -17.6826 42.8891 33.3 -17.8883 43.1886 33.3 -17.972 43.2972 33.3 -21.7498 47.0634 33.3 -22.0002 47.1322 33.3 -22.6942 47.3039 33.3 -32.1386 47.3168 33.3 -33.0831 47.2071 33.3 -33.5148 46.8198 33.3 -33.6746 46.6669 33.3 -34.0275 46.3887 33.3 -34.2779 46.3604 33.3 -34.972 46.249 33.3 -35.4322 45.8734 33.3 -35.6027 45.7224 33.3 -35.6826 45.6341 33.3 -35.9164 45.3827 33.3 -36.2078 44.9401 33.3 -36.3262 44.778 33.3 -36.4955 44.0839 33.3 -36.5442 43.8335 33.3 -36.8609 43.502 33.3 -37.1895 43.053 33.3 -37.3222 42.8891 33.3 -37.4452 42.1951 33.3 -37.4759 41.9447 33.3 -37.8053 41.5666 33.3 -38.135 41.1516 33.3 -38.2677 41.0002 33.3 -38.3394 40.0558 33.3 -38.376 39.3617 33.3 -38.3811 39.1113 33.3 -38.7497 38.6193 33.3 -39.047 38.2895 33.3 -39.1646 38.1669 33.3 -39.3251 37.2224 33.3 -39.3098 33.4447 33.3 -38.974 32.7506 33.3 -38.8311 32.5002 33.3 -38.7659 32.4119 33.3 -38.7497 32.3874 33.3 -38.6459 32.1615 33.3 -38.3207 31.5558 33.3 -38.0464 30.8617 33.3 -37.9312 30.6113 33.3 -37.8367 30.5038 33.3 -37.8053 30.4642 33.3 -37.6856 30.2534 33.3 -37.3128 29.6669 33.3 -37.1159 28.9729 33.3 -37.03 28.7225 33.3 -36.8609 28.5414 33.3 -36.7227 28.3395 33.3 -36.3131 27.778 33.3 -36.1072 26.8336 33.3 -35.9714 26.6792 33.3 -35.9164 26.6222 33.3 -35.1772 25.8891 33.3 -34.972 25.6592 33.3 -34.3638 24.9447 33.3 -34.972 24.3058 33.3 -35.134 24.0852 33.3 -35.2045 24.0003 33.3 -35.2543 23.0558 33.3 -35.2767 21.1669 33.3 -35.0621 20.8245 33.3 -34.972 20.6986 33.3 -34.5515 20.2225 33.3 -34.169 19.8856 33.3 -34.0275 19.7524 33.3 -33.3335 19.6192 33.3 -33.0831 19.5856 33.3 -32.6751 19.278 33.3 -31.7187 18.3336 33.3 -31.3296 17.3892 33.3 -31.2282 17.1737 33.3 -31.1942 17.1087 33.3 -31.084 16.9233 33.3 -30.7661 16.4447 33.3 -30.4126 15.7507 33.3 -30.2761 15.5003 33.3 -30.2216 12.6669 33.3 -30.2282 12.6359 33.3 -30.2498 12.5412 33.3 -30.4428 11.9419 33.3 -30.5231 11.7225 33.3 -30.6932 11.6055 33.3 -31.1942 11.2404 33.3 -31.4446 11.2386 33.3 -32.1386 11.222 33.3 -50.8 11.1214 33.3 
1
140
-50.8 50.8 34.2 2.09415e-015 50.8 34.2 2.09414e-015 11.4316 34.2 -0.027612 11.408 34.2 -0.972054 11.3697 34.2 -20.8053 11.4801 34.2 -21.1602 11.7225 34.2 -21.3538 11.9071 34.2 -21.7498 12.245 34.2 -22.1613 12.6669 34.2 -21.9745 13.3029 34.2 -21.9018 13.6114 34.2 -21.7549 14.0415 34.2 -21.7498 14.0599 34.2 -21.511 14.5558 34.2 -21.5094 17.3892 34.2 -21.4421 17.6969 34.2 -21.1811 18.3336 34.2 -20.5392 18.9543 34.2 -20.1608 19.278 34.2 -19.8609 19.4949 34.2 -15.1387 19.5358 34.2 -14.7653 19.8352 34.2 -14.3232 20.2225 34.2 -14.1942 20.3565 34.2 -13.9969 20.6136 34.2 -13.5394 21.1669 34.2 -13.5238 27.778 34.2 -13.2498 28.1906 34.2 -12.3054 28.5371 34.2 -12.0927 28.7225 34.2 -11.9525 29.0754 34.2 -11.5612 29.6669 34.2 -11.5633 30.6113 34.2 -11.8711 31.103 34.2 -11.9096 31.16 34.2 -12.0854 31.5558 34.2 -12.0984 31.7628 34.2 -12.3054 31.9128 34.2 -12.5497 32.5002 34.2 -12.8336 33.0503 34.2 -12.9663 33.4447 34.2 -13.2498 33.7371 34.2 -13.9292 34.3034 34.2 -14.0898 34.3891 34.2 -14.099 34.4843 34.2 -14.1942 34.4876 34.2 -15.1387 34.7473 34.2 -15.4769 35.3336 34.2 -15.4748 38.1669 34.2 -15.5664 38.78 34.2 -15.5893 39.1113 34.2 -16.0831 39.6432 34.2 -16.4271 40.0558 34.2 -16.4885 40.6696 34.2 -16.505 41.0002 34.2 -16.722 41.2563 34.2 -17.3641 41.9447 34.2 -17.4593 42.8891 34.2 -17.6759 43.1703 34.2 -17.972 43.5049 34.2 -18.285 43.8335 34.2 -21.7498 47.2754 34.2 -22.3493 47.4402 34.2 -22.6942 47.5071 34.2 -32.1386 47.5161 34.2 -32.4844 47.4767 34.2 -33.0831 47.4257 34.2 -33.3873 47.1346 34.2 -33.8967 46.6669 34.2 -34.0275 46.5643 34.2 -34.3889 46.5234 34.2 -34.972 46.4759 34.2 -35.2997 46.1857 34.2 -35.7974 45.7224 34.2 -35.9164 45.5908 34.2 -36.0928 45.3494 34.2 -36.5434 44.778 34.2 -36.7244 43.8335 34.2 -36.8609 43.692 34.2 -37.0781 43.4237 34.2 -37.5441 42.8891 34.2 -37.6122 42.3333 34.2 -37.6478 41.9447 34.2 -38.0457 41.4913 34.2 -38.4909 41.0002 34.2 -38.5305 40.4493 34.2 -38.5462 40.0558 34.2 -38.5641 39.1113 34.2 -38.7497 38.8605 34.2 -38.9804 38.62 34.2 -39.3837 38.1669 34.2 -39.4879 37.5817 34.2 -39.5308 37.2224 34.2 -39.5202 33.4447 34.2 -39.2479 32.9675 34.2 -39.079 32.5002 34.2 -39.0364 32.4358 34.2 -38.7497 32.0305 34.2 -38.2894 31.0295 34.2 -38.177 30.6113 34.2 -37.8053 30.1498 34.2 -37.531 29.6669 34.2 -37.3341 29.0932 34.2 -37.2692 28.7225 34.2 -36.8609 28.274 34.2 -36.5213 27.778 34.2 -36.3807 27.1629 34.2 -36.3478 26.8336 34.2 -35.4085 25.8891 34.2 -35.2635 25.7266 34.2 -34.972 25.4217 34.2 -34.571 24.9447 34.2 -34.972 24.525 34.2 -35.151 24.3096 34.2 -35.4359 24.0003 34.2 -35.4741 23.3311 34.2 -35.4998 21.1669 34.2 -35.2657 20.8399 34.2 -34.972 20.4791 34.2 -34.7477 20.2225 34.2 -34.4561 19.9481 34.2 -34.0275 19.5283 34.2 -33.4928 19.4566 34.2 -33.0831 19.4249 34.2 -32.8877 19.278 34.2 -32.6432 19.0345 34.2 -32.1386 18.5641 34.2 -31.9069 18.3336 34.2 -31.6924 17.8173 34.2 -31.5674 17.3892 34.2 -31.4778 17.2175 34.2 -31.1942 16.8276 34.2 -30.9667 16.4447 34.2 -30.6848 15.9275 34.2 -30.524 15.5003 34.2 -30.4651 12.6669 34.2 -30.8092 11.7225 34.2 -31.1942 11.4577 34.2 -50.8 11.3645 34.2 
1
140
-50.8 50.8 35.1 2.09415e-015 50.8 35.1 2.09414e-015 11.4316 35.1 -0.027612 11.408 35.1 -0.972054 11.3697 35.1 -20.8053 11.4801 35.1 -21.1602 11.7225 35.1 -21.3538 11.9071 35.1 -21.7498 12.245 35.1 -22.1613 12.6669 35.1 -21.9745 13.3029 35.1 -21.9018 13.6114 35.1 -21.7549 14.0415 35.1 -21.7498 14.0599 35.1 -21.511 14.5558 35.1 -21.5094 17.3892 35.1 -21.4421 17.6969 35.1 -21.1811 18.3336 35.1 -20.5392 18.9543 35.1 -20.1608 19.278 35.1 -19.8609 19.4949 35.1 -15.1387 19.5358 35.1 -14.7653 19.8352 35.1 -14.3232 20.2225 35.1 -14.1942 20.3565 35.1 -13.9969 20.6136 35.1 -13.5394 21.1669 35.1 -13.5238 27.778 35.1 -13.2498 28.1906 35.1 -12.3054 28.5371 35.1 -12.0927 28.7225 35.1 -11.9525 29.0754 35.1 -11.5612 29.6669 35.1 -11.5633 30.6113 35.1 -11.8711 31.103 35.1 -11.9096 31.16 35.1 -12.0854 31.5558 35.1 -12.0984 31.7628 35.1 -12.3054 31.9128 35.1 -12.5497 32.5002 35.1 -12.8336 33.0503 35.1 -12.9663 33.4447 35.1 -13.2498 33.7371 35.1 -13.9292 34.3034 35.1 -14.0898 34.3891 35.1 -14.099 34.4843 35.1 -14.1942 34.4876 35.1 -15.1387 34.7473 35.1 -15.4769 35.3336 35.1 -15.4748 38.1669 35.1 -15.5664 38.78 35.1 -15.5893 39.1113 35.1 -16.0831 39.6432 35.1 -16.4271 40.0558 35.1 -16.4885 40.6696 35.1 -16.505 41.0002 35.1 -16.722 41.2563 35.1 -17.3641 41.9447 35.1 -17.4593 42.8891 35.1 -17.6759 43.1703 35.1 -17.972 43.5049 35.1 -18.285 43.8335 35.1 -21.7498 47.2754 35.1 -22.3493 47.4402 35.1 -22.6942 47.5071 35.1 -32.1386 47.5161 35.1 -32.4844 47.4767 35.1 -33.0831 47.4257 35.1 -33.3873 47.1346 35.1 -33.8967 46.6669 35.1 -34.0275 46.5643 35.1 -34.3889 46.5234 35.1 -34.972 46.4759 35.1 -35.2997 46.1857 35.1 -35.7974 45.7224 35.1 -35.9164 45.5908 35.1 -36.0928 45.3494 35.1 -36.5434 44.778 35.1 -36.7244 43.8335 35.1 -36.8609 43.692 35.1 -37.0781 43.4237 35.1 -37.5441 42.8891 35.1 -37.6122 42.3333 35.1 -37.6478 41.9447 35.1 -38.0457 41.4913 35.1 -38.4909 41.0002 35.1 -38.5305 40.4493 35.1 -38.5462 40.0558 35.1 -38.5641 39.1113 35.1 -38.7497 38.8605 35.1 -38.9804 38.62 35.1 -39.3837 38.1669 35.1 -39.4879 37.5817 35.1 -39.5308 37.2224 35.1 -39.5202 33.4447 35.1 -39.2479 32.9675 35.1 -39.079 32.5002 35.1 -39.0364 32.4358 35.1 -38.7497 32.0305 35.1 -38.2894 31.0295 35.1 -38.177 30.6113 35.1 -37.8053 30.1498 35.1 -37.531 29.6669 35.1 -37.3341 29.0932 35.1 -37.2692 28.7225 35.1 -36.8609 28.274 35.1 -36.5213 27.778 35.1 -36.3807 27.1629 35.1 -36.3478 26.8336 35.1 -35.4085 25.8891 35.1 -35.2635 25.7266 35.1 -34.972 25.4217 35.1 -34.571 24.9447 35.1 -34.972 24.525 35.1 -35.151 24.3096 35.1 -35.4359 24.0003 35.1 -35.4741 23.3311 35.1 -35.4998 21.1669 35.1 -35.2657 20.8399 35.1 -34.972 20.4791 35.1 -34.7477 20.2225 35.1 -34.4561 19.9481 35.1 -34.0275 19.5283 35.1 -33.4928 19.4566 35.1 -33.0831 19.4249 35.1 -32.8877 19.278 35.1 -32.6432 19.0345 35.1 -32.1386 18.5641 35.1 -31.9069 18.3336 35.1 -31.6924 17.8173 35.1 -31.5674 17.3892 35.1 -31.4778 17.2175 35.1 -31.1942 16.8276 35.1 -30.9667 16.4447 35.1 -30.6848 15.9275 35.1 -30.524 15.5003 35.1 -30.4651 12.6669 35.1 -30.8092 11.7225 35.1 -31.1942 11.4577 35.1 -50.8 11.3645 35.1 
1
140
-50.8 50.8 36 2.09415e-015 50.8 36 2.09414e-015 11.4316 36 -0.027612 11.408 36 -0.972054 11.3697 36 -20.8053 11.4801 36 -21.1602 11.7225 36 -21.3538 11.9071 36 -21.7498 12.245 36 -22.1613 12.6669 36 -21.9745 13.3029 36 -21.9018 13.6114 36 -21.7549 14.0415 36 -21.7498 14.0599 36 -21.511 14.5558 36 -21.5094 17.3892 36 -21.4421 17.6969 36 -21.1811 18.3336 36 -20.5392 18.9543 36 -20.1608 19.278 36 -19.8609 19.4949 36 -15.1387 19.5358 36 -14.7653 19.8352 36 -14.3232 20.2225 36 -14.1942 20.3565 36 -13.9969 20.6136 36 -13.5394 21.1669 36 -13.5238 27.778 36 -13.2498 28.1906 36 -12.3054 28.5371 36 -12.0927 28.7225 36 -11.9525 29.0754 36 -11.5612 29.6669 36 -11.5633 30.6113 36 -11.8711 31.103 36 -11.9096 31.16 36 -12.0854 31.5558 36 -12.0984 31.7628 36 -12.3054 31.9128 36 -12.5497 32.5002 36 -12.8336 33.0503 36 -12.9663 33.4447 36 -13.2498 33.7371 36 -13.9292 34.3034 36 -14.0898 34.3891 36 -14.099 34.4843 36 -14.1942 34.4876 36 -15.1387 34.7473 36 -15.4769 35.3336 36 -15.4748 38.1669 36 -15.5664 38.78 36 -15.5893 39.1113 36 -16.0831 39.6432 36 -16.4271 40.0558 36 -16.4885 40.6696 36 -16.505 41.0002 36 -16.722 41.2563 36 -17.3641 41.9447 36 -17.4593 42.8891 36 -17.6759 43.1703 36 -17.972 43.5049 36 -18.285 43.8335 36 -21.7498 47.2754 36 -22.3493 47.4402 36 -22.6942 47.5071 36 -32.1386 47.5161 36 -32.4844 47.4767 36 -33.0831 47.4257 36 -33.3873 47.1346 36 -33.8967 46.6669 36 -34.0275 46.5643 36 -34.3889 46.5234 36 -34.972 46.4759 36 -35.2997 46.1857 36 -35.7974 45.7224 36 -35.9164 45.5908 36 -36.0928 45.3494 36 -36.5434 44.778 36 -36.7244 43.8335 36 -36.8609 43.692 36 -37.0781 43.4237 36 -37.5441 42.8891 36 -37.6122 42.3333 36 -37.6478 41.9447 36 -38.0457 41.4913 36 -38.4909 41.0002 36 -38.5305 40.4493 36 -38.5462 40.0558 36 -38.5641 39.1113 36 -38.7497 38.8605 36 -38.9804 38.62 36 -39.3837 38.1669 36 -39.4879 37.5817 36 -39.5308 37.2224 36 -39.5202 33.4447 36 -39.2479 32.9675 36 -39.079 32.5002 36 -39.0364 32.4358 36 -38.7497 32.0305 36 -38.2894 31.0295 36 -38.177 30.6113 36 -37.8053 30.1498 36 -37.531 29.6669 36 -37.3341 29.0932 36 -37.2692 28.7225 36 -36.8609 28.274 36 -36.5213 27.778 36 -36.3807 27.1629 36 -36.3478 26.8336 36 -35.4085 25.8891 36 -35.2635 25.7266 36 -34.972 25.4217 36 -34.571 24.9447 36 -34.972 24.525 36 -35.151 24.3096 36 -35.4359 24.0003 36 -35.4741 23.3311 36 -35.4998 21.1669 36 -35.2657 20.8399 36 -34.972 20.4791 36 -34.7477 20.2225 36 -34.4561 19.9481 36 -34.0275 19.5283 36 -33.4928 19.4566 36 -33.0831 19.4249 36 -32.8877 19.278 36 -32.6432 19.0345 36 -32.1386 18.5641 36 -31.9069 18.3336 36 -31.6924 17.8173 36 -31.5674 17.3892 36 -31.4778 17.2175 36 -31.1942 16.8276 36 -30.9667 16.4447 36 -30.6848 15.9275 36 -30.524 15.5003 36 -30.4651 12.6669 36 -30.8092 11.7225 36 -31.1942 11.4577 36 -50.8 11.3645 36 
