31
0
1
64
18.7354 22.1492 18.3008 18.6051 22.3008 18.3008 18.1705 22.8221 18.3008 18.0825 23 18.3008 18.0388 23.1455 18.3008 18 23.4395 18.3008 17.8947 24 18.3008 17.8437 24.3353 18.3008 17.84 25 18.3008 17.8452 25.3432 18.3008 17.8212 26 18.3008 17.9507 26.3963 18.3008 18 26.5092 18.3008 18.1963 27 18.3008 18.214 27.0181 18.3008 18.3008 27.2068 18.3008 19 27.7132 18.3008 19.0129 27.7246 18.3008 19.228 28 18.3008 19.3138 28.0723 18.3008 20 28.6171 18.3008 20.3008 28.7415 18.3008 20.6113 28.8959 18.3008 20.9097 29 18.3008 21 29.0452 18.3008 21.1625 29.041 18.3008 21.4963 29 18.3008 22 28.9641 18.3008 22.0781 28.9617 18.3008 23 28.8651 18.3008 23.2751 28.7644 18.3008 24 28.7498 18.3008 24.0384 28.7079 18.3008 24.8882 28 18.3008 25 27.8991 18.3008 25.7643 27 18.3008 25.9098 26.7095 18.3008 26 26.5438 18.3008 26.3096 26 18.3008 26.3641 25.4686 18.3008 26.4693 25 18.3008 26.3985 24.315 18.3008 26.3242 24 18.3008 26.2271 23.4428 18.3008 26.1002 23 18.3008 26 22.8808 18.3008 25.6992 22.4235 18.3008 25.59 22.304 18.3008 25 21.5549 18.3008 24.6992 21.3268 18.3008 24 21.0859 18.3008 23.8332 21.0146 18.3008 23.7886 21 18.3008 23 20.6651 18.3008 22.3657 20.5648 18.3008 22 20.5209 18.3008 21.3016 20.5001 18.3008 21 20.5482 18.3008 20.3688 20.7926 18.3008 20 20.9644 18.3008 19.9627 21 18.3008 19.6302 21.3008 18.3008 19 21.9604 18.3008 18.9516 22 18.3008 
1
52
19.1478 22.3965 19.2008 18.9799 22.5973 19.2008 18.6338 23 19.2008 18.3938 23.7992 19.2008 18.2645 24 19.2008 18.3853 24.7992 19.2008 18.4191 25 19.2008 18.4651 25.7992 19.2008 18.5021 26 19.2008 18.8555 26.7992 19.2008 18.9249 27 19.2008 18.9341 27.013 19.2008 19 27.0806 19.2008 19.5713 27.8122 19.2008 19.7271 28 19.2008 19.7722 28.0277 19.2008 20 28.2197 19.2008 20.2008 28.3165 19.2008 21 28.647 19.2008 21.2008 28.6329 19.2008 22 28.5419 19.2008 22.2008 28.5147 19.2008 23 28.4906 19.2008 23.7992 28.198 19.2008 23.9616 28.1148 19.2008 24 28.0762 19.2008 24.0698 28 19.2008 24.5309 27.5841 19.2008 24.7992 27.35 19.2008 25 27.2043 19.2008 25.1779 27 19.2008 25.2561 26.7992 19.2008 25.6562 26 19.2008 25.7081 25.7992 19.2008 25.9305 25 19.2008 25.8965 24.7992 19.2008 25.7332 24 19.2008 25.6791 23.7992 19.2008 25.5416 23 19.2008 25.4725 22.8687 19.2008 25 22.2374 19.2008 24.8304 22.0695 19.2008 24.7757 22 19.2008 24 21.521 19.2008 23 21.0931 19.2008 22.2008 21.0243 19.2008 22 21.0111 19.2008 21.2008 21.1224 19.2008 21 21.1555 19.2008 20.2008 21.5352 19.2008 20 21.6418 19.2008 19.9469 21.693 19.2008 
1
52
19.084 22.791 20.1008 19 22.8847 20.1008 18.9928 22.8918 20.1008 18.9029 23 20.1008 18.3237 23.8992 20.1008 18.2942 24 20.1008 18.4457 24.8992 20.1008 18.4454 25 20.1008 18.611 25.8992 20.1008 18.6197 26 20.1008 18.9301 26.8992 20.1008 18.9558 27 20.1008 18.9585 27.0026 20.1008 19 27.061 20.1008 19.6973 27.9018 20.1008 19.7889 28 20.1008 19.7981 28.0093 20.1008 20 28.1333 20.1008 20.1008 28.1599 20.1008 21 28.5932 20.1008 21.1008 28.5929 20.1008 22.1008 28.5237 20.1008 23 28.4019 20.1008 23.0824 28.3725 20.1008 23.8097 28 20.1008 24 27.8817 20.1008 24.8992 27.2295 20.1008 25 27.0113 20.1008 25.0098 27 20.1008 25.1546 26.8992 20.1008 25.5046 26 20.1008 25.5153 25.8992 20.1008 25.7475 25 20.1008 25.7418 24.8992 20.1008 25.5719 23.8992 20.1008 25.3298 23 20.1008 25.3093 22.9795 20.1008 25 22.3916 20.1008 24.7551 22.0804 20.1008 24.6826 22 20.1008 24.6542 21.9716 20.1008 24 21.561 20.1008 23.1008 21.1764 20.1008 23 21.1609 20.1008 22.1008 21.1017 20.1008 22 21.0547 20.1008 21.1008 21.2026 20.1008 21 21.2523 20.1008 20.1008 21.7299 20.1008 20 21.7544 20.1008 19.9832 21.7712 20.1008 19.7456 22 20.1008 
1
38
19.8335 22 21.0008 20 21.8335 21.0008 21 21.5911 21.0008 21.0008 21.5911 21.0008 22 21.0985 21.0008 22.0008 21.0985 21.0008 23 21.5644 21.0008 24 21.7183 21.0008 24.2817 22 21.0008 25 22.7971 21.0008 25.2029 23 21.0008 25.3804 24 21.0008 25.4373 25 21.0008 25.3308 26 21.0008 25 26.3308 21.0008 24.4151 27 21.0008 24.0003 27.885 21.0008 24 27.8853 21.0008 23.9994 27.8858 21.0008 23.8171 28 21.0008 23.0002 28.2907 21.0008 23 28.2909 21.0008 22 28.3531 21.0008 21.0008 28.3557 21.0008 21 28.3557 21.0008 20.0008 28.092 21.0008 20 28.0918 21.0008 19.9083 28 21.0008 19.9074 27.9992 21.0008 19 27.026 21.0008 18.974 27 21.0008 18.9738 26.9992 21.0008 18.7192 26 21.0008 18.6329 25 21.0008 18.6329 24.9992 21.0008 18.6361 24 21.0008 18.9288 23 21.0008 18.9999 22.9289 21.0008 
1
38
19.833 22 21.9008 20 21.833 21.9008 21 21.5959 21.9008 21.9008 21.5402 21.9008 22 21.4913 21.9008 22.9008 21.5255 21.9008 23 21.5718 21.9008 24 21.7274 21.9008 24.2726 22 21.9008 25 22.7956 21.9008 25.2044 23 21.9008 25.3876 24 21.9008 25.4432 25 21.9008 25.3362 26 21.9008 25 26.3362 21.9008 24.4162 27 21.9008 24.375 27.0878 21.9008 24 27.4629 21.9008 23.3578 27.9887 21.9008 23.3397 28 21.9008 23.2586 28.0288 21.9008 23 28.2875 21.9008 22 28.3575 21.9008 21.9008 28.3578 21.9008 21 28.342 21.9008 20.9008 28.3158 21.9008 20 28.0456 21.9008 19.9544 28 21.9008 19.0901 27.1068 21.9008 19 27.0102 21.9008 18.9898 27 21.9008 18.7433 26.0992 21.9008 18.718 26 21.9008 18.6239 25 21.9008 18.6419 24.0992 21.9008 18.6422 24 21.9008 18.9281 23 21.9008 19 22.9281 21.9008 
1
36
20 21.8323 22.8008 19.8323 22 22.8008 19 22.9274 22.8008 18.9274 23 22.8008 18.6481 24 22.8008 18.62 25 22.8008 18.7168 26 22.8008 18.7713 26.1992 22.8008 18.9983 26.9811 22.8008 19 26.9853 22.8008 19.008 27 22.8008 19.0103 27.0017 22.8008 19.8008 27.7847 22.8008 19.9919 27.9822 22.8008 20 27.9934 22.8008 20.0102 28 22.8008 20.8008 28.2666 22.8008 21 28.3263 22.8008 21.8008 28.3584 22.8008 22 28.3618 22.8008 23 28.2841 22.8008 23.2841 28 22.8008 24 27.4173 22.8008 24.4173 27 22.8008 25 26.3416 22.8008 25.3416 26 22.8008 25.4491 25 22.8008 25.3946 24 22.8008 25.2185 23 22.8008 25 22.7815 22.8008 24.8549 22.6231 22.8008 24.2634 22 22.8008 24 21.7366 22.8008 23 21.5781 22.8008 22 21.5355 22.8008 21 21.6007 22.8008 
1
33
19.8318 22 23.7008 20 21.8318 23.7008 21 21.6045 23.7008 22 21.5364 23.7008 23 21.5837 23.7008 24 21.7462 23.7008 24.779 22.5316 23.7008 25 22.7644 23.7008 25.2356 23 23.7008 25.4015 24 23.7008 25.4526 25 23.7008 25.3469 26 23.7008 25 26.3469 23.7008 24.4183 27 23.7008 24 27.4183 23.7008 23.2806 28 23.7008 23 28.2806 23.7008 22 28.3661 23.7008 21.7008 28.3541 23.7008 21 28.3098 23.7008 20.711 28.2132 23.7008 20.1135 28 23.7008 20.0101 27.9301 23.7008 20 27.9235 23.7008 19.7047 27.631 23.7008 19.0312 27 23.7008 19.0038 26.9543 23.7008 19 26.9472 23.7008 18.7156 26 23.7008 18.6186 25 23.7008 18.654 24 23.7008 18.9249 23 23.7008 19 22.9249 23.7008 
1
29
24.7009 22.4446 24.6008 25.2527 23 24.6008 25.4082 24 24.6008 25.4542 25 24.6008 25.3475 26 24.6008 25 26.3475 24.6008 24.4195 27 24.6008 24 27.4195 24.6008 23.2771 28 24.6008 23 28.2771 24.6008 22 28.3703 24.6008 21.6008 28.345 24.6008 21 28.2924 24.6008 20.1894 28 24.6008 20.0589 27.9164 24.6008 20 27.8766 24.6008 19.0535 27 24.6008 19 26.9121 24.6008 18.7144 26 24.6008 18.6177 25 24.6008 18.6599 24 24.6008 18.9217 23 24.6008 19 22.9217 24.6008 19.8312 22 24.6008 20 21.8312 24.6008 21 21.6077 24.6008 22 21.5373 24.6008 23 21.583 24.6008 24 21.7524 24.6008 
1
32
20 21.8307 25.5008 19.8307 22 25.5008 19 22.9185 25.5008 18.9185 23 25.5008 18.6661 24 25.5008 18.6168 25 25.5008 18.7132 26 25.5008 18.8572 26.1439 25.5008 19 26.5917 25.5008 19.0314 26.6431 25.5008 19.3325 27 25.5008 19.5323 27.1998 25.5008 20 27.6295 25.5008 20.1085 27.699 25.5008 20.4742 28 25.5008 20.6093 28.1351 25.5008 21 28.2771 25.5008 22 28.3718 25.5008 23 28.2735 25.5008 23.2735 28 25.5008 24 27.4215 25.5008 24.4215 27 25.5008 25 26.3453 25.5008 25.3453 26 25.5008 25.4551 25 25.5008 25.4131 24 25.5008 25.2679 23 25.5008 24.249 22 25.5008 24 21.751 25.5008 23 21.5793 25.5008 22 21.5382 25.5008 21 21.6107 25.5008 
1
27
20 21.8301 26.4008 21 21.6137 26.4008 22 21.5391 26.4008 23 21.5755 26.4008 24 21.7449 26.4008 25 22.724 26.4008 25.276 23 26.4008 25.4152 24 26.4008 25.4559 25 26.4008 25.3427 26 26.4008 25 26.3427 26.4008 24.4242 27 26.4008 24 27.4242 26.4008 23.2699 28 26.4008 23 28.2699 26.4008 22 28.3677 26.4008 21 28.2672 26.4008 20.7328 28 26.4008 20 27.3933 26.4008 19.6067 27 26.4008 19 26.288 26.4008 18.712 26 26.4008 18.6164 25 26.4008 18.6712 24 26.4008 18.9154 23 26.4008 19 22.9154 26.4008 19.8301 22 26.4008 
1
26
19.8314 22 27.3008 20 21.8314 27.3008 21 21.6167 27.3008 22 21.54 27.3008 23 21.5713 27.3008 24 21.7388 27.3008 25.2769 23 27.3008 25.4158 24 27.3008 25.4567 25 27.3008 25.3439 26 27.3008 25 26.3439 27.3008 24.4269 27 27.3008 24 27.4269 27.3008 23.2663 28 27.3008 23 28.2663 27.3008 22 28.3625 27.3008 21 28.2612 27.3008 20.7388 28 27.3008 20 27.3805 27.3008 19.6195 27 27.3008 19 26.2892 27.3008 18.7108 26 27.3008 18.6171 25 27.3008 18.6721 24 27.3008 18.9121 23 27.3008 19 22.9121 27.3008 
1
27
20 21.8374 28.2008 21 21.6198 28.2008 22 21.541 28.2008 23 21.5669 28.2008 24 21.7329 28.2008 25.2778 23 28.2008 25.4163 24 28.2008 25.4576 25 28.2008 25.3723 25.7992 28.2008 25.3547 26 28.2008 25 26.3547 28.2008 24.4297 27 28.2008 24 27.4297 28.2008 23.2627 28 28.2008 23 28.2627 28.2008 22 28.3646 28.2008 21 28.2551 28.2008 20.7449 28 28.2008 20 27.3671 28.2008 19.6329 27 28.2008 19 26.2904 28.2008 18.7096 26 28.2008 18.6196 25 28.2008 18.6675 24 28.2008 18.909 23 28.2008 19 22.909 28.2008 19.8374 22 28.2008 
1
26
19.8469 22 29.1008 20 21.8469 29.1008 21 21.623 29.1008 22 21.5426 29.1008 23 21.5626 29.1008 24 21.7271 29.1008 25.2787 23 29.1008 25.417 24 29.1008 25.4586 25 29.1008 25.3723 26 29.1008 25 26.3723 29.1008 24.4328 27 29.1008 24 27.4328 29.1008 23.2601 28 29.1008 23 28.2601 29.1008 22 28.3696 29.1008 21 28.249 29.1008 20.751 28 29.1008 20 27.3532 29.1008 19.6468 27 29.1008 19 26.2915 29.1008 18.7085 26 29.1008 18.6221 25 29.1008 18.6629 24 29.1008 18.906 23 29.1008 19 22.906 29.1008 
1
28
19 22.9036 30.0008 18.9036 23 30.0008 18.6583 24 30.0008 18.6246 25 30.0008 18.7073 26 30.0008 19 26.2927 30.0008 19.6613 27 30.0008 20 27.3387 30.0008 20.7567 27.9994 30.0008 20.7573 28 30.0008 21 28.2427 30.0008 22 28.3742 30.0008 22.0008 28.3741 30.0008 23 28.2663 30.0008 23.2663 28 30.0008 24 27.4387 30.0008 24.4387 27 30.0008 25 26.3862 30.0008 25.3862 26 30.0008 25.4614 25 30.0008 25.4176 24 30.0008 25.2796 23 30.0008 24 21.7213 30.0008 23 21.5584 30.0008 22 21.5441 30.0008 21 21.6261 30.0008 20 21.8559 30.0008 19.8559 22 30.0008 
1
28
19 22.9096 30.9008 18.9096 23 30.9008 18.6539 24 30.9008 18.6271 25 30.9008 18.7155 26 30.9008 19 26.2845 30.9008 19.6766 27 30.9008 20 27.3234 30.9008 20.0751 27.389 30.9008 20.7543 28 30.9008 21 28.2457 30.9008 22 28.378 30.9008 22.9008 28.3039 30.9008 23 28.2932 30.9008 23.2932 28 30.9008 24 27.4476 30.9008 24.4476 27 30.9008 25 26.3984 30.9008 25.3984 26 30.9008 25.4681 25 30.9008 25.4181 24 30.9008 25.2806 23 30.9008 24 21.7156 30.9008 23 21.5543 30.9008 22 21.5457 30.9008 21 21.6293 30.9008 20 21.8618 30.9008 19.8618 22 30.9008 
1
32
19.782 22 31.8008 20 21.782 31.8008 20.8008 21.6349 31.8008 21 21.5885 31.8008 21.8008 21.5529 31.8008 22 21.5362 31.8008 23 21.5472 31.8008 24 21.7037 31.8008 25.2815 23 31.8008 25.4188 24 31.8008 25.4745 25 31.8008 25.41 26 31.8008 25 26.41 31.8008 24.4563 27 31.8008 24 27.4563 31.8008 23.3183 28 31.8008 23 28.3183 31.8008 22.8008 28.3347 31.8008 22 28.3822 31.8008 21.8008 28.3558 31.8008 21 28.2764 31.8008 20.7236 28 31.8008 20.1502 27.4573 31.8008 20 27.3222 31.8008 19.6778 27 31.8008 19 26.2778 31.8008 18.7222 26 31.8008 18.6296 25 31.8008 18.6478 24 31.8008 18.7811 23.1992 31.8008 18.8322 23 31.8008 19 22.8322 31.8008 
1
36
19.6574 22 32.7008 20 21.6574 32.7008 20.7008 21.5567 32.7008 21 21.5018 32.7008 22 21.4614 32.7008 23 21.4657 32.7008 23.7008 21.5102 32.7008 24 21.5567 32.7008 24.4433 22 32.7008 24.7903 22.3763 32.7008 25.4088 23 32.7008 25.4499 23.2992 32.7008 25.5131 24.2992 32.7008 25.5317 25 32.7008 25.5127 25.2992 32.7008 25.4806 26 32.7008 25 26.4806 32.7008 24.513 27 32.7008 24 27.513 32.7008 23.6134 27.8379 32.7008 23.4111 28 32.7008 23 28.4111 32.7008 22 28.4715 32.7008 21.7008 28.4419 32.7008 21 28.4418 32.7008 20.5582 28 32.7008 20 27.463 32.7008 19.537 27 32.7008 19 26.4201 32.7008 18.5799 26 32.7008 18.5787 25.2992 32.7008 18.5508 25 32.7008 18.5765 24 32.7008 18.6471 23.2992 32.7008 18.6969 23 32.7008 19 22.6969 32.7008 
1
36
19 22.5193 33.6008 19.4954 22 33.6008 20 21.4954 33.6008 20.6008 21.4611 33.6008 21 21.4037 33.6008 21.6008 21.398 33.6008 22 21.3826 33.6008 23 21.3829 33.6008 23.6008 21.3925 33.6008 24 21.4179 33.6008 24.5821 22 33.6008 24.8024 22.2279 33.6008 25 22.4422 33.6008 25.5578 23 33.6008 25.5841 23.3992 33.6008 25.6059 24.3992 33.6008 25.6082 25 33.6008 25.5899 25.3992 33.6008 25.575 26 33.6008 25 26.575 33.6008 24.5988 27 33.6008 24 27.5988 33.6008 23.7555 27.8149 33.6008 23.5353 28 33.6008 23 28.5353 33.6008 22.6008 28.5597 33.6008 22 28.5784 33.6008 21 28.5774 33.6008 20 27.5838 33.6008 19.4162 27 33.6008 19 26.5498 33.6008 18.4502 26 33.6008 18.4399 24.3992 33.6008 18.4518 24 33.6008 18.4791 23.3992 33.6008 18.5193 23 33.6008 
1
25
18.3806 23 34.5008 18.3579 23.4992 34.5008 18.3458 24 34.5008 18.3595 26 34.5008 19 26.6405 34.5008 19.1876 26.8425 34.5008 19.3382 27 34.5008 21 28.6581 34.5008 22.5008 28.6579 34.5008 23 28.6423 34.5008 23.6423 28 34.5008 23.8454 27.8204 34.5008 24 27.6772 34.5008 24.6772 27 34.5008 25 26.6597 34.5008 25.6597 26 34.5008 25.6798 25 34.5008 25.6599 23 34.5008 25 22.3401 34.5008 24.6708 22 34.5008 24 21.3292 34.5008 21 21.3249 34.5008 20.5008 21.3534 34.5008 20 21.3695 34.5008 19.3695 22 34.5008 
1
17
20 21.2941 35.4008 20.4008 21.2876 35.4008 21 21.2684 35.4008 24 21.27 35.4008 25 22.2774 35.4008 25.7226 23 35.4008 25.7382 25 35.4008 25.7251 26 35.4008 24.7351 27 35.4008 24 27.7351 35.4008 23.7161 28 35.4008 23 28.7161 35.4008 21 28.7172 35.4008 19 26.7114 35.4008 18.2886 26 35.4008 18.284 23.5992 35.4008 18.2986 23 35.4008 
1
10
18.2412 23 36.3008 18.2362 26 36.3008 21 28.7659 36.3008 23 28.7664 36.3008 23.7664 28 36.3008 24 27.7779 36.3008 25.7742 26 36.3008 25.7707 23 36.3008 24 21.225 36.3008 20 21.2385 36.3008 
1
9
18.2005 23 37.2008 18.1977 26 37.2008 21 28.8029 37.2008 23 28.8036 37.2008 23.8036 28 37.2008 25.8098 26 37.2008 25.8061 23 37.2008 24 21.1913 37.2008 20 21.1987 37.2008 
1
8
18.171 23 38.1008 18.1694 26 38.1008 21 28.8308 38.1008 23 28.8315 38.1008 25.8362 26 38.1008 25.8329 23 38.1008 24 21.1657 38.1008 20 21.1698 38.1008 
1
8
18.149 23 39.0008 18.1478 26 39.0008 21 28.8521 39.0008 23 28.8527 39.0008 25.8563 26 39.0008 25.8536 23 39.0008 24 21.1456 39.0008 20 21.148 39.0008 
1
8
18.1322 23 39.9008 18.1314 26 39.9008 21 28.8684 39.9008 23 28.869 39.9008 25.8718 26 39.9008 25.8696 23 39.9008 24 21.1299 39.9008 20 21.1314 39.9008 
1
8
18.1187 23 40.8008 18.1181 26 40.8008 21 28.8817 40.8008 23 28.8822 40.8008 25.8844 26 40.8008 25.8826 23 40.8008 24 21.1171 40.8008 20 21.1181 40.8008 
1
8
18.1077 23 41.7008 18.1072 26 41.7008 21 28.8926 41.7008 23 28.893 41.7008 25.8948 26 41.7008 25.8934 23 41.7008 24 21.1065 41.7008 20 21.1071 41.7008 
1
8
18.0984 23 42.6008 18.0982 26 42.6008 21 28.9016 42.6008 23 28.902 42.6008 25.9035 26 42.6008 25.9024 23 42.6008 24 21.0975 42.6008 20 21.098 42.6008 
1
8
20 21.0902 43.5008 24 21.0899 43.5008 25.91 23 43.5008 25.911 26 43.5008 23 28.9096 43.5008 21 28.9094 43.5008 18.0904 26 43.5008 18.0906 23 43.5008 
1
8
20 21.4871 44.4008 24 21.4869 44.4008 25.5131 23 44.4008 25.514 26 44.4008 23 28.5127 44.4008 21 28.5126 44.4008 18.4873 26 44.4008 18.4875 23 44.4008 
