6
0
0
0
1
57
29.2958 14.4944 -8.13086 29.2349 14.5677 -8.13086 28.9652 14.9362 -8.13086 29.0119 15 -8.13086 29.093 16 -8.13086 29.1384 17 -8.13086 29.2223 21.9418 -8.13086 29.2223 21.9421 -8.13086 29.233 29.0497 -8.13086 29.233 29.05 -8.13086 29.231 30.9627 -8.13086 29.1961 37 -8.13086 29.221 37.0358 -8.13086 29.6255 37.591 -8.13086 29.5864 38.5571 -8.13086 29.9059 39 -8.13086 29.8513 41 -8.13086 30.0193 41.2767 -8.13086 30.0978 41.3873 -8.13086 30.5463 42 -8.13086 30.4621 43 -8.13086 30.1782 43.3877 -8.13086 30.2656 43.4425 -8.13086 30.2749 43.4476 -8.13086 30.2895 43.4557 -8.13086 30.7055 43.5784 -8.13086 31.1575 43.7488 -8.13086 31.3441 43.8146 -8.13086 31.6736 43.9698 -8.13086 31.7663 44.0196 -8.13086 31.8208 44.0646 -8.13086 32.3431 44.4079 -8.13086 32.3752 44.4231 -8.13086 32.3987 44.4133 -8.13086 32.984 44.3453 -8.13086 33.2838 44.2897 -8.13086 32.9554 44 -8.13086 32.8597 43.4714 -8.13086 32.7824 43 -8.13086 32.5166 42.8266 -8.13086 32.4072 42.7529 -8.13086 31.5419 42 -8.13086 31.4859 41 -8.13086 31.4212 39 -8.13086 31.2525 38.8672 -8.13086 30.3432 38.078 -8.13086 30.1885 38 -8.13086 30.2225 19 -8.13086 30.2776 18 -8.13086 30.3448 17.1527 -8.13086 30.3518 17 -8.13086 30.4234 16 -8.13086 30.5514 15 -8.13086 31.1948 14.4429 -8.13086 29.9397 14.4429 -8.13086 29.4619 14.4756 -8.13086 29.3309 14.4808 -8.13086 
2
40
29.2063 14.9362 -7.23086 29.4201 14.6442 -7.23086 29.4593 14.6131 -7.23086 29.5369 14.5564 -7.23086 29.7392 14.4628 -7.23086 30.029 14.443 -7.23086 30.6751 14.4429 -7.23086 30.0318 15 -7.23086 29.9038 16 -7.23086 29.8322 17 -7.23086 29.7294 37.4065 -7.23086 29.537 37.1434 -7.23086 29.4376 37 -7.23086 29.4718 31.1467 -7.23086 29.5185 30.8979 -7.23086 29.5283 30.8755 -7.23086 29.5289 30.8741 -7.23086 29.5403 30.8476 -7.23086 29.5404 30.8474 -7.23086 29.5663 30.7876 -7.23086 29.5639 29.2057 -7.23086 29.4741 28.8476 -7.23086 29.4742 26 -7.23086 29.4733 25.9987 -7.23086 29.4733 24.0013 -7.23086 29.4742 24 -7.23086 29.4653 22.1862 -7.23086 29.5435 21.9215 -7.23086 29.5929 21.8237 -7.23086 29.6081 20.8824 -7.23086 29.6081 20.8803 -7.23086 29.6186 20.2418 -7.23086 29.5938 20.1814 -7.23086 29.5369 19.8862 -7.23086 29.5296 19.8678 -7.23086 29.5025 19.7145 -7.23086 29.4381 19.6253 -7.23086 29.3796 17 -7.23086 29.3342 16 -7.23086 29.2531 15 -7.23086 
32
30.7329 38.8627 -7.23086 30.9108 39 -7.23086 30.9818 41 -7.23086 31.044 42 -7.23086 31.8875 42.7395 -7.23086 32.2836 43 -7.23086 32.3647 43.4445 -7.23086 32.4408 43.8283 -7.23086 32.416 43.912 -7.23086 32.3812 43.9698 -7.23086 31.8556 44.4024 -7.23086 31.8484 44.4021 -7.23086 31.2467 44.3956 -7.23086 30.7938 44.3175 -7.23086 30.6378 44.2932 -7.23086 30.2459 43.9698 -7.23086 30.029 43.8094 -7.23086 29.9331 43.7417 -7.23086 29.7392 43.5999 -7.23086 29.7163 43.5751 -7.23086 30.2727 43.6067 -7.23086 30.7214 43.0058 -7.23086 30.7255 43 -7.23086 30.7328 42.902 -7.23086 30.9057 42 -7.23086 30.9944 41.2265 -7.23086 30.857 41.0312 -7.23086 30.8392 41 -7.23086 30.8672 40 -7.23086 30.2171 39.104 -7.23086 30.1482 39 -7.23086 30.1582 38.3636 -7.23086 
0
