6
0
1
27
37.7757 41.0501 -9.93086 37.7387 41.2959 -9.93086 37.7322 41.3334 -9.93086 37.7176 41.4386 -9.93086 37.68 41.6151 -9.93086 37.6764 41.6357 -9.93086 37.6312 41.8607 -9.93086 37.6162 41.9114 -9.93086 37.5075 42.388 -9.93086 37.3426 42.7277 -9.93086 37.2911 42.9152 -9.93086 37.2721 43.138 -9.93086 37.2162 43.2451 -9.93086 37.1433 43.4425 -9.93086 37.1322 43.5796 -9.93086 37.0676 43.851 -9.93086 37.0139 43.9698 -9.93086 36.9176 44.087 -9.93086 36.663 44.371 -9.93086 36.4587 44.406 -9.93086 36.1797 44.4655 -9.93086 35.8499 44.484 -9.93086 35.8199 44.4846 -9.93086 36.3753 44 -9.93086 36.5438 43 -9.93086 36.631 42 -9.93086 36.9105 41.8008 -9.93086 
2
23
29.6648 39 -9.03086 29.6427 40 -9.03086 29.6426 40.0019 -9.03086 29.6333 40.2865 -9.03086 29.6334 40.2867 -9.03086 29.7022 40.3203 -9.03086 29.7697 40.8139 -9.03086 29.7853 40.8837 -9.03086 29.8505 41.126 -9.03086 29.9481 41.2173 -9.03086 30.0422 41.3334 -9.03086 30.4731 41.4895 -9.03086 30.5015 41.5017 -9.03086 30.5025 41.502 -9.03086 30.8398 41.7476 -9.03086 30.8574 41.7675 -9.03086 30.7772 41 -9.03086 30.7093 40 -9.03086 30.6602 39 -9.03086 30.4146 38.8878 -9.03086 30.3581 38.8629 -9.03086 29.277 38.3172 -9.03086 29.2732 38.4626 -9.03086 
26
30.968 42.0452 -9.03086 31.0072 42.3043 -9.03086 31.0445 42.388 -9.03086 31.0682 42.4472 -9.03086 31.677 42.8462 -9.03086 31.8741 42.9152 -9.03086 31.8831 42.9186 -9.03086 31.8858 42.9195 -9.03086 31.8944 42.9272 -9.03086 32.2827 43.4425 -9.03086 32.2842 43.4492 -9.03086 32.286 43.4529 -9.03086 32.5634 43.7809 -9.03086 32.6257 43.9698 -9.03086 32.7548 44.0533 -9.03086 32.8948 44.1296 -9.03086 32.9491 44.1463 -9.03086 33.5037 44.2976 -9.03086 33.8765 44.368 -9.03086 33.7002 44.2147 -9.03086 33.2782 44 -9.03086 33.0155 43.0774 -9.03086 33.0154 43.0771 -9.03086 33.0145 43.0759 -9.03086 32.9932 43 -9.03086 32.3581 42.7523 -9.03086 
0
0
0
