26
0
0
0
0
0
0
0
0
0
0
0
0
0
0
0
0
0
1
12
35.0556 28.7793 -35.5 35.054 28.5839 -35.5 35.3206 28.0005 -35.5 36.1092 28.0003 -35.5 36.3 27.9451 -35.5 36.9603 28.5839 -35.5 36.8986 29.4471 -35.5 36.9101 29.5633 -35.5 36.3 30.27 -35.5 35.4203 29.937 -35.5 35.3206 29.8963 -35.5 35.0824 29.5633 -35.5 
0
0
1
27
36.13 11.6602 -32.8 36.1773 11.8267 -32.8 36.2867 12 -32.8 36.3773 12.1052 -32.8 37 12.7845 -32.8 37.1207 12.9052 -32.8 37.1875 13 -32.8 37.2055 13.8 -32.8 37.1764 14 -32.8 37.0377 14.1387 -32.8 37 14.2648 -32.8 36.9801 14.3387 -32.8 36.5917 15 -32.8 36.8411 15.8 -32.8 36.7833 15.9646 -32.8 36.8391 15.8517 -32.8 37.113 15.1196 -32.8 37.12 15.0974 -32.8 37.176 14.8723 -32.8 37.2125 14.3974 -32.8 37.2182 13.8929 -32.8 37.2003 13.4588 -32.8 37.1867 12.9135 -32.8 37.0316 12.6662 -32.8 36.4865 11.9341 -32.8 36.4328 11.8493 -32.8 36.3 11.726 -32.8 
0
0
0
1
36
25 20.3579 -29.2 24.3436 20.3376 -29.2 24.5472 20.5524 -29.2 25.1121 20.6065 -29.2 25.5266 20.6116 -29.2 25.9411 20.6024 -29.2 26.506 20.6214 -29.2 26.8707 20.6597 -29.2 27.4854 20.6978 -29.2 27.8999 20.8091 -29.2 28.4648 20.8719 -29.2 29.0297 20.959 -29.2 29.4442 21.0435 -29.2 30.0091 21.2296 -29.2 30.4236 21.3441 -29.2 30.8381 21.5045 -29.2 31.2272 21.6828 -29.2 31.3177 21.7281 -29.2 31.403 21.769 -29.2 31.8175 21.9892 -29.2 32.3824 22.2084 -29.2 32.668 22.0942 -29.2 32.5738 22 -29.2 32 21.4977 -29.2 31.2 21.3655 -29.2 31 21.3417 -29.2 30 21.1761 -29.2 29.8239 21 -29.2 29.1493 20.5819 -29.2 29 20.4852 -29.2 28 20.427 -29.2 27.2 20.3765 -29.2 27 20.3743 -29.2 26.2 20.3871 -29.2 26 20.3856 -29.2 25.2 20.3557 -29.2 
2
17
24.5472 20.3614 -28.3 25.1915 20.3694 -28.3 26.1709 20.3504 -28.3 26.506 20.3614 -28.3 27.1503 20.4289 -28.3 27.8205 20.5531 -28.3 28.4648 20.7261 -28.3 28.5915 20.7487 -28.3 28.6622 20.763 -28.3 28.7998 20.7882 -28.3 29.1374 20.857 -28.3 29 20.7718 -28.3 28.3 20.4294 -28.3 26.3 20.2952 -28.3 25.3 20.3085 -28.3 25 20.2973 -28.3 24.4887 20.3159 -28.3 
13
30.2293 21.1429 -28.3 30.3 21.1547 -28.3 31 21.2556 -28.3 31.3 21.3052 -28.3 32 21.4625 -28.3 32.6145 22 -28.3 32.6233 22.0157 -28.3 32.3824 22.0994 -28.3 31.8542 21.8245 -28.3 31.5191 21.6017 -28.3 31.403 21.5313 -28.3 31.0679 21.4548 -28.3 30.4236 21.2055 -28.3 
