96
0 1 0 1 1 2 1 2 2 3 2 3 3 4 3 4 4 5 4 5 5 6 5 6 6 7 6 7 7 8 7 8 8 9 8 9 9 10 9 10 10 11 10 11 11 12 11 12 12 13 12 13 13 14 13 14 14 15 14 15 15 16 15 16 16 17 16 17 17 18 17 18 18 19 18 19 19 20 19 20 19 21 19 21 21 22 21 22 22 23 22 23 23 24 23 24 
26
1 0 
1 1 
1 2 
1 3 
1 4 
1 5 
1 6 
1 7 
1 8 
1 9 
1 10 
1 11 
1 12 
1 13 
1 14 
1 15 
1 16 
1 17 
1 18 
1 19 
2 20 21 
1 22 
1 23 
1 24 
0 
0 
25
0 0 0 -50.8
1 1 
1
10
3.1106e-015 11.1809 -50.8 0.062089 11.1244 -50.8 1.04149 11.0875 -50.8 40.2176 11.1086 -50.8 40.8356 11.147 -50.8 41.197 11.1469 -50.8 41.815 11.1132 -50.8 50.8 11.0993 -50.8 50.8 50.7999 -50.8 1.39532e-006 50.8 -50.8 
1 1 0 -49.9
2 0 2 
1
6
3.0555e-015 11.1819 -49.9 0.062089 11.1254 -49.9 1.04149 11.0883 -49.9 50.8 11.1013 -49.9 50.8 50.8 -49.9 3.05549e-015 50.8 -49.9 
2 2 0 -49
2 1 3 
1
6
3.00038e-015 11.1828 -49 0.062089 11.1263 -49 1.04149 11.0892 -49 50.8 11.1033 -49 50.8 50.8 -49 3.00038e-015 50.8 -49 
3 3 0 -48.1
2 2 4 
1
6
2.94528e-015 11.1839 -48.1 0.062089 11.1273 -48.1 1.04149 11.09 -48.1 50.8 11.1056 -48.1 50.8 50.8 -48.1 2.94527e-015 50.8 -48.1 
4 4 0 -47.2
2 3 5 
1
6
2.89017e-015 11.1848 -47.2 0.062089 11.1283 -47.2 1.04149 11.0909 -47.2 50.8 11.1079 -47.2 50.8 50.8 -47.2 2.89017e-015 50.8 -47.2 
5 5 0 -46.3
2 4 6 
1
6
2.83506e-015 11.1858 -46.3 0.062089 11.1293 -46.3 1.04149 11.0919 -46.3 50.8 11.1104 -46.3 50.8 50.8 -46.3 2.83506e-015 50.8 -46.3 
6 6 0 -45.4
2 5 7 
1
6
2.77994e-015 11.1867 -45.4 0.062089 11.1303 -45.4 1.04149 11.0927 -45.4 50.8 11.1131 -45.4 50.8 50.8 -45.4 2.77995e-015 50.8 -45.4 
7 7 0 -44.5
2 6 8 
1
6
2.72484e-015 11.1877 -44.5 0.062089 11.1312 -44.5 1.04149 11.0936 -44.5 50.8 11.1158 -44.5 50.8 50.8 -44.5 2.72484e-015 50.8 -44.5 
8 8 0 -43.6
2 7 9 
1
6
2.66972e-015 11.1886 -43.6 0.062089 11.1322 -43.6 1.04149 11.0944 -43.6 50.8 11.1187 -43.6 50.8 50.8 -43.6 2.66973e-015 50.8 -43.6 
9 9 0 -42.7
2 8 10 
1
6
2.61462e-015 11.1895 -42.7 0.062089 11.1331 -42.7 1.04149 11.0953 -42.7 50.8 11.1218 -42.7 50.8 50.8 -42.7 2.61462e-015 50.8 -42.7 
10 10 0 -41.8
2 9 11 
1
6
2.55951e-015 11.1903 -41.8 0.062089 11.134 -41.8 1.04149 11.0961 -41.8 50.8 11.1249 -41.8 50.8 50.8 -41.8 2.55951e-015 50.8 -41.8 
11 11 0 -40.9
2 10 12 
1
6
2.5044e-015 11.1914 -40.9 0.062089 11.1351 -40.9 1.04149 11.097 -40.9 50.8 11.128 -40.9 50.8 50.8 -40.9 2.50441e-015 50.8 -40.9 
12 12 0 -40
2 11 13 
1
6
2.4493e-015 11.1928 -40 0.062089 11.1365 -40 1.04149 11.0981 -40 50.8 11.1313 -40 50.8 50.8 -40 2.4493e-015 50.8 -40 
13 13 0 -39.1
2 12 14 
1
6
2.39418e-015 11.1943 -39.1 0.062089 11.138 -39.1 1.04149 11.0994 -39.1 50.8 11.1347 -39.1 50.8 50.8 -39.1 2.39419e-015 50.8 -39.1 
14 14 0 -38.2
2 13 15 
1
6
2.33907e-015 11.1959 -38.2 0.062089 11.1396 -38.2 1.04149 11.1009 -38.2 50.8 11.1382 -38.2 50.8 50.8 -38.2 2.33908e-015 50.8 -38.2 
15 15 0 -37.3
2 14 16 
1
18
2.28397e-015 11.1974 -37.3 0.062089 11.1412 -37.3 1.04149 11.1023 -37.3 21.609 11.2833 -37.3 22.5884 11.2879 -37.3 30.4236 11.1789 -37.3 36.1503 11.2802 -37.3 36.3 11.2858 -37.3 37.1297 11.2999 -37.3 37.2794 11.3054 -37.3 39.2382 11.3296 -37.3 41.0473 11.3031 -37.3 41.197 11.2969 -37.3 42.1764 11.2749 -37.3 43.0061 11.2603 -37.3 50.8 11.1416 -37.3 50.8 50.8 -37.3 2.28397e-015 50.8 -37.3 
16 16 0 -36.4
2 15 17 
1
43
2.22886e-015 11.199 -36.4 0.062089 11.1428 -36.4 1.04149 11.1038 -36.4 18.6004 11.2693 -36.4 18.6707 11.272 -36.4 19.5799 11.2921 -36.4 19.6502 11.2949 -36.4 20.5593 11.316 -36.4 20.6296 11.319 -36.4 21.5387 11.3389 -36.4 21.609 11.342 -36.4 22.5884 11.3502 -36.4 23.4975 11.3385 -36.4 24.4769 11.3203 -36.4 25.4563 11.2985 -36.4 25.5266 11.2953 -36.4 26.4357 11.2695 -36.4 26.506 11.2656 -36.4 27.4854 11.237 -36.4 29.4442 11.196 -36.4 30.4236 11.1888 -36.4 35.2503 11.2953 -36.4 36.2297 11.3329 -36.4 36.3 11.3375 -36.4 37.2091 11.3713 -36.4 37.2794 11.3772 -36.4 38.1885 11.3983 -36.4 38.2588 11.4035 -36.4 39.1679 11.42 -36.4 39.2382 11.4232 -36.4 40.1473 11.4057 -36.4 40.2176 11.4009 -36.4 41.1267 11.3637 -36.4 41.197 11.3574 -36.4 42.1061 11.3276 -36.4 42.1764 11.3226 -36.4 43.0855 11.2928 -36.4 43.1558 11.2883 -36.4 44.0649 11.258 -36.4 44.1352 11.2545 -36.4 50.8 11.1447 -36.4 50.8 50.8 -36.4 2.22886e-015 50.8 -36.4 
17 17 0 -35.5
2 16 18 
1
43
2.17375e-015 11.2006 -35.5 0.062089 11.1444 -35.5 1.04149 11.1054 -35.5 17.7005 11.2775 -35.5 18.6707 11.3147 -35.5 18.6798 11.3149 -35.5 19.6502 11.3544 -35.5 19.6593 11.3546 -35.5 20.6296 11.3962 -35.5 20.6387 11.3964 -35.5 21.609 11.4393 -35.5 22.5884 11.4565 -35.5 22.5975 11.4564 -35.5 23.5769 11.4292 -35.5 24.5563 11.3973 -35.5 25.5266 11.3527 -35.5 25.5357 11.3525 -35.5 26.506 11.2991 -35.5 27.4854 11.2597 -35.5 29.4442 11.2083 -35.5 30.4236 11.1994 -35.5 34.3503 11.2992 -35.5 35.3297 11.3466 -35.5 36.3 11.4101 -35.5 36.3091 11.4104 -35.5 37.2794 11.4917 -35.5 37.2885 11.492 -35.5 38.2588 11.5639 -35.5 38.2679 11.564 -35.5 39.2382 11.6076 -35.5 39.2473 11.6075 -35.5 40.2176 11.5423 -35.5 40.2267 11.5419 -35.5 41.197 11.4549 -35.5 41.2061 11.4546 -35.5 42.1764 11.386 -35.5 42.1855 11.3857 -35.5 43.1558 11.3244 -35.5 43.1649 11.3241 -35.5 44.1352 11.2757 -35.5 50.8 11.1473 -35.5 50.8 50.8 -35.5 2.17375e-015 50.8 -35.5 
18 18 0 -34.6
2 17 19 
3
150
2.11864e-015 11.2021 -34.6 0.062089 11.1459 -34.6 1.04149 11.1069 -34.6 17.7799 11.3098 -34.6 18.6707 11.3664 -34.6 18.7592 11.37 -34.6 19.6502 11.4431 -34.6 19.7387 11.4469 -34.6 20.6296 11.5406 -34.6 20.7181 11.5445 -34.6 21.609 11.607 -34.6 21.6975 11.6086 -34.6 22.5884 11.465 -34.6 22.6769 11.4625 -34.6 23.5678 11.4075 -34.6 23.6563 11.4046 -34.6 24.5472 11.5617 -34.6 24.6357 11.5576 -34.6 25.5266 11.4287 -34.6 25.6151 11.4238 -34.6 26.506 11.3408 -34.6 26.5945 11.3372 -34.6 27.4854 11.2856 -34.6 28.4648 11.2482 -34.6 29.4442 11.2207 -34.6 30.4236 11.2093 -34.6 33.4503 11.2947 -34.6 34.4297 11.3477 -34.6 35.4091 11.4206 -34.6 36.3 11.5278 -34.6 36.3885 11.5352 -34.6 37.2794 11.468 -34.6 37.3679 11.4745 -34.6 38.2087 11.9341 -34.6 38.2588 12.0179 -34.6 38.6453 12.3206 -34.6 39.2382 12.5459 -34.6 39.2412 12.5436 -34.6 39.6048 11.9341 -34.6 39.7741 11.9048 -34.6 40.1291 11.8358 -34.6 40.2176 11.8299 -34.6 40.3061 11.8219 -34.6 41.197 11.6258 -34.6 41.2855 11.6196 -34.6 42.1764 11.4624 -34.6 42.2649 11.4568 -34.6 43.1558 11.3562 -34.6 44.1352 11.2965 -34.6 45.1147 11.256 -34.6 50.8 11.1492 -34.6 50.8 11.7002 -34.6 46 11.7842 -34.6 45.7842 12 -34.6 45.771 17 -34.6 45.0441 17.7423 -34.6 45 17.7917 -34.6 44.7917 18 -34.6 44.7757 21 -34.6 44.0436 21.752 -34.6 44 21.8021 -34.6 43.0452 22.7761 -34.6 43 22.8269 -34.6 42.8269 23 -34.6 42.826 24 -34.6 42.911 28 -34.6 42.9069 30 -34.6 42.0012 30.9962 -34.6 42 30.9977 -34.6 41.9977 31 -34.6 41.9419 32 -34.6 41.0213 32.9378 -34.6 41 32.9602 -34.6 40 33.9493 -34.6 39.0389 34.8885 -34.6 39 34.9247 -34.6 36.7846 35 -34.6 36 35.2786 -34.6 35.6883 35.3117 -34.6 35.0451 35.8955 -34.6 35 35.93 -34.6 33 35.934 -34.6 32.1339 35.1339 -34.6 32 35.1064 -34.6 31.9197 35.0803 -34.6 31.8046 35 -34.6 30 34.9176 -34.6 29.0551 34.0175 -34.6 29.035 34 -34.6 29 33.965 -34.6 25 33.8839 -34.6 24.8839 34 -34.6 24.0632 34.7774 -34.6 24 34.8282 -34.6 23 34.8379 -34.6 22.0563 35.7633 -34.6 22 35.8139 -34.6 21.0535 36.7501 -34.6 21 36.8001 -34.6 20.0527 37.7366 -34.6 20 37.7854 -34.6 19.05 38.7305 -34.6 19 38.7786 -34.6 18.0492 39.7247 -34.6 18 39.7721 -34.6 17 39.7776 -34.6 16.0492 40.7232 -34.6 16 40.7703 -34.6 15.0492 41.7109 -34.6 15 41.756 -34.6 13 41.7502 -34.6 12.0457 42.6956 -34.6 12 42.7374 -34.6 8 42.7172 -34.6 6.28561 41 -34.6 6.28341 40 -34.6 5.32509 39.0379 -34.6 5.289 39 -34.6 5.2897 35 -34.6 4.33326 34.0368 -34.6 4.2999 34 -34.6 4.30208 33 -34.6 4.96762 32.3306 -34.6 5 32.2963 -34.6 5.96623 31.3258 -34.6 6 31.2899 -34.6 11 31.2113 -34.6 11.2113 31 -34.6 11.9562 30.2319 -34.6 12 30.1811 -34.6 12.1811 30 -34.6 12.1774 29 -34.6 12.9619 28.171 -34.6 13 28.1238 -34.6 13.1238 28 -34.6 13.9718 27.1021 -34.6 14 27.0682 -34.6 14.0682 27 -34.6 14.1409 24 -34.6 14.9571 23.1655 -34.6 15 23.119 -34.6 15.9597 22.1436 -34.6 16 22.1006 -34.6 16.1006 22 -34.6 16.2216 14 -34.6 15.287 13.0512 -34.6 15.2415 13 -34.6 15.2347 12 -34.6 15 11.7653 -34.6 2.11864e-015 11.6549 -34.6 
49
26 11.9526 -34.6 25.6522 12 -34.6 25.8247 12.8247 -34.6 25.9695 12.9851 -34.6 25.9811 13 -34.6 25.9942 14 -34.6 25.9531 15 -34.6 25.401 15.599 -34.6 25.2766 16 -34.6 25 16.7088 -34.6 24.9501 18 -34.6 24.0043 18.9878 -34.6 24 18.9926 -34.6 23.9926 19 -34.6 23.9636 20 -34.6 24 20.0364 -34.6 26 20.1481 -34.6 29 20.144 -34.6 29.8514 20.962 -34.6 29.8953 21 -34.6 30 21.1047 -34.6 31 21.1257 -34.6 32 21.0664 -34.6 32.3498 21.3498 -34.6 33 20.471 -34.6 33.3207 20 -34.6 34 19.1404 -34.6 34.0129 19 -34.6 34.3266 18.6734 -34.6 34.7364 18 -34.6 35 17.4154 -34.6 35.0189 17 -34.6 35.2019 16.7981 -34.6 35.4421 16 -34.6 35.9066 15.0934 -34.6 35.9409 15 -34.6 35.9178 14.0822 -34.6 35.9241 14 -34.6 35.6949 13.3051 -34.6 35.5706 13 -34.6 35.3375 12.6625 -34.6 35.0928 12 -34.6 35 11.9876 -34.6 34 11.906 -34.6 33 11.8444 -34.6 31 11.7684 -34.6 30 11.7627 -34.6 28 11.8246 -34.6 27 11.8744 -34.6 
86
25.4849 27.6045 -34.6 25.7326 28.3779 -34.6 25.7904 28.5839 -34.6 26.506 29.411 -34.6 26.5894 29.4799 -34.6 26.6712 29.5633 -34.6 27.4854 30.0492 -34.6 28.2447 30.3226 -34.6 28.4648 30.3978 -34.6 28.5932 30.4143 -34.6 29.3373 30.5427 -34.6 29.4442 30.5565 -34.6 30.3742 30.5517 -34.6 30.4236 30.5567 -34.6 31.2108 30.597 -34.6 31.403 30.6712 -34.6 31.8126 31.5222 -34.6 32.3824 32.001 -34.6 33.1034 32.2431 -34.6 33.3618 32.3393 -34.6 33.4868 32.3766 -34.6 34.1913 32.5016 -34.6 34.2183 32.505 -34.6 34.3412 32.5223 -34.6 35.3206 32.606 -34.6 35.9694 32.5016 -34.6 36.3 32.4419 -34.6 36.4366 32.365 -34.6 37.2794 31.937 -34.6 37.9302 31.5222 -34.6 38.2313 31.2381 -34.6 38.2588 31.2106 -34.6 38.7782 30.5427 -34.6 38.8816 30.3971 -34.6 39.0893 29.5633 -34.6 39.1598 28.6623 -34.6 39.163 28.5839 -34.6 39.1397 28.4854 -34.6 38.9861 27.6045 -34.6 38.9269 27.3599 -34.6 38.7645 26.6251 -34.6 38.4327 25.6457 -34.6 38.2588 25.1808 -34.6 38.0528 24.7183 -34.6 38.0308 24.6663 -34.6 37.7578 24.1794 -34.6 37.4939 23.6869 -34.6 37.4738 23.1538 -34.6 37.4688 22.7075 -34.6 37.4336 22.0915 -34.6 37.4693 21.7281 -34.6 37.605 21.3717 -34.6 37.7574 20.7487 -34.6 38.0355 19.9926 -34.6 37.5744 19.7693 -34.6 37.7323 19.3164 -34.6 37.2794 19.6716 -34.6 37.187 19.7693 -34.6 36.3 20.5735 -34.6 36.1847 20.7487 -34.6 35.3206 21.5215 -34.6 35.1679 21.7281 -34.6 35.1056 22.0283 -34.6 34.9429 22.7075 -34.6 34.9272 22.9795 -34.6 34.7365 23.6869 -34.6 34.4733 23.9091 -34.6 34.3412 24.0387 -34.6 33.7273 24.6663 -34.6 32.4726 25.6457 -34.6 32.3824 25.8261 -34.6 32.1398 25.8883 -34.6 31.9228 26.0301 -34.6 31.403 26.3311 -34.6 31.1875 26.2477 -34.6 30.4236 25.9051 -34.6 30.0075 25.6781 -34.6 29.9422 25.6457 -34.6 29.4442 25.3782 -34.6 29.2101 25.2918 -34.6 28.4648 25.0714 -34.6 28.1538 25.1307 -34.6 27.4854 25.2239 -34.6 26.6776 25.6457 -34.6 26.506 25.7887 -34.6 25.7776 26.6251 -34.6 
19 19 0 -33.7
3 18 20 21 
1
382
4.89974 33 -33.7 5 32.8945 -33.7 5.8945 32 -33.7 6 31.8878 -33.7 11 31.8026 -33.7 11.8026 31 -33.7 12 30.7712 -33.7 12.7712 30 -33.7 12.7673 29 -33.7 12.9231 28.8067 -33.7 13 28.7074 -33.7 13.7074 28 -33.7 13.9008 27.7677 -33.7 14 27.6344 -33.7 14.6344 27 -33.7 14.649 26.7 -33.7 14.6669 26 -33.7 14.6831 25.7 -33.7 14.6991 25 -33.7 14.713 24.7 -33.7 14.73 24 -33.7 14.9114 23.8033 -33.7 15 23.7036 -33.7 15.7036 23 -33.7 15.9002 22.7904 -33.7 16 22.677 -33.7 16.677 22 -33.7 16.692 21.7 -33.7 16.7241 20.7 -33.7 16.8181 14 -33.7 16 13.1819 -33.7 15.8393 13 -33.7 15.8326 12 -33.7 15.0522 11.2195 -33.7 17.8593 11.3452 -33.7 19.6502 11.5007 -33.7 19.8181 11.5184 -33.7 20.6296 11.6609 -33.7 20.7975 11.6727 -33.7 20.9879 11.7747 -33.7 21.2466 11.9341 -33.7 21.609 12.6522 -33.7 21.8898 12.6327 -33.7 21.9051 12.9135 -33.7 21.717 13.7849 -33.7 21.7109 13.8929 -33.7 21.609 14.2487 -33.7 21.5611 14.637 -33.7 21.5183 14.8723 -33.7 21.4815 15.521 -33.7 21.4277 15.8517 -33.7 21.4953 16.6237 -33.7 21.4737 16.8311 -33.7 21.609 17.2428 -33.7 21.9441 16.8311 -33.7 22.5884 16.3601 -33.7 22.6541 16.2023 -33.7 22.8336 15.8517 -33.7 23.2996 15.1405 -33.7 23.4239 14.8723 -33.7 23.5678 14.6946 -33.7 23.6714 14.3697 -33.7 23.8635 13.8929 -33.7 23.8177 13.3165 -33.7 23.7759 12.9135 -33.7 23.5678 12.0344 -33.7 23.5169 11.985 -33.7 23.5204 11.9341 -33.7 23.5519 11.9265 -33.7 23.5678 11.9255 -33.7 23.8232 11.8434 -33.7 24.3793 11.6767 -33.7 24.5472 11.7063 -33.7 24.7151 11.682 -33.7 24.8891 11.6483 -33.7 24.5374 12 -33.7 25 12.4625 -33.7 25.4152 13 -33.7 25.4319 14 -33.7 25.4032 14.7 -33.7 25.3813 15 -33.7 25 15.4677 -33.7 24.4677 16 -33.7 24.4367 16.7 -33.7 24.4145 17 -33.7 24.3736 18 -33.7 24.1285 18.2748 -33.7 24 18.4481 -33.7 23.4481 19 -33.7 23.4278 19.7 -33.7 23.4099 20 -33.7 24 20.5901 -33.7 24.7 20.6332 -33.7 25 20.6777 -33.7 25.7 20.7129 -33.7 26 20.7337 -33.7 29 20.7321 -33.7 29.2067 20.9114 -33.7 29.3141 21 -33.7 30 21.6859 -33.7 31 21.7097 -33.7 32 21.6546 -33.7 32.3664 21.8881 -33.7 32.5828 22 -33.7 33 22.4171 -33.7 33.4172 22 -33.7 33.467 21.7 -33.7 33.5241 21 -33.7 33.8334 20.6647 -33.7 34 20.4697 -33.7 34.4697 20 -33.7 34.5196 19.7 -33.7 34.584 19 -33.7 34.8549 18.7014 -33.7 35 18.5348 -33.7 35.5348 18 -33.7 35.5667 17.3 -33.7 35.7706 17 -33.7 36 16.7142 -33.7 36.0739 16.6677 -33.7 36.4416 16.3 -33.7 36.6156 16 -33.7 36.5221 15.7 -33.7 36.5701 15 -33.7 36.5683 14.3 -33.7 36.7396 14 -33.7 37 13.5987 -33.7 37.052 13.5591 -33.7 37.3111 13.3 -33.7 37.3043 13 -33.7 37 12.6957 -33.7 36.6351 12.2547 -33.7 36.4016 12 -33.7 36.3351 11.7658 -33.7 36.0514 11.4821 -33.7 36.4679 11.4493 -33.7 36.7044 11.6476 -33.7 37.0133 11.9341 -33.7 37.2794 12.33 -33.7 37.5065 12.6792 -33.7 37.6374 12.9135 -33.7 37.6318 13.1338 -33.7 37.6479 13.8929 -33.7 37.6955 14.8723 -33.7 37.4845 15.6466 -33.7 37.4831 15.8517 -33.7 37.2794 16.1623 -33.7 37.2617 16.204 -33.7 36.9515 16.8311 -33.7 36.8911 17.068 -33.7 36.6501 17.8105 -33.7 36.3761 18.2906 -33.7 36.3 18.4496 -33.7 36.1242 18.7899 -33.7 35.7236 19.3663 -33.7 35.4674 19.7693 -33.7 35.3206 19.9591 -33.7 35.2924 20.0126 -33.7 34.5845 21.0419 -33.7 34.5091 21.1679 -33.7 34.3412 21.3725 -33.7 34.117 21.7281 -33.7 34.0614 21.9701 -33.7 33.7947 22.7075 -33.7 33.3618 23.5191 -33.7 33.2378 23.6869 -33.7 32.6511 24.2275 -33.7 32.3824 24.4876 -33.7 31.6765 24.6663 -33.7 31.403 24.7515 -33.7 31.3411 24.7282 -33.7 31.1608 24.6663 -33.7 30.4236 24.4467 -33.7 30.1933 24.3229 -33.7 29.4442 23.9899 -33.7 28.5855 23.6986 -33.7 28.4648 23.6551 -33.7 27.4854 23.5775 -33.7 26.7313 23.6869 -33.7 26.506 23.7333 -33.7 25.7789 24.0903 -33.7 25.5266 24.2034 -33.7 24.8602 24.6663 -33.7 24.5472 24.9701 -33.7 23.9446 25.6457 -33.7 23.5678 26.1301 -33.7 22.6466 26.5669 -33.7 22.6384 26.5706 -33.7 22.5884 26.5909 -33.7 21.8164 25.6457 -33.7 21.609 25.2141 -33.7 21.3701 24.9052 -33.7 21.2833 24.6663 -33.7 20.6296 23.7231 -33.7 20.5008 23.6869 -33.7 19.8687 23.5283 -33.7 19.6502 23.4771 -33.7 19.3005 23.6869 -33.7 18.6707 24.0183 -33.7 18.5904 24.174 -33.7 18.2831 24.6663 -33.7 17.7511 25.3649 -33.7 17.6914 25.4545 -33.7 17.5973 25.6457 -33.7 17.4876 26.0165 -33.7 17.2009 26.6251 -33.7 16.909 27.4075 -33.7 16.9716 27.6045 -33.7 17.0447 28.2512 -33.7 17.2395 28.5839 -33.7 17.6914 29.0224 -33.7 18.0111 29.2436 -33.7 18.5148 29.5633 -33.7 18.5674 29.5935 -33.7 18.6707 29.6409 -33.7 19.2445 29.868 -33.7 19.6502 29.9423 -33.7 20.2652 29.9039 -33.7 20.6296 29.8919 -33.7 21.5946 29.5763 -33.7 21.609 29.5727 -33.7 21.6307 29.5633 -33.7 22.5884 28.9487 -33.7 22.9568 29.1949 -33.7 23.5616 29.5633 -33.7 23.5637 29.5643 -33.7 23.5678 29.5651 -33.7 23.9821 29.816 -33.7 24.5472 30.0487 -33.7 25.1926 30.4956 -33.7 25.2652 30.5427 -33.7 25.8108 30.8081 -33.7 26.506 31.1025 -33.7 27.3599 31.3966 -33.7 27.4854 31.4423 -33.7 27.7266 31.5222 -33.7 27.9515 31.5784 -33.7 28.4648 31.7187 -33.7 28.7869 31.7738 -33.7 29.4442 31.9346 -33.7 30.1432 32.2212 -33.7 30.4236 32.3071 -33.7 30.5743 32.3509 -33.7 30.7458 32.5016 -33.7 32.0616 33.1602 -33.7 32.3824 33.3139 -33.7 32.9276 33.481 -33.7 33.3618 33.6035 -33.7 33.7937 33.6551 -33.7 34.3412 33.6926 -33.7 34.7593 33.6979 -33.7 35.3206 33.677 -33.7 36.1617 33.5293 -33.7 36.3 33.502 -33.7 36.3724 33.481 -33.7 36.7636 33.3131 -33.7 36.9121 33.2725 -33.7 37.2794 33.1633 -33.7 38.2588 32.7116 -33.7 38.5437 32.5016 -33.7 39.2382 31.8928 -33.7 39.5733 31.5222 -33.7 39.9221 30.8382 -33.7 40.0646 30.5427 -33.7 40.2651 29.5633 -33.7 40.324 29.0257 -33.7 40.3639 28.5839 -33.7 40.2848 27.6045 -33.7 40.2176 27.3039 -33.7 40.0554 26.7873 -33.7 40.0307 26.6251 -33.7 39.9563 26.3638 -33.7 39.6698 25.6457 -33.7 39.2382 24.7826 -33.7 39.1738 24.6663 -33.7 39.1429 24.571 -33.7 38.9992 24.2429 -33.7 38.7869 23.6869 -33.7 38.7966 22.7075 -33.7 39.1168 21.8495 -33.7 39.1392 21.7281 -33.7 39.2382 21.4963 -33.7 39.307 21.3262 -33.7 39.5992 20.7487 -33.7 39.6609 20.4456 -33.7 39.8257 19.7693 -33.7 40.2176 17.8851 -33.7 40.22 17.8681 -33.7 40.3537 16.8311 -33.7 40.4089 16.4891 -33.7 40.6215 15.8517 -33.7 40.8882 15.1811 -33.7 40.9736 14.8723 -33.7 41.197 14.3484 -33.7 41.2067 14.3115 -33.7 41.3085 13.8929 -33.7 41.2805 13.2271 -33.7 41.2466 12.9135 -33.7 41.197 12.7188 -33.7 40.893 11.9341 -33.7 40.9121 11.9211 -33.7 41.0291 11.8445 -33.7 41.197 11.8075 -33.7 41.3649 11.7779 -33.7 42.1764 11.5238 -33.7 42.3443 11.5048 -33.7 43.1558 11.389 -33.7 43.3237 11.3785 -33.7 44.1352 11.3155 -33.7 45.1147 11.2673 -33.7 45.9477 11.2379 -33.7 45.1855 12 -33.7 45.1731 17 -33.7 45 17.1954 -33.7 44.1954 18 -33.7 44.1771 21 -33.7 44 21.2043 -33.7 43.2043 22 -33.7 43 22.2307 -33.7 42.2307 23 -33.7 42.2311 24 -33.7 42.3187 30 -33.7 42.1039 30.2784 -33.7 42 30.4234 -33.7 41.4234 31 -33.7 41.3844 31.7 -33.7 41.3621 32 -33.7 41.1228 32.2521 -33.7 41 32.3861 -33.7 40.3861 33 -33.7 40 33.3708 -33.7 39.3708 34 -33.7 39 34.3452 -33.7 38 34.3801 -33.7 37.7 34.3954 -33.7 37 34.4202 -33.7 36.7 34.4396 -33.7 36 34.4678 -33.7 35.4678 35 -33.7 35.1657 35.231 -33.7 35 35.3516 -33.7 34 35.3508 -33.7 33 35.3476 -33.7 32.7129 35.1138 -33.7 32.5518 35 -33.7 32 34.4482 -33.7 31.7 34.4224 -33.7 31 34.3858 -33.7 30.7 34.3657 -33.7 30 34.3374 -33.7 29.6087 34 -33.7 29 33.3913 -33.7 25 33.2992 -33.7 24.2992 34 -33.7 24 34.2404 -33.7 23 34.2533 -33.7 22.2533 35 -33.7 22 35.2266 -33.7 21.2266 36 -33.7 21 36.2112 -33.7 20.2112 37 -33.7 20 37.1964 -33.7 19.1964 38 -33.7 19 38.1885 -33.7 18.1885 39 -33.7 18 39.181 -33.7 17 39.1879 -33.7 16.1879 40 -33.7 16 40.1792 -33.7 15.1792 41 -33.7 15 41.1629 -33.7 13 41.1569 -33.7 12.1569 42 -33.7 12 42.1428 -33.7 8 42.1207 -33.7 6.8821 41 -33.7 6.87977 40 -33.7 6 39.1203 -33.7 5.88602 39 -33.7 5.88714 35 -33.7 5 34.1129 -33.7 4.89782 34 -33.7 
20 20 0 -32.8
1 19 
1
277
5.88838 32 -32.8 6 31.8816 -32.8 11 31.7755 -32.8 11.7755 31 -32.8 12 30.7399 -32.8 12.7398 30 -32.8 12.7377 29 -32.8 12.9426 28.7353 -32.8 13 28.6572 -32.8 13.6572 28 -32.8 13.9218 27.6446 -32.8 14 27.5238 -32.8 14.5238 27 -32.8 14.5489 26.8 -32.8 14.5877 26 -32.8 14.6051 25.8 -32.8 14.6974 24 -32.8 15 23.6574 -32.8 15.6574 23 -32.8 16 22.6108 -32.8 16.6108 22 -32.8 16.6242 21.8 -32.8 16.8086 14 -32.8 16 13.1914 -32.8 15.8337 13 -32.8 15.8272 12 -32.8 15.4127 11.5854 -32.8 17.6914 11.7045 -32.8 17.9387 11.7282 -32.8 18.6707 11.81 -32.8 19.4929 11.9341 -32.8 19.6502 12.1082 -32.8 19.9547 12.609 -32.8 20.2404 12.9135 -32.8 20.2237 13.3194 -32.8 20.14 13.8929 -32.8 20.0862 14.4363 -32.8 19.9765 14.8723 -32.8 19.9201 15.1422 -32.8 20.0133 15.5579 -32.8 20.1067 15.8517 -32.8 19.8516 16.6297 -32.8 19.8027 16.8311 -32.8 19.6502 17.228 -32.8 19.231 17.8105 -32.8 19.1318 18.2715 -32.8 19.1681 18.4784 -32.8 19.2397 18.7899 -32.8 19.1499 19.2901 -32.8 19.0864 19.7693 -32.8 18.8731 20.5463 -32.8 18.9336 20.7487 -32.8 18.6707 21.2052 -32.8 18.4009 21.4583 -32.8 18.4033 21.4801 -32.8 18.4383 21.7281 -32.8 18.1956 22.2032 -32.8 17.8586 22.7075 -32.8 17.6914 23.0025 -32.8 17.1421 23.6869 -32.8 17.0852 24.2931 -32.8 16.712 25.0128 -32.8 16.5317 25.1464 -32.8 16.3081 25.6457 -32.8 16.0862 26.2714 -32.8 15.9232 26.6251 -32.8 15.7325 27.1477 -32.8 15.6036 27.272 -32.8 15.5532 27.6045 -32.8 15.464 28.086 -32.8 15.4186 28.5839 -32.8 15.6725 29.4682 -32.8 15.6759 29.5633 -32.8 15.6326 29.6632 -32.8 15.7325 29.8399 -32.8 15.8308 30.4444 -32.8 15.8914 30.5427 -32.8 16.712 31.2573 -32.8 16.8913 31.3429 -32.8 17.1493 31.5222 -32.8 17.6914 31.9991 -32.8 18.0779 32.1151 -32.8 18.6707 32.1054 -32.8 19.0055 32.1668 -32.8 19.6502 32.0837 -32.8 20.0742 32.0728 -32.8 20.6296 32.0734 -32.8 21.2116 32.1042 -32.8 21.609 31.9738 -32.8 22.5192 31.5222 -32.8 22.5884 31.4966 -32.8 22.6158 31.4948 -32.8 23.5678 31.2715 -32.8 23.7705 31.3194 -32.8 24.5472 31.3814 -32.8 24.8615 31.5222 -32.8 25.5266 32.0483 -32.8 25.7868 32.2414 -32.8 26.506 32.4598 -32.8 26.8174 32.5016 -32.8 27.4854 32.6821 -32.8 28.2952 32.6712 -32.8 28.3141 32.6649 -32.8 28.4648 32.5985 -32.8 29.4442 33.1918 -32.8 30.0346 33.092 -32.8 30.4039 33.2393 -32.8 30.4236 33.2481 -32.8 30.8765 33.481 -32.8 31.403 34.0454 -32.8 32.3093 34.3873 -32.8 32.3802 34.4312 -32.8 32.3824 34.4323 -32.8 32.4891 34.4604 -32.8 33.3618 34.8828 -32.8 34.3412 34.9022 -32.8 34.944 34.837 -32.8 35.3206 34.8223 -32.8 35.955 34.4604 -32.8 36.204 34.3979 -32.8 36.3 34.379 -32.8 36.4219 34.3385 -32.8 37.2794 34.2105 -32.8 37.8395 33.9003 -32.8 38.2588 33.8734 -32.8 38.2594 33.873 -32.8 38.7293 33.481 -32.8 39.2382 33.1648 -32.8 40.0369 32.5016 -32.8 40.2176 32.2728 -32.8 40.715 31.5222 -32.8 40.7644 30.9753 -32.8 40.9941 30.561 -32.8 41.0028 30.5427 -32.8 41.197 29.978 -32.8 41.3801 29.9181 -32.8 41.5343 29.5633 -32.8 41.5963 29.0039 -32.8 41.6026 28.5839 -32.8 41.4042 27.8191 -32.8 41.3912 27.6045 -32.8 41.197 27.4081 -32.8 41.0091 26.9345 -32.8 40.9821 26.8724 -32.8 40.9266 26.6251 -32.8 40.9226 26.6146 -32.8 40.9985 25.8358 -32.8 40.7716 25.6457 -32.8 40.2176 25.1468 -32.8 40.1272 24.9031 -32.8 40.0033 24.6663 -32.8 39.8766 24.3253 -32.8 39.9637 23.6869 -32.8 39.9617 22.9634 -32.8 39.9496 22.7075 -32.8 39.9526 21.9931 -32.8 40.049 21.7701 -32.8 40.0691 21.7281 -32.8 40.2176 21.4767 -32.8 40.9182 20.7487 -32.8 41.0166 19.9497 -32.8 41.0629 19.7693 -32.8 41.1448 18.8421 -32.8 41.152 18.8034 -32.8 41.1539 18.7899 -32.8 41.197 18.1812 -32.8 41.2541 17.8888 -32.8 41.2623 17.8105 -32.8 41.197 17.6658 -32.8 41.079 16.973 -32.8 41.0977 16.8311 -32.8 41.197 16.5994 -32.8 41.869 15.8517 -32.8 42.0428 15.0059 -32.8 42.0986 14.8776 -32.8 42.1004 14.8723 -32.8 42.1764 14.5032 -32.8 42.3732 14.1838 -32.8 42.4365 13.8929 -32.8 42.1764 13.2169 -32.8 42.1331 12.9725 -32.8 42.1268 12.9135 -32.8 42.1013 12.8384 -32.8 42.0234 11.9341 -32.8 42.054 11.9225 -32.8 42.1764 11.8842 -32.8 42.6509 11.8333 -32.8 43.1558 11.7594 -32.8 44.1352 11.6754 -32.8 45.1147 11.622 -32.8 45.5836 11.6046 -32.8 45.1881 12 -32.8 45.1782 17 -32.8 45 17.2049 -32.8 44.2049 18 -32.8 44.1814 21 -32.8 44 21.2112 -32.8 43.2111 22 -32.8 43 22.2415 -32.8 42.2415 23 -32.8 42.2454 24 -32.8 42.3138 26 -32.8 42.3367 26.8013 -32.8 42.3448 27 -32.8 42.3616 29 -32.8 42.3555 30 -32.8 42.0784 30.3868 -32.8 42 30.5014 -32.8 41.5014 31 -32.8 41.5013 31.0005 -32.8 41.4421 31.8 -32.8 41.4211 32 -32.8 41 32.4586 -32.8 40.4586 33 -32.8 40 33.4329 -32.8 39.4329 34 -32.8 39.0961 34.3145 -32.8 39 34.402 -32.8 38.8 34.418 -32.8 38.1255 34.4476 -32.8 38.1249 34.4476 -32.8 38 34.453 -32.8 37.8 34.4692 -32.8 37 34.5099 -32.8 36.8 34.532 -32.8 36 34.5835 -32.8 35.5835 35 -32.8 35.1418 35.3215 -32.8 35 35.4112 -32.8 33 35.3891 -32.8 32.5707 35.0855 -32.8 32.4325 35 -32.8 32 34.5675 -32.8 31.8 34.5437 -32.8 31 34.4749 -32.8 30.8 34.4543 -32.8 30 34.4005 -32.8 29.6379 34.0937 -32.8 29.5275 34.0065 -32.8 29.527 34.0062 -32.8 29.5192 34 -32.8 29 33.4808 -32.8 28.8 33.4682 -32.8 27.8 33.4278 -32.8 26.8 33.395 -32.8 25 33.3488 -32.8 24.3488 34 -32.8 24 34.28 -32.8 23.8 34.2877 -32.8 23 34.3039 -32.8 22.3039 35 -32.8 22 35.2688 -32.8 21.2688 36 -32.8 21 36.2477 -32.8 20.2477 37 -32.8 20 37.2317 -32.8 19.2316 38 -32.8 19 38.22 -32.8 18.22 39 -32.8 18 39.2094 -32.8 17 39.2213 -32.8 16.2213 40 -32.8 16 40.2077 -32.8 15.2077 41 -32.8 15 41.185 -32.8 13 41.1786 -32.8 12.1786 42 -32.8 12 42.1601 -32.8 8 42.1316 -32.8 6.87116 41 -32.8 6.86839 40 -32.8 6 39.1316 -32.8 5.87689 39 -32.8 5.87943 35 -32.8 5 34.1206 -32.8 4.8909 34 -32.8 4.89234 33 -32.8 
20 21 0 -32.8
2 19 22 
1
132
24.8302 11.8669 -32.8 24.6972 12 -32.8 24.7206 12.0769 -32.8 25 12.3563 -32.8 25.3959 12.8769 -32.8 25.4414 13 -32.8 25.4615 13.8 -32.8 25.4846 14 -32.8 25.4263 14.8 -32.8 25.3646 15 -32.8 25.0069 15.442 -32.8 25 15.4642 -32.8 24.9584 15.642 -32.8 24.6004 16 -32.8 24.5411 16.8 -32.8 24.4387 17 -32.8 24.3987 17.8 -32.8 24.4487 18 -32.8 24.106 18.4621 -32.8 24 18.6178 -32.8 23.6178 19 -32.8 23.57 19.8 -32.8 23.5527 20 -32.8 24 20.4473 -32.8 24.8 20.5661 -32.8 25 20.6208 -32.8 26 20.6884 -32.8 29 20.6948 -32.8 29.2863 20.9312 -32.8 29.3772 21 -32.8 30 21.6228 -32.8 30.8 21.6471 -32.8 31 21.6568 -32.8 31.8 21.6204 -32.8 32 21.6284 -32.8 32.5772 21.9269 -32.8 32.7237 22 -32.8 33 22.2763 -32.8 33.0867 22.2228 -32.8 33.3094 22 -32.8 33.4423 21.2 -32.8 33.561 21 -32.8 34 20.4862 -32.8 34.0112 20.48 -32.8 34.2912 20.2 -32.8 34.4129 20 -32.8 34.5461 19.2 -32.8 34.6356 19 -32.8 35 18.5816 -32.8 35.0671 18.5558 -32.8 35.4229 18.2 -32.8 35.5252 18 -32.8 35.9694 17.397 -32.8 36.0396 17.197 -32.8 36.2365 17 -32.8 36.3068 16.8 -32.8 36.7364 16.0594 -32.8 36.7168 16.099 -32.8 36.4263 16.8311 -32.8 36.3461 17.0784 -32.8 36.3074 17.1658 -32.8 36.0701 17.8105 -32.8 36.039 17.8892 -32.8 35.9519 18.0578 -32.8 35.5997 18.7899 -32.8 35.4395 19.0234 -32.8 35.3206 19.2127 -32.8 34.7751 20.0166 -32.8 34.6002 20.2328 -32.8 34.3412 20.5761 -32.8 34.1646 20.7487 -32.8 34.0906 20.8472 -32.8 33.9967 20.996 -32.8 33.5672 21.7281 -32.8 33.4778 21.9754 -32.8 33.4021 22.1399 -32.8 33.3618 22.2442 -32.8 33.13 22.7075 -32.8 32.7942 23.0362 -32.8 32.6297 23.249 -32.8 32.3824 23.4934 -32.8 31.5463 23.6869 -32.8 31.4507 23.7152 -32.8 31.403 23.7268 -32.8 31.3018 23.6869 -32.8 30.9802 23.5809 -32.8 30.4236 23.359 -32.8 30.1553 23.2679 -32.8 29.4442 23.0134 -32.8 29.3772 22.9936 -32.8 29.1969 22.9285 -32.8 29.0792 22.8897 -32.8 28.6246 22.7075 -32.8 28.4648 22.6613 -32.8 27.4854 22.6034 -32.8 26.8333 22.7075 -32.8 26.5869 22.7606 -32.8 26.506 22.7739 -32.8 25.7739 22.9803 -32.8 25.5266 23.0558 -32.8 25.0348 23.2456 -32.8 24.5472 23.419 -32.8 23.8878 23.6869 -32.8 23.5678 23.911 -32.8 23.3394 23.9153 -32.8 22.9101 23.6869 -32.8 22.775 23.6487 -32.8 22.5884 23.5193 -32.8 22.1459 22.7623 -32.8 22.1127 22.7075 -32.8 21.9324 22.0728 -32.8 21.9045 21.7281 -32.8 22.0534 21.2837 -32.8 22.1437 20.7487 -32.8 22.5884 19.9655 -32.8 22.6066 19.9071 -32.8 22.6469 19.7693 -32.8 22.8142 19.322 -32.8 22.9741 18.7899 -32.8 23.2548 18.1235 -32.8 23.375 17.8105 -32.8 23.5678 17.4892 -32.8 23.8258 16.8311 -32.8 23.9095 16.5441 -32.8 24.2525 15.6044 -32.8 24.5299 14.9974 -32.8 24.5754 14.8723 -32.8 24.8909 13.8929 -32.8 24.8497 13.4654 -32.8 24.7809 12.9135 -32.8 24.6821 12.2526 -32.8 24.6515 11.9341 -32.8 
21 22 0 -31.9
2 21 23 
1
70
24.2661 17 -31.9 24.4915 17.9 -31.9 24.4758 18 -31.9 24 18.6987 -31.9 23.9974 18.7007 -31.9 23.7981 18.9 -31.9 23.7107 19.9 -31.9 23.7045 20 -31.9 24 20.2955 -31.9 24.9 20.5416 -31.9 25 20.5777 -31.9 25.9 20.6317 -31.9 26 20.6342 -31.9 29 20.6491 -31.9 29.4088 20.9587 -31.9 29.4709 21 -31.9 30 21.5291 -31.9 30.9 21.5726 -31.9 31 21.5835 -31.9 31.9 21.6197 -31.9 32 21.6289 -31.9 32.6592 21.9579 -31.9 32.7227 22 -31.9 32.9523 22.2296 -31.9 32.7352 22.4409 -31.9 32.6018 22.7075 -31.9 32.4085 22.8967 -31.9 32.3824 22.9118 -31.9 31.7297 22.9101 -31.9 31.403 22.9853 -31.9 31.0763 22.8551 -31.9 30.7407 22.714 -31.9 30.4236 22.5891 -31.9 29.4442 22.2607 -31.9 29.3917 22.2442 -31.9 29.1175 22.1649 -31.9 28.4648 22.0676 -31.9 27.4854 22.0134 -31.9 26.8327 22.0299 -31.9 26.506 22.0784 -31.9 25.8533 22.1589 -31.9 25.5266 22.2399 -31.9 24.962 22.3917 -31.9 24.5472 22.4646 -31.9 23.9668 22.4738 -31.9 23.5678 22.3282 -31.9 23.2142 21.759 -31.9 23.192 21.7281 -31.9 23.218 21.5885 -31.9 23.2612 21.4014 -31.9 23.219 20.7487 -31.9 23.3144 20.422 -31.9 23.4908 19.7693 -31.9 23.5678 19.5044 -31.9 23.6159 19.2407 -31.9 23.7184 18.7899 -31.9 23.7859 18.556 -31.9 23.818 18.4632 -31.9 24.0979 17.8105 -31.9 24.1378 17.1578 -31.9 24.2669 16.8311 -31.9 24.3872 16.5044 -31.9 24.4604 16.3447 -31.9 24.676 15.8517 -31.9 24.7176 15.7248 -31.9 24.7912 15.5251 -31.9 24.9835 15.1028 -31.9 24.797 15.9 -31.9 24.762 16 -31.9 24.3011 16.9 -31.9 
22 23 0 -31
2 22 24 
1
34
23.7217 20.3426 -31 23.7265 19.7693 -31 23.863 19.2719 -31 23.8182 20 -31 24 20.1818 -31 25 20.5429 -31 26 20.5676 -31 29 20.5872 -31 29.6215 21 -31 30 21.3785 -31 31 21.4875 -31 32 21.5791 -31 32.6357 22 -31 32.7767 22.141 -31 32.3824 22.5169 -31 31.9617 22.5145 -31 31.403 22.4112 -31 31.3811 22.4034 -31 30.9969 22.2518 -31 30.4236 21.9973 -31 30.0175 21.8606 -31 29.6685 21.7338 -31 29.4442 21.662 -31 28.4648 21.5457 -31 27.4854 21.5005 -31 26.99 21.5049 -31 26.506 21.4852 -31 25.9284 21.5265 -31 25.5266 21.5219 -31 24.8565 21.5694 -31 24.5472 21.5472 -31 23.6329 20.7757 -31 23.5804 20.7487 -31 23.6784 20.5541 -31 
23 24 0 -30.1
1 23 
1
36
23.7343 20.149 -30.1 23.9818 20.305 -30.1 24 20.3232 -30.1 24.1 20.3593 -30.1 25 20.4698 -30.1 25.1 20.4723 -30.1 26 20.4627 -30.1 28.1 20.4811 -30.1 29 20.5233 -30.1 29.7341 21 -30.1 30 21.2659 -30.1 30.1 21.2768 -30.1 31 21.4221 -30.1 31.1 21.4312 -30.1 32 21.5382 -30.1 32.0636 21.5803 -30.1 32.5526 22 -30.1 32.6803 22.1277 -30.1 32.3824 22.3112 -30.1 31.8885 22.1195 -30.1 31.403 22.0298 -30.1 30.9175 21.8142 -30.1 30.7374 21.7281 -30.1 30.4236 21.5843 -30.1 29.4442 21.2665 -30.1 28.9503 21.1904 -30.1 27.9709 21.0768 -30.1 26.9915 21.0257 -30.1 26.506 21.0059 -30.1 26.0205 21.0004 -30.1 25.5266 20.9834 -30.1 24.8932 20.9172 -30.1 24.5472 20.8923 -30.1 24.2679 20.7487 -30.1 24.1553 20.6999 -30.1 23.7334 20.2548 -30.1 
