43
0
0
0
0
0
0
0
0
0
0
0
0
0
0
0
0
0
1
7
28.9936 12.9754 -35.5 29 12.9799 -35.5 29.0165 13 -35.5 29.0585 13.0585 -35.5 29 13.5143 -35.5 28.9734 13 -35.5 28.9146 12.9146 -35.5 
0
0
0
0
0
0
2
9
11.0151 40.3284 -29.2 11.2052 40.8 -29.2 11.3899 41.2 -29.2 11.2528 41 -29.2 11 40.7472 -29.2 10.7472 41 -29.2 10.7978 40.8 -29.2 10.824 40.7407 -29.2 11 40.304 -29.2 
10
31.9406 37 -29.2 31.8669 37.2 -29.2 31.2214 38 -29.2 31.107 38.1079 -29.2 31 38.2175 -29.2 30.8 38.2537 -29.2 31 38.0797 -29.2 31.0778 38 -29.2 31.107 37.9799 -29.2 31.2951 37.8 -29.2 
3
6
33.7021 23 -28.3 33.731 23.3 -28.3 33.8239 24 -28.3 33.8747 24.3 -28.3 33.7974 24 -28.3 33.7046 23.3 -28.3 
4
11 40.7523 -28.3 11.2477 41 -28.3 11 40.3773 -28.3 10.7523 41 -28.3 
9
18.7 44.5955 -28.3 18.1447 44.5747 -28.3 18.9343 44 -28.3 19 43.9343 -28.3 19.4708 43.2697 -28.3 19.4916 43.2417 -28.3 19.482 43.3 -28.3 19.5152 44 -28.3 19 44.5634 -28.3 
2
3
10.6511 10.4 -27.4 10.529 10 -27.4 10.7205 10.4694 -27.4 
4
34.0257 25.2206 -27.4 34.0634 25.4369 -27.4 34.2718 25.7923 -27.4 34.2187 25.5681 -27.4 
0
1
7
38.345 20.0566 -25.6 38.448 20.6 -25.6 38.6474 21.0334 -25.6 38.9501 21.4528 -25.6 38.8737 21.2892 -25.6 38.6602 21 -25.6 38.5989 20.6 -25.6 
1
10
44 17.6108 -24.7 44.3102 18 -24.7 44.3428 18.1069 -24.7 44.4421 18.2172 -24.7 44.2902 18.7 -24.7 44.074 18 -24.7 44 17.9294 -24.7 43.7914 17.8401 -24.7 43.6513 17.7 -24.7 43.4535 17.3817 -24.7 
0
0
0
0
0
0
0
0
0
0
0
1
8
46 10.3572 -13.9 45.9365 10.4183 -13.9 46 10.6708 -13.9 46.0492 11 -13.9 46.2097 11.9 -13.9 46.486 11.0881 -13.9 46.4576 11.0418 -13.9 46.4467 11 -13.9 
0
