136
0 1 1 2 2 3 3 4 4 5 5 6 6 7 7 8 8 9 9 10 10 11 11 12 12 13 13 14 14 15 15 16 16 17 17 18 17 19 18 20 19 21 20 22 21 23 21 24 22 25 23 26 24 27 25 28 26 29 27 30 27 31 28 32 31 33 32 34 32 35 33 36 33 37 33 38 33 39 36 40 34 41 37 42 39 43 40 44 41 45 44 46 46 47 46 48 47 49 48 50 49 51 50 52 51 53 52 54 53 55 54 56 55 57 56 58 57 59 58 60 59 61 61 62 62 63 63 64 64 65 65 66 66 67 67 68 
43
1 0 
1 1 
1 2 
1 3 
1 4 
1 5 
1 6 
1 7 
1 8 
1 9 
1 10 
1 11 
1 12 
1 13 
1 14 
1 15 
1 16 
1 17 
2 18 19 
2 20 21 
3 22 23 24 
3 25 26 27 
4 28 29 30 31 
2 32 33 
6 34 35 36 37 38 39 
4 40 41 42 43 
2 44 45 
1 46 
2 47 48 
2 49 50 
2 51 52 
2 53 54 
2 55 56 
2 57 58 
2 59 60 
1 61 
1 62 
1 63 
1 64 
1 65 
1 66 
1 67 
1 68 
69
0 0 0 -50.8
1 1 
1
4
50.8 4.39906e-015 -50.8 50.8 50.8 -50.8 10.0483 50.8 -50.8 10.0485 4.39906e-015 -50.8 
1 1 0 -49.9
2 0 2 
1
4
50.8 4.32112e-015 -49.9 50.8 50.8 -49.9 10.0501 50.8 -49.9 10.05 4.32112e-015 -49.9 
2 2 0 -49
2 1 3 
1
4
50.8 4.24319e-015 -49 50.8 50.8 -49 10.0521 50.8 -49 10.0516 4.24318e-015 -49 
3 3 0 -48.1
2 2 4 
1
4
50.8 4.16525e-015 -48.1 50.8 50.8 -48.1 10.0541 50.8 -48.1 10.0533 4.16525e-015 -48.1 
4 4 0 -47.2
2 3 5 
1
4
50.8 4.08732e-015 -47.2 50.8 50.8 -47.2 10.0563 50.8 -47.2 10.0552 4.08731e-015 -47.2 
5 5 0 -46.3
2 4 6 
1
4
50.8 4.00938e-015 -46.3 50.8 50.8 -46.3 10.0586 50.8 -46.3 10.0571 4.00938e-015 -46.3 
6 6 0 -45.4
2 5 7 
1
4
50.8 3.93144e-015 -45.4 50.8 50.8 -45.4 10.061 50.8 -45.4 10.059 3.93144e-015 -45.4 
7 7 0 -44.5
2 6 8 
1
4
50.8 3.85351e-015 -44.5 50.8 50.8 -44.5 10.0635 50.8 -44.5 10.0611 3.8535e-015 -44.5 
8 8 0 -43.6
2 7 9 
1
4
50.8 3.77557e-015 -43.6 50.8 50.8 -43.6 10.0661 50.8 -43.6 10.0631 3.77557e-015 -43.6 
9 9 0 -42.7
2 8 10 
1
7
50.8 3.69763e-015 -42.7 50.8 50.8 -42.7 10.0689 50.8 -42.7 10.2277 22 -42.7 10.2188 21 -42.7 10.166 18 -42.7 10.0651 3.69763e-015 -42.7 
10 10 0 -41.8
2 9 11 
1
11
50.8 3.6197e-015 -41.8 50.8 50.8 -41.8 10.0717 50.8 -41.8 10.2854 22 -41.8 10.279 21.8 -41.8 10.2675 21 -41.8 10.2588 20.8 -41.8 10.2401 20 -41.8 10.2316 19.8 -41.8 10.191 18 -41.8 10.067 3.6197e-015 -41.8 
11 11 0 -40.9
2 10 12 
1
25
50.8 3.54176e-015 -40.9 50.8 50.8 -40.9 10.075 50.8 -40.9 10.2282 31.9 -40.9 10.2359 31 -40.9 10.2784 28 -40.9 10.2827 27.9 -40.9 10.3053 26.9 -40.9 10.3184 26 -40.9 10.3218 25.9 -40.9 10.3361 25 -40.9 10.34 24.9 -40.9 10.356 24 -40.9 10.3606 23.9 -40.9 10.3784 23 -40.9 10.3788 22 -40.9 10.3711 21.9 -40.9 10.3424 21 -40.9 10.3322 20.9 -40.9 10.2928 20 -40.9 10.2852 19.9 -40.9 10.2469 19 -40.9 10.2288 18 -40.9 10.2054 13 -40.9 10.0689 3.54176e-015 -40.9 
12 12 0 -40
2 11 13 
2
11
50.8 3.46383e-015 -40 50.8 50.8 -40 10.0784 50.8 -40 10.3629 28 -40 10.5551 23 -40 10.5449 22 -40 10.4674 21 -40 10.3659 20 -40 10.2894 19 -40 10.2906 17 -40 10.0706 3.46382e-015 -40 
27
15.5705 29 -40 16 29.542 -40 16.5281 30 -40 17 30.3624 -40 17.946 31 -40 18 31.0377 -40 19 31.5148 -40 20 31.8563 -40 21 32.1233 -40 21.5586 32 -40 22 31.9268 -40 23 31.4146 -40 23.2885 31 -40 24 29.3108 -40 24.4768 28 -40 24.7802 27 -40 24.6524 26 -40 24 25.4107 -40 22 23.7082 -40 21.3897 24 -40 21 24.2714 -40 19.9879 25 -40 18.7416 26 -40 18 26.6458 -40 17.6763 27 -40 17 27.8223 -40 16.7992 28 -40 
13 13 0 -39.1
2 12 14 
3
47
50.8 3.38589e-015 -39.1 50.8 50.8 -39.1 10.0823 50.8 -39.1 10.255 35 -39.1 10.3153 33 -39.1 10.348 32.1 -39.1 10.3501 32 -39.1 10.3913 31.1 -39.1 10.3937 31 -39.1 10.4438 30.1 -39.1 10.4462 30 -39.1 10.4912 29.1 -39.1 10.4935 29 -39.1 10.5389 28.1 -39.1 10.5411 28 -39.1 10.625 27.1 -39.1 10.6293 27 -39.1 10.731 26.1 -39.1 10.7341 26 -39.1 10.8326 25.1 -39.1 10.8399 24.9 -39.1 10.961 24 -39.1 11 23.5291 -39.1 11.6799 23.6799 -39.1 12 23.1237 -39.1 12.5371 23.5371 -39.1 12.0206 23 -39.1 11.2467 22.2467 -39.1 11 22.0213 -39.1 10.9991 22.0021 -39.1 10.999 22 -39.1 10.9545 21.8165 -39.1 10.7188 21.1 -39.1 10.711 21 -39.1 10.4775 20.1 -39.1 10.4673 20 -39.1 10.3553 19.1 -39.1 10.3476 19 -39.1 10.3755 18.1 -39.1 10.3749 18 -39.1 10.395 17.1 -39.1 10.3957 17 -39.1 10.344 14 -39.1 10.3065 13.1 -39.1 10.3047 13 -39.1 10.2569 12.1 -39.1 10.0721 3.38589e-015 -39.1 
24
31.28 10.28 -39.1 31 10.3322 -39.1 30.046 10.954 -39.1 30 10.9863 -39.1 29.9945 11 -39.1 30 11.0118 -39.1 30.4547 11.5957 -39.1 30.7534 12 -39.1 30.9095 12.8 -39.1 30.9705 13 -39.1 31 13.0518 -39.1 31.9443 13.0144 -39.1 32 13.0145 -39.1 33.9914 11 -39.1 33.9922 10.9922 -39.1 34 10.9932 -39.1 34.9685 10 -39.1 34 9.20481 -39.1 33.1873 9.18732 -39.1 33 9.211 -39.1 32.5761 9.42386 -39.1 32.525 9.44623 -39.1 32 9.66596 -39.1 31.445 10 -39.1 
63
13.97 28 -39.1 13.8947 28.3034 -39.1 13.8108 29 -39.1 13.8206 29.3394 -39.1 13.7967 30 -39.1 14 30.4505 -39.1 14.2989 30.777 -39.1 15 31.5965 -39.1 16 32.4095 -39.1 16.7977 33 -39.1 17 33.1181 -39.1 18.678 34 -39.1 19 34.1233 -39.1 19.2408 34.2028 -39.1 20 34.4909 -39.1 20.2589 34.4793 -39.1 21 34.5206 -39.1 21.4398 34.3935 -39.1 22.6966 34 -39.1 22.9002 33.9002 -39.1 23 33.8609 -39.1 24 33.3994 -39.1 24.2503 33 -39.1 24.3176 32.7851 -39.1 24.5892 31.8494 -39.1 24.8263 31 -39.1 24.9862 30.5079 -39.1 25 30.4574 -39.1 25.4087 28.8472 -39.1 25.5814 28 -39.1 25.6069 27.8844 -39.1 25.6282 27 -39.1 25.6095 26.8581 -39.1 25.4327 26 -39.1 25 25.0607 -39.1 24.9389 25 -39.1 24 24.1883 -39.1 23.9515 24.1479 -39.1 23.8446 24.0557 -39.1 23.7822 24 -39.1 23 23.3289 -39.1 22.934 23.2754 -39.1 22.6223 23.1 -39.1 22.5882 23.0708 -39.1 22.4692 23 -39.1 22 22.8297 -39.1 21.1952 23 -39.1 21 23.0719 -39.1 20.8952 23.1048 -39.1 20.7892 23.1594 -39.1 20 23.4363 -39.1 19.6907 23.5368 -39.1 18.355 24 -39.1 18.0518 24.2174 -39.1 18 24.2523 -39.1 17.4689 24.5519 -39.1 17 24.8346 -39.1 16.6919 25 -39.1 16 25.6545 -39.1 15.7124 26 -39.1 15.2267 26.4794 -39.1 15 26.7116 -39.1 14 27.9358 -39.1 
14 14 0 -38.2
2 13 15 
2
130
50.8 3.30795e-015 -38.2 50.8 50.8 -38.2 10.0866 50.8 -38.2 10.1827 39 -38.2 10.2106 38 -38.2 10.2413 37.2 -38.2 10.2459 37 -38.2 10.2802 36.2 -38.2 10.2846 36 -38.2 10.3182 35.2 -38.2 10.3232 35 -38.2 10.3669 34.2 -38.2 10.3731 34 -38.2 10.4251 33.2 -38.2 10.4314 33 -38.2 10.4933 32.2 -38.2 10.5006 32 -38.2 10.5877 31.2 -38.2 10.5969 31 -38.2 10.7283 30.2 -38.2 10.7494 29.8 -38.2 10.9075 29 -38.2 10.9971 28.0058 -38.2 10.9974 28 -38.2 11 27.9783 -38.2 11.5709 27.5709 -38.2 12 27.1484 -38.2 12.15 27.15 -38.2 12.2053 27 -38.2 12.7963 26.7963 -38.2 13 26.5912 -38.2 13.1657 27 -38.2 13.2253 27.7747 -38.2 13.1641 27.9468 -38.2 13.1392 28 -38.2 13.1033 28.8783 -38.2 13.0886 29 -38.2 13.0516 30 -38.2 13.0887 30.0887 -38.2 13.0502 31 -38.2 13.1317 31.1317 -38.2 13.4644 31.7361 -38.2 13.5924 32 -38.2 14 32.534 -38.2 14.3753 32.9981 -38.2 14.3767 33 -38.2 15 33.6298 -38.2 15.6444 34 -38.2 18.3581 35 -38.2 19.2825 35.3341 -38.2 20.8641 35.8641 -38.2 21 35.8862 -38.2 21.1637 35.8363 -38.2 21.942 35.6711 -38.2 22 35.66 -38.2 22.4971 35.4946 -38.2 23 35.3131 -38.2 24 34.9946 -38.2 24.0119 34.9881 -38.2 25 34.5036 -38.2 25.4592 34 -38.2 25.509 33.657 -38.2 25.6227 33 -38.2 25.6957 32.734 -38.2 25.6999 32 -38.2 25.8321 31.1679 -38.2 26 30.5062 -38.2 26.039 30.3635 -38.2 26.2217 29.6274 -38.2 26.3092 29 -38.2 26.3374 28.6847 -38.2 26.3153 27 -38.2 26.0766 26 -38.2 25.7573 25.2 -38.2 25.6683 25 -38.2 25.2827 24.2 -38.2 25 23.8372 -38.2 24.3911 23.3911 -38.2 24 23.0924 -38.2 23.883 23 -38.2 23.7449 22.9297 -38.2 22 22.297 -38.2 21.8 22.3402 -38.2 21 22.5783 -38.2 19 23.2745 -38.2 18.2 23.5167 -38.2 18 23.5867 -38.2 17.4965 23.7404 -38.2 16.4576 24 -38.2 16 24.1938 -38.2 15.4996 24.5004 -38.2 15.4111 24.5463 -38.2 15 24.7366 -38.2 14.7366 25 -38.2 14.1673 25.6011 -38.2 14 25.7684 -38.2 13.7452 25.3125 -38.2 13.5511 25 -38.2 13.5916 24.8758 -38.2 13.623 24.8 -38.2 13.7738 24 -38.2 13.4065 23 -38.2 13 22.1954 -38.2 12.8298 22 -38.2 12.6887 21.6887 -38.2 12.5823 21.5193 -38.2 12.3183 21 -38.2 12 20.7044 -38.2 11.544 20.7238 -38.2 11 20.7948 -38.2 10.9476 20.6982 -38.2 10.6965 20.2 -38.2 10.6446 20 -38.2 10.4651 19.2 -38.2 10.4402 19 -38.2 10.5505 18.2 -38.2 10.5567 18 -38.2 10.6219 17.2 -38.2 10.6264 17 -38.2 10.588 16.2 -38.2 10.5845 16 -38.2 10.5512 15.2 -38.2 10.548 15 -38.2 10.4958 14.2 -38.2 10.4917 14 -38.2 10.3939 13.2 -38.2 10.3855 13 -38.2 10.3141 12.2 -38.2 10.2579 11.2 -38.2 10.0733 3.30795e-015 -38.2 
38
31 8.14456 -38.2 30.0595 8.9095 -38.2 30 8.9595 -38.2 29.9791 9 -38.2 29.8367 9.29403 -38.2 29.453 10.1402 -38.2 29.4292 10.2 -38.2 29.4802 11 -38.2 29.858 11.8 -38.2 30 12.114 -38.2 30.1095 12.2622 -38.2 30.3675 12.8 -38.2 30.4285 13 -38.2 30.9705 13.6462 -38.2 31 13.6979 -38.2 31.2 13.6981 -38.2 31.3746 13.8797 -38.2 32 14.3205 -38.2 32.6613 14 -38.2 33 13.7381 -38.2 33.7631 13.237 -38.2 33.8177 13.2098 -38.2 34 13.1336 -38.2 34.1245 13 -38.2 36.0838 11 -38.2 36.3131 10.5711 -38.2 36.4275 10 -38.2 35.8287 9.28686 -38.2 35.7177 9.2 -38.2 35.689 9.16435 -38.2 35.488 9 -38.2 34 8.23723 -38.2 33.9606 8.2367 -38.2 33.7949 8.2 -38.2 33.6343 8.19772 -38.2 33 8.05098 -38.2 32.9372 8.06284 -38.2 31.1005 8.10053 -38.2 
15 15 0 -37.3
2 14 16 
3
132
50.8 3.23002e-015 -37.3 50.8 50.8 -37.3 10.0912 50.8 -37.3 10.2131 39 -37.3 10.2381 38 -37.3 10.2765 37.3 -37.3 10.288 37 -37.3 10.3475 36.3 -37.3 10.3604 36 -37.3 10.4303 35.3 -37.3 10.4429 35 -37.3 10.5281 34.3 -37.3 10.5445 34 -37.3 10.6734 33.3 -37.3 10.7161 32.7 -37.3 10.8812 32 -37.3 11 31.2962 -37.3 11.9656 32.0059 -37.3 12 32.0275 -37.3 12.7897 32.9577 -37.3 12.8327 33 -37.3 13 33.1246 -37.3 14 34.1475 -37.3 14.1582 34.243 -37.3 14.7535 34.7 -37.3 14.9986 34.8112 -37.3 15 34.8122 -37.3 18.2323 36 -37.3 18.5583 36.1729 -37.3 19 36.3187 -37.3 19.3617 36.4606 -37.3 20 36.6025 -37.3 21 36.9349 -37.3 21.0765 36.9235 -37.3 21.2728 37 -37.3 21.663 37.1009 -37.3 22 37.2038 -37.3 22.5182 37 -37.3 22.8295 36.8295 -37.3 23 36.7629 -37.3 23.3615 36.6385 -37.3 24 36.3875 -37.3 25 36.0279 -37.3 25.0413 36 -37.3 26.4403 35 -37.3 26.701 34.701 -37.3 26.874 34 -37.3 26.8925 33.8925 -37.3 27.0972 33 -37.3 27.1052 32.1835 -37.3 27.1121 32 -37.3 27.1119 31.183 -37.3 27.1422 31 -37.3 27.2409 30.7591 -37.3 27.4444 30 -37.3 27.4411 29.4411 -37.3 27.8622 29 -37.3 27.8458 28.8458 -37.3 28 28.6501 -37.3 28.1065 28.1419 -37.3 28.1253 28 -37.3 28 27.327 -37.3 27.8385 27 -37.3 27 26.0922 -37.3 26.9905 26.0178 -37.3 26.9861 26 -37.3 26.9726 25.9726 -37.3 26.7652 25 -37.3 26.2542 24.2542 -37.3 26.1737 24 -37.3 26 23.7405 -37.3 25.5504 23 -37.3 25 22.2163 -37.3 24.6085 22.6085 -37.3 24.0551 22.2676 -37.3 24 22.2423 -37.3 23.2502 22.2266 -37.3 22.6192 22 -37.3 22.565 21.435 -37.3 22.5269 21.4412 -37.3 22 21.5895 -37.3 21.3687 22 -37.3 21.2407 22.0435 -37.3 21 22.1151 -37.3 20.8713 22.1435 -37.3 20.3 22.2833 -37.3 20 22.3877 -37.3 19.3 22.5591 -37.3 19 22.6693 -37.3 18.2329 22.8706 -37.3 16 23.4172 -37.3 15.3 23.5382 -37.3 15 23.6214 -37.3 14.2687 23.0945 -37.3 14.1203 23 -37.3 14 22.8395 -37.3 13.5733 22 -37.3 13.1869 21.3 -37.3 13.0302 21 -37.3 13 20.957 -37.3 12.864 20.7573 -37.3 12.1736 20.3 -37.3 12.0096 20.1477 -37.3 12 20.1437 -37.3 11.2254 20.111 -37.3 11 20.1404 -37.3 10.9292 20 -37.3 10.9058 19.9061 -37.3 10.7383 19.3 -37.3 10.671 19 -37.3 10.7124 18.7 -37.3 10.9649 18 -37.3 11 17.7703 -37.3 11.4596 17.4596 -37.3 12 17.0152 -37.3 12.0155 17 -37.3 12 16.7132 -37.3 11.917 16 -37.3 11.0098 15.0098 -37.3 11.0005 15 -37.3 11.0003 14.9999 -37.3 11 14.9997 -37.3 10.8775 14.4405 -37.3 10.829 14.3 -37.3 10.8095 14 -37.3 10.552 13.3 -37.3 10.5153 13 -37.3 10.4037 12.3 -37.3 10.3146 11.3 -37.3 10.2566 10.3 -37.3 10.2132 9.3 -37.3 10.0743 3.23002e-015 -37.3 
59
32.1349 7.1102 -37.3 32 7.11215 -37.3 31.4806 7.24931 -37.3 31.3 7.2877 -37.3 31 7.29607 -37.3 30.3 7.60899 -37.3 30 7.75567 -37.3 29.8223 8 -37.3 29.7465 8.16576 -37.3 29.6771 8.3 -37.3 29.2668 9 -37.3 29.1311 9.3 -37.3 29.0273 9.47125 -37.3 29 9.5217 -37.3 28.7763 10 -37.3 28.9446 10.8691 -37.3 28.9726 11 -37.3 29 11.0649 -37.3 29.114 11.3471 -37.3 29.265 11.7 -37.3 29.4067 12 -37.3 29.9557 12.6884 -37.3 30 12.7867 -37.3 30.0968 12.9884 -37.3 31.2567 14.3711 -37.3 31.5673 14.7 -37.3 31.9045 15 -37.3 32 15.1097 -37.3 32.2861 15 -37.3 32.7 14.8319 -37.3 33 14.686 -37.3 33.7 14.2737 -37.3 34 14.2111 -37.3 34.899 14.0384 -37.3 35 14.0256 -37.3 35.1047 14 -37.3 35.6469 13.6469 -37.3 37.1925 12 -37.3 37.643 11.357 -37.3 37.9169 11 -37.3 37.922 10.922 -37.3 37.5796 10 -37.3 37 9.10612 -37.3 36.906 9 -37.3 36.6739 8.89112 -37.3 36 8.50523 -37.3 35.9584 8.48607 -37.3 35.6334 8.3 -37.3 35.3751 8.16755 -37.3 35.1125 8 -37.3 35 7.9356 -37.3 34.6849 7.78989 -37.3 34 7.40319 -37.3 33.9379 7.39001 -37.3 33.7397 7.3 -37.3 33.5018 7.24499 -37.3 33.0076 7 -37.3 33 6.99685 -37.3 32.9715 7 -37.3 
26
23 13.5902 -37.3 22.8283 14 -37.3 22.1721 16 -37.3 22.1313 16.1313 -37.3 21.8037 17 -37.3 22 17.3742 -37.3 22.3563 18 -37.3 23 18.5194 -37.3 23.44 19 -37.3 24 19.9133 -37.3 24.6006 20 -37.3 24.4671 20.4671 -37.3 24.8281 21 -37.3 25 21.3411 -37.3 25.1167 21.1167 -37.3 25.1092 21 -37.3 24.9821 18 -37.3 24.9622 17.9622 -37.3 24.2696 17 -37.3 24.3923 16.3923 -37.3 24.6179 16 -37.3 24.4988 15.4988 -37.3 24.657 15 -37.3 24.2465 14 -37.3 24 13.4666 -37.3 23.6747 13.6747 -37.3 
16 16 0 -36.4
2 15 17 
2
305
10.4752 3.15209e-015 -36.4 10.4778 0.434734 -36.4 10.4778 0.434858 -36.4 10.4778 0.434981 -36.4 10.6278 9 -36.4 10.6908 10 -36.4 11 10.3092 -36.4 11.6073 10.8858 -36.4 11.7414 11 -36.4 12 11.2586 -36.4 13 11.3045 -36.4 13.6024 11.8825 -36.4 13.736 12 -36.4 13.8709 13 -36.4 14 13.1291 -36.4 15 13.2538 -36.4 15.2538 13 -36.4 15.3147 12 -36.4 15.8581 11.4973 -36.4 16 11.3957 -36.4 17 10.3895 -36.4 17.8976 9.48659 -36.4 18 9.3791 -36.4 18.8939 8.48045 -36.4 19 8.36992 -36.4 20 7.36832 -36.4 21 7.3439 -36.4 21.3439 7 -36.4 21.8754 6.48672 -36.4 22 6.37932 -36.4 26 6.37629 -36.4 27 6.33192 -36.4 27.677 6.91343 -36.4 27.8092 7 -36.4 28 7.19081 -36.4 28.1908 7 -36.4 28.9222 6.19012 -36.4 29 6.0939 -36.4 29.6674 6 -36.4 29.8388 5.83885 -36.4 30.2781 5.72193 -36.4 30.8493 5.23298 -36.4 31 5.12151 -36.4 32 5.13001 -36.4 34 5.20872 -36.4 35 5.22269 -36.4 36 5.2639 -36.4 36.6424 5.8798 -36.4 36.7773 6 -36.4 37 6.22271 -36.4 39 6.31552 -36.4 40.5465 7.86953 -36.4 40.6681 8 -36.4 40.6986 9 -36.4 41 9.30139 -36.4 42 9.35829 -36.4 45 9.44602 -36.4 45.4664 9.91784 -36.4 45.5423 10 -36.4 46.4589 10.923 -36.4 46.5283 11 -36.4 46.5287 12 -36.4 47.4519 12.9295 -36.4 47.5148 13 -36.4 47.5142 14 -36.4 47.0619 14.4582 -36.4 47 14.5271 -36.4 46 14.5449 -36.4 45.0755 15.4788 -36.4 45 15.5646 -36.4 43 15.6328 -36.4 42.6328 16 -36.4 43 16.3672 -36.4 43.4881 16.8808 -36.4 43.5805 17 -36.4 44 17.4195 -36.4 44.4683 17.904 -36.4 44.5459 18 -36.4 44.535 19 -36.4 45.4517 19.926 -36.4 45.5145 20 -36.4 45.5076 21 -36.4 46.4419 21.9399 -36.4 46.4948 22 -36.4 47.4395 22.9469 -36.4 47.4899 23 -36.4 47.4881 24 -36.4 48.4365 24.9504 -36.4 48.4836 25 -36.4 48.4813 26 -36.4 47 27.4788 -36.4 42 27.4984 -36.4 41.5526 27.0544 -36.4 41.4941 27 -36.4 41.4961 26 -36.4 40.5494 25.0571 -36.4 40.4878 25 -36.4 40.4845 24 -36.4 39.54 23.0624 -36.4 39.4696 23 -36.4 39.4531 22 -36.4 38.5181 21.0761 -36.4 38.4301 21 -36.4 38.4056 20 -36.4 38 19.5944 -36.4 37.4792 19.0932 -36.4 37.3681 19 -36.4 37 18.6319 -36.4 36 18.6508 -36.4 35.1213 19.5163 -36.4 35 19.6252 -36.4 34 20.6328 -36.4 33.6328 21 -36.4 33.686 25 -36.4 34 25.314 -36.4 34.5249 25.8641 -36.4 34.6379 26 -36.4 34.6688 29 -36.4 34.6413 33 -36.4 34.108 33.5525 -36.4 34 33.676 -36.4 33.676 34 -36.4 33.6479 35 -36.4 33.1132 35.5432 -36.4 33 35.6636 -36.4 32.117 36.5563 -36.4 32 36.6809 -36.4 31.6809 37 -36.4 31.6517 38 -36.4 31.1151 38.5427 -36.4 31 38.663 -36.4 30 38.6965 -36.4 29.1317 39.5557 -36.4 29 39.6802 -36.4 28.6802 40 -36.4 28.1309 40.5329 -36.4 28 40.6494 -36.4 27 40.6724 -36.4 26.6724 41 -36.4 26.1291 41.5259 -36.4 26 41.6394 -36.4 20 41.6478 -36.4 19.6478 42 -36.4 19.6054 43 -36.4 19.5919 44 -36.4 19 44.5943 -36.4 14 44.5911 -36.4 13.4968 44.0949 -36.4 13.3949 44 -36.4 12.4859 43.0997 -36.4 12.378 43 -36.4 11.4781 42.1061 -36.4 11.3664 42 -36.4 11.3411 41 -36.4 11 40.6589 -36.4 10.6589 41 -36.4 10.4985 50.8 -36.4 10.0964 50.8 -36.4 10.2639 38.4 -36.4 10.2731 38 -36.4 10.3201 37.4 -36.4 10.342 37 -36.4 10.4238 36.4 -36.4 10.4578 36 -36.4 10.6356 35.4 -36.4 10.6756 35 -36.4 10.7242 34.6 -36.4 10.9373 34 -36.4 11 33.7341 -36.4 11.6473 34 -36.4 12 34.1369 -36.4 12.235 34.235 -36.4 13 34.6301 -36.4 13.372 35 -36.4 13.538 35.1594 -36.4 14 35.4327 -36.4 14.067 35.462 -36.4 14.3475 35.6 -36.4 14.9452 35.8429 -36.4 15 35.8678 -36.4 15.3439 36 -36.4 16 36.4331 -36.4 16.9532 37 -36.4 16.9669 37.0086 -36.4 17 37.033 -36.4 17.0635 37.0635 -36.4 18 37.6028 -36.4 18.7694 37.7694 -36.4 19 37.8232 -36.4 19.8347 38 -36.4 19.9565 38.0168 -36.4 20 38.021 -36.4 20.7573 38.1172 -36.4 21 38.1372 -36.4 21.5807 38.2371 -36.4 22 38.2661 -36.4 22.6445 38.2256 -36.4 23 38.2302 -36.4 23.7496 38 -36.4 24 37.8725 -36.4 24.5919 37.5919 -36.4 25 37.4619 -36.4 25.7504 37 -36.4 26 36.8327 -36.4 27.1667 36 -36.4 28 35.0867 -36.4 28.0629 35 -36.4 28.618 33 -36.4 28.6465 32.6465 -36.4 28.9065 32 -36.4 28.9295 31.9295 -36.4 29 31.7902 -36.4 29.5796 30.5796 -36.4 29.8372 30 -36.4 29.8888 29.8888 -36.4 30.0171 29.0256 -36.4 30.0204 29 -36.4 29.9618 28 -36.4 29.942 27.942 -36.4 29.6053 27 -36.4 29.4385 26.4385 -36.4 29.3006 26 -36.4 28.4312 23 -36.4 28.0365 22.0365 -36.4 28.0312 22.0265 -36.4 28.0163 22 -36.4 28.0239 21.0458 -36.4 28.2016 19 -36.4 28.1183 18.1518 -36.4 28.1323 18 -36.4 28 17.7619 -36.4 27.2073 17 -36.4 27.1687 16.1687 -36.4 27.1242 16 -36.4 27.7168 14.7168 -36.4 27.7721 14 -36.4 27.6232 13.6232 -36.4 27.3238 13.038 -36.4 27.3067 13 -36.4 27 12.5744 -36.4 26 12.0567 -36.4 25.8721 12 -36.4 25.303 11.8094 -36.4 25 11.7504 -36.4 23.4937 11.4937 -36.4 23 11.5034 -36.4 21.3346 13 -36.4 21 13.3703 -36.4 20.3024 14 -36.4 20.2358 14.2358 -36.4 20 14.61 -36.4 19.9343 14.8325 -36.4 19.8665 15 -36.4 19.7262 15.6563 -36.4 19.7271 16 -36.4 19.6578 16.5689 -36.4 19.672 17 -36.4 19.0856 17.6421 -36.4 19 17.7277 -36.4 18.2164 18 -36.4 18.1685 18.1685 -36.4 18 18.2613 -36.4 17.3883 19 -36.4 17.3379 19.3379 -36.4 17 19.4834 -36.4 16.8018 19.7721 -36.4 16.7954 20 -36.4 17 20.2917 -36.4 17.4902 20.4902 -36.4 18 20.6381 -36.4 18.7492 21 -36.4 18.7529 21.7529 -36.4 18.8692 22 -36.4 16 22.7023 -36.4 15.2553 22.8429 -36.4 15 22.8765 -36.4 14.7791 22.7098 -36.4 14.5006 22.4 -36.4 14.3215 22.161 -36.4 14.2397 22 -36.4 13.8565 21.4 -36.4 13.6358 21 -36.4 13.4269 20.4 -36.4 13.0126 20 -36.4 13.0169 19.0308 -36.4 13.0202 19 -36.4 13.2958 18.4495 -36.4 13.4303 18 -36.4 13.8498 17 -36.4 13.625 16.7158 -36.4 13.4154 16.4 -36.4 13.447 16 -36.4 13.2057 15.4 -36.4 13.0862 15 -36.4 13 14.2534 -36.4 12.8019 14 -36.4 12.4221 13.8979 -36.4 12 13.7101 -36.4 11 13.5089 -36.4 10.929 13.4 -36.4 10.5623 12.4 -36.4 10.3968 11.4 -36.4 10.3003 10.4 -36.4 10.2391 9.4 -36.4 10.075 3.15208e-015 -36.4 
67
30 6.94678 -36.4 29.9464 7 -36.4 29.8068 7.20075 -36.4 29.6619 7.4 -36.4 29.3655 8 -36.4 29.1311 8.4 -36.4 29.0964 8.47591 -36.4 28.8797 9 -36.4 28.6931 9.4 -36.4 28.4304 10 -36.4 28.5158 10.4 -36.4 28.4068 11 -36.4 28.759 11.6 -36.4 28.9901 11.953 -36.4 29.0101 12 -36.4 29.8088 13 -36.4 30 13.2662 -36.4 30.0056 13.2749 -36.4 30.2656 13.6 -36.4 30.6011 14 -36.4 30.9411 14.4955 -36.4 31.2767 14.8955 -36.4 31.357 15 -36.4 31.7123 15.6 -36.4 31.928 15.7665 -36.4 32 15.8491 -36.4 32.2422 15.7578 -36.4 33 15.6381 -36.4 33.9739 14.9992 -36.4 34.3949 14.752 -36.4 34.6 14.627 -36.4 35 14.5764 -36.4 35.6 14.4685 -36.4 36 14.3726 -36.4 36.6 14.3478 -36.4 37 14.1702 -36.4 37.4215 14 -36.4 37.714 13.714 -36.4 38 13.4072 -36.4 38.6248 12.6248 -36.4 39 12.0497 -36.4 39.0039 12.0417 -36.4 39.0138 12 -36.4 39 11.9553 -36.4 38.5984 11.4016 -36.4 38.6173 11.3234 -36.4 38.7395 11 -36.4 38.7278 10.9803 -36.4 38.4308 10.4 -36.4 38.303 10.1061 -36.4 38.2634 10 -36.4 37.9623 9.37959 -36.4 37.699 9 -36.4 37.6828 8.98391 -36.4 37 8.44689 -36.4 34.6 7.07582 -36.4 34.5093 7.0207 -36.4 34.4732 7 -36.4 34 6.78757 -36.4 33.8868 6.74975 -36.4 33.6 6.6304 -36.4 33 6.5189 -36.4 32.6 6.57516 -36.4 32 6.45095 -36.4 31.4 6.5484 -36.4 31 6.63347 -36.4 30.1665 6.89219 -36.4 
17 17 0 -35.5
3 16 18 19 
1
383
21 7.72111 -35.5 21.7211 7 -35.5 21.8491 6.88967 -35.5 22 6.76529 -35.5 26.5 6.75478 -35.5 27 6.73261 -35.5 27.4132 7 -35.5 28 7.58677 -35.5 28.5 7.46884 -35.5 28.7655 7.13857 -35.5 28.904 7 -35.5 29 6.88131 -35.5 29.1734 6.74696 -35.5 29.5 6.4132 -35.5 30 6.34284 -35.5 30.5 6.18766 -35.5 30.5113 6.17261 -35.5 30.684 6 -35.5 31 5.76619 -35.5 31.0111 5.76076 -35.5 31.5 5.5089 -35.5 32 5.51315 -35.5 35 5.61601 -35.5 35.5 5.63663 -35.5 36 5.95384 -35.5 36.0518 6 -35.5 36.1886 6.21022 -35.5 36.5 6.52158 -35.5 37 6.57965 -35.5 37.5 6.61833 -35.5 38.5 6.6724 -35.5 39 6.69235 -35.5 40 7.68983 -35.5 40.2881 8 -35.5 40.3238 9 -35.5 41 9.67618 -35.5 41.5 9.71383 -35.5 45 9.83996 -35.5 45.1473 10 -35.5 46 10.8527 -35.5 46.1319 11 -35.5 46.1318 12 -35.5 47 12.8682 -35.5 47.1166 13 -35.5 47.1157 14 -35.5 47 14.1287 -35.5 46 14.1472 -35.5 45.1471 15 -35.5 45 15.1678 -35.5 43 15.2422 -35.5 42.2421 16 -35.5 43 16.7579 -35.5 43.1854 17 -35.5 44 17.8146 -35.5 44.1492 18 -35.5 44.1379 19 -35.5 45 19.8621 -35.5 45.1166 20 -35.5 45.1095 21 -35.5 46 21.8906 -35.5 46.0474 21.9443 -35.5 46.0993 22 -35.5 47 22.9007 -35.5 47.0939 23 -35.5 47.092 24 -35.5 48 24.908 -35.5 48.0868 25 -35.5 48.0843 26 -35.5 47 27.0815 -35.5 42 27.1003 -35.5 41.8918 27 -35.5 41.8941 26 -35.5 41 25.1059 -35.5 40.8856 25 -35.5 40.882 24 -35.5 40 23.118 -35.5 39.866 23 -35.5 39.8477 22 -35.5 39 21.1523 -35.5 38.8214 21 -35.5 38.7915 20 -35.5 38 19.2085 -35.5 37.884 19.1113 -35.5 37.7461 19 -35.5 37 18.254 -35.5 36 18.2735 -35.5 35.2735 19 -35.5 35 19.243 -35.5 34.243 20 -35.5 34 20.2519 -35.5 33.2519 21 -35.5 33.3041 25 -35.5 34 25.6959 -35.5 34.25 26 -35.5 34.2865 29 -35.5 34.2583 33 -35.5 34.1376 33.138 -35.5 34 33.301 -35.5 33.301 34 -35.5 33.2706 35 -35.5 33 35.2896 -35.5 32.2896 36 -35.5 32 36.3113 -35.5 31.3113 37 -35.5 31.2754 38 -35.5 31 38.2919 -35.5 30.5 38.3086 -35.5 30 38.3371 -35.5 29.337 39 -35.5 29.1888 39.1401 -35.5 29 39.3032 -35.5 28.3032 40 -35.5 28 40.2658 -35.5 27 40.2922 -35.5 26.2922 41 -35.5 26 41.2553 -35.5 20 41.2677 -35.5 19.2677 42 -35.5 19.2237 43 -35.5 19.2106 44 -35.5 19 44.2133 -35.5 14 44.2051 -35.5 13.7789 44 -35.5 13 43.2211 -35.5 12.7591 43 -35.5 12 42.2409 -35.5 11.7494 42 -35.5 11.7178 41 -35.5 11 40.2822 -35.5 10.2822 41 -35.5 10.2999 40.5 -35.5 10.3074 40 -35.5 10.3234 39.5 -35.5 10.3403 38 -35.5 10.4199 37 -35.5 10.5442 36.5 -35.5 10.6124 36 -35.5 10.7605 35.5 -35.5 10.9611 35.139 -35.5 11 35.0652 -35.5 11.4893 35.2347 -35.5 11.5 35.2389 -35.5 12 35.467 -35.5 12.5 35.6353 -35.5 13 35.9666 -35.5 13.0562 36 -35.5 14 36.584 -35.5 14.5328 37 -35.5 14.6395 37.072 -35.5 15.0426 37.3605 -35.5 15.3527 37.5 -35.5 15.919 38 -35.5 16 38.0572 -35.5 16.5011 38.3108 -35.5 17 38.4868 -35.5 17.1321 38.4989 -35.5 17.1373 38.5 -35.5 17.563 38.5587 -35.5 18 38.6783 -35.5 18.5476 38.6703 -35.5 19 38.7222 -35.5 19.5991 38.7538 -35.5 20 38.7926 -35.5 20.6613 38.8248 -35.5 21 38.8528 -35.5 21.7378 38.886 -35.5 22 38.9042 -35.5 22.8299 38.9379 -35.5 23 38.94 -35.5 23.654 38.878 -35.5 24 38.796 -35.5 24.5114 38.7119 -35.5 25 38.5495 -35.5 25.7116 38.2884 -35.5 26 38.1947 -35.5 26.3715 38 -35.5 27.712 37 -35.5 27.7695 36.9523 -35.5 28 36.7865 -35.5 28.8932 36.0079 -35.5 28.9027 36 -35.5 29 35.8688 -35.5 30 34.3134 -35.5 30.0495 34.2226 -35.5 30.2047 34 -35.5 30.6202 33.3798 -35.5 30.7856 33 -35.5 30.8459 32.8459 -35.5 31 32.535 -35.5 31.1846 32 -35.5 31.372 31.372 -35.5 31.4614 31 -35.5 31.5169 30.5169 -35.5 31.636 30 -35.5 31.7676 29 -35.5 31.722 28.722 -35.5 31.5477 28 -35.5 30.8199 26 -35.5 30.3102 24.3102 -35.5 30.1821 24 -35.5 30 23.6529 -35.5 29.8004 23.3278 -35.5 29.7002 23 -35.5 29.5083 22.5 -35.5 29.2207 22 -35.5 29.3612 20.3612 -35.5 29.612 18 -35.5 29.5883 17.5883 -35.5 29.6641 17 -35.5 29.5056 16.5056 -35.5 29.5262 16 -35.5 29.6536 15.6536 -35.5 29.8305 15 -35.5 29.148 14.148 -35.5 30 14.7474 -35.5 30.1408 15 -35.5 30.4244 15.4244 -35.5 30.6569 16 -35.5 30.6753 16.3247 -35.5 30.9239 16.1567 -35.5 31 16.1024 -35.5 31.1114 16.1567 -35.5 31.7186 16.5 -35.5 31.8872 16.5883 -35.5 32 16.6605 -35.5 32.3739 16.5877 -35.5 32.5 16.5658 -35.5 33 16.5158 -35.5 33.5 16.297 -35.5 33.9936 16.0005 -35.5 33.9945 16 -35.5 35 15.3419 -35.5 35.9337 15.0602 -35.5 36 15.033 -35.5 36.9016 14.9618 -35.5 37 14.9577 -35.5 37.7967 14.9127 -35.5 38 14.8504 -35.5 38.5018 14.4982 -35.5 39 14.2001 -35.5 39.1975 14 -35.5 39.4884 13.5763 -35.5 39.5348 13.5 -35.5 39.4807 12.5 -35.5 39.5996 12 -35.5 39.4751 11.5 -35.5 39.3184 11 -35.5 38.811 10 -35.5 38.3237 9 -35.5 38 8.57025 -35.5 37.5 8.17659 -35.5 37.3009 8.05035 -35.5 37.2356 8 -35.5 37 7.85957 -35.5 35.4609 6.98188 -35.5 35 6.81368 -35.5 34.5 6.58932 -35.5 34 6.5971 -35.5 33.5 6.50419 -35.5 33 6.32325 -35.5 32.5 6.21975 -35.5 32 6.10557 -35.5 31.5 6.18677 -35.5 31.3582 6.00754 -35.5 31.351 6 -35.5 31 5.81782 -35.5 30.7609 6 -35.5 30.6662 6.17627 -35.5 30.5 6.47544 -35.5 30 6.63937 -35.5 29.8068 6.84018 -35.5 29.6458 7 -35.5 29.3988 7.5 -35.5 29.1171 8 -35.5 29.025 8.22252 -35.5 29 8.26977 -35.5 28.7703 8.72252 -35.5 28.6556 9 -35.5 28.4366 9.5 -35.5 28.2024 10 -35.5 28.1116 10.5 -35.5 28.027 10.6251 -35.5 28 10.6678 -35.5 27.2175 10.8073 -35.5 27 10.8339 -35.5 26.3403 10.7401 -35.5 26 10.6756 -35.5 25.5897 10.5897 -35.5 25 10.4964 -35.5 24.3636 10.3636 -35.5 23 10.1301 -35.5 22.5441 10.4204 -35.5 22.3862 10.5315 -35.5 22 10.8345 -35.5 21.8423 11 -35.5 21.5537 11.3442 -35.5 21.5 11.4007 -35.5 21.3279 11.5564 -35.5 21 11.8176 -35.5 20.8382 12 -35.5 20.6065 12.2968 -35.5 20.5 12.4212 -35.5 20.287 12.6244 -35.5 20 12.8741 -35.5 19.9135 13 -35.5 19.742 13.261 -35.5 19.5 13.6133 -35.5 19.3038 13.8524 -35.5 19.177 14 -35.5 19 14.3924 -35.5 18.9238 14.6109 -35.5 18.7353 15 -35.5 18.7794 16 -35.5 18.2321 16.7679 -35.5 18.2647 17 -35.5 18.1382 17.0331 -35.5 18 17.067 -35.5 17.3423 17.1658 -35.5 17 17.3032 -35.5 16.5085 17.4915 -35.5 16 17.6217 -35.5 15.6472 17.6472 -35.5 15.3188 18 -35.5 15.2187 18.2187 -35.5 15.3118 21 -35.5 15.6685 21.6685 -35.5 15.4106 22 -35.5 15.1143 22.0439 -35.5 15 22.059 -35.5 14.947 22 -35.5 14.8625 21.8625 -35.5 14.6842 21 -35.5 14.6104 20.6104 -35.5 14.6809 19 -35.5 14.7616 18.7616 -35.5 14.7877 18 -35.5 14.4863 17.5137 -35.5 14.5031 17.4448 -35.5 14.6726 17 -35.5 14.6705 16.9972 -35.5 14.3276 16.5 -35.5 14.1571 16.2631 -35.5 13.9824 16 -35.5 13.5837 15.5 -35.5 13.3826 15 -35.5 13.2971 14.5 -35.5 13.2929 14 -35.5 13.1199 13.7814 -35.5 13 13.6606 -35.5 12.5 13.4381 -35.5 12 13.1479 -35.5 11.4444 13 -35.5 11.417 12.994 -35.5 11 12.7774 -35.5 10.9639 12.7331 -35.5 10.8187 12.5 -35.5 10.6358 12 -35.5 10.4921 11.5 -35.5 10.4073 11 -35.5 10.3461 10.5 -35.5 10.2954 10 -35.5 11 10.7046 -35.5 11.1706 10.85 -35.5 11.3546 11 -35.5 12 11.6454 -35.5 13 11.6946 -35.5 13.3489 12 -35.5 13.4164 12.5 -35.5 13.4944 13 -35.5 14 13.5056 -35.5 14.5 13.5837 -35.5 15 13.6461 -35.5 15.6461 13 -35.5 15.7068 12 -35.5 15.8495 11.8979 -35.5 16 11.7863 -35.5 16.7863 11 -35.5 17 10.7773 -35.5 17.7773 10 -35.5 18 9.76556 -35.5 18.7656 9 -35.5 19 8.75368 -35.5 20 7.74825 -35.5 
18 18 0 -34.6
2 17 20 
1
101
20.4 7.69665 -34.6 21.4 7.66925 -34.6 22 7.0257 -34.6 22.0257 7 -34.6 22.2503 6.85074 -34.6 22.4 6.73354 -34.6 27 6.71409 -34.6 27.2504 6.87412 -34.6 27.4096 7 -34.6 28 7.59039 -34.6 28.4 7.50672 -34.6 29 7.36521 -34.6 30 6.34601 -34.6 30.173 6.31128 -34.6 30.1465 6.35901 -34.6 30 6.64928 -34.6 29.899 6.75903 -34.6 29.6671 7 -34.6 29.329 7.6 -34.6 29.085 8 -34.6 29.0549 8.05671 -34.6 29 8.18156 -34.6 28.6575 8.45671 -34.6 28.3818 9 -34.6 28.1007 9.6 -34.6 28.0502 9.65069 -34.6 28 9.67674 -34.6 27.2286 9.78846 -34.6 27 9.79772 -34.6 26.7662 9.76617 -34.6 24 9.23562 -34.6 23.4062 9.26838 -34.6 23 9.20673 -34.6 22.5627 9.43727 -34.6 22 9.60038 -34.6 21.5587 10 -34.6 21 10.5884 -34.6 20.9506 10.658 -34.6 20.7157 11 -34.6 20.6674 11.0677 -34.6 20.6 11.1659 -34.6 20.1278 11.6982 -34.6 20 11.8474 -34.6 18.9179 13.4228 -34.6 18.539 14 -34.6 18.2483 14.6 -34.6 18.0242 15 -34.6 18.0275 15.9141 -34.6 18.0313 16 -34.6 18 16.0485 -34.6 17.7498 16.3386 -34.6 17.6 16.4395 -34.6 17 16.6141 -34.6 16 16.7227 -34.6 15.4 16.741 -34.6 15 16.7773 -34.6 14.5885 16.1806 -34.6 14.4358 16 -34.6 14.2446 15.6 -34.6 14.142 15.4521 -34.6 13.7101 14.9103 -34.6 13.5898 14.6 -34.6 13.4873 14 -34.6 13.2075 13.6754 -34.6 13 13.4131 -34.6 12.4163 13.0754 -34.6 12.2035 13 -34.6 12.0163 12.9152 -34.6 11.4 12.5949 -34.6 11 12.4965 -34.6 10.6885 12 -34.6 10.5867 11.6 -34.6 10.4142 11 -34.6 10.2957 10 -34.6 11 10.7043 -34.6 11.2207 10.8842 -34.6 11.3676 11 -34.6 12 11.6324 -34.6 12.4 11.6461 -34.6 13 11.6777 -34.6 13.3738 12 -34.6 13.4674 12.6 -34.6 13.5383 13 -34.6 14 13.4617 -34.6 14.4 13.539 -34.6 15 13.6327 -34.6 15.6327 13 -34.6 15.6922 12 -34.6 15.8728 11.8661 -34.6 16 11.7658 -34.6 16.7658 11 -34.6 17 10.7528 -34.6 17.7528 10 -34.6 18 9.73819 -34.6 18.4 9.70948 -34.6 19 9.0457 -34.6 19.0457 9 -34.6 19.0708 8.97284 -34.6 20 8.0163 -34.6 20.0163 8 -34.6 20.2465 7.8369 -34.6 
18 19 0 -34.6
2 17 21 
1
248
34 5.57796 -34.6 34.4 5.60349 -34.6 35 5.61597 -34.6 35.3478 5.85036 -34.6 35.5985 6 -34.6 36 6.40149 -34.6 36.4 6.41244 -34.6 37.4 6.53123 -34.6 38.4 6.61025 -34.6 39 6.64338 -34.6 40 7.64275 -34.6 40.3296 8 -34.6 40.3542 8.6 -34.6 40.3773 9 -34.6 41 9.62267 -34.6 41.4 9.66442 -34.6 42.4 9.73472 -34.6 45 9.82918 -34.6 45.1553 10 -34.6 46 10.8447 -34.6 46.1375 11 -34.6 46.1367 12 -34.6 47 12.8633 -34.6 47.1195 13 -34.6 47.1181 14 -34.6 47 14.1315 -34.6 46 14.151 -34.6 45.151 15 -34.6 45 15.1733 -34.6 43 15.2579 -34.6 42.2579 16 -34.6 43 16.7421 -34.6 43.1944 17 -34.6 44 17.8056 -34.6 44.1552 18 -34.6 44.1433 19 -34.6 45 19.8566 -34.6 45.1211 20 -34.6 45.1157 21 -34.6 46 21.8843 -34.6 46.108 22 -34.6 47 22.892 -34.6 47.1017 23 -34.6 47.0995 24 -34.6 48 24.9005 -34.6 48.0931 25 -34.6 48.0899 26 -34.6 47 27.0866 -34.6 42 27.104 -34.6 41.8877 27 -34.6 41.8903 26 -34.6 41 25.1097 -34.6 40.8814 25 -34.6 40.8776 24 -34.6 40 23.1224 -34.6 39.8601 23 -34.6 39.8389 22 -34.6 39 21.1611 -34.6 38.8073 21 -34.6 38.7671 20 -34.6 38 19.2329 -34.6 37.8344 19.0994 -34.6 37.7017 19 -34.6 37 18.2983 -34.6 36 18.321 -34.6 35.321 19 -34.6 35.1433 19.1564 -34.6 35 19.2772 -34.6 34.2772 20 -34.6 34.1208 20.1626 -34.6 34 20.2918 -34.6 33.2918 21 -34.6 33.2994 23 -34.6 33.3382 25 -34.6 34 25.6618 -34.6 34.2733 26 -34.6 34.3214 29 -34.6 34.2932 33 -34.6 34.1281 33.1956 -34.6 34 33.352 -34.6 33.352 34 -34.6 33.318 35 -34.6 33.142 35.1894 -34.6 33 35.3468 -34.6 32.3468 36 -34.6 32 36.3789 -34.6 31.3789 37 -34.6 31.3532 37.6 -34.6 31.3256 38 -34.6 31.1462 38.1924 -34.6 31 38.3401 -34.6 30.4 38.3742 -34.6 30 38.4127 -34.6 29.4127 39 -34.6 29.1862 39.1957 -34.6 29 39.3496 -34.6 28.3496 40 -34.6 28 40.2993 -34.6 27 40.3333 -34.6 26.3333 41 -34.6 26 41.2871 -34.6 20 41.3101 -34.6 19.3101 42 -34.6 19.267 43 -34.6 19.2516 44 -34.6 19 44.2545 -34.6 14 44.2339 -34.6 13.7455 44 -34.6 13 43.2545 -34.6 12.7193 43 -34.6 12 42.2807 -34.6 11.8395 42.1248 -34.6 11.7181 42 -34.6 11.6785 41 -34.6 11 40.3215 -34.6 10.3215 41 -34.6 10.3436 40.6 -34.6 10.3649 40 -34.6 10.3954 39.6 -34.6 10.4147 39 -34.6 10.4549 38.6 -34.6 10.4655 38 -34.6 10.5443 37 -34.6 10.6936 36.4 -34.6 10.8907 36 -34.6 11 35.7928 -34.6 11.6607 36.0943 -34.6 12 36.2854 -34.6 12.0777 36.3393 -34.6 12.1891 36.4 -34.6 12.8518 36.823 -34.6 13 36.9053 -34.6 15 38.3664 -34.6 15.9882 38.9882 -34.6 15.9915 38.9903 -34.6 16 38.9964 -34.6 16.0107 39 -34.6 16.6247 39.2255 -34.6 17 39.2114 -34.6 17.6 39.2656 -34.6 18 39.3341 -34.6 19 39.317 -34.6 19.4 39.3003 -34.6 20 39.3244 -34.6 20.4 39.3217 -34.6 23 39.4316 -34.6 23.4 39.435 -34.6 24 39.3927 -34.6 25 39.2609 -34.6 25.4 39.1231 -34.6 25.8138 39 -34.6 26 38.9409 -34.6 26.277 38.8186 -34.6 26.4 38.7675 -34.6 27 38.4582 -34.6 27.4 38.2923 -34.6 27.9326 38.0123 -34.6 27.9536 38 -34.6 28 37.9649 -34.6 28.1282 37.8718 -34.6 29 37.2627 -34.6 29.2529 37 -34.6 30 36.005 -34.6 30.0048 35.9974 -34.6 30.0095 35.9905 -34.6 30.5698 35.1374 -34.6 31 34.5208 -34.6 31.3282 34 -34.6 31.3536 33.9569 -34.6 31.9346 33.0578 -34.6 31.9729 33 -34.6 32 32.9438 -34.6 32.1662 32.4842 -34.6 32.1947 32.4 -34.6 32.2718 32 -34.6 32.3103 31.6 -34.6 32.5224 30 -34.6 32.5548 29.6 -34.6 32.6125 29 -34.6 32.5318 28.6 -34.6 32.4331 28 -34.6 32.0264 26 -34.6 32 25.8886 -34.6 31.8397 25.5248 -34.6 31.6119 24.857 -34.6 31.5543 24.6 -34.6 31.3424 24.1657 -34.6 31.2892 24 -34.6 31 23.339 -34.6 30.8069 23 -34.6 30.6912 22.6912 -34.6 30.5001 22 -34.6 30.5578 21.4422 -34.6 30.5963 21 -34.6 30.6181 20.3884 -34.6 30.6593 20 -34.6 30.6554 19.3927 -34.6 30.6977 19 -34.6 30.6771 18.4194 -34.6 30.7121 18 -34.6 31 17.1192 -34.6 31.0703 17.0703 -34.6 32 17.5155 -34.6 32.599 17.401 -34.6 33 17.2801 -34.6 33.7616 16.9896 -34.6 34 16.8853 -34.6 34.2823 16.7177 -34.6 35 16.3479 -34.6 35.7658 15.9784 -34.6 36 15.8822 -34.6 36.5778 15.7877 -34.6 37.485 15.6778 -34.6 38 15.6452 -34.6 38.5198 15.4802 -34.6 39 15.4006 -34.6 39.7594 15 -34.6 40 14.7508 -34.6 40.1222 14.3842 -34.6 40.181 14 -34.6 40.1444 13.3067 -34.6 40.1429 13 -34.6 40.0842 12 -34.6 39.9521 11.3654 -34.6 39.8611 11 -34.6 39.3621 10 -34.6 38.8766 9 -34.6 38.7763 8.83972 -34.6 38.2245 8.1004 -34.6 38.136 8 -34.6 38 7.87384 -34.6 37.8698 7.79176 -34.6 37.0833 7.31997 -34.6 36.4 6.92888 -34.6 36 6.82194 -34.6 35.4 6.60297 -34.6 35 6.67082 -34.6 34.4 6.68015 -34.6 34 6.52697 -34.6 33.4 6.30984 -34.6 33 6.19032 -34.6 32.4 6.05331 -34.6 32 5.99003 -34.6 31.9881 5.97743 -34.6 31.6806 5.81788 -34.6 31.9138 5.69778 -34.6 32 5.6752 -34.6 32.4 5.50388 -34.6 
19 20 0 -33.7
2 18 22 
1
107
22 7.61186 -33.7 22.6119 7 -33.7 23 6.69883 -33.7 25 6.66658 -33.7 25.3 6.65854 -33.7 26 6.65274 -33.7 26.3 6.66141 -33.7 27 6.67045 -33.7 27.2787 6.89074 -33.7 27.4079 7 -33.7 28 7.5921 -33.7 28.3 7.54846 -33.7 29 7.40204 -33.7 29.4021 7 -33.7 30 6.37544 -33.7 30.1981 6.35149 -33.7 30.1191 6.50793 -33.7 30 6.76741 -33.7 29.7864 7 -33.7 29.3593 7.7 -33.7 29.113 8 -33.7 29.0169 8.21848 -33.7 29 8.24499 -33.7 28.7 8.39772 -33.7 28 8.92904 -33.7 27.2288 8.9079 -33.7 27 8.79686 -33.7 26.4027 8.73367 -33.7 26.2162 8.7 -33.7 26.1135 8.68706 -33.7 26 8.66266 -33.7 25.6553 8.64317 -33.7 25 8.51748 -33.7 24.8092 8.55278 -33.7 24.7 8.56894 -33.7 24 8.48589 -33.7 23.3 8.57859 -33.7 23 8.64122 -33.7 22.3 8.74464 -33.7 22 8.80564 -33.7 21.7 8.93221 -33.7 21.6349 8.96902 -33.7 21.5759 9 -33.7 21 9.50557 -33.7 20.6487 10 -33.7 18.5881 13 -33.7 18.1307 13.7 -33.7 18.0115 13.8908 -33.7 18 13.9087 -33.7 17.9444 14 -33.7 17.3812 15 -33.7 17.1417 15.7538 -33.7 17.0922 16 -33.7 17 16.0621 -33.7 16.5097 16.1286 -33.7 16 16.1839 -33.7 15.65 16.2345 -33.7 15 16.2934 -33.7 14.5028 15.7 -33.7 14.1681 15 -33.7 14.0981 14.8475 -33.7 14 14.6905 -33.7 13.7896 14.1475 -33.7 13.7386 14 -33.7 13.4896 13.7394 -33.7 13 13.1713 -33.7 12.6277 13.0394 -33.7 12.5882 13 -33.7 12.3277 12.8403 -33.7 12 12.6919 -33.7 11.3 12.5196 -33.7 11 12.4965 -33.7 10.7598 12.1172 -33.7 10.6426 12 -33.7 10.5749 11.7 -33.7 10.3966 11 -33.7 10.2864 10 -33.7 11 10.7136 -33.7 11.3625 11 -33.7 12 11.6375 -33.7 13 11.6695 -33.7 13.2742 11.9026 -33.7 13.4001 12 -33.7 13.5243 12.7 -33.7 13.5829 13 -33.7 14 13.4171 -33.7 14.3 13.483 -33.7 15 13.6184 -33.7 15.6184 13 -33.7 15.6779 12 -33.7 15.9004 11.8244 -33.7 16 11.7386 -33.7 16.3 11.7164 -33.7 16.8331 11.125 -33.7 16.9581 11 -33.7 17 10.9557 -33.7 17.9377 10 -33.7 18 9.93379 -33.7 18.1825 9.80219 -33.7 18.3 9.67352 -33.7 19 9.62328 -33.7 19.6233 9 -33.7 19.8713 8.73139 -33.7 20 8.59598 -33.7 20.596 8 -33.7 20.8646 7.75457 -33.7 21 7.63831 -33.7 
19 21 0 -33.7
3 19 23 24 
1
259
33 6.0574 -33.7 32.3 5.94678 -33.7 33.3 5.52058 -33.7 34 5.55333 -33.7 35 5.61757 -33.7 35.4388 5.87945 -33.7 35.6076 6 -33.7 36 6.39234 -33.7 36.3 6.37513 -33.7 37 6.39429 -33.7 37.3 6.39484 -33.7 38.3 6.51899 -33.7 39 6.57603 -33.7 40 7.57897 -33.7 40.3849 8 -33.7 40.4255 8.7 -33.7 40.4519 9 -33.7 41 9.54812 -33.7 41.3 9.59447 -33.7 42 9.66754 -33.7 42.3 9.69409 -33.7 43.3 9.75559 -33.7 45 9.81978 -33.7 45.1611 10 -33.7 46 10.8389 -33.7 46.1414 11 -33.7 46.1404 12 -33.7 47 12.8596 -33.7 47.1219 13 -33.7 47.1203 14 -33.7 47 14.1343 -33.7 46 14.1546 -33.7 45.1546 15 -33.7 45 15.1785 -33.7 44 15.2159 -33.7 43 15.2723 -33.7 42.2723 16 -33.7 43 16.7277 -33.7 43.2038 17 -33.7 44 17.7962 -33.7 44.1615 18 -33.7 44.1492 19 -33.7 45 19.8507 -33.7 45.0874 19.9538 -33.7 45.1294 20 -33.7 45.127 21 -33.7 46 21.873 -33.7 46.1184 22 -33.7 47 22.8816 -33.7 47.1109 23 -33.7 47.1081 24 -33.7 48 24.8919 -33.7 48.1001 25 -33.7 48.0964 26 -33.7 47.0953 27 -33.7 47 27.0924 -33.7 42 27.1078 -33.7 41.8835 27 -33.7 41.8844 26 -33.7 41 25.1156 -33.7 40.8754 25 -33.7 40.8701 24 -33.7 40 23.1299 -33.7 39.8997 23.0422 -33.7 39.8547 23 -33.7 39.8315 22 -33.7 39 21.1685 -33.7 38.7955 21 -33.7 38.746 20 -33.7 38 19.254 -33.7 37.7678 19.0802 -33.7 37.6567 19 -33.7 37 18.3434 -33.7 36.3 18.3619 -33.7 36 18.3766 -33.7 35.3766 19 -33.7 35.1259 19.2113 -33.7 35 19.3144 -33.7 34.3144 20 -33.7 34.1031 20.2262 -33.7 34 20.3462 -33.7 33.3462 21 -33.7 33.3367 23 -33.7 33.3638 24 -33.7 33.3775 25 -33.7 34 25.6225 -33.7 34.2999 26 -33.7 34.3632 29 -33.7 34.364 30 -33.7 34.339 33 -33.7 34.1148 33.2738 -33.7 34 33.4203 -33.7 33.4203 34 -33.7 33.395 34.7 -33.7 33.3788 35 -33.7 33.1303 35.2754 -33.7 33 35.432 -33.7 32.432 36 -33.7 32 36.4819 -33.7 31.4819 37 -33.7 31.4335 37.7 -33.7 31.3813 38 -33.7 31.1254 38.2584 -33.7 31 38.3786 -33.7 30 38.4787 -33.7 29.4787 39 -33.7 29 39.3979 -33.7 28.3979 40 -33.7 28 40.3388 -33.7 27.3 40.3669 -33.7 27 40.3877 -33.7 26.3877 41 -33.7 26.1321 41.2176 -33.7 26 41.3267 -33.7 25.3 41.3423 -33.7 25 41.3542 -33.7 20 41.3681 -33.7 19.3681 42 -33.7 19.3303 43 -33.7 19.309 44 -33.7 19 44.3134 -33.7 14 44.272 -33.7 13.7003 44 -33.7 13 43.2997 -33.7 12.6662 43 -33.7 11.7875 42.1153 -33.7 11.6847 42 -33.7 11.6391 41 -33.7 11 40.3609 -33.7 10.3609 41 -33.7 10.3834 40.7 -33.7 10.4221 40 -33.7 10.4549 39.7 -33.7 10.5084 39 -33.7 10.561 38.7 -33.7 10.6314 38 -33.7 10.6846 37.3 -33.7 10.7716 37 -33.7 11 36.5234 -33.7 11.7949 37 -33.7 12 37.4904 -33.7 12.9484 38 -33.7 12.861 38.861 -33.7 12.944 39 -33.7 12.673 39.673 -33.7 12.7723 39.8383 -33.7 13 40.3048 -33.7 13.9804 41 -33.7 14.0092 41.0133 -33.7 14.7428 41.3 -33.7 14.8462 41.3514 -33.7 15 41.4134 -33.7 15.7099 41.2901 -33.7 16 41.596 -33.7 16.3385 41.3385 -33.7 16.4974 41 -33.7 16.1893 40.1893 -33.7 16.1626 40 -33.7 16.5217 39.8091 -33.7 17 39.7912 -33.7 17.6653 39.8539 -33.7 18 39.9112 -33.7 18.7404 39.9311 -33.7 19 39.927 -33.7 20.5798 39.8644 -33.7 21.5804 39.8617 -33.7 23 39.9168 -33.7 23.7442 39.9374 -33.7 24 39.9395 -33.7 24.5036 39.8827 -33.7 25 39.8172 -33.7 25.3 39.6997 -33.7 26 39.4585 -33.7 28 38.6251 -33.7 28.0078 38.6204 -33.7 28.3 38.4517 -33.7 29 38.1614 -33.7 29.2281 38.0301 -33.7 29.2845 38 -33.7 29.9281 37.323 -33.7 30 37.2753 -33.7 30.2923 37.023 -33.7 32.0593 34.2428 -33.7 32.1746 34 -33.7 32.2428 33.7855 -33.7 32.2592 33.7408 -33.7 32.3186 33.5984 -33.7 32.6018 33 -33.7 32.6755 32.5553 -33.7 32.7824 32 -33.7 32.8167 31.4679 -33.7 32.8617 31 -33.7 32.9943 30 -33.7 33.0486 29.1345 -33.7 33.0466 29 -33.7 32.6427 27 -33.7 32.5678 26.7 -33.7 32.4264 26 -33.7 32.1804 25 -33.7 32.1475 24.7 -33.7 32.0121 24 -33.7 32 23.9528 -33.7 31.9081 23.6388 -33.7 31.6738 23 -33.7 31.6894 22.6081 -33.7 31.5792 22 -33.7 31.56 21.6358 -33.7 31.5858 21 -33.7 31.5704 20.6596 -33.7 31.5589 20 -33.7 31.5133 19 -33.7 32 18.3785 -33.7 32.9831 18.0169 -33.7 33 18.008 -33.7 33.0223 18 -33.7 33.3834 17.8557 -33.7 34 17.6205 -33.7 34.1167 17.5692 -33.7 34.3 17.4946 -33.7 35.3 17.1139 -33.7 35.5515 17.0014 -33.7 35.5542 17 -33.7 36 16.7614 -33.7 37.3331 16.5307 -33.7 38 16.4352 -33.7 38.3 16.3874 -33.7 39 16.2888 -33.7 39.3 16.0311 -33.7 39.3404 16.0082 -33.7 39.3587 16 -33.7 40 15.6612 -33.7 40.0162 15.6405 -33.7 40.2389 15.3 -33.7 40.3831 15 -33.7 40.4172 14.7 -33.7 40.5243 14 -33.7 40.5583 13.7 -33.7 40.5548 13 -33.7 40.5879 12.7 -33.7 40.5332 11.7 -33.7 40.4041 11 -33.7 39.4306 9 -33.7 39.2525 8.7 -33.7 39.1271 8.5155 -33.7 39 8.30894 -33.7 38.7738 8 -33.7 38.6928 7.90814 -33.7 38.0813 7.33557 -33.7 38 7.27237 -33.7 37.5502 7 -33.7 37.3 6.85804 -33.7 37 6.80641 -33.7 36.3 6.61928 -33.7 36 6.56087 -33.7 35.3 6.67961 -33.7 35 6.75877 -33.7 34.3 6.49071 -33.7 34 6.34001 -33.7 33.3 6.13086 -33.7 
20 22 0 -32.8
2 20 25 
1
95
22 7.56862 -32.8 22.5686 7 -32.8 22.9049 6.74386 -32.8 23 6.6736 -32.8 24 6.65118 -32.8 26 6.59866 -32.8 27 6.6281 -32.8 27.3446 6.91947 -32.8 27.4483 7 -32.8 28 7.55168 -32.8 28.2 7.5191 -32.8 29 7.40272 -32.8 29.4027 7 -32.8 29.8638 6.51746 -32.8 30 6.40107 -32.8 30.2 6.38953 -32.8 30.2236 6.38667 -32.8 30.0836 6.69191 -32.8 30 6.77552 -32.8 29.8638 6.89191 -32.8 29.7657 7 -32.8 29.1088 7.8 -32.8 29.0059 8 -32.8 29 8.00929 -32.8 28.8661 8.07071 -32.8 28.8 8.09547 -32.8 28 8.50274 -32.8 27 8.01544 -32.8 26.5026 7.92754 -32.8 26.2 7.86464 -32.8 26 7.80661 -32.8 25.2 7.79594 -32.8 24.8 7.87727 -32.8 24 7.98978 -32.8 23.9511 8 -32.8 23.7713 8.04154 -32.8 22 8.40722 -32.8 21.2 8.74473 -32.8 21 8.82226 -32.8 20.872 8.9103 -32.8 20.7728 9 -32.8 20.205 9.8 -32.8 20.0315 10 -32.8 17.9682 13 -32.8 17.8849 13.1311 -32.8 17.8 13.2754 -32.8 17.3927 13.9442 -32.8 16.9686 14.6973 -32.8 16.9074 14.8 -32.8 16.8136 15 -32.8 16.0748 15.6181 -32.8 16 15.714 -32.8 15.2 15.8345 -32.8 15 15.8704 -32.8 14.3868 15.1318 -32.8 14.3078 15 -32.8 14.1868 14.8691 -32.8 14 14.4626 -32.8 13.864 14.0691 -32.8 13.7949 14 -32.8 13 13.1666 -32.8 12.8334 13 -32.8 12.6948 12.8998 -32.8 12 12.4739 -32.8 11 12.3988 -32.8 10.6012 12 -32.8 10.5609 11.8 -32.8 10.3805 11 -32.8 10.2775 10 -32.8 11 10.7225 -32.8 11.349 11 -32.8 12 11.651 -32.8 13 11.6777 -32.8 13.3358 11.9375 -32.8 13.4108 12 -32.8 13.5671 12.8 -32.8 13.5902 13 -32.8 14 13.4098 -32.8 14.2 13.4354 -32.8 15 13.6112 -32.8 15.6112 13 -32.8 15.662 12.2 -32.8 15.8345 12 -32.8 16 11.8573 -32.8 16.1202 11.771 -32.8 16.2 11.6834 -32.8 17 11.6243 -32.8 17.6243 11 -32.8 18 10.5894 -32.8 18.5894 10 -32.8 19 9.5525 -32.8 19.5525 9 -32.8 19.8956 8.6389 -32.8 20.5371 8 -32.8 21 7.6038 -32.8 
20 23 0 -32.8
2 21 26 
1
14
33.1611 5.90037 -32.8 33.1393 5.89543 -32.8 33.2 5.86335 -32.8 34 5.52626 -32.8 35 5.59174 -32.8 35.4502 5.9132 -32.8 35.5623 6 -32.8 36 6.43769 -32.8 35.2 6.6488 -32.8 35 6.65902 -32.8 34.2 6.25717 -32.8 34 6.16631 -32.8 33.3611 6.00722 -32.8 33.3546 6 -32.8 
20 24 0 -32.8
2 21 27 
1
237
37.2 6.38125 -32.8 38.2 6.38123 -32.8 39 6.4831 -32.8 40 7.48789 -32.8 40.4623 8 -32.8 40.5327 8.8 -32.8 40.5614 9 -32.8 41 9.43863 -32.8 41.2 9.4949 -32.8 42 9.6185 -32.8 42.2 9.64284 -32.8 43 9.71365 -32.8 44 9.77378 -32.8 45 9.81384 -32.8 45.1638 10 -32.8 46 10.8362 -32.8 46.1431 11 -32.8 46.1426 12 -32.8 47 12.8573 -32.8 47.124 13 -32.8 47.1226 14 -32.8 47 14.1372 -32.8 46 14.1584 -32.8 45.1584 15 -32.8 45 15.1837 -32.8 44 15.2239 -32.8 43 15.2864 -32.8 42.2864 16 -32.8 43 16.7136 -32.8 43.2136 17 -32.8 44 17.7864 -32.8 44.1684 18 -32.8 44.1584 19 -32.8 45 19.8416 -32.8 45.1441 20 -32.8 45.1415 21 -32.8 46 21.8585 -32.8 46.1309 22 -32.8 47 22.8691 -32.8 47.1216 23 -32.8 47.118 24 -32.8 48 24.882 -32.8 48.108 25 -32.8 48.1039 26 -32.8 47.1025 27 -32.8 47 27.0989 -32.8 42 27.1129 -32.8 41.8781 27 -32.8 41.8736 26 -32.8 41 25.1264 -32.8 40.8648 25 -32.8 40.8553 24 -32.8 40 23.1447 -32.8 39.8456 23 -32.8 39.8231 22 -32.8 39 21.1769 -32.8 38.7846 21 -32.8 38.7285 20 -32.8 38 19.2715 -32.8 37.6222 19 -32.8 37 18.3779 -32.8 36.2 18.417 -32.8 36 18.4325 -32.8 35.4325 19 -32.8 35 19.3545 -32.8 34.3545 20 -32.8 34.0797 20.32 -32.8 34 20.4218 -32.8 33.4218 21 -32.8 33.4121 21.8 -32.8 33.3883 23 -32.8 33.4135 23.8 -32.8 33.4269 25 -32.8 34 25.5731 -32.8 34.2578 25.9037 -32.8 34.3303 26 -32.8 34.4156 29 -32.8 34.4226 29.8 -32.8 34.4287 30 -32.8 34.4088 31 -32.8 34.4013 33 -32.8 34.0951 33.3907 -32.8 34 33.5208 -32.8 33.5208 34 -32.8 33.4774 34.8 -32.8 33.4589 35 -32.8 33.1115 35.4176 -32.8 33 35.5676 -32.8 32.5676 36 -32.8 32.15 36.4738 -32.8 32 36.613 -32.8 31.613 37 -32.8 31.4737 37.8 -32.8 31.4263 38 -32.8 31 38.4083 -32.8 30.2 38.4954 -32.8 30 38.5207 -32.8 29.5207 39 -32.8 29 39.4351 -32.8 28.4351 40 -32.8 28 40.3759 -32.8 27.2 40.4313 -32.8 27 40.4505 -32.8 26.4505 41 -32.8 26 41.3745 -32.8 25.2 41.4061 -32.8 25 41.4237 -32.8 20 41.4388 -32.8 19.4388 42 -32.8 19.381 44 -32.8 19 44.3906 -32.8 18.2 44.3913 -32.8 18 44.3999 -32.8 16 44.3958 -32.8 15.2 44.3767 -32.8 15 44.3661 -32.8 14.2 44.3368 -32.8 14 44.3249 -32.8 13.636 44 -32.8 13 43.364 -32.8 12.6924 43.0888 -32.8 12.5976 43 -32.8 12 42.4024 -32.8 11.726 42.0948 -32.8 11.6475 42 -32.8 11.6331 41.8 -32.8 11.5898 41 -32.8 11 40.4102 -32.8 10.4102 41 -32.8 10.431 40.8 -32.8 10.4908 40 -32.8 10.5235 39.8 -32.8 10.6109 39 -32.8 10.7512 38.2 -32.8 11 37.3567 -32.8 12.8266 41.2 -32.8 13 41.4105 -32.8 14.7002 42.2 -32.8 14.7674 42.2344 -32.8 15 42.3454 -32.8 16 42.7627 -32.8 16.4898 42.7747 -32.8 17 42.7087 -32.8 17.6687 42.1421 -32.8 17.822 42 -32.8 18 41.6308 -32.8 18.1825 41 -32.8 18.2086 40.9313 -32.8 19 40.5351 -32.8 19.041 40.53 -32.8 19.2 40.513 -32.8 20 40.4796 -32.8 20.2 40.4816 -32.8 21 40.4483 -32.8 21.2 40.4504 -32.8 22 40.4171 -32.8 23 40.4236 -32.8 23.2 40.4161 -32.8 24 40.4494 -32.8 24.2 40.4379 -32.8 25 40.3687 -32.8 25.2 40.2731 -32.8 26 39.9631 -32.8 26.1268 39.8866 -32.8 26.2 39.8444 -32.8 27 39.5126 -32.8 27.2 39.3971 -32.8 28 39.0542 -32.8 29 38.4776 -32.8 29.2 38.3723 -32.8 29.8476 38 -32.8 30 37.8989 -32.8 31.1348 36.9205 -32.8 31.3253 36.6747 -32.8 31.4363 36.5417 -32.8 32 35.6532 -32.8 32.2113 35.3035 -32.8 32.4039 35 -32.8 32.5853 34.5487 -32.8 32.8459 34 -32.8 33.1604 33 -32.8 33.183 32.8 -32.8 33.3051 32 -32.8 33.3019 31.8 -32.8 33.3337 31 -32.8 33.4662 30 -32.8 33.4441 29.8 -32.8 33.4323 29 -32.8 33.2294 28 -32.8 33.1793 27.8 -32.8 33.0182 27 -32.8 32.518 25 -32.8 32.5063 24.8 -32.8 32.4186 24 -32.8 32.3888 23.8 -32.8 32.1843 23 -32.8 32.211 22.8 -32.8 32.2792 22 -32.8 32.3042 21.8 -32.8 32.2374 20 -32.8 32.2344 19.2 -32.8 32.2686 19 -32.8 33 18.6141 -32.8 34.6337 18 -32.8 35 17.851 -32.8 35.2 17.7449 -32.8 36 17.4417 -32.8 36.2 17.3993 -32.8 37 17.2614 -32.8 37.2 17.2447 -32.8 38 17.1457 -32.8 38.2 17.1275 -32.8 39 17.0258 -32.8 39.0468 17 -32.8 39.1205 16.947 -32.8 39.2 16.8717 -32.8 40 16.1845 -32.8 40.1329 16 -32.8 40.1857 15.8 -32.8 40.5704 15 -32.8 40.8857 12.2 -32.8 40.9017 12 -32.8 40.8982 11.7974 -32.8 40.862 11 -32.8 40.8615 10.9983 -32.8 40.819 10.8 -32.8 40.4321 10 -32.8 40.3676 9.8 -32.8 39.8878 8.80735 -32.8 39.4088 8 -32.8 39 7.53297 -32.8 38.4399 7 -32.8 38.4167 6.98092 -32.8 38.2 6.82418 -32.8 38 6.77101 -32.8 37.2 6.63331 -32.8 36.2 6.43741 -32.8 
21 25 0 -31.9
2 22 28 
1
90
22 7.51722 -31.9 22.5172 7 -31.9 22.9452 6.68386 -31.9 23 6.64495 -31.9 23.1 6.64061 -31.9 24 6.61716 -31.9 24.1 6.61145 -31.9 25 6.57759 -31.9 25.1 6.57946 -31.9 26 6.56205 -31.9 27 6.59427 -31.9 27.4665 6.95664 -31.9 27.5315 7 -31.9 28 7.46853 -31.9 29 7.30451 -31.9 29.0485 7.28695 -31.9 29.2782 7.05723 -31.9 29.0176 7.62365 -31.9 29 7.65465 -31.9 28.9 7.6887 -31.9 28.6174 7.81041 -31.9 28.2041 8 -31.9 28 8.07644 -31.9 27.1 7.63896 -31.9 26.1 7.34774 -31.9 26 7.32907 -31.9 25.1 7.507 -31.9 25 7.50782 -31.9 24.1 7.6959 -31.9 24 7.72427 -31.9 22 8.14281 -31.9 21.9679 8.15497 -31.9 21.9 8.18388 -31.9 21 8.53274 -31.9 20.9 8.59197 -31.9 20.3068 9 -31.9 20 9.30957 -31.9 19.9 9.41503 -31.9 19.4288 10 -31.9 18.8015 10.9 -31.9 18.7214 11 -31.9 17.3566 13 -31.9 17 13.6062 -31.9 16.8345 13.9 -31.9 16.3665 14.9 -31.9 16.3423 15 -31.9 16.0055 15.4316 -31.9 16 15.4491 -31.9 15.1 15.6106 -31.9 15 15.6729 -31.9 14.6447 15.0798 -31.9 14.6008 15 -31.9 14.5447 14.9496 -31.9 14 14.3608 -31.9 13.5889 13.9492 -31.9 13 13.3254 -31.9 12.6746 13 -31.9 12.6238 12.953 -31.9 12 12.5023 -31.9 11 12.4353 -31.9 10.5647 12 -31.9 10.5466 11.9 -31.9 10.3654 11 -31.9 10.2697 10 -31.9 11 10.7303 -31.9 11.3039 10.9733 -31.9 11.3364 11 -31.9 12 11.6636 -31.9 13 11.689 -31.9 13.3371 11.9705 -31.9 13.3687 12 -31.9 13.4729 12.9 -31.9 13.4803 13 -31.9 14 13.5197 -31.9 14.1 13.5171 -31.9 15 13.6325 -31.9 15.6325 13 -31.9 15.9584 12.6411 -31.9 16 12.5914 -31.9 16.5914 12 -31.9 17 11.5499 -31.9 17.5499 11 -31.9 18 10.5019 -31.9 18.5019 10 -31.9 19 9.46386 -31.9 19.9335 8.54209 -31.9 20 8.48457 -31.9 20.4846 8 -31.9 21 7.56408 -31.9 21.1 7.5574 -31.9 
21 26 0 -31.9
2 23 29 
1
14
34 5.49827 -31.9 34.1 5.50247 -31.9 35 5.56222 -31.9 35.5046 5.95282 -31.9 35.5754 6 -31.9 36 6.42465 -31.9 35.1 6.47062 -31.9 35 6.45893 -31.9 34.1 6.05007 -31.9 34 6.03107 -31.9 33.9721 6 -31.9 33.9708 5.99862 -31.9 33.5132 5.76302 -31.9 33.9165 5.54965 -31.9 
21 27 0 -31.9
3 24 30 31 
1
250
38.1 6.3836 -31.9 39 6.37687 -31.9 39.5632 6.93566 -31.9 39.6352 7 -31.9 39.6632 7.05949 -31.9 40 7.39629 -31.9 40.501 7.95949 -31.9 40.5314 8 -31.9 40.6605 8.9 -31.9 40.7013 9 -31.9 41 9.29863 -31.9 42 9.58112 -31.9 43 9.70287 -31.9 44 9.76981 -31.9 45 9.81213 -31.9 45.164 10 -31.9 46 10.836 -31.9 46.1433 11 -31.9 46.1432 12 -31.9 47 12.8567 -31.9 47.1252 13 -31.9 47.1245 14 -31.9 47 14.1401 -31.9 46 14.1624 -31.9 45.1624 15 -31.9 45 15.189 -31.9 44 15.232 -31.9 43 15.3001 -31.9 42.3001 16 -31.9 43 16.6999 -31.9 43.2236 17 -31.9 44 17.7764 -31.9 44.158 17.9766 -31.9 44.1783 18 -31.9 44.1786 19 -31.9 45 19.8214 -31.9 45.1621 20 -31.9 45.1595 21 -31.9 46 21.8405 -31.9 46.1461 22 -31.9 47 22.8539 -31.9 47.1342 23 -31.9 47.1294 24 -31.9 48 24.8706 -31.9 48.1174 25 -31.9 48.1125 26 -31.9 47.1109 27 -31.9 47 27.1064 -31.9 42 27.1225 -31.9 41.8682 27 -31.9 41.8596 26 -31.9 41 25.1404 -31.9 40.8488 25 -31.9 40.8369 24 -31.9 40 23.1631 -31.9 39.8251 23 -31.9 39.8081 22 -31.9 39 21.1919 -31.9 38.7966 21.0224 -31.9 38.7728 21 -31.9 38.7093 20 -31.9 38 19.2907 -31.9 37.5892 19 -31.9 37 18.4108 -31.9 36.1 18.4804 -31.9 36 18.4918 -31.9 35.4917 19 -31.9 35 19.4053 -31.9 34.4053 20 -31.9 34.0468 20.458 -31.9 34 20.5262 -31.9 33.5262 21 -31.9 33.5009 21.9 -31.9 33.4959 22 -31.9 33.4733 22.9 -31.9 33.4691 23 -31.9 33.482 23.9 -31.9 33.4764 24 -31.9 33.4865 24.9 -31.9 33.4908 25 -31.9 34 25.5092 -31.9 34.326 25.9424 -31.9 34.3673 26 -31.9 34.4781 28.9 -31.9 34.4848 29 -31.9 34.5121 29.9 -31.9 34.5195 30 -31.9 34.4958 31 -31.9 34.5002 32 -31.9 34.4901 33 -31.9 34 33.6715 -31.9 33.6715 34 -31.9 33.5879 34.9 -31.9 33.5632 35 -31.9 33.0614 35.6751 -31.9 33 35.7543 -31.9 32.7543 36 -31.9 32.0792 36.6264 -31.9 32 36.7082 -31.9 31.7082 37 -31.9 31.4952 37.9 -31.9 31.4643 38 -31.9 31 38.443 -31.9 30.1 38.5567 -31.9 30 38.5717 -31.9 29.5716 39 -31.9 29.0633 39.4154 -31.9 29 39.4655 -31.9 28.4655 40 -31.9 28 40.3985 -31.9 27.1 40.4848 -31.9 27 40.496 -31.9 26.496 41 -31.9 26 41.4206 -31.9 25 41.5087 -31.9 24.1 41.5085 -31.9 24 41.512 -31.9 23.1 41.5091 -31.9 23 41.5113 -31.9 20.1 41.5051 -31.9 20 41.5072 -31.9 19.5072 42 -31.9 19.4791 43 -31.9 19.4562 43.9 -31.9 19.447 44 -31.9 19 44.4628 -31.9 18.1 44.5015 -31.9 18 44.5099 -31.9 17.1 44.5124 -31.9 17 44.5244 -31.9 16.1 44.5205 -31.9 16 44.5297 -31.9 15.1 44.4818 -31.9 15 44.4675 -31.9 14.1 44.4137 -31.9 14 44.4013 -31.9 13.6002 44.0514 -31.9 13.5373 44 -31.9 13 43.4627 -31.9 12.5733 43.063 -31.9 12.5158 43 -31.9 12 42.4842 -31.9 11.6467 42.0575 -31.9 11.6012 42 -31.9 11.5913 41.9 -31.9 11.5266 41 -31.9 11 40.4734 -31.9 10.4734 41 -31.9 10.4888 40.9 -31.9 10.5821 40 -31.9 10.6094 39.9 -31.9 10.7563 39 -31.9 10.9981 38.1586 -31.9 11 38.1537 -31.9 12.3742 41.1 -31.9 12.8584 42.1 -31.9 13 42.2715 -31.9 14 42.7365 -31.9 15 43.2471 -31.9 16 43.6819 -31.9 17 43.7065 -31.9 17.1738 43.6731 -31.9 18 43.6583 -31.9 18.1769 43.4826 -31.9 18.7016 43 -31.9 18.7799 42.6071 -31.9 18.9171 42 -31.9 19 41.5028 -31.9 19.389 41.1106 -31.9 19.5142 41 -31.9 20 40.948 -31.9 23 40.9784 -31.9 24 40.9403 -31.9 24.1727 40.9186 -31.9 25 40.871 -31.9 25.0199 40.8597 -31.9 25.1 40.8159 -31.9 26 40.3855 -31.9 28.9725 38.674 -31.9 29 38.659 -31.9 30 38.1339 -31.9 30.0475 38.1002 -31.9 30.1839 38 -31.9 32 36.4391 -31.9 32.0663 36.3692 -31.9 32.4955 36 -31.9 32.9663 35.17 -31.9 33 35.1191 -31.9 33.0287 35.07 -31.9 33.0595 35 -31.9 33.1125 34.9 -31.9 33.673 33.1 -31.9 33.7191 33 -31.9 33.7435 32.7478 -31.9 33.8278 32 -31.9 33.8108 31 -31.9 33.9381 30 -31.9 33.9071 29.8131 -31.9 33.8172 29 -31.9 33.792 28.9 -31.9 33.6059 28 -31.9 32.8305 24.9 -31.9 32.7779 24 -31.9 32.6437 23.1 -31.9 32.6683 23 -31.9 32.9309 21 -31.9 32.9265 20.5622 -31.9 32.9048 20 -31.9 33 19.4406 -31.9 33.1225 19.0043 -31.9 33.1244 19 -31.9 34 18.6645 -31.9 34.1 18.6189 -31.9 35 18.2741 -31.9 35.1 18.2157 -31.9 36 17.7513 -31.9 36.0124 17.7467 -31.9 36.1 17.719 -31.9 37 17.5282 -31.9 37.1 17.527 -31.9 39 17.3612 -31.9 39.1 17.3058 -31.9 39.125 17.2909 -31.9 39.6522 17 -31.9 40 16.6705 -31.9 40.0072 16.6611 -31.9 40.411 16.1 -31.9 40.4787 16 -31.9 40.4928 15.9 -31.9 40.73 15 -31.9 40.8436 14 -31.9 40.8479 13.8736 -31.9 40.9471 13 -31.9 41.0182 12.1 -31.9 41.0173 11.9 -31.9 41.0023 11 -31.9 40.8088 10.0967 -31.9 40.7922 10 -31.9 40.7675 9.9 -31.9 40.4776 9 -31.9 40.4492 8.9 -31.9 40.0157 8 -31.9 40 7.979 -31.9 39.9207 7.9 -31.9 39.1276 7 -31.9 39.0875 6.968 -31.9 39 6.88213 -31.9 38.1 6.64284 -31.9 38 6.6146 -31.9 37.1 6.43389 -31.9 
22 28 0 -31
2 25 32 
1
57
22 7.45246 -31 22.4524 7 -31 23 6.61096 -31 25 6.51051 -31 26 6.52922 -31 27 6.56645 -31 27.65 7 -31 28 7.34998 -31 29 7.17568 -31 29.0958 7.14096 -31 29 7.30994 -31 28 7.65044 -31 27 7.34964 -31 26 7.16296 -31 25 7.17113 -31 24 7.45486 -31 22 7.8784 -31 21.6792 8 -31 21 8.28907 -31 20 8.88139 -31 19.835 9 -31 19 9.88049 -31 18.1018 11 -31 17 12.6181 -31 16.7583 13 -31 16.2974 14 -31 16.0554 15 -31 16 15.1753 -31 15 15.7984 -31 14.5612 15 -31 14 14.4962 -31 12.5079 13 -31 12 12.5299 -31 11 12.4675 -31 10.5325 12 -31 10.3513 11 -31 10.2674 10 -31 11 10.7326 -31 11.3247 11 -31 12 11.6753 -31 13 11.7048 -31 13.3153 12 -31 13.3898 13 -31 14 13.6102 -31 15 13.5843 -31 15.5843 13 -31 16 12.5034 -31 16.5034 12 -31 17 11.4411 -31 17.4411 11 -31 18 10.3905 -31 18.3905 10 -31 19 9.33463 -31 19.3346 9 -31 20 8.42481 -31 20.4248 8 -31 21 7.51928 -31 
22 29 0 -31
1 26 
1
8
34 5.48621 -31 35 5.52825 -31 35.7074 6 -31 36 6.29257 -31 35 6.17567 -31 34.0587 6 -31 34 5.98616 -31 33.5281 5.77659 -31 
22 30 0 -31
1 27 
1
6
39.7195 7 -31 40 7.59487 -31 39.4009 7 -31 39 6.68003 -31 38 6.3976 -31 39 6.35665 -31 
22 31 0 -31
2 27 33 
1
164
40.3037 8 -31 40.7124 9 -31 41 9.28757 -31 42 9.58025 -31 43 9.70248 -31 44 9.76957 -31 45 9.81198 -31 45.1642 10 -31 46 10.8358 -31 46.1433 11 -31 46.143 12 -31 47 12.857 -31 47.1253 13 -31 47.1254 14 -31 47 14.1427 -31 46 14.1662 -31 45.1662 15 -31 45 15.1948 -31 44 15.2407 -31 43 15.3149 -31 42.3149 16 -31 43 16.6851 -31 43.2337 17 -31 44 17.7663 -31 44.2029 18 -31 44.2059 19 -31 45 19.7941 -31 45.1844 20 -31 45.1824 21 -31 46 21.8176 -31 46.1651 22 -31 47 22.8349 -31 47.149 23 -31 47.143 24 -31 48 24.857 -31 48.1286 25 -31 48.1228 26 -31 47.1206 27 -31 47 27.115 -31 42 27.1355 -31 41.8531 27 -31 41.8423 26 -31 41 25.1577 -31 40.8288 25 -31 40.8132 24 -31 40 23.1868 -31 39.799 23 -31 39.776 22 -31 39 21.224 -31 38.7619 21 -31 38.6896 20 -31 38 19.3104 -31 37.5553 19 -31 37 18.4447 -31 36 18.5579 -31 35.5579 19 -31 35 19.4678 -31 34.4678 20 -31 34 20.6816 -31 33.6816 21 -31 33.5329 24 -31 33.5762 25 -31 34 25.4238 -31 34.4133 26 -31 34.6503 30 -31 34.6333 31 -31 34.6404 32 -31 34.6216 33 -31 34 33.861 -31 33.861 34 -31 33.6136 35 -31 33 35.7919 -31 32.7919 36 -31 32 36.818 -31 31.818 37 -31 31.5094 38 -31 31 38.4839 -31 30 38.6333 -31 29.6333 39 -31 29 39.5003 -31 28.5003 40 -31 28 40.4238 -31 27 40.5357 -31 26.5357 41 -31 26 41.4489 -31 25 41.5393 -31 23 41.596 -31 21 41.5872 -31 20 41.6077 -31 19.6077 42 -31 19.5679 43 -31 19.4759 44 -31 19 44.4854 -31 18 44.5698 -31 17 44.6896 -31 16 44.7819 -31 15 44.6389 -31 14 44.5143 -31 13.3704 44 -31 13 43.6296 -31 12.4253 43 -31 12 42.5747 -31 11.5451 42 -31 11.4461 41 -31 11 40.5539 -31 10.5539 41 -31 10.708 40 -31 10.981 39 -31 11 38.9506 -31 12.4094 42 -31 12.8908 43 -31 13 43.1336 -31 14 43.6311 -31 15 44.1486 -31 16 44.6013 -31 17 44.493 -31 18 44.2022 -31 18.453 44 -31 19 43.4106 -31 19.1747 43 -31 19.2995 42 -31 20 41.2656 -31 21 41.2593 -31 23 41.2858 -31 24 41.249 -31 25 41.0978 -31 25.1986 41 -31 26 40.5621 -31 29 38.8493 -31 30 38.3371 -31 30.4745 38 -31 32 36.6995 -31 32.6634 36 -31 33 35.4912 -31 33.2872 35 -31 33.8173 34 -31 34 33.5856 -31 34.2725 33 -31 34.3505 32 -31 34.3303 31 -31 34.4015 30 -31 34.1937 29 -31 32.943 24 -31 33.1896 23 -31 33.4565 21 -31 33.5658 20 -31 34 19.173 -31 34.1938 19 -31 35 18.6308 -31 36 18.0463 -31 36.1244 18 -31 37 17.7232 -31 38 17.7115 -31 39 17.6208 -31 40 17.0662 -31 40.0719 17 -31 40.7489 16 -31 40.8898 15 -31 41.0033 14 -31 41.0156 13 -31 41.0068 11 -31 41 10.9673 -31 40.8344 10 -31 40.5876 9 -31 
23 32 0 -30.1
3 28 34 35 
1
95
21.9 7.37127 -30.1 22 7.36458 -30.1 22.3646 7 -30.1 23 6.55483 -30.1 23.9 6.49811 -30.1 25 6.44026 -30.1 25.9 6.4885 -30.1 26 6.49038 -30.1 27 6.53401 -30.1 27.065 6.57736 -30.1 27.7372 7 -30.1 28 7.26275 -30.1 28.9 7.17344 -30.1 29 7.15601 -30.1 29.0214 7.14808 -30.1 29 7.16944 -30.1 28.9 7.20349 -30.1 28 7.38003 -30.1 27.9 7.34995 -30.1 27 7.16003 -30.1 26.9 7.14136 -30.1 26.0166 7 -30.1 26 6.99686 -30.1 25.8257 6.98216 -30.1 25 6.82512 -30.1 24.3488 7 -30.1 24 7.101 -30.1 23.9 7.12245 -30.1 23 7.28832 -30.1 22.9 7.30922 -30.1 22 7.61399 -30.1 21.134 7.98784 -30.1 21.1019 8 -30.1 21.034 8.02891 -30.1 21 8.04541 -30.1 19.4084 8.98814 -30.1 19.3919 9 -30.1 19.3084 9.08805 -30.1 19 9.32285 -30.1 18.3884 9.98805 -30.1 17.5734 11 -30.1 17.5632 11.0147 -30.1 17.1 11.5992 -30.1 17.0414 11.6845 -30.1 16.7939 12 -30.1 16.7525 12.0618 -30.1 16.7283 12.1 -30.1 16.2738 13 -30.1 16.2277 13.1 -30.1 16 14.0544 -30.1 15.792 15 -30.1 15.7864 15.0175 -30.1 15.1 15.7806 -30.1 15 15.8429 -30.1 14.9561 15.7631 -30.1 14.5806 15 -30.1 14.0561 14.5662 -30.1 14 14.5158 -30.1 13.4842 14 -30.1 13.0504 13.5381 -30.1 12.0508 12.5318 -30.1 12 12.4848 -30.1 11.9 12.4786 -30.1 11 12.3836 -30.1 10.6164 12 -30.1 10.4336 11.1 -30.1 10.4155 11 -30.1 10.321 10.1 -30.1 10.3126 10 -30.1 11 10.6874 -30.1 11.0325 10.7142 -30.1 11.3682 11 -30.1 12 11.6318 -30.1 13 11.671 -30.1 13.0315 11.7005 -30.1 13.3343 12 -30.1 13.4005 13 -30.1 14 13.5995 -30.1 14.9 13.5384 -30.1 15 13.5358 -30.1 15.5358 13 -30.1 15.5774 12.9503 -30.1 16 12.3581 -30.1 16.3581 12 -30.1 17 11.2848 -30.1 17.2848 11 -30.1 18 10.2056 -30.1 18.2056 10 -30.1 18.2666 9.93346 -30.1 19 9.16429 -30.1 19.1643 9 -30.1 19.2309 8.94248 -30.1 20 8.34713 -30.1 20.3471 8 -30.1 21 7.46631 -30.1 
23 33 0 -30.1
5 31 36 37 38 39 
1
275
42 9.57947 -30.1 43 9.70208 -30.1 44 9.76934 -30.1 45 9.81182 -30.1 45.1643 10 -30.1 46 10.8357 -30.1 46.1434 11 -30.1 46.1431 12 -30.1 47 12.8569 -30.1 47.125 13 -30.1 47.1252 14 -30.1 47 14.1432 -30.1 46 14.1672 -30.1 45.1672 15 -30.1 45.1506 15.0195 -30.1 45 15.2014 -30.1 44 15.2495 -30.1 43 15.3312 -30.1 42.3312 16 -30.1 43 16.6688 -30.1 43.0234 16.7003 -30.1 43.2623 17 -30.1 44 17.7377 -30.1 44.2323 18 -30.1 44.2418 19 -30.1 45 19.7582 -30.1 45.2134 20 -30.1 45.2134 21 -30.1 46 21.7866 -30.1 46.19 22 -30.1 47 22.81 -30.1 47.0149 22.8265 -30.1 47.1671 23 -30.1 47.1602 24 -30.1 48 24.8398 -30.1 48.1423 25 -30.1 48.1354 26 -30.1 47.1325 27 -30.1 47 27.1251 -30.1 42 27.1518 -30.1 41.8334 27 -30.1 41.8194 26 -30.1 41 25.1807 -30.1 40.802 25 -30.1 40.7805 24 -30.1 40 23.2195 -30.1 39.7634 23 -30.1 39.7305 22 -30.1 39 21.2694 -30.1 38.9762 21.247 -30.1 38.7217 21 -30.1 38.6776 20.1 -30.1 38.6703 20 -30.1 38 19.3298 -30.1 37.9555 19.2987 -30.1 37.5068 19 -30.1 37 18.4932 -30.1 36.9 18.5045 -30.1 36 18.6479 -30.1 35.6479 19 -30.1 35.5921 19.0468 -30.1 35 19.5277 -30.1 34.1161 19.9468 -30.1 34.0629 20 -30.1 34.0161 20.0682 -30.1 34 20.1446 -30.1 33.8681 20.9682 -30.1 33.8363 21 -30.1 33.8314 21.1 -30.1 33.7254 22 -30.1 33.7212 22.1 -30.1 33.6409 23 -30.1 33.6352 23.1 -30.1 33.6082 24 -30.1 33.6126 24.1 -30.1 33.7034 25 -30.1 34 25.2966 -30.1 34.0413 25.3542 -30.1 34.4746 26 -30.1 34.4789 26.1 -30.1 34.5376 27.1 -30.1 34.6128 28.1 -30.1 34.7037 29 -30.1 34.7111 29.1 -30.1 34.8359 30 -30.1 34.8342 30.1 -30.1 34.8009 31 -30.1 34.8016 31.1 -30.1 34.7211 32 -30.1 34.7192 32.1 -30.1 34.6192 33 -30.1 34 33.8686 -30.1 33.8686 34 -30.1 33.6175 35 -30.1 33 35.7922 -30.1 32.7922 36 -30.1 32.713 36.0818 -30.1 32 36.9281 -30.1 31.9281 37 -30.1 31.8972 37.1 -30.1 31.5656 38 -30.1 31 38.5341 -30.1 30.9 38.5491 -30.1 30 38.7119 -30.1 29.7119 39 -30.1 29.6485 39.05 -30.1 29 39.5462 -30.1 28.5462 40 -30.1 28 40.453 -30.1 27.9 40.4641 -30.1 27 40.5832 -30.1 26.5832 41 -30.1 26.5296 41.0449 -30.1 26 41.475 -30.1 25 41.5636 -30.1 24 41.6062 -30.1 23.9 41.6084 -30.1 23 41.6461 -30.1 22.9 41.6457 -30.1 22 41.6889 -30.1 21.9 41.6884 -30.1 20.9 41.7088 -30.1 20 41.7665 -30.1 19.7665 42 -30.1 19.7625 42.1 -30.1 19.6363 43 -30.1 19.6271 43.1 -30.1 19.4883 44 -30.1 19 44.5089 -30.1 18 44.6025 -30.1 17.9 44.6144 -30.1 17 44.7382 -30.1 16.9 44.7474 -30.1 16 44.8009 -30.1 15.9 44.7866 -30.1 15 44.6925 -30.1 14.9 44.6801 -30.1 14 44.5392 -30.1 13.937 44.4878 -30.1 13.2695 44 -30.1 13 43.7305 -30.1 12.3408 43 -30.1 12.0425 42.1014 -30.1 12 42.0589 -30.1 11.9545 42.0014 -30.1 11.9537 42 -30.1 11.3369 41.1 -30.1 11.327 41 -30.1 11 40.673 -30.1 10.673 41 -30.1 10.9009 40.1 -30.1 10.9164 40 -30.1 10.9437 39.9 -30.1 11 39.7476 -30.1 11.9938 41.9 -30.1 12.0401 42 -30.1 12.5669 42.9 -30.1 12.615 43 -30.1 13 43.4661 -30.1 13.1 43.5158 -30.1 13.9172 44 -30.1 14 44.0376 -30.1 14.0713 44.0645 -30.1 14.1 44.0794 -30.1 15 44.4882 -30.1 15.9 44.6797 -30.1 16 44.725 -30.1 17 44.6213 -30.1 17.9 44.3314 -30.1 18 44.3023 -30.1 18.5699 44.0202 -30.1 18.6152 44 -30.1 18.6699 43.9411 -30.1 19 43.6249 -30.1 19.3281 43.0411 -30.1 19.3456 43 -30.1 19.6486 42.1 -30.1 19.6611 42 -30.1 19.7312 41.9266 -30.1 20 41.6255 -30.1 20.9 41.5579 -30.1 21 41.5573 -30.1 21.9 41.5354 -30.1 22 41.5367 -30.1 22.9 41.4409 -30.1 23 41.4422 -30.1 23.9 41.3464 -30.1 24 41.3427 -30.1 24.9 41.1927 -30.1 25 41.1776 -30.1 25.4138 41.0098 -30.1 25.4337 41 -30.1 25.5138 40.9562 -30.1 26 40.7388 -30.1 28 39.5841 -30.1 28.9 39.1023 -30.1 29 39.0465 -30.1 29.1202 38.9849 -30.1 29.9 38.7335 -30.1 30 38.6823 -30.1 30.8095 38.0337 -30.1 30.8569 38 -30.1 30.9095 37.956 -30.1 31 37.8654 -30.1 31.8463 37.056 -30.1 31.9463 36.97 -30.1 32 36.9162 -30.1 32.713 36.07 -30.1 32.7793 36 -30.1 32.813 35.9491 -30.1 33 35.7621 -30.1 33.5561 35.0491 -30.1 33.5848 35 -30.1 33.7758 34.1 -30.1 33.8288 34 -30.1 33.8471 33.9586 -30.1 34 33.6665 -30.1 34.3029 33.0586 -30.1 34.3302 33 -30.1 34.5906 32.1 -30.1 34.5984 32 -30.1 34.7344 31.1 -30.1 34.7324 31 -30.1 34.7681 30.1 -30.1 34.7752 30 -30.1 34.552 29.1 -30.1 34.5312 29 -30.1 33.2805 24 -30.1 33.3052 23.9 -30.1 33.4078 23 -30.1 33.5887 22.1 -30.1 33.602 22 -30.1 33.7744 21.1 -30.1 33.7878 21 -30.1 33.7987 20.9 -30.1 33.9742 20 -30.1 34 19.9509 -30.1 34.0161 19.9173 -30.1 34.0355 19.9 -30.1 34.8322 19 -30.1 34.9128 18.9631 -30.1 35 18.9331 -30.1 36 18.3413 -30.1 36.7501 18.0046 -30.1 36.7625 18 -30.1 36.8501 17.9723 -30.1 37 17.9152 -30.1 37.9 17.9195 -30.1 38 17.9183 -30.1 38.9 17.886 -30.1 39 17.8769 -30.1 39.9 17.3521 -30.1 40 17.2967 -30.1 40.3672 17.0066 -30.1 40.3744 17 -30.1 40.8654 16.1 -30.1 40.9331 16 -30.1 40.9472 15.9 -30.1 41.0103 15 -30.1 41.0214 14.9 -30.1 41.0023 13.1 -30.1 41.0035 13 -30.1 41.4538 12.1 -30.1 41.4562 11 -30.1 41.0007 10.246 -30.1 41 10.2427 -30.1 40.9834 10.146 -30.1 40.8375 10 -30.1 40.8251 9.89935 -30.1 40.8253 9.9 -30.1 40.9378 10 -30.1 41 10.0622 -30.1 41.0622 10 -30.1 41.146 9.92876 -30.1 41.9 9.5502 -30.1 
24 34 0 -29.2
2 32 41 
1
78
22 7.28192 -29.2 21.2 7.78261 -29.2 21 7.86952 -29.2 20.8204 8 -29.2 20.8151 8.00367 -29.2 20.2 8.25136 -29.2 20 8.36983 -29.2 19.349 8.92213 -29.2 19.2176 9 -29.2 19.149 9.05218 -29.2 19 9.20123 -29.2 18.3798 9.85218 -29.2 18.2439 10 -29.2 18.1798 10.0795 -29.2 18 10.4328 -29.2 17.5998 10.8795 -29.2 17.3998 11.1299 -29.2 16.681 11.9299 -29.2 16.626 12 -29.2 16.525 12.2 -29.2 16.0508 13 -29.2 16.0068 13.1843 -29.2 15.784 14.2 -29.2 15.5611 15 -29.2 15.4086 15.1696 -29.2 15 15.5904 -29.2 14.9165 15.4208 -29.2 14.6737 15 -29.2 14.1165 14.5139 -29.2 14 14.4175 -29.2 13.5825 14 -29.2 13.0964 13.365 -29.2 13 13.2623 -29.2 12.7377 13 -29.2 12.1026 12.4098 -29.2 12 12.3057 -29.2 11.8 12.2846 -29.2 11 12.1051 -29.2 10.8949 12 -29.2 10.5681 11.2 -29.2 10.5275 11 -29.2 10.3954 10.2 -29.2 10.3744 10 -29.2 11 10.6256 -29.2 11.0746 10.6891 -29.2 11.4516 11 -29.2 12 11.5484 -29.2 12.8 11.5972 -29.2 13 11.6053 -29.2 13.0673 11.6718 -29.2 13.4165 12 -29.2 13.4295 12.2 -29.2 13.4955 13 -29.2 14 13.5045 -29.2 14.8 13.5155 -29.2 15 13.5019 -29.2 15.5019 13 -29.2 16 12.3121 -29.2 16.481 12.0684 -29.2 16.5494 12 -29.2 17 11.4997 -29.2 17.2145 11.0535 -29.2 17.268 11 -29.2 17.4145 10.837 -29.2 18 10.2169 -29.2 18.2169 10 -29.2 19 9.17813 -29.2 19.1781 9 -29.2 19.349 8.8677 -29.2 20 8.3154 -29.2 20.6151 8.0677 -29.2 20.6828 8 -29.2 20.8151 7.89209 -29.2 21 7.75777 -29.2 21.8 7.25709 -29.2 22 7.23596 -29.2 22.2179 7.19634 -29.2 22.2 7.2142 -29.2 
24 35 0 -29.2
1 32 
1
24
24.8 6.6083 -29.2 25 6.59767 -29.2 25.8 6.72156 -29.2 26 6.73228 -29.2 26.8 6.88421 -29.2 27 6.89308 -29.2 27.1494 6.987 -29.2 27.1988 7 -29.2 27.9494 7.15415 -29.2 28 7.20476 -29.2 28.8 7.2325 -29.2 29 7.21265 -29.2 28.8 7.25188 -29.2 28 7.22415 -29.2 27 7.01697 -29.2 26.8919 7 -29.2 25.8 6.79271 -29.2 25 6.66882 -29.2 24.2 6.78098 -29.2 24 6.83504 -29.2 23.7347 6.83775 -29.2 23.5689 6.79024 -29.2 23.8 6.73306 -29.2 24 6.72046 -29.2 
24 36 0 -29.2
2 33 40 
1
84
43 9.70169 -29.2 44 9.7691 -29.2 45 9.81166 -29.2 45.1644 10 -29.2 46 10.8356 -29.2 46.1435 11 -29.2 46.1431 12 -29.2 47 12.8569 -29.2 47.1249 13 -29.2 47.1276 14 -29.2 47.1026 14.0287 -29.2 47 14.1507 -29.2 46 14.1727 -29.2 45.1727 15 -29.2 45.1392 15.0404 -29.2 45 15.2171 -29.2 44 15.2652 -29.2 43 15.3416 -29.2 42.3416 16 -29.2 43 16.6584 -29.2 43.0531 16.725 -29.2 43.2949 17 -29.2 44 17.7051 -29.2 44.263 18 -29.2 44.2651 18.2 -29.2 44.2863 19 -29.2 45 19.7137 -29.2 45.2495 20 -29.2 45.2553 21 -29.2 46 21.7447 -29.2 46.0386 21.7881 -29.2 46.2216 22 -29.2 47 22.7784 -29.2 47.19 23 -29.2 47.182 24 -29.2 48 24.818 -29.2 48.1592 25 -29.2 48.1508 26 -29.2 47.1468 27 -29.2 47 27.1368 -29.2 42 27.1711 -29.2 41.8077 27 -29.2 41.7886 26 -29.2 41 25.2114 -29.2 40.7656 25 -29.2 40.7342 24 -29.2 40 23.2658 -29.2 39.7156 23 -29.2 39.6735 22.2 -29.2 39.6667 22 -29.2 39 21.3333 -29.2 38.6571 21 -29.2 38.5927 20.2 -29.2 38.5829 20 -29.2 38 19.4171 -29.2 37.9003 19.3507 -29.2 37.4387 19 -29.2 37 18.5613 -29.2 36.8 18.5932 -29.2 36 18.7728 -29.2 35.8779 18.7883 -29.2 36 18.716 -29.2 36.8 18.2079 -29.2 37 18.119 -29.2 38.2942 18.116 -29.2 39 18.2501 -29.2 39.7808 18 -29.2 39.8559 17.9864 -29.2 40 17.9023 -29.2 40.8091 17.0615 -29.2 40.887 17 -29.2 41 16.3725 -29.2 41.0022 16.359 -29.2 41.0074 16 -29.2 41.0212 15.8 -29.2 41.0127 15 -29.2 41.4046 14.2 -29.2 41.3993 13 -29.2 41.4029 12.2 -29.2 41.503 12 -29.2 41.5068 11 -29.2 41 10.1594 -29.2 41.1594 10 -29.2 42 9.57934 -29.2 
24 37 0 -29.2
2 33 42 
1
50
33.8718 20.9405 -29.2 33.8662 21 -29.2 33.8427 21.2 -29.2 33.6771 23 -29.2 33.6711 23.2 -29.2 33.7685 24.2 -29.2 33.9041 25 -29.2 34 25.0959 -29.2 34.0963 25.2394 -29.2 34.5309 26 -29.2 34.5875 27 -29.2 34.6578 28 -29.2 34.678 28.2 -29.2 34.7473 29 -29.2 34.7751 29.2 -29.2 34.8383 30 -29.2 34.8309 30.2 -29.2 34.8385 31 -29.2 34.7452 32 -29.2 34.723 32.2 -29.2 34.6023 33 -29.2 34.4786 33.1739 -29.2 34 33.8764 -29.2 33.8764 34 -29.2 33.8261 34.2 -29.2 33.8685 34 -29.2 33.9025 33.9351 -29.2 34 33.8376 -29.2 34.4786 33.1351 -29.2 34.5459 33 -29.2 34.6665 32.2 -29.2 34.7244 32 -29.2 34.7998 31.2 -29.2 34.8301 31 -29.2 34.8225 30.2 -29.2 34.8304 30 -29.2 34.7671 29.2 -29.2 34.4601 28 -29.2 34.3206 27.2 -29.2 34.2706 27 -29.2 34.131 26.2 -29.2 34.0836 26 -29.2 34 25.5801 -29.2 33.9637 25.4113 -29.2 33.9242 25.2 -29.2 33.618 24 -29.2 33.6114 23.2 -29.2 33.7149 22.2 -29.2 33.7551 22 -29.2 33.8221 21.2 -29.2 
24 38 0 -29.2
1 33 
1
18
12.1169 42.2114 -29.2 12.399 43 -29.2 12.9169 43.5798 -29.2 13 43.6804 -29.2 13.1684 43.7798 -29.2 13.84 44 -29.2 13.9684 44.0638 -29.2 14 44.0782 -29.2 14.8 44.5723 -29.2 15 44.6631 -29.2 15.1635 44.6556 -29.2 15 44.6976 -29.2 14 44.5437 -29.2 13.2719 44 -29.2 13 43.7281 -29.2 12.3484 43 -29.2 12.0663 42.2114 -29.2 12 42.0118 -29.2 
24 39 0 -29.2
2 33 43 
1
60
19.6644 43 -29.2 19.5015 44 -29.2 19 44.5348 -29.2 18 44.6391 -29.2 17 44.7678 -29.2 16.8 44.7796 -29.2 16.7391 44.7593 -29.2 16.8 44.7668 -29.2 17 44.7462 -29.2 17.8 44.645 -29.2 18 44.5806 -29.2 18.7191 44.0627 -29.2 18.8458 44 -29.2 18.9191 43.9297 -29.2 19 43.8489 -29.2 19.5356 43.1297 -29.2 19.6085 43 -29.2 19.9336 42 -29.2 19.9934 41.9331 -29.2 20 41.9265 -29.2 20.8 41.7884 -29.2 21.8 41.7214 -29.2 22 41.7165 -29.2 22.8 41.6721 -29.2 23 41.6508 -29.2 23.8 41.6125 -29.2 24 41.5912 -29.2 24.8 41.546 -29.2 25 41.5127 -29.2 25.7491 41.0373 -29.2 25.8411 41 -29.2 25.9491 40.9517 -29.2 26 40.8901 -29.2 26.8 40.4535 -29.2 27.7228 39.9207 -29.2 28 39.804 -29.2 28.8 39.3508 -29.2 29 39.2438 -29.2 29.4759 39 -29.2 29.6492 38.9441 -29.2 30 38.8129 -29.2 29.8129 39 -29.2 29.6688 39.1103 -29.2 29 39.6034 -29.2 28.6034 40 -29.2 28.4931 40.0912 -29.2 28 40.4864 -29.2 27.8 40.5128 -29.2 27 40.64 -29.2 26.64 41 -29.2 26.5223 41.0956 -29.2 26 41.4937 -29.2 25 41.5886 -29.2 24 41.6425 -29.2 22 41.7432 -29.2 21.8 41.7473 -29.2 20.8 41.8121 -29.2 20 41.9502 -29.2 19.9502 42 -29.2 19.9221 42.2 -29.2 
25 40 0 -28.3
2 36 44 
1
87
42 9.59677 -28.3 42.7 9.66801 -28.3 43 9.70469 -28.3 44 9.76953 -28.3 45 9.8116 -28.3 45.1645 10 -28.3 46 10.8355 -28.3 46.1439 11 -28.3 46.1434 12 -28.3 47 12.8567 -28.3 47.1273 13 -28.3 47.1337 14 -28.3 47 14.1593 -28.3 46 14.183 -28.3 45.183 15 -28.3 45 15.2367 -28.3 44 15.2929 -28.3 43.7 15.3153 -28.3 43 15.3843 -28.3 42.3843 16 -28.3 43 16.6157 -28.3 43.3331 17 -28.3 44 17.6669 -28.3 44.294 18 -28.3 44.302 18.3 -28.3 44.3325 19 -28.3 45 19.6675 -28.3 45.2907 20 -28.3 45.2928 20.3 -28.3 45.3119 21 -28.3 46 21.6881 -28.3 46.0686 21.7675 -28.3 46.2614 22 -28.3 47 22.7386 -28.3 47.2193 23 -28.3 47.2106 24 -28.3 48 24.7894 -28.3 48.1807 25 -28.3 48.1702 26 -28.3 48 26.1646 -28.3 47.1646 27 -28.3 47 27.1507 -28.3 42 27.1938 -28.3 41.9405 27.1412 -28.3 41.773 27 -28.3 41.745 26 -28.3 41 25.255 -28.3 40.7139 25 -28.3 40.6745 24.3 -28.3 40.6643 24 -28.3 40 23.3356 -28.3 39.6467 23 -28.3 39.583 22.3 -28.3 39.5672 22 -28.3 38.5515 21 -28.3 38.438 20.3 -28.3 38.4138 20 -28.3 38 19.5862 -28.3 37.8269 19.4547 -28.3 37.3593 19 -28.3 37.1269 18.6015 -28.3 37 18.4746 -28.3 36.7 18.5419 -28.3 37 18.3514 -28.3 37.7 18.713 -28.3 38 18.7124 -28.3 38.3 18.7694 -28.3 39 19.3575 -28.3 39.5144 19.5144 -28.3 40 19.4925 -28.3 40.6413 19.3587 -28.3 40.7402 19.3031 -28.3 41 19.1638 -28.3 41.4037 19 -28.3 41.6841 18.6841 -28.3 41.8118 18 -28.3 41.5819 17.7994 -28.3 41.7018 17.4587 -28.3 41.1129 16.3 -28.3 41.1172 16 -28.3 41.3556 15.3 -28.3 41.3506 14.3 -28.3 41.4975 14 -28.3 41.5076 11 -28.3 41 10.1582 -28.3 41.1582 10 -28.3 41.4106 9.8738 -28.3 
25 41 0 -28.3
2 34 45 
1
42
11 10.5359 -28.3 11.1414 10.6524 -28.3 11.5892 11 -28.3 11.8414 11.5142 -28.3 12 11.6729 -28.3 12.7 11.4934 -28.3 13 11.5117 -28.3 13.5204 12 -28.3 13.5452 12.3 -28.3 13.6212 13 -28.3 14 13.3788 -28.3 14.3 13.3829 -28.3 14.7576 13.8388 -28.3 14.904 14 -28.3 15 14.096 -28.3 15.096 14 -28.3 15.2424 13.7787 -28.3 15.3107 13.6893 -28.3 15.573 13.3592 -28.3 15.514 14 -28.3 15.4304 14.3 -28.3 15.1683 15 -28.3 15.0151 15.1578 -28.3 15 15.1729 -28.3 14.9089 15.0151 -28.3 14.8938 15 -28.3 14.2089 14.4275 -28.3 14 14.2453 -28.3 13.7547 14 -28.3 13.473 13.3 -28.3 13.2002 13 -28.3 13 12.6332 -28.3 12.9381 12.4675 -28.3 12.6889 12.3 -28.3 12.4507 12.0787 -28.3 12.1134 12 -28.3 11 11.5411 -28.3 10.9887 11.5257 -28.3 10.8499 11.3 -28.3 10.7274 11 -28.3 10.5137 10.3 -28.3 10.4641 10 -28.3 
25 42 0 -28.3
1 37 
1
11
34 25.0256 -28.3 34.5457 26 -28.3 34.6717 28 -28.3 34.6977 28.3 -28.3 34.62 28 -28.3 34.5711 27.3 -28.3 34.5188 27 -28.3 34.2074 26.3 -28.3 34.044 25.3637 -28.3 33.9852 25.0637 -28.3 33.9744 25 -28.3 
25 43 0 -28.3
1 39 
1
29
26.0277 40.9769 -28.3 26.7 40.7901 -28.3 27 40.6264 -28.3 27.7 40.1265 -28.3 27.9196 40 -28.3 28 39.9662 -28.3 28.026 39.9562 -28.3 28.7 39.7455 -28.3 29 39.5755 -28.3 29.6967 39.0863 -28.3 29.8652 39 -28.3 29.9967 38.9508 -28.3 29.9475 39 -28.3 29.6967 39.1849 -28.3 29 39.6741 -28.3 28.326 39.8849 -28.3 28.2109 40 -28.3 28.026 40.1482 -28.3 28 40.1615 -28.3 27.7 40.2092 -28.3 27 40.709 -28.3 26.3277 40.8959 -28.3 26.2236 41 -28.3 26.0277 41.1493 -28.3 26 41.1605 -28.3 25.7 41.1895 -28.3 25.8548 41.0863 -28.3 25.9908 41 -28.3 26 40.9888 -28.3 
26 44 0 -27.4
2 40 46 
1
105
42 9.63012 -27.4 42.6 9.67401 -27.4 43 9.71471 -27.4 44 9.77286 -27.4 45 9.81161 -27.4 45.0658 9.88697 -27.4 45.1696 10 -27.4 46 10.8304 -27.4 46.1502 11 -27.4 46.1499 12 -27.4 47 12.8502 -27.4 47.0514 12.9075 -27.4 47.1315 13 -27.4 47.1404 14 -27.4 47 14.1699 -27.4 46 14.197 -27.4 45.197 15 -27.4 45 15.2587 -27.4 44.6 15.2826 -27.4 44 15.3279 -27.4 43.6 15.3673 -27.4 43 15.4496 -27.4 42.4496 16 -27.4 43 16.5504 -27.4 43.1385 16.711 -27.4 43.3804 17 -27.4 44 17.6196 -27.4 44.3298 18 -27.4 44.3472 18.4 -27.4 44.3831 19 -27.4 45 19.6169 -27.4 45.3314 20 -27.4 45.3424 20.4 -27.4 45.3787 21 -27.4 46 21.6213 -27.4 46.3125 22 -27.4 47 22.6875 -27.4 47.2573 23 -27.4 47.2494 24 -27.4 48 24.7506 -27.4 48.0753 24.8389 -27.4 48.2086 25 -27.4 48.1953 26 -27.4 48 26.1869 -27.4 47.1869 27 -27.4 47.1186 27.0622 -27.4 47 27.167 -27.4 42 27.2222 -27.4 41.9043 27.1415 -27.4 41.7281 27 -27.4 41.691 26.4 -27.4 41.6784 26 -27.4 41 25.3216 -27.4 40.6376 25 -27.4 40.5755 24.4 -27.4 40.553 24 -27.4 40 23.447 -27.4 39.5336 23 -27.4 39.4172 22.4 -27.4 39.3808 22 -27.4 39 21.6192 -27.4 38.8051 21.4315 -27.4 38.4098 21 -27.4 38.2572 20.4 -27.4 38.1923 20 -27.4 38.1402 19.8628 -27.4 37.7328 19.4628 -27.4 37.5166 19 -27.4 37.3422 18.7315 -27.4 37.4 18.7614 -27.4 37.434 18.7948 -27.4 37.796 19 -27.4 38 19.4366 -27.4 38.0737 19.5661 -27.4 38.1032 19.6 -27.4 38.5367 20 -27.4 39 20.6596 -27.4 39.5056 21 -27.4 40 21.3986 -27.4 40.4941 21 -27.4 41 20.4604 -27.4 41.4552 20.5448 -27.4 41.7325 20.4135 -27.4 42 20.2562 -27.4 42.805 20.1208 -27.4 43 20.1403 -27.4 43.1289 20 -27.4 43 19.1682 -27.4 42.935 19.065 -27.4 42.9684 19.0107 -27.4 42.9769 19 -27.4 42.7076 18.7605 -27.4 42.5243 18.4 -27.4 42.4868 18 -27.4 41.8668 16.7802 -27.4 41.7427 16.4 -27.4 41.5394 16 -27.4 41.4222 15.4 -27.4 41.5584 15 -27.4 41.4969 14.4 -27.4 41.5084 11 -27.4 41.2032 10.6007 -27.4 41 10.2639 -27.4 41.2639 10 -27.4 41.6007 9.8417 -27.4 
26 45 0 -27.4
1 41 
1
20
13.5523 13 -27.4 13.866 13.5597 -27.4 14 13.6937 -27.4 14.2789 14 -27.4 14.8416 14.1952 -27.4 15 14.3536 -27.4 15.2697 14.2244 -27.4 15.2039 14.4 -27.4 15.1876 14.4235 -27.4 15 14.7472 -27.4 14.9914 14.737 -27.4 14.4287 14.4 -27.4 14.0373 14.0729 -27.4 14 14.0572 -27.4 13.9428 14 -27.4 13.9271 13.9597 -27.4 13.6134 13.4 -27.4 13.4524 13 -27.4 13.4722 12.5457 -27.4 13.5089 12.6 -27.4 
27 46 0 -26.5
3 44 47 48 
1
113
42.5 9.68123 -26.5 43 9.7178 -26.5 44 9.76773 -26.5 45 9.80484 -26.5 45.1793 10 -26.5 46 10.8207 -26.5 46.16 11 -26.5 46.1603 12 -26.5 47 12.8398 -26.5 47.1381 13 -26.5 47.1461 14 -26.5 47 14.1806 -26.5 46 14.2116 -26.5 45.2117 15 -26.5 45.1097 15.1344 -26.5 45 15.2875 -26.5 44.5 15.3253 -26.5 44 15.3755 -26.5 43.5 15.4441 -26.5 43 15.5428 -26.5 42.5916 15.7408 -26.5 42.3324 16 -26.5 42.7408 16.198 -26.5 43 16.4572 -26.5 43.2016 16.698 -26.5 43.4422 17 -26.5 44 17.5578 -26.5 44.1734 17.7594 -26.5 44.3732 18 -26.5 44.4031 18.5 -26.5 44.4421 19 -26.5 45 19.5579 -26.5 45.3748 20 -26.5 45.405 20.5 -26.5 45.446 21 -26.5 46 21.554 -26.5 46.3704 22 -26.5 47 22.6295 -26.5 47.3058 23 -26.5 47.3045 24 -26.5 48 24.6955 -26.5 48.1111 24.8298 -26.5 48.2463 25 -26.5 48.2285 26 -26.5 48 26.215 -26.5 47.215 27 -26.5 47.1161 27.0873 -26.5 47 27.1861 -26.5 46 27.1815 -26.5 42 27.2593 -26.5 41.6727 27 -26.5 41.6026 26.5 -26.5 41.5716 26 -26.5 41 25.4284 -26.5 40.522 25 -26.5 40.3997 24.5 -26.5 40.3479 24 -26.5 40 23.6521 -26.5 39.7374 23.3999 -26.5 39.4333 23 -26.5 39.2333 22 -26.5 39 21.7666 -26.5 38.6706 21.4071 -26.5 38.3768 21 -26.5 38.2819 20.5 -26.5 38.1548 20 -26.5 38.0434 19.6553 -26.5 38 19.5409 -26.5 38.0651 19.6553 -26.5 38.2262 20 -26.5 38.5657 20.5 -26.5 38.9046 21.2253 -26.5 39 21.3444 -26.5 39.4509 21.7253 -26.5 39.8129 22.5 -26.5 39.9765 22.761 -26.5 40 22.7808 -26.5 40.408 22.592 -26.5 41 22.5219 -26.5 41.4163 22 -26.5 42 21.3577 -26.5 42.5938 21.4062 -26.5 42.7964 21.3041 -26.5 43 21.1888 -26.5 43.5893 21.255 -26.5 44 21.3405 -26.5 44.2892 21 -26.5 44 20.2149 -26.5 43.6961 20.3039 -26.5 43.8398 20.1152 -26.5 43.9457 20 -26.5 43.8306 19.8128 -26.5 43.6703 19.5 -26.5 43.4412 19 -26.5 42.4245 17 -26.5 42.1847 16.5 -26.5 42 16.138 -26.5 41.955 16 -26.5 41.8966 15.8715 -26.5 41.7475 15.5 -26.5 41.6498 15 -26.5 41.5296 14.5 -26.5 41.4783 14 -26.5 41.4789 13 -26.5 41.5292 12.5 -26.5 41.5315 12 -26.5 41.5619 11.5 -26.5 41.564 11 -26.5 41.2543 10.7275 -26.5 41 10.3948 -26.5 41.3948 10 -26.5 41.7276 9.82369 -26.5 42 9.66041 -26.5 
28 47 0 -25.6
2 46 49 
1
35
45 9.79185 -25.6 45.1911 10 -25.6 46 10.8089 -25.6 46.1709 11 -25.6 46.1722 12 -25.6 47 12.8279 -25.6 47.1469 13 -25.6 47.1501 14 -25.6 47 14.1889 -25.6 46 14.2225 -25.6 45.2225 15 -25.6 45.0908 15.1838 -25.6 45 15.317 -25.6 44 15.4223 -25.6 43.4 15.5407 -25.6 43 15.6064 -25.6 42.6 15.6506 -25.6 42.1793 15.8618 -25.6 42.1099 15.807 -25.6 42 15.6528 -25.6 41.821 15.207 -25.6 41.6141 15 -25.6 41.6167 14.6 -25.6 41.4725 14 -25.6 41.5192 13.6 -25.6 41.5172 13 -25.6 41.5893 12.6 -25.6 41.6497 12 -25.6 41.6547 11.6 -25.6 41.6912 11 -25.6 41.3716 10.7769 -25.6 41 10.4499 -25.6 41.4499 10 -25.6 41.7769 9.80408 -25.6 42 9.66383 -25.6 
28 48 0 -25.6
2 46 50 
1
84
43 16.606 -25.6 43.2887 16.9684 -25.6 43.3208 17 -25.6 43.6887 17.1542 -25.6 44 17.4656 -25.6 44.2398 17.7542 -25.6 44.4357 18 -25.6 44.4824 18.6 -25.6 44.3566 19 -25.6 44.6866 19.1594 -25.6 45 19.4727 -25.6 45.2402 19.7594 -25.6 45.4321 20 -25.6 45.4812 20.6 -25.6 45.5239 21 -25.6 46 21.4761 -25.6 46.2422 21.7654 -25.6 46.4317 22 -25.6 47 22.5683 -25.6 47.3606 23 -25.6 47.3633 23.6 -25.6 47.385 24 -25.6 48 24.615 -25.6 48.1622 24.8193 -25.6 48.2982 25 -25.6 48.2856 25.6 -25.6 48.2695 26 -25.6 48 26.2485 -25.6 47.2485 27 -25.6 47 27.2094 -25.6 46 27.2068 -25.6 43.4 27.2723 -25.6 43 27.2901 -25.6 42 27.3089 -25.6 41.6069 27 -25.6 41.5083 26.6 -25.6 41.4241 26 -25.6 41 25.5759 -25.6 40.6669 25.2752 -25.6 40.4354 25 -25.6 40.3616 24.6 -25.6 40.2149 24 -25.6 40 23.7851 -25.6 39.635 23.3052 -25.6 39.4129 23 -25.6 39.3458 22.6 -25.6 39.2223 22 -25.6 39.2038 21.9391 -25.6 39.2648 22 -25.6 39.5452 22.6 -25.6 39.7871 23 -25.6 39.8344 23.1029 -25.6 40 23.3999 -25.6 40.6 23.5032 -25.6 40.7229 23.7942 -25.6 41 24.4096 -25.6 41.3435 24 -25.6 42 23.1433 -25.6 42.1186 23 -25.6 43 22.0617 -25.6 43.7151 22.2849 -25.6 43.7822 22.2661 -25.6 44 22.1959 -25.6 44.6 22.3322 -25.6 45 22.41 -25.6 45.2635 22.0379 -25.6 45.3038 22 -25.6 45.099 21.6 -25.6 45.027 21.4021 -25.6 45 21.3377 -25.6 44.4472 21.5528 -25.6 44.881 21 -25.6 44.3752 20 -25.6 44.1851 19.6 -25.6 43.8756 19 -25.6 43.6885 18.6 -25.6 43.3811 18 -25.6 43.1325 17.6 -25.6 43.087 17.5204 -25.6 42.8246 17 -25.6 42.7977 16.9684 -25.6 42.6417 16.6 -25.6 42.5695 16.4495 -25.6 42.6 16.4643 -25.6 
29 49 0 -24.7
2 47 51 
1
34
45 9.77712 -24.7 45.2039 10 -24.7 46 10.7961 -24.7 46.1831 11 -24.7 46.1858 12 -24.7 47 12.8142 -24.7 47.1571 13 -24.7 47.1541 14 -24.7 47.0478 14.135 -24.7 47 14.1929 -24.7 46 14.2257 -24.7 45.2257 15 -24.7 45 15.3296 -24.7 44.3 15.4084 -24.7 44 15.4277 -24.7 43.3 15.5427 -24.7 43 15.5565 -24.7 42.3 15.6339 -24.7 42.164 15.6407 -24.7 42 15.511 -24.7 41.489 15 -24.7 41.5365 14.7 -24.7 41.5412 14 -24.7 41.6114 13.7 -24.7 41.6931 13 -24.7 41.8193 12.3 -24.7 41.9029 12 -24.7 41.8782 11.5701 -24.7 41.8854 11 -24.7 41.8592 10.9604 -24.7 41.3 10.5699 -24.7 41 10.4278 -24.7 41.4278 10 -24.7 42 9.64106 -24.7 
29 50 0 -24.7
2 48 52 
1
69
45.3357 19.8999 -24.7 45.3862 20 -24.7 45.4609 20.7 -24.7 45.6089 21 -24.7 45.7105 21.0666 -24.7 46 21.3561 -24.7 46.3317 21.7666 -24.7 46.5064 22 -24.7 47 22.4936 -24.7 47.2784 22.8252 -24.7 47.4181 23 -24.7 47.4559 23.7 -24.7 47.491 24 -24.7 48 24.509 -24.7 48.2379 24.8252 -24.7 48.3604 25 -24.7 48.3322 25.7 -24.7 48.3132 26 -24.7 48.1034 26.191 -24.7 48 26.289 -24.7 47.289 27 -24.7 47 27.2394 -24.7 43.3 27.3384 -24.7 43 27.3606 -24.7 42.3 27.3741 -24.7 42 27.3742 -24.7 41.6911 27.1305 -24.7 41.5393 27 -24.7 41.4487 26.7 -24.7 41.2761 26 -24.7 41 25.7239 -24.7 40.595 25.2423 -24.7 40.4214 25 -24.7 40.2369 24 -24.7 40.1658 23.7771 -24.7 40 23.6113 -24.7 39.6113 23.0772 -24.7 39.4378 22.7 -24.7 39.337 22.0993 -24.7 39.7003 22.7 -24.7 39.7506 23 -24.7 39.9172 23.229 -24.7 40.2393 23.9289 -24.7 40.3418 24 -24.7 40.8613 25.1292 -24.7 41 25.3281 -24.7 41.2119 25.4989 -24.7 41.8511 25.0423 -24.7 41.9121 25 -24.7 42 24.8977 -24.7 42.6012 24.1248 -24.7 42.6922 24 -24.7 43 23.64 -24.7 43.9369 23.0631 -24.7 44 23.0185 -24.7 44.7459 23.2506 -24.7 45 23.2162 -24.7 46 23.433 -24.7 46.1026 23.3211 -24.7 46.4058 23.2205 -24.7 46 22.3893 -24.7 45.3867 22.6133 -24.7 45.8097 22 -24.7 45.3011 21 -24.7 45.1531 20.7 -24.7 44.8094 20 -24.7 44.7552 19.8999 -24.7 44.4226 19.1999 -24.7 45 19.4787 -24.7 
30 51 0 -23.8
2 49 53 
1
39
42 9.61531 -23.8 45 9.76034 -23.8 45.2184 10 -23.8 46 10.7816 -23.8 46.1967 11 -23.8 46.2016 12 -23.8 47 12.7984 -23.8 47.1687 13 -23.8 47.162 14 -23.8 47.0346 14.1544 -23.8 47 14.1927 -23.8 46 14.2239 -23.8 45.2239 15 -23.8 45.0455 15.257 -23.8 45 15.3134 -23.8 44.2 15.3649 -23.8 44 15.3701 -23.8 43.2 15.4068 -23.8 43 15.4117 -23.8 42.2 15.452 -23.8 42 15.4661 -23.8 41.9995 15.4661 -23.8 41.9888 15.4668 -23.8 41.522 15 -23.8 41.6488 14.2 -23.8 41.7332 14 -23.8 41.9737 13.0779 -23.8 41.9919 13 -23.8 42 12.9733 -23.8 42.1053 12.7258 -23.8 42.3199 12.2 -23.8 42.3874 12 -23.8 42.3208 11.8 -23.8 42.2101 11 -23.8 42.1038 10.9094 -23.8 42 10.8038 -23.8 41.2 10.4248 -23.8 41 10.3829 -23.8 41.3829 10 -23.8 
30 52 0 -23.8
2 50 54 
1
65
46 21.2014 -23.8 46.4661 21.8239 -23.8 46.5548 22 -23.8 46.6661 22.0652 -23.8 47 22.3991 -23.8 47.3725 22.8652 -23.8 47.4769 23 -23.8 47.5705 23.8 -23.8 47.6015 24 -23.8 48 24.3985 -23.8 48.4237 25 -23.8 48.3728 25.8 -23.8 48.356 26 -23.8 48.0801 26.2614 -23.8 47.3411 27 -23.8 47 27.2791 -23.8 46.2 27.288 -23.8 45.2 27.3231 -23.8 45 27.3354 -23.8 44.2 27.3724 -23.8 43.2 27.4489 -23.8 43 27.474 -23.8 42.2 27.4744 -23.8 42 27.4503 -23.8 41.479 27 -23.8 41.4338 26.8 -23.8 41.1922 26 -23.8 41.1538 25.8862 -23.8 41 25.7324 -23.8 40.5371 25.0861 -23.8 40.4055 24.8 -23.8 40.2579 24 -23.8 40.2186 23.9146 -23.8 40.2734 23.9526 -23.8 40.3208 24 -23.8 40.6888 24.8 -23.8 40.7257 25 -23.8 40.8414 25.1616 -23.8 41 25.5061 -23.8 41.5651 25.9615 -23.8 41.6198 26 -23.8 41.7651 26.1592 -23.8 42 26.2968 -23.8 42.2 26.2873 -23.8 42.3361 26.1142 -23.8 42.4527 26 -23.8 43 25.2728 -23.8 44 24.3466 -23.8 44.9103 24.0897 -23.8 44.9941 24.0426 -23.8 45 24.0387 -23.8 45.5722 24.1815 -23.8 45.8 24.229 -23.8 46 24.2406 -23.8 46.8 24.3232 -23.8 47 24.3699 -23.8 47.0774 24.33 -23.8 47.1789 24.2 -23.8 47.1915 24 -23.8 47.1014 23.8211 -23.8 46.7122 23.0211 -23.8 46.7034 23 -23.8 46.6009 22.8 -23.8 46.2148 22 -23.8 45.729 21.0239 -23.8 
31 53 0 -22.9
2 51 55 
1
36
45 9.74111 -22.9 45.2349 10 -22.9 46 10.7651 -22.9 46.212 11 -22.9 46.2201 12 -22.9 47 12.7799 -22.9 47.1821 13 -22.9 47.1745 14 -22.9 47 14.1929 -22.9 46 14.2298 -22.9 45.2299 15 -22.9 45.025 15.2537 -22.9 45 15.28 -22.9 44.1 15.3035 -22.9 44 15.3081 -22.9 43.1 15.3303 -22.9 42.1 15.3997 -22.9 42.0083 15.4078 -22.9 42 15.393 -22.9 41.6069 15 -22.9 41.9721 14.1311 -22.9 42 14.0826 -22.9 42.0684 14.0311 -22.9 42.0979 14 -22.9 42.5423 13.1 -22.9 42.5887 13 -22.9 42.9237 12 -22.9 42.8777 11.9024 -22.9 42.8762 11.9 -22.9 42.5765 11 -22.9 42.478 10.932 -22.9 42 10.5243 -22.9 41.1 10.3357 -22.9 41 10.3306 -22.9 41.3306 10 -22.9 42 9.58662 -22.9 
31 54 0 -22.9
2 52 56 
1
52
41.2462 25.9808 -22.9 41.2655 26 -22.9 41.3321 26.1 -22.9 42 26.8299 -22.9 42.7143 26.9417 -22.9 43 26.9281 -22.9 43.9725 26 -22.9 45 25.0532 -22.9 45.8933 25.1067 -22.9 45.9846 25.0649 -22.9 46 25.0567 -22.9 47 25.2651 -22.9 47.1955 25.1403 -22.9 47.5069 25 -22.9 47.4484 24.9558 -22.9 47.4288 24.9 -22.9 47.4858 24 -22.9 47.427 23.9 -22.9 47 23.052 -22.9 46.9783 23 -22.9 46.9604 22.9675 -22.9 46.9325 22.9 -22.9 46.5086 22.073 -22.9 47 22.3608 -22.9 47.4701 22.9675 -22.9 47.4916 23 -22.9 47.6307 23.9 -22.9 47.7092 24.0558 -22.9 48 24.3466 -22.9 48.4364 24.9558 -22.9 48.4579 25 -22.9 48.3821 25.9 -22.9 48.4085 26 -22.9 47.4072 27 -22.9 47.0484 27.2925 -22.9 47 27.3342 -22.9 46.1 27.3643 -22.9 46 27.3727 -22.9 45.1 27.4279 -22.9 45 27.4401 -22.9 44.1 27.518 -22.9 44 27.5342 -22.9 43.1 27.6472 -22.9 43 27.6462 -22.9 42.1 27.5375 -22.9 42 27.4738 -22.9 41.4762 27.0136 -22.9 41.4621 27 -22.9 41.4024 26.9 -22.9 41.1992 26 -22.9 41.173 25.9431 -22.9 41.1669 25.925 -22.9 
32 55 0 -22
2 53 57 
1
27
45 9.71895 -22 45.2542 10 -22 46 10.7458 -22 46.2288 11 -22 46.2417 12 -22 47 12.7583 -22 47.1978 13 -22 47.189 14 -22 47 14.2074 -22 46 14.2502 -22 45.2502 15 -22 45 15.2631 -22 43 15.3689 -22 42.0873 15.4498 -22 42 15.2793 -22 41.7207 15 -22 42 14.5145 -22 42.6842 14 -22 43 13.383 -22 43.142 13 -22 43.4457 12 -22 43 11.0242 -22 42.9852 11 -22 42 10.3198 -22 41 10.2689 -22 41.2689 10 -22 42 9.55505 -22 
32 56 0 -22
2 54 58 
1
16
47 26.0811 -22 47.1206 26 -22 48 25.3085 -22 48.2145 25 -22 48.4783 26 -22 47.4836 27 -22 47 27.4169 -22 46 27.5009 -22 45 27.6228 -22 44 27.7844 -22 43 27.7736 -22 44 27.4921 -22 44.6543 27 -22 45 26.6814 -22 45.7636 26 -22 46 25.8727 -22 
33 57 0 -21.1
2 55 59 
1
39
44 9.62621 -21.1 45 9.69279 -21.1 45.2772 10 -21.1 46 10.7228 -21.1 46.2474 11 -21.1 46.2679 12 -21.1 47 12.7321 -21.1 47.2158 13 -21.1 47.2039 14 -21.1 47 14.2191 -21.1 46 14.2652 -21.1 45.2652 15 -21.1 45 15.2771 -21.1 43.9 15.3369 -21.1 42.9 15.417 -21.1 42.1826 15.4993 -21.1 42.0369 15.1761 -21.1 42 15.104 -21.1 41.896 15 -21.1 41.924 14.9515 -21.1 42 14.8473 -21.1 42.9 14.2271 -21.1 43 14.1517 -21.1 43.1611 14 -21.1 43.1866 13.9383 -21.1 43.2008 13.9 -21.1 43.6783 13 -21.1 43.8255 12.1 -21.1 43.8558 12 -21.1 43.421 11.1 -21.1 43.3753 11 -21.1 43 10.581 -21.1 42.9985 10.5797 -21.1 42.9 10.5117 -21.1 42 10.1038 -21.1 41.9 10.0987 -21.1 41 10.1929 -21.1 41.1929 10 -21.1 42 9.52101 -21.1 
33 58 0 -21.1
2 56 60 
1
27
43.9 27.8281 -21.1 44 27.7999 -21.1 44.9 27.7037 -21.1 45 27.6389 -21.1 45.3181 27.4959 -21.1 46 27.2218 -21.1 46.6584 27 -21.1 46.856 26.8866 -21.1 46.9689 26.9081 -21.1 47 26.8955 -21.1 47.8612 26.0081 -21.1 47.8733 26 -21.1 47.9612 25.9309 -21.1 48 25.8623 -21.1 48.3937 25.0308 -21.1 48.4152 25 -21.1 48.4416 25.1 -21.1 48.5815 26 -21.1 47.5894 27 -21.1 47.541 27.0417 -21.1 47 27.5429 -21.1 46.9 27.5513 -21.1 46 27.6418 -21.1 45.9 27.6539 -21.1 45 27.784 -21.1 44.9 27.8001 -21.1 44 27.8291 -21.1 
34 59 0 -20.2
2 57 61 
1
42
42 9.85496 -20.2 42.8 9.52539 -20.2 44 9.59552 -20.2 45 9.66246 -20.2 45.3049 10 -20.2 46 10.6951 -20.2 46.2693 11 -20.2 46.2934 12 -20.2 47 12.7065 -20.2 47.2313 13 -20.2 47.2185 14 -20.2 47 14.2297 -20.2 46 14.2796 -20.2 45.2796 15 -20.2 45 15.2929 -20.2 44 15.3536 -20.2 43.8 15.3695 -20.2 43 15.4443 -20.2 42.3559 15.523 -20.2 42.2961 15.2 -20.2 42.1816 15 -20.2 42.8 14.5485 -20.2 43 14.4106 -20.2 43.4345 14 -20.2 43.5406 13.8 -20.2 43.7062 13.5775 -20.2 44 13.1962 -20.2 44.1425 13 -20.2 44.1826 12.7404 -20.2 44.245 12 -20.2 43.7618 11 -20.2 43.0837 10.369 -20.2 43 10.2756 -20.2 42.8 10.1849 -20.2 42.1206 10 -20.2 42 9.96921 -20.2 41.8398 10 -20.2 41.2 10.1072 -20.2 41 10.1282 -20.2 41.5477 10.0369 -20.2 41.5846 10 -20.2 41.7477 9.90345 -20.2 
34 60 0 -20.2
1 58 
1
22
44.8 27.8242 -20.2 45 27.8028 -20.2 45.8 27.7535 -20.2 46 27.6731 -20.2 46.8 27.3907 -20.2 47 27.3235 -20.2 47.3947 27 -20.2 47.7947 26.2498 -20.2 48 26.0292 -20.2 48.0272 25.9848 -20.2 48.1147 25.8 -20.2 48.1458 26 -20.2 48.0272 26.1202 -20.2 48 26.165 -20.2 47.5974 26.9202 -20.2 47.5176 27 -20.2 47.3974 27.1114 -20.2 47 27.4371 -20.2 46.8 27.4572 -20.2 46 27.7396 -20.2 45.8 27.7685 -20.2 45 27.8177 -20.2 
35 61 0 -19.3
2 59 62 
1
33
45 9.62771 -19.3 45.3388 10 -19.3 46 10.6612 -19.3 46.2946 11 -19.3 46.3167 12 -19.3 47 12.6832 -19.3 47.2479 13 -19.3 47.2349 14 -19.3 47 14.2465 -19.3 46 14.2953 -19.3 45.2953 15 -19.3 45 15.3104 -19.3 44 15.3794 -19.3 43.7 15.4075 -19.3 42.7 15.5236 -19.3 42.4964 15.5372 -19.3 42.5018 15.3 -19.3 42.4463 15 -19.3 42.6662 14.8394 -19.3 43 14.653 -19.3 43.6886 14 -19.3 44.3787 13.1019 -19.3 44.4527 13 -19.3 44.6062 12.3 -19.3 44.6315 12 -19.3 44.1484 11 -19.3 43.9543 10.6916 -19.3 43.2978 10.3 -19.3 43.0435 10.0634 -19.3 43 10.0481 -19.3 42.7 9.96698 -19.3 43 9.84339 -19.3 43.7 9.54306 -19.3 
36 62 0 -18.4
2 61 63 
1
37
43.6 9.69313 -18.4 44 9.52151 -18.4 45 9.58935 -18.4 45.381 10 -18.4 46 10.619 -18.4 46.1213 10.7592 -18.4 46.3212 11 -18.4 46.3421 12 -18.4 47 12.6579 -18.4 47.2662 13 -18.4 47.2539 14 -18.4 47 14.2674 -18.4 46 14.3136 -18.4 45.3136 15 -18.4 45 15.3302 -18.4 44 15.4092 -18.4 43.6 15.454 -18.4 43 15.5303 -18.4 42.6 15.5572 -18.4 42.559 15.5572 -18.4 42.8126 15 -18.4 43 14.8954 -18.4 43.9412 14 -18.4 44 13.9234 -18.4 44.0302 13.8818 -18.4 44.2466 13.6 -18.4 44.8102 13 -18.4 44.8979 12.6 -18.4 44.9569 12 -18.4 44.7281 11.4 -18.4 44.5349 11 -18.4 44.1109 10.4754 -18.4 44 10.2992 -18.4 43.6249 10.0754 -18.4 43.4459 10 -18.4 43.0249 9.86943 -18.4 43 9.86095 -18.4 
37 63 0 -17.5
2 62 64 
1
44
44.5 9.51501 -17.5 45 9.54954 -17.5 45.2006 9.76367 -17.5 46 10.5647 -17.5 46.1665 10.7654 -17.5 46.3488 11 -17.5 46.3718 12 -17.5 47 12.6281 -17.5 47.2864 13 -17.5 47.276 14 -17.5 47 14.2919 -17.5 46 14.3419 -17.5 45.3419 15 -17.5 45.1808 15.1697 -17.5 45 15.3526 -17.5 44.5 15.3946 -17.5 44 15.4441 -17.5 43.5 15.5077 -17.5 43 15.5573 -17.5 42.7571 15.5571 -17.5 42.7821 15.5016 -17.5 43 15.1104 -17.5 43.1865 15.0015 -17.5 43.1885 15 -17.5 44 14.2367 -17.5 44.173 14.0324 -17.5 44.1982 14 -17.5 44.6679 13.5 -17.5 44.6793 13.4903 -17.5 45 13.2021 -17.5 45.2092 13 -17.5 45.2133 12.96 -17.5 45.2522 12.5 -17.5 45.2141 12 -17.5 45.1018 11.5 -17.5 45 11.206 -17.5 44.9214 11 -17.5 44.8534 10.859 -17.5 44.5034 10.5 -17.5 44.1501 10.0628 -17.5 44.0476 10 -17.5 44 9.97869 -17.5 43.5 9.824 -17.5 44 9.68414 -17.5 
38 64 0 -16.6
2 63 65 
1
41
45.2916 10 -16.6 45.6815 10.1741 -16.6 46 10.4926 -16.6 46.2187 10.7741 -16.6 46.3797 11 -16.6 46.4072 12 -16.6 47 12.5928 -16.6 47.3085 13 -16.6 47.302 14 -16.6 47 14.3209 -16.6 46.4 14.3538 -16.6 46 14.3815 -16.6 45.1646 15.2195 -16.6 45 15.3783 -16.6 44.4 15.4378 -16.6 44 15.485 -16.6 43.4 15.5445 -16.6 43 15.5572 -16.6 42.8073 15.5511 -16.6 42.8187 15.5306 -16.6 43 15.3493 -16.6 43.3481 15.1306 -16.6 43.5719 15 -16.6 43.9481 14.645 -16.6 44.3526 14.245 -16.6 44.5602 14 -16.6 44.9526 13.6473 -16.6 45 13.5802 -16.6 45.313 13.2473 -16.6 45.569 13 -16.6 45.5505 12.6 -16.6 45.5048 12 -16.6 45.3848 11.6 -16.6 45.2501 11 -16.6 45.0857 10.6 -16.6 45.0721 10.5725 -16.6 45 10.4111 -16.6 44.5993 10 -16.6 44.4 9.91072 -16.6 45 9.70776 -16.6 45.2815 9.99135 -16.6 
39 65 0 -15.7
2 64 66 
1
34
46.2817 10.7936 -15.7 46.4165 11 -15.7 46.4498 12 -15.7 47 12.5502 -15.7 47.2267 12.8536 -15.7 47.3328 13 -15.7 47.3329 14 -15.7 47 14.3557 -15.7 46.3 14.4042 -15.7 46 14.4315 -15.7 45.4315 15 -15.7 45.1434 15.2778 -15.7 45 15.4079 -15.7 44 15.5255 -15.7 43.3 15.5477 -15.7 43 15.5417 -15.7 43.3 15.4043 -15.7 43.4277 15.3129 -15.7 43.9258 15 -15.7 44 14.9258 -15.7 44.7515 14.2163 -15.7 44.9705 14 -15.7 45 13.9583 -15.7 45.4189 13.4836 -15.7 45.8737 13 -15.7 45.8478 12.8723 -15.7 45.8208 12.7 -15.7 45.7884 12 -15.7 45.7505 11.7 -15.7 45.5404 11 -15.7 45.5118 10.7 -15.7 45.3308 10.2596 -15.7 45.7 10.4245 -15.7 46 10.3983 -15.7 
40 66 0 -14.8
2 65 67 
1
36
46.3594 10.8537 -14.8 46.461 11 -14.8 46.4922 11.8 -14.8 46.4241 12 -14.8 46.5905 12.0883 -14.8 47 12.4978 -14.8 47.2829 12.8883 -14.8 47.3607 13 -14.8 47.3697 14 -14.8 47 14.3985 -14.8 46.2 14.4714 -14.8 46 14.4964 -14.8 45.4964 15 -14.8 45.114 15.347 -14.8 45 15.4438 -14.8 44.2 15.5369 -14.8 44 15.5492 -14.8 43.2 15.533 -14.8 43 15.5324 -14.8 43.2 15.4571 -14.8 44 15.0908 -14.8 44.0773 15.0576 -14.8 44.1538 15 -14.8 44.8773 14.4019 -14.8 45 14.3364 -14.8 45.5485 14 -14.8 46 13.388 -14.8 46.0164 13.3619 -14.8 46.0783 13.2 -14.8 46.1318 13 -14.8 46 12.2745 -14.8 45.9244 11.8 -14.8 45.8233 11 -14.8 45.773 10.8 -14.8 45.7279 10.3272 -14.8 46 10.3034 -14.8 
41 67 0 -13.9
2 66 68 
1
24
44.1 15.5422 -13.9 44 15.5469 -13.9 43.1 15.5441 -13.9 44 15.2051 -13.9 44.1 15.1498 -13.9 44.4493 15 -13.9 45.1 14.6533 -13.9 46 14.1011 -13.9 46.1406 14 -13.9 46.1475 13.9 -13.9 46.3884 13 -13.9 46.3507 12.9 -13.9 46.1871 12 -13.9 47 12.4319 -13.9 47.3503 12.9347 -13.9 47.3936 13 -13.9 47.4137 14 -13.9 47.0466 14.4005 -13.9 47 14.4529 -13.9 46.1 14.5652 -13.9 46 14.5834 -13.9 45.5834 15 -13.9 45.0705 15.4357 -13.9 45 15.487 -13.9 
42 68 0 -13
1 67 
1
14
45 15.006 -13 45.0136 15 -13 46 14.4792 -13 46.6668 14 -13 46.7357 13 -13 46.3583 12 -13 47 12.3469 -13 47.4329 13 -13 47.4655 14 -13 47 14.5235 -13 46 14.7053 -13 45.7053 15 -13 45 15.5127 -13 44 15.5591 -13 
