8
0
0
0
0
1
24
-34.6064 26.1295 19.6064 -34.8312 26.0535 19.6064 -35 26.0028 19.6064 -35.0147 26.0322 19.6064 -35.0877 26.1701 19.6064 -35 26.2297 19.6064 -34.6064 26.273 19.6064 -34 26.6456 19.6064 -33.6456 27 19.6064 -33 27.5315 19.6064 -32.5315 28 19.6064 -32.1789 28.2981 19.6064 -32 28.2587 19.6064 -31.6064 28.1326 19.6064 -31.2741 28.0035 19.6064 -31.2668 28 19.6064 -31.5904 27.8744 19.6064 -31.6064 27.8674 19.6064 -32 27.6345 19.6064 -32.6064 27.1974 19.6064 -32.9338 27 19.6064 -33 26.972 19.6064 -33.6064 26.6183 19.6064 -34 26.3569 19.6064 
1
17
-33.5607 26.9094 20.5064 -33.3369 27 20.5064 -33 27.2032 20.5064 -32.5064 27.559 20.5064 -32 27.8712 20.5064 -31.7295 27.9762 20.5064 -31.6789 28 20.5064 -31.9494 28.105 20.5064 -32 28.1288 20.5064 -32.3216 28.2269 20.5064 -32.5962 28 20.5064 -33 27.5962 20.5064 -33.3363 27.3218 20.5064 -33.7439 27 20.5064 -34 26.7439 20.5064 -34.266 26.5804 20.5064 -34 26.6444 20.5064 
0
0
