8
0
1
25
-35.574 26.9064 16.9064 -35.593 27 16.9064 -35 27.593 16.9064 -34.6598 28 16.9064 -34 28.6598 16.9064 -32.9069 28.5841 16.9064 -32 28.4932 16.9064 -31.9064 28.4914 16.9064 -31 28.3607 16.9064 -30.6393 28 16.9064 -30.9506 27.3933 16.9064 -30.6593 27.218 16.9064 -31 27.2558 16.9064 -31.5248 27 16.9064 -31.7736 26.8852 16.9064 -31.9064 26.8198 16.9064 -32 26.8247 16.9064 -33 26.2306 16.9064 -33.4113 26 16.9064 -33.9012 25.8201 16.9064 -33.9064 25.818 16.9064 -34 25.7901 16.9064 -34.9064 25.6616 16.9064 -35 25.6515 16.9064 -35.3485 26 16.9064 
1
23
-33.8948 25.962 17.8064 -33.8116 26 17.8064 -33.0884 26.4242 17.8064 -33 26.4738 17.8064 -32 27.0751 17.8064 -31.9378 27.1041 17.8064 -31.8064 27.1681 17.8064 -31 27.629 17.8064 -30.9335 27.7586 17.8064 -30.7731 28 17.8064 -31 28.2269 17.8064 -31.8064 28.402 17.8064 -32.8064 28.5352 17.8064 -33 28.5546 17.8064 -34 28.6349 17.8064 -34.6349 28 17.8064 -35 27.5606 17.8064 -35.5606 27 17.8064 -35.5124 26.8064 17.8064 -35.2608 26 17.8064 -35 25.7392 17.8064 -34.8064 25.7666 17.8064 -34 25.9234 17.8064 
1
26
-34.7064 25.9113 18.7064 -34.3509 26 18.7064 -34 26.1186 18.7064 -33.7064 26.2909 18.7064 -33 26.7599 18.7064 -32.7693 26.8991 18.7064 -32.5307 27 18.7064 -32 27.32 18.7064 -31.7064 27.4878 18.7064 -31 27.9057 18.7064 -30.9416 27.9936 18.7064 -30.9352 28 18.7064 -31 28.0648 18.7064 -31.7064 28.2911 18.7064 -32 28.3549 18.7064 -32.3311 28.4101 18.7064 -32.5803 28.1782 18.7064 -32.7876 28 18.7064 -33 27.7876 18.7064 -33.7172 27.1397 18.7064 -33.8842 27 18.7064 -34 26.8842 18.7064 -35 26.7742 18.7064 -35.3492 26.5039 18.7064 -35.1458 26 18.7064 -35 25.8542 18.7064 
0
0
0
0
