222
-32 28.4932 15.9064
-31.8 28.4932 15.9064
-31.8 28.4932 15.9064
-31.8586 28.6347 15.9277
-32 28.6932 15.9489
-32.1414 28.6347 15.9702
-32.2 28.4932 15.9915
-32.1414 28.3518 16.0128
-32 28.2932 16.034
-31.8586 28.3518 16.0553
-31.8 28.4932 16.0766
-31.8586 28.6347 16.0979
-32 28.6932 16.1192
-32.1414 28.6347 16.1404
-32.2 28.4932 16.1617
-32.1414 28.3518 16.183
-32 28.2932 16.2043
-31.8586 28.3518 16.2255
-31.8 28.4932 16.2468
-31.8586 28.6347 16.2681
-32 28.6932 16.2894
-32.1414 28.6347 16.3106
-32.2 28.4932 16.3319
-32.1414 28.3518 16.3532
-32 28.2932 16.3745
-31.8586 28.3518 16.3958
-31.8 28.4932 16.417
-31.8586 28.6347 16.4383
-32 28.6932 16.4596
-32.1414 28.6347 16.4809
-32.2 28.4932 16.5021
-32.1414 28.3518 16.5234
-32 28.2932 16.5447
-31.8586 28.3518 16.566
-31.8 28.4932 16.5872
-31.8586 28.6347 16.6085
-32 28.6932 16.6298
-32.1414 28.6347 16.6511
-32.2 28.4932 16.6723
-32.1414 28.3518 16.6936
-32 28.2932 16.7149
-31.8586 28.3518 16.7362
-31.8 28.4932 16.7575
-31.8586 28.6347 16.7787
-32 28.6932 16.8
-32.1414 28.6347 16.8213
-32.2 28.4932 16.8426
-32.1414 28.3518 16.8638
-32 28.2932 16.8851
-31.8586 28.3518 16.9064
-32 28.4932 16.9064
-32.8078 28.5366 16.9064
-33.5128 28.5004 16.9064
-34.1 28.3171 16.9064
-34.5775 27.9988 16.9064
-34.9812 27.5742 16.9064
-35.2452 27.1225 16.9064
-35.342 26.657 16.9064
-35.2364 26.2487 16.9064
-34.9908 25.9421 16.9064
-34.6513 25.7949 16.9064
-34.3089 25.7712 16.9064
-33.9891 25.8242 16.9064
-33.6763 25.9301 16.9064
-33.3121 26.0962 16.9064
-32.8824 26.3198 16.9064
-32.131 26.7217 16.9064
-31.8882 26.841 16.9064
-31.406 27.0436 16.9064
-31.1416 27.1761 16.9064
-30.9476 27.358 16.9064
-30.8843 27.6075 16.9064
-30.9954 27.9037 16.9064
-31.2548 28.1795 16.9064
-31.6109 28.3729 16.9064
-32 28.4932 16.9064
-31.8064 28.402 16.9064
-31.6064 28.402 16.9064
-31.6064 28.402 16.9064
-31.665 28.5435 16.9255
-31.8064 28.602 16.9447
-31.9478 28.5435 16.9638
-32.0064 28.402 16.983
-31.9478 28.2606 17.0021
-31.8064 28.202 17.0213
-31.665 28.2606 17.0404
-31.6064 28.402 17.0596
-31.665 28.5435 17.0787
-31.8064 28.602 17.0979
-31.9478 28.5435 17.117
-32.0064 28.402 17.1362
-31.9478 28.2606 17.1553
-31.8064 28.202 17.1745
-31.665 28.2606 17.1936
-31.6064 28.402 17.2128
-31.665 28.5435 17.2319
-31.8064 28.602 17.2511
-31.9478 28.5435 17.2702
-32.0064 28.402 17.2894
-31.9478 28.2606 17.3085
-31.8064 28.202 17.3277
-31.665 28.2606 17.3468
-31.6064 28.402 17.366
-31.665 28.5435 17.3851
-31.8064 28.602 17.4043
-31.9478 28.5435 17.4234
-32.0064 28.402 17.4426
-31.9478 28.2606 17.4617
-31.8064 28.202 17.4809
-31.665 28.2606 17.5
-31.6064 28.402 17.5192
-31.665 28.5435 17.5383
-31.8064 28.602 17.5575
-31.9478 28.5435 17.5766
-32.0064 28.402 17.5958
-31.9478 28.2606 17.6149
-31.8064 28.202 17.634
-31.665 28.2606 17.6532
-31.6064 28.402 17.6723
-31.665 28.5435 17.6915
-31.8064 28.602 17.7106
-31.9478 28.5435 17.7298
-32.0064 28.402 17.7489
-31.9478 28.2606 17.7681
-31.8064 28.202 17.7872
-31.665 28.2606 17.8064
-31.8064 28.402 17.8064
-32.8391 28.5294 17.8064
-33.2835 28.5485 17.8064
-33.7074 28.4919 17.8064
-34.154 28.3012 17.8064
-34.5789 27.9792 17.8064
-34.9618 27.5512 17.8064
-35.2106 27.0954 17.8064
-35.2947 26.6411 17.8064
-35.1852 26.2614 17.8064
-34.9406 25.9972 17.8064
-34.6087 25.8902 17.8064
-34.2589 25.9066 17.8064
-33.9192 26.0022 17.8064
-33.5752 26.158 17.8064
-33.2075 26.3579 17.8064
-31.8432 27.1583 17.8064
-31.5551 27.3358 17.8064
-31.2804 27.5399 17.8064
-31.0865 27.7694 17.8064
-31.1056 27.9908 17.8064
-31.3687 28.2015 17.8064
-31.8064 28.402 17.8064
-32.3311 28.4101 17.8064
-32.1311 28.4101 17.8064
-32.1311 28.4101 17.8064
-32.1897 28.5515 17.8255
-32.3311 28.6101 17.8447
-32.4725 28.5515 17.8638
-32.5311 28.4101 17.883
-32.4725 28.2686 17.9021
-32.3311 28.2101 17.9213
-32.1897 28.2686 17.9404
-32.1311 28.4101 17.9596
-32.1897 28.5515 17.9787
-32.3311 28.6101 17.9979
-32.4725 28.5515 18.017
-32.5311 28.4101 18.0362
-32.4725 28.2686 18.0553
-32.3311 28.2101 18.0745
-32.1897 28.2686 18.0936
-32.1311 28.4101 18.1128
-32.1897 28.5515 18.1319
-32.3311 28.6101 18.1511
-32.4725 28.5515 18.1702
-32.5311 28.4101 18.1894
-32.4725 28.2686 18.2085
-32.3311 28.2101 18.2277
-32.1897 28.2686 18.2468
-32.1311 28.4101 18.266
-32.1897 28.5515 18.2851
-32.3311 28.6101 18.3043
-32.4725 28.5515 18.3234
-32.5311 28.4101 18.3426
-32.4725 28.2686 18.3617
-32.3311 28.2101 18.3809
-32.1897 28.2686 18.4
-32.1311 28.4101 18.4192
-32.1897 28.5515 18.4383
-32.3311 28.6101 18.4575
-32.4725 28.5515 18.4766
-32.5311 28.4101 18.4958
-32.4725 28.2686 18.5149
-32.3311 28.2101 18.534
-32.1897 28.2686 18.5532
-32.1311 28.4101 18.5723
-32.1897 28.5515 18.5915
-32.3311 28.6101 18.6106
-32.4725 28.5515 18.6298
-32.5311 28.4101 18.6489
-32.4725 28.2686 18.6681
-32.3311 28.2101 18.6872
-32.1897 28.2686 18.7064
-32.3311 28.4101 18.7064
-33.176 27.6363 18.7064
-33.5282 27.3448 18.7064
-33.8986 27.0965 18.7064
-34.2878 26.9212 18.7064
-34.6489 26.7787 18.7064
-34.94 26.6148 18.7064
-35.0744 26.402 18.7064
-35.0585 26.1844 18.7064
-34.8968 26.0315 18.7064
-34.6498 25.9872 18.7064
-34.3318 26.0509 18.7064
-33.9716 26.1979 18.7064
-33.5756 26.4043 18.7064
-31.6321 27.5425 18.7064
-31.3046 27.7501 18.7064
-31.1122 27.9133 18.7064
-31.1119 28.029 18.7064
-31.2965 28.1319 18.7064
-31.6055 28.2313 18.7064
-31.9668 28.3263 18.7064
-32.3311 28.4101 18.7064
-32.3311 28.4101 -3.99361
