38
0
0
0
0
0
0
0
0
1
12
-30.3259 29 7.2 -30.241 30 7.2 -30.0926 31 7.2 -30 31.3893 7.2 -29.9321 31.1998 7.2 -29.9562 31.1214 7.2 -30.1514 30.1596 7.2 -30.1835 29.8434 7.2 -30.2591 29.1978 7.2 -30.2766 28.236 7.2 -30.2662 15.7325 7.2 -30.317 15.6956 7.2 
1
33
-31.2624 29.1 8.1 -31.2401 30 8.1 -31.2407 30.1 8.1 -31.2032 31 8.1 -31.2039 31.1 8.1 -31.1106 32 8.1 -31.1083 32.1 8.1 -31 32.8295 8.1 -30.9586 33 8.1 -30.931 33.1573 8.1 -30.6257 34 8.1 -30.6016 34.1031 8.1 -30.1184 35 8.1 -30.1031 35.0225 8.1 -30.1 35.0285 8.1 -30 35.2791 8.1 -29.9121 35.2247 8.1 -30.0324 34.9686 8.1 -30.5562 34.0068 8.1 -30.7591 33.6056 8.1 -30.8291 33.3988 8.1 -30.8825 33.045 8.1 -30.9321 32.7693 8.1 -30.9321 32.7691 8.1 -31.0039 32.3709 8.1 -31.0194 32.0832 8.1 -31.1287 31.409 8.1 -31.1349 31.1214 8.1 -31.1911 30.4473 8.1 -31.1926 30.1596 8.1 -31.2161 29.4855 8.1 -31.2169 15.7325 8.1 -31.2608 15.6395 8.1 
4
12
-28.4442 33.3757 9 -28.4243 34.0068 9 -28.4321 34.2327 9 -28.4724 34.9686 9 -28.4435 35.1945 9 -28.5476 35.9304 9 -28.5415 36.1563 9 -28.7407 36.7619 9 -28.767 36.8466 9 -28.4838 36 9 -28.389 35 9 -28.3916 34 9 
18
-31.031 34.8646 9 -31.0146 35 9 -31 35.0595 9 -30.691 36 9 -30.187 37 9 -30 37.2728 9 -29.9224 37.2751 9 -30.0236 37.1181 9 -30.105 36.8922 9 -30.5874 36.1563 9 -30.602 36.0959 9 -30.652 35.9304 9 -30.8291 35.4621 9 -30.9066 35.1945 9 -30.9724 35.0466 9 -30.9725 35.0462 9 -31.0043 34.9748 9 -31.007 34.9686 9 
11
-22.3336 33.131 9 -22.2974 33.2709 9 -22.3201 34.0068 9 -22.3644 34.2327 9 -22.3342 34.9686 9 -22.3694 35.1944 9 -22.2715 35.9304 9 -22.2711 36.1319 9 -22.3123 36 9 -22.4048 35 9 -22.403 34 9 
21
-19.6567 33.2709 9 -19.5973 33.1121 9 -19.6592 34 9 -19.79 35 9 -20 35.8819 9 -20.0429 36 9 -20.5954 37 9 -21 37.4807 9 -21.1715 37.3983 9 -21.0299 37.1973 9 -20.9852 37.1143 9 -20.8857 37.0351 9 -20.7486 36.8922 9 -20.2493 36.3212 9 -20.1955 36.1645 9 -20.192 36.1563 9 -20.1474 35.9304 9 -19.872 35.1945 9 -19.862 34.9686 9 -19.7212 34.2326 9 -19.7322 34.0068 9 
4
9
-24 14.4928 9.9 -23.0837 14.5284 9.9 -23.1347 14.4973 9.9 -23.2988 14.4939 9.9 -24.0965 14.4429 9.9 -26.9819 14.4429 9.9 -27.146 14.4544 9.9 -27.8865 14.5569 9.9 -27 14.4928 9.9 
12
-28.3571 34.9686 9.9 -28.2348 35.9304 9.9 -28.2072 36.0945 9.9 -28.1857 36.8922 9.9 -28.1714 37.0138 9.9 -28.1699 37 9.9 -28.1364 36.9 9.9 -28.2069 36 9.9 -28.1974 35.9 9.9 -28.2754 35 9.9 -28.2757 34.9 9.9 -28.3339 34.2995 9.9 
23
-22.4893 33.045 9.9 -22.475 33.2091 9.9 -22.2686 34.0068 9.9 -22.2849 34.1709 9.9 -22.4412 34.9686 9.9 -22.4639 35.1327 9.9 -22.5882 35.9304 9.9 -22.6094 36.0945 9.9 -22.6079 36.8922 9.9 -22.6247 37.0563 9.9 -22.5017 37.854 9.9 -22.5 37.9745 9.9 -22.529 37.9 9.9 -22.6858 37 9.9 -22.6859 36.9998 9.9 -22.717 36.9 9.9 -22.6749 36 9.9 -22.6842 35.9 9.9 -22.6188 35 9.9 -22.6186 34.9 9.9 -22.55 33.9 9.9 -22.4893 32.9 9.9 -22.4848 32.7727 9.9 
11
-19.7976 34.0068 9.9 -19.7939 34.1709 9.9 -19.7552 34.9686 9.9 -19.7514 35.1327 9.9 -19.7776 35.7307 9.9 -19.4829 35 9.9 -19.4698 34.9 9.9 -19.4764 34 9.9 -19.4694 33.9 9.9 -19.4819 33.0542 9.9 -19.4993 33.2091 9.9 
1
10
-28.3576 35.2961 10.8 -28.2781 35.9304 10.8 -28.1148 36.8922 10.8 -28.0141 37.7517 10.8 -27.9612 37.854 10.8 -27.9587 37.9094 10.8 -27.9412 37.7783 10.8 -27.6283 37 10.8 -27.7098 35.2945 10.8 -28 35.2439 10.8 
2
14
-27.6374 38 11.7 -27.5502 39 11.7 -27.6565 39.6839 11.7 -27.7623 38.8563 11.7 -27.7567 38.8158 11.7 -27.711 37.8945 11.7 -27.7177 37.854 11.7 -27.7295 37.8398 11.7 -27.9437 37.4817 11.7 -28.1446 37.0965 11.7 -28 37.0942 11.7 -27.999 37.0944 11.7 -27.5541 37.1797 11.7 -27.5168 37.7 11.7 
14
-23.2448 37.1877 11.7 -23.2577 37.3365 11.7 -23.2963 38 11.7 -23.3072 38.3122 11.7 -23.3517 39 11.7 -23.2098 39.5816 11.7 -23.2632 38.8563 11.7 -23.2675 38.8158 11.7 -23.1459 38.5989 11.7 -23.1347 38.5849 11.7 -23.1147 38.5584 11.7 -22.7998 37.854 11.7 -22.6733 37.075 11.7 -23 37.1474 11.7 
4
13
-28.6097 34.9473 12.6 -28.5556 35.9091 12.6 -28.5538 35.9304 12.6 -28.4185 36.8709 12.6 -28.4147 36.8922 12.6 -28.1775 37.2039 12.6 -28 37.1859 12.6 -27.62 37.1201 12.6 -27.6969 35.5137 12.6 -28 35.0366 12.6 -28.0337 35 12.6 -28.3223 34.6777 12.6 -28.6346 34.3143 12.6 
10
-27.6221 38.1057 12.6 -27.5079 38.7945 12.6 -27.509 38.8158 12.6 -27.6397 39.7563 12.6 -27.637 39.7776 12.6 -27.4308 40.5683 12.6 -27.4547 40 12.6 -27.3925 39.6 12.6 -27.4659 39 12.6 -27.55 38.1159 12.6 
13
-22.4862 34.5138 12.6 -22.8018 35 12.6 -22.9188 35.0812 12.6 -23 35.2226 12.6 -23.292 35.5933 12.6 -23.3562 37.0924 12.6 -23.2762 37.1053 12.6 -23 37.1447 12.6 -22.5633 37.2364 12.6 -22.5073 36.8922 12.6 -22.505 36.8709 12.6 -22.4285 35.9091 12.6 -22.3588 34.4084 12.6 
12
-23.2946 39.7776 12.6 -23.3796 40.4815 12.6 -23.4256 40 12.6 -23.5464 39.6 12.6 -23.4852 39 12.6 -23.4593 38.6 12.6 -23.4192 38.1358 12.6 -22.807 38.0508 12.6 -23.1347 38.486 12.6 -23.3947 38.8108 12.6 -23.3975 38.8158 12.6 -23.2962 39.7563 12.6 
0
1
9
-28.3822 14.9929 14.4 -22.9883 14.9929 14.4 -22.9881 14.9929 14.4 -22.6164 14.9929 14.4 -22.6928 14.7707 14.4 -23.1347 14.4532 14.4 -26.9819 14.4429 14.4 -27.9437 14.4933 14.4 -28.3055 14.7707 14.4 
0
1
23
-26.5943 41.7012 16.2 -26.8392 41.0079 16.2 -26.9384 40.7394 16.2 -26.9819 40.6936 16.2 -27.0269 40.6514 16.2 -27.4849 40.0461 16.2 -27.6062 39.7776 16.2 -27.6816 38.8158 16.2 -27.845 37.9874 16.2 -26.7917 37.9969 16.2 -26.7855 38.2049 16.2 -26.7074 40 16.2 -26.639 41 16.2 -26.5309 42 16.2 -26.5 42.2 16.2 -26.3756 43.2 16.2 -26.4702 44 16.2 -26.4782 44.2 16.2 -26.4895 44.2257 16.2 -26.4607 43.6248 16.2 -26.4635 43.3563 16.2 -26.5055 42.663 16.2 -26.5441 42.3945 16.2 
3
8
-27.5942 39.8446 17.1 -26.9819 40.6479 17.1 -26.8952 40.7394 17.1 -26.5555 41.7012 17.1 -26.4735 41.9568 17.1 -26.5701 41 17.1 -26.6376 40 17.1 -26.6434 39.8578 17.1 
18
-24.2494 39.8607 17.1 -24.3142 41 17.1 -24.3976 42 17.1 -24.5261 43 17.1 -24.5471 43.1 17.1 -24.5238 43.5733 17.1 -24.2767 42.9933 17.1 -24.1892 42.6997 17.1 -24.1746 42.663 17.1 -24.0965 42.5848 17.1 -23.7657 42.1313 17.1 -23.6901 42.0315 17.1 -23.5303 41.7012 17.1 -23.4776 41.3709 17.1 -23.4012 40.7394 17.1 -23.3719 40.4091 17.1 -23.3325 39.8477 17.1 -24 39.8548 17.1 
30
-18.4872 39.7091 17.1 -18.5115 40 17.1 -18.6509 41 17.1 -18.8535 42 17.1 -19 42.8054 17.1 -19.0198 42.9622 17.1 -19.0283 43 17.1 -19 43.1812 17.1 -18.9357 43.3846 17.1 -18.5274 44 17.1 -18.3124 44.1046 17.1 -18.2089 44.0849 17.1 -18 44.1625 17.1 -17.9384 44.1156 17.1 -17.9409 44.1164 17.1 -18.3257 44.0024 17.1 -18.7162 43.6248 17.1 -18.656 43.1817 17.1 -18.765 42.663 17.1 -18.4539 42.0736 17.1 -18.4039 41.7012 17.1 -18.3257 41.6034 17.1 -18.1375 41.342 17.1 -17.9326 41.0697 17.1 -17.8047 40.7394 17.1 -17.3821 39.7887 17.1 -17.3767 39.7776 17.1 -17.3639 39.7633 17.1 -17.1706 39.5384 17.1 -17.8319 39.646 17.1 
4
17
-34.0089 43.8101 18 -33.8876 43.9673 18 -33.8873 43.9674 18 -33.8558 43.9913 18 -33.8548 43.992 18 -33.7145 44.0981 18 -33.3224 44.2821 18 -33.1533 44.4268 18 -32.9772 44.5866 18 -32.7527 44.7297 18 -32.2123 44.7372 18 -31.7955 44.8959 18 -31.9516 45 18 -32 45.0103 18 -33 44.7272 18 -33.8619 44 18 -34 43.824 18 
20
-32.0448 41.4304 18 -31.8821 41.6453 18 -31.8224 41.7012 18 -31.7909 41.7675 18 -31.7642 41.8367 18 -31.6586 42.0932 18 -31.3666 42.663 18 -31.3354 43.0551 18 -31.1128 43.6196 18 -31.11 43.6248 18 -31.2173 43.8119 18 -31.3656 44.1613 18 -31.224 44.5148 18 -31 44.3654 18 -30.8703 44 18 -30.487 43 18 -30.5989 42 18 -30.6299 41.6223 18 -31 41.5879 18 -32 41.4344 18 
18
-26.6009 41.6869 18 -26.5959 41.7012 18 -26.4701 42.0933 18 -26.1188 42.5928 18 -26.0531 42.663 18 -26.0486 42.794 18 -26.0201 42.9402 18 -25.8405 43.6248 18 -25.8127 43.9723 18 -25.8058 44.5866 18 -25.8463 44.9457 18 -25.955 45.0894 18 -25.8272 45 18 -25.2936 44 18 -25.5036 43 18 -25.6343 42 18 -25.6584 41.7118 18 -26 41.7086 18 
15
-18.3339 41.3274 18 -19 41.4701 18 -19.4618 41.5336 18 -19.5226 42 18 -19.7477 43 18 -19.912 44 18 -19.5725 44.4282 18 -19.5472 44.2495 18 -19.6918 43.6248 18 -19.3856 43.1 18 -19.2915 42.663 18 -19.2875 42.6587 18 -18.8062 42.0933 18 -18.5992 41.7012 18 -18.5139 41.5945 18 
1
20
-26 42.563 18.9 -26.0218 42.562 18.9 -26.0201 42.5644 18.9 -25.9106 42.663 18.9 -25.9102 42.6637 18.9 -25.6168 43.1709 18.9 -25.4445 43.6248 18.9 -25.4082 44.0787 18.9 -25.2413 44.5836 18.9 -25.2397 44.5866 18.9 -25.2905 45.0364 18.9 -25.0583 45.1805 18.9 -24.9502 44.5866 18.9 -24.7592 44.0787 18.9 -24.6967 43.6248 18.9 -24.4537 43.1709 18.9 -24.1399 42.663 18.9 -24.0965 42.6271 18.9 -24.0228 42.528 18.9 -25 42.573 18.9 
1
16
-7.77475 30.9815 19.8 -7.77574 31 19.8 -7.84958 31.474 19.8 -7.91895 32 19.8 -7.96516 32.2554 19.8 -8 32.4695 19.8 -8.27956 32.7204 19.8 -8.2906 33 19.8 -8.37347 33.3735 19.8 -8.55646 33.7513 19.8 -8.44147 33.045 19.8 -8.39678 32.394 19.8 -8.20777 32.0832 19.8 -8.1904 31.6387 19.8 -7.8161 31.1214 19.8 -7.81211 31.0552 19.8 
2
22
-14 41.4691 20.7 -14.1601 41.1849 20.7 -13.5705 40.7932 20.7 -13.5167 40.864 20.7 -13.446 40.8101 20.7 -13.0505 40.7394 20.7 -12.7016 40.5927 20.7 -12.5549 40.5974 20.7 -12.1313 40.2012 20.7 -11.5931 40.3132 20.7 -11.3522 40.0185 20.7 -11.039 39.7776 20.7 -10.9207 39.4882 20.7 -10.6767 39.4512 20.7 -11 39.9218 20.7 -11.077 39.923 20.7 -11.1249 40 20.7 -12 40.6553 20.7 -12.2971 40.7029 20.7 -12.9771 41 20.7 -13 41.0106 20.7 -13.5607 41.4393 20.7 
16
-12.8512 38.8158 20.7 -12.9854 39.0179 20.7 -13.2619 39.5228 20.7 -12.5549 39.5156 20.7 -11.9529 39.4178 20.7 -12.0791 38.8158 20.7 -11.9914 38.2523 20.7 -11.7677 37.854 20.7 -11.8585 37.7355 20.7 -12.3134 37.1048 20.7 -12.5549 37.2941 20.7 -12.7604 37.4658 20.7 -12.7617 37.4669 20.7 -13.1852 37.854 20.7 -13.1579 38.4315 20.7 -12.9524 38.6788 20.7 
0
1
7
-27.9437 14.4933 22.5 -26.9819 14.4429 22.5 -23.1347 14.4532 22.5 -22.6928 14.7707 22.5 -22.6509 14.8928 22.5 -28.3477 14.8928 22.5 -28.3055 14.7707 22.5 
1
14
-26.0056 42.1587 23.4 -26.0046 42.1587 23.4 -23.6154 42.1527 23.4 -23.9824 42.663 23.4 -24.0725 42.7975 23.4 -24.0965 42.8348 23.4 -24.1809 42.9964 23.4 -24.5232 43.6248 23.4 -25.0583 44.3658 23.4 -25.5286 43.6248 23.4 -26.0183 42.6646 23.4 -26.0194 42.663 23.4 -26.0201 42.6623 23.4 -26.3845 42.1568 23.4 
0
0
0
0
0
1
18
-39.4854 31.8448 28.8 -40.1575 32.0832 28.8 -39.6537 32.2515 28.8 -40.3622 33.045 28.8 -40.3482 33.2169 28.8 -40.2244 34.0068 28.8 -40.0656 34.1787 28.8 -39.4854 34.9315 28.8 -38.8796 34.6647 28.8 -38.5235 34.6592 28.8 -38.4805 34.1787 28.8 -38.4692 34.0068 28.8 -38.4672 33.8349 28.8 -38.4373 33.045 28.8 -38.5235 32.9245 28.8 -39.4679 32.0882 28.8 -39.4722 32.0848 28.8 -39.4742 32.0832 28.8 
2
12
-40.0899 32.8128 29.7 -39.4854 32.1096 29.7 -38.5235 32.9436 29.7 -38.4515 33.045 29.7 -38.4962 34.0068 29.7 -38.5235 34.331 29.7 -39.2517 34.7876 29.7 -39.4854 34.8905 29.7 -39.6545 34.6712 29.7 -40.1178 34.0068 29.7 -40.1545 33.7731 29.7 -40.2956 33.045 29.7 
16
-26.0201 42.6312 29.7 -26.176 42.414 29.7 -26.0133 42.4166 29.7 -26.0131 42.4166 29.7 -26 42.4168 29.7 -25.6183 42.417 29.7 -25.6171 42.417 29.7 -24 42.4061 29.7 -23.8415 42.4069 29.7 -24.0965 42.7592 29.7 -24.6055 43.6248 29.7 -25.0583 44.2502 29.7 -25.4562 43.6248 29.7 -25.9859 42.663 29.7 -26.0152 42.6359 29.7 -26.0156 42.6355 29.7 
2
12
-26.0201 42.6076 30.6 -26.3743 42.111 30.6 -24 42.1061 30.6 -23.6554 42.1078 30.6 -24.081 42.6897 30.6 -24.0965 42.7102 30.6 -24.4955 43.356 30.6 -24.6544 43.6248 30.6 -25.0583 44.1763 30.6 -25.4133 43.6248 30.6 -25.5769 43.3293 30.6 -25.9599 42.663 30.6 
18
-10.5526 32.7495 30.6 -10.525 32.1943 30.6 -10.5953 32.4047 30.6 -10.6598 33 30.6 -10.7223 33.2777 30.6 -10.8256 34 30.6 -10.8264 34.0032 30.6 -10.8541 34.1459 30.6 -11 34.8357 30.6 -11.048 34.952 30.6 -11.0587 35 30.6 -11.2569 35.5507 30.6 -10.7784 34.9686 30.6 -10.7129 34.6731 30.6 -10.6419 34.0068 30.6 -10.6313 33.9273 30.6 -10.6312 33.9268 30.6 -10.6088 33.7112 30.6 
1
9
-28.3477 14.8929 31.5 -28.3055 14.7707 31.5 -27.9437 14.4933 31.5 -26.9819 14.4429 31.5 -23.1347 14.4532 31.5 -22.6928 14.7707 31.5 -22.6509 14.8928 31.5 -27.9997 14.8929 31.5 -28 14.8929 31.5 
1
9
-10.6313 15.2289 32.4 -10.8444 15.7325 32.4 -10.8627 16.6943 32.4 -10.8626 20.3299 32.4 -10.4 20.3815 32.4 -10.3058 20.3863 32.4 -10.3056 16.6943 32.4 -10.3242 16.0396 32.4 -10.3241 15.7325 32.4 
1
10
-24.2248 39.4874 33.3 -24.2431 40 33.3 -24.3001 41 33.3 -24.3842 42 33.3 -24.4145 42.2365 33.3 -24.0965 41.9436 33.3 -23.9257 41.7012 33.3 -23.8205 40.7394 33.3 -23.7546 39.7776 33.3 -23.6842 39.4815 33.3 
