298
0 1 0 1 1 2 1 2 2 3 2 3 3 4 3 4 4 5 4 5 5 6 5 6 6 7 6 7 6 8 6 8 7 9 7 9 8 10 8 10 9 11 9 11 10 12 10 12 12 13 12 13 13 14 13 14 14 18 14 18 16 19 16 19 17 20 17 20 18 21 18 21 18 22 18 22 19 23 19 23 20 24 20 24 21 25 21 25 22 26 22 26 23 27 23 27 24 28 24 28 25 29 25 29 26 30 26 30 24 31 24 31 27 32 27 32 28 33 28 33 29 34 29 34 30 35 30 35 31 36 31 36 32 37 32 37 34 38 34 38 35 39 35 39 36 40 36 40 37 41 37 41 39 42 39 42 38 43 38 43 42 44 42 44 43 45 43 45 44 46 44 46 45 47 45 47 46 52 46 52 46 53 46 53 49 54 49 54 50 55 50 55 51 56 51 56 53 57 53 57 52 58 52 58 54 59 54 59 56 60 56 60 57 61 57 61 58 62 58 62 60 63 60 63 61 64 61 64 64 65 64 65 65 66 65 66 66 67 66 67 67 68 67 68 68 70 68 70 69 71 69 71 70 72 70 72 71 75 71 75 72 76 72 76 73 77 73 77 74 78 75 78 74 78 76 79 76 79 77 80 77 80 78 81 78 81 79 82 79 82 82 84 82 84 83 85 83 85 
38
0 
1 0 
1 1 
1 2 
1 3 
1 4 
1 5 
1 6 
2 7 8 
2 9 10 
2 11 12 
1 13 
1 14 
4 15 16 17 18 
4 19 20 21 22 
4 23 24 25 26 
5 27 28 29 30 31 
5 32 33 34 35 36 
4 37 38 39 40 
3 41 42 43 
2 44 45 
2 46 47 
6 48 49 50 51 52 53 
5 54 55 56 57 58 
4 59 60 61 62 
2 63 64 
1 65 
1 66 
1 67 
1 68 
2 69 70 
2 71 72 
4 73 74 75 76 
3 77 78 79 
3 80 81 82 
2 83 84 
1 85 
0 
86
1 0 0 0.9
1 1 
1
8
-1.01329 14.1187 0.9 -0.83361 14.1249 0.9 -0.051488 14.176 0.9 -1.44731e-016 14.22 0.9 -1.44731e-016 20.0578 0.9 -28.1396 20.1364 0.9 -28.143 15 0.9 -28.9411 14.2019 0.9 
2 1 0 1.8
2 0 2 
1
7
-1.01329 14.1127 1.8 -0.051488 14.1754 1.8 -2.89463e-016 14.2198 1.8 -2.89462e-016 20.0599 1.8 -28.1597 20.1552 1.8 -28.1632 15 1.8 -28.9495 14.2137 1.8 
3 2 0 2.7
2 1 3 
1
7
-1.01329 14.1151 2.7 -0.051488 14.1777 2.7 -4.34194e-016 14.222 2.7 -4.34193e-016 20.062 2.7 -28.1864 20.18 2.7 -28.1894 15 2.7 -28.9494 14.24 2.7 
4 3 0 3.6
2 2 4 
1
10
-1.01329 14.1177 3.6 -0.051488 14.1802 3.6 -5.78924e-016 14.2245 3.6 -5.78924e-016 20.0641 3.6 -22 20.222 3.6 -25 20.1678 3.6 -26 20.1718 3.6 -28.2238 20.2139 3.6 -28.2247 15 3.6 -28.9491 14.2757 3.6 
5 4 0 4.5
2 3 5 
1
26
-28.9055 14.3307 4.5 -21.2111 14.3375 4.5 -18.8606 14.3064 4.5 -18.3257 14.2871 4.5 -17.3639 14.2639 4.5 -1.01329 14.1204 4.5 -0.051488 14.1828 4.5 -7.23655e-016 14.227 4.5 -7.23655e-016 20.0664 4.5 -17 20.1969 4.5 -17.5 20.2154 4.5 -18 20.2266 4.5 -18.5 20.2462 4.5 -19.5 20.2742 4.5 -21 20.2898 4.5 -22 20.2759 4.5 -22.5 20.2574 4.5 -23 20.2479 4.5 -23.5 20.2278 4.5 -25 20.1884 4.5 -26 20.1935 4.5 -27 20.2229 4.5 -27.5 20.2425 4.5 -28.2798 20.2638 4.5 -28.2796 15 4.5 -28.9485 14.3312 4.5 
6 5 0 5.4
2 4 6 
1
42
-28.9055 14.4248 5.4 -28.4168 14.4219 5.4 -27.9437 14.3872 5.4 -22.646 14.3885 5.4 -22.1729 14.4089 5.4 -21.6842 14.416 5.4 -21.2111 14.4408 5.4 -20.2493 14.4352 5.4 -19.7606 14.4224 5.4 -19.2875 14.3919 5.4 -18.7988 14.3743 5.4 -18.3257 14.3378 5.4 -17.837 14.3241 5.4 -17.3639 14.3033 5.4 -1.01329 14.1233 5.4 -0.051488 14.1856 5.4 -8.68387e-016 14.2298 5.4 -8.68386e-016 20.0685 5.4 -16 20.1882 5.4 -17 20.2228 5.4 -17.4 20.246 5.4 -18 20.2682 5.4 -18.4 20.3002 5.4 -19 20.3237 5.4 -19.4 20.3576 5.4 -20.4 20.3896 5.4 -21 20.3961 5.4 -21.4 20.3735 5.4 -22 20.3619 5.4 -22.4 20.3272 5.4 -23 20.305 5.4 -23.4 20.2764 5.4 -24.4 20.231 5.4 -25 20.2106 5.4 -26 20.218 5.4 -26.4 20.2402 5.4 -27 20.2621 5.4 -27.4 20.2932 5.4 -28 20.3167 5.4 -28.3727 20.349 5.4 -28.3725 15 5.4 -28.9462 14.4263 5.4 
7 6 0 6.3
3 5 7 8 
1
50
-28.9055 14.6041 6.3 -28.355 14.5638 6.3 -27.9437 14.4653 6.3 -27.3932 14.4683 6.3 -26.9819 14.4316 6.3 -23.546 14.4298 6.3 -22.5842 14.472 6.3 -22.1729 14.5492 6.3 -21.6224 14.5782 6.3 -21.2111 14.6701 6.3 -20.6975 14.6508 6.3 -20.2493 14.6472 6.3 -19.838 14.5582 6.3 -18.737 14.4803 6.3 -18.3257 14.4054 6.3 -17.7752 14.3811 6.3 -17.3639 14.3521 6.3 -1.01329 14.1264 6.3 -0.051488 14.1885 6.3 -1.01312e-015 14.2326 6.3 -1.01312e-015 20.0706 6.3 -14.3 20.1585 6.3 -15 20.1713 6.3 -16 20.2038 6.3 -17 20.25 6.3 -17.3 20.2766 6.3 -18 20.3171 6.3 -18.3 20.3651 6.3 -19 20.4211 6.3 -19.3 20.504 6.3 -20 20.5634 6.3 -20.3 20.6161 6.3 -21 20.6369 6.3 -21.3 20.554 6.3 -22 20.5144 6.3 -22.3 20.4427 6.3 -23 20.3818 6.3 -23.3 20.3429 6.3 -24.3 20.2703 6.3 -25 20.2328 6.3 -26 20.2435 6.3 -26.3 20.2684 6.3 -27 20.3073 6.3 -27.3 20.352 6.3 -28 20.4065 6.3 -28.3 20.4858 6.3 -28.7558 20.5254 6.3 -28.7554 15 6.3 -29 14.7554 6.3 -29.2869 14.6181 6.3 
8 7 0 7.2
2 6 9 
1
34
-28.6829 14.7707 7.2 -28.556 14.7142 7.2 -27.9437 14.5676 7.2 -27.3314 14.5129 7.2 -26.9819 14.4431 7.2 -24.0965 14.4418 7.2 -23.4842 14.4694 7.2 -23.1347 14.5115 7.2 -22.5224 14.6264 7.2 -22.1771 14.7707 7.2 -22.1729 14.7773 7.2 -21.5606 15.2239 7.2 -21.3146 15.7043 7.2 -21.3035 15.7325 7.2 -21.3091 20.9782 7.2 -22 20.7757 7.2 -22.2 20.6645 7.2 -23 20.4732 7.2 -23.2 20.4352 7.2 -24 20.3312 7.2 -24.2 20.3127 7.2 -25 20.2521 7.2 -26 20.2652 7.2 -26.2 20.2863 7.2 -27 20.3526 7.2 -27.2 20.3994 7.2 -28 20.5186 7.2 -28.8 20.7301 7.2 -28.9298 20.8067 7.2 -29 20.8576 7.2 -29.5769 20.987 7.2 -29.5843 15.7325 7.2 -28.9055 15.1852 7.2 -28.8463 15.0934 7.2 
8 8 0 7.2
2 6 10 
1
42
-20.6355 15.7325 7.2 -20.3687 15.6518 7.2 -20.2493 15.6312 7.2 -20.0167 15.2133 7.2 -19.8998 14.9061 7.2 -19.7012 14.813 7.2 -19.6394 14.7707 7.2 -19.2875 14.6937 7.2 -18.938 14.5931 7.2 -18.3257 14.4815 7.2 -17.7134 14.4384 7.2 -17.3639 14.4025 7.2 -1.01329 14.1297 7.2 -0.051488 14.1916 7.2 -1.15785e-015 14.2357 7.2 -1.15785e-015 20.0725 7.2 -14.2 20.1812 7.2 -15 20.1824 7.2 -15.2 20.187 7.2 -16 20.2166 7.2 -17 20.2734 7.2 -17.2 20.2963 7.2 -18 20.3672 7.2 -18.2 20.4201 7.2 -19 20.548 7.2 -19.8 20.7692 7.2 -19.9059 20.836 7.2 -20 20.9069 7.2 -20.454 20.9866 7.2 -20.4958 21 7.2 -20.4863 29 7.2 -20.5812 30 7.2 -20.6819 30.3181 7.2 -20.8314 31 7.2 -21 31.4114 7.2 -21.0936 31 7.2 -21.0992 30.9008 7.2 -21.1397 30.5462 7.2 -21.0287 30.3419 7.2 -20.8928 30.1596 7.2 -20.6232 29.1978 7.2 -20.5784 28.236 7.2 
9 9 0 8.1
2 7 11 
1
68
-28.7117 15.7325 8.1 -28.3704 15.0584 8.1 -28.2299 14.7707 8.1 -28.0208 14.678 8.1 -27.9437 14.6395 8.1 -26.9819 14.4461 8.1 -24.0965 14.4429 8.1 -23.1347 14.5621 8.1 -22.7724 14.7106 8.1 -22.6343 14.7707 8.1 -22.4847 15.0137 8.1 -22.1729 15.5042 8.1 -22.1004 15.6877 8.1 -22.0885 15.7325 8.1 -22.0927 29.1978 8.1 -22.0999 29.4855 8.1 -22.0892 30.1596 8.1 -22.0635 30.8337 8.1 -22.1035 31.6547 8.1 -22.0721 32.0832 8.1 -22.0659 32.5904 8.1 -21.9856 33.045 8.1 -21.9491 33.4634 8.1 -21.4132 34.7665 8.1 -21.394 34.8545 8.1 -21.8241 34.2447 8.1 -21.8948 34 8.1 -22 33.6732 8.1 -22.0755 33.1 8.1 -22.0675 33 8.1 -22.1322 32.1 8.1 -22.1249 32 8.1 -22.1442 31.1 8.1 -22.1337 31 8.1 -22.1463 30.1 8.1 -22.1426 30 8.1 -22.1453 29.1 8.1 -22.142 29 8.1 -22.1414 21 8.1 -22.2346 20.9537 8.1 -23 20.545 8.1 -24 20.3554 8.1 -25 20.2629 8.1 -26 20.2772 8.1 -27 20.3826 8.1 -28 20.615 8.1 -28.0737 20.6552 8.1 -28.6579 21 8.1 -28.6567 29 8.1 -28.655 29.1 8.1 -28.6566 30 8.1 -28.6494 30.1 8.1 -28.6646 31 8.1 -28.6564 31.1 8.1 -28.6863 32 8.1 -28.6775 32.1 8.1 -28.7442 33 8.1 -28.7358 33.1 8.1 -28.766 33.2895 8.1 -28.7738 33.045 8.1 -28.716 32.3709 8.1 -28.7307 32.0832 8.1 -28.6945 31.409 8.1 -28.7106 31.1214 8.1 -28.6924 30.4473 8.1 -28.7075 30.1596 8.1 -28.7002 29.4855 8.1 -28.7066 29.1978 8.1 
9 10 0 8.1
2 8 12 
1
48
-19.5921 15.7325 8.1 -19.2875 14.9233 8.1 -19.1207 14.7707 8.1 -18.5364 14.6028 8.1 -18.3257 14.5301 8.1 -17.3639 14.4353 8.1 -16.6898 14.4211 8.1 -16.4021 14.4194 8.1 -15.728 14.4007 8.1 -15.4403 14.3976 8.1 -1.01329 14.1333 8.1 -0.051488 14.1948 8.1 -1.30258e-015 14.2389 8.1 -1.30258e-015 20.0744 8.1 -13 20.2246 8.1 -14 20.219 8.1 -15.1 20.2026 8.1 -16 20.2231 8.1 -17 20.2867 8.1 -18 20.4009 8.1 -18.1 20.4256 8.1 -19 20.6635 8.1 -19.062 20.6993 8.1 -19.5384 21 8.1 -19.5366 29.1 8.1 -19.5595 30 8.1 -19.5584 30.1 8.1 -19.6159 31 8.1 -19.6144 31.1 8.1 -19.6908 32 8.1 -19.6913 32.1 8.1 -19.8343 33 8.1 -19.8413 33.1 8.1 -19.9659 33.5924 8.1 -20 33.7478 8.1 -20.1403 34 8.1 -20.1935 34.0759 8.1 -20.1803 34.0068 8.1 -20.0852 33.6178 8.1 -19.9913 33.3327 8.1 -19.9617 33.045 8.1 -19.7946 32.3709 8.1 -19.7823 32.0832 8.1 -19.6774 31.4091 8.1 -19.6745 31.1214 8.1 -19.6143 30.4472 8.1 -19.6126 30.1596 8.1 -19.5911 29.4854 8.1 
10 11 0 9
1 9 
1
22
-28.2806 14.9966 9 -28.2071 14.7707 9 -28.0099 14.6722 9 -27.9437 14.6264 9 -27.2078 14.4762 9 -26.9819 14.4449 9 -24.0965 14.4429 9 -23.3606 14.54 9 -23.1347 14.5544 9 -22.7813 14.7082 9 -22.6785 14.7707 9 -22.6058 14.9966 9 -22.191 15.7325 9 -22.1942 20.9373 9 -23 20.5368 9 -24 20.352 9 -25 20.2608 9 -26 20.2757 9 -27 20.3779 9 -28 20.5983 9 -28.6364 20.9453 9 -28.6401 15.7325 9 
10 12 0 9
2 10 13 
1
31
-18.5033 14.5849 9 -18.3257 14.5151 9 -17.5898 14.4495 9 -17.3639 14.4423 9 -15.4403 14.4294 9 -14.4785 14.4104 9 -13.7426 14.3852 9 -13.5167 14.3824 9 -12.7808 14.3545 9 -12.5549 14.3507 9 -10.8572 14.3032 9 -10.6313 14.293 9 -9.89541 14.2742 9 -9.6695 14.2639 9 -8.7077 14.2368 9 -1.01329 14.1369 9 -0.051488 14.1981 9 -1.44731e-015 14.2421 9 -1.44731e-015 20.076 9 -13 20.2796 9 -14 20.2695 9 -16 20.2223 9 -17 20.285 9 -18 20.3954 9 -19 20.6422 9 -19.5361 20.9514 9 -19.538 15.7325 9 -19.3358 15.1782 9 -19.2875 15.0161 9 -19.2392 14.9523 9 -19.0421 14.7707 9 
11 13 0 9.9
2 12 14 
1
42
-18 14.4929 9.9 -18.532 14.542 9.9 -18.4869 14.5243 9.9 -18.3257 14.4683 9.9 -17.528 14.4429 9.9 -14.6426 14.4341 9.9 -14.4785 14.4402 9.9 -13.6808 14.4304 9.9 -13.5167 14.4442 9.9 -12.719 14.4306 9.9 -12.5549 14.4356 9.9 -11.7572 14.4152 9.9 -11.5931 14.403 9.9 -10.7954 14.367 9.9 -10.6313 14.3492 9.9 -9.83361 14.313 9.9 -9.6695 14.2994 9.9 -8.87181 14.2692 9.9 -8.7077 14.2596 9.9 -7.7459 14.2288 9.9 -1.01329 14.1406 9.9 -0.051488 14.2016 9.9 -1.59204e-015 14.2455 9.9 -1.59204e-015 20.0774 9.9 -9 20.2174 9.9 -9.9 20.2563 9.9 -10 20.2592 9.9 -10.9 20.3069 9.9 -11 20.3097 9.9 -11.9 20.3555 9.9 -13 20.377 9.9 -13.9 20.3538 9.9 -14 20.3528 9.9 -14.9 20.3064 9.9 -15 20.304 9.9 -15.9 20.2567 9.9 -16 20.2544 9.9 -16.3646 20.2568 9.9 -16.3646 17 9.9 -16.382 16 9.9 -16.4929 15 9.9 -17 14.4929 9.9 
12 14 0 10.8
2 13 18 
1
41
-16.95 14.4429 10.8 -15.5426 14.4458 10.8 -14.5808 14.4815 10.8 -14.4785 14.5023 10.8 -13.619 14.5745 10.8 -13.5167 14.6008 10.8 -12.5549 14.6319 10.8 -12.4672 14.6112 10.8 -12.4526 14.6074 10.8 -11.5931 14.5433 10.8 -10.7336 14.4499 10.8 -10.6313 14.4272 10.8 -9.7718 14.3561 10.8 -9.6695 14.3409 10.8 -8.81 14.2904 10.8 -8.7077 14.2821 10.8 -7.7459 14.2437 10.8 -1.01329 14.1446 10.8 -0.051488 14.2052 10.8 -1.73677e-015 14.249 10.8 -1.73677e-015 20.0793 10.8 -8 20.1993 10.8 -9 20.2429 10.8 -9.8 20.2984 10.8 -10 20.307 10.8 -10.8 20.3887 10.8 -11 20.3993 10.8 -11.8 20.5088 10.8 -12 20.519 10.8 -12.8 20.5797 10.8 -13 20.5838 10.8 -13.8 20.5114 10.8 -14 20.5063 10.8 -14.8 20.3974 10.8 -15 20.3871 10.8 -15.8 20.3079 10.8 -16.2466 20.2814 10.8 -16.2466 17 10.8 -16.2501 16.8 10.8 -16.282 16 10.8 -16.3929 15 10.8 
13 15 0 11.7
0 
1
18
-38.2059 15.5 11.7 -37.7261 15.7325 11.7 -37.7261 15.7339 11.7 -37.7483 21.5087 11.7 -37.7484 21.512 11.7 -37.751 22.2518 11.7 -37.7514 22.2755 11.7 -37.7516 22.4634 11.7 -37.7517 22.4652 11.7 -37.7636 28.0341 11.7 -37.8702 28.236 11.7 -38.015 28.6893 11.7 -38.058 28.7586 11.7 -38.2215 28.9896 11.7 -38.2211 24.9863 11.7 -38.221 24.9856 11.7 -38.2209 24.7169 11.7 -38.221 24.7166 11.7 
13 16 0 11.7
1 19 
1
34
-36.5999 14.7794 11.7 -36.5997 14.779 11.7 -36.5947 14.7707 11.7 -36.5745 14.7616 11.7 -36.5594 14.7554 11.7 -35.6381 14.5666 11.7 -34.7168 14.4505 11.7 -34.6763 14.4432 11.7 -32.7527 14.4429 11.7 -31.7909 14.6805 11.7 -31.6993 14.7707 11.7 -31.366 15.7325 11.7 -31.3631 15.773 11.7 -31.3389 16.6943 11.7 -31.3388 20.3206 11.7 -31.7 20.3094 11.7 -32 20.288 11.7 -32.6251 20.2664 11.7 -32.6229 17 11.7 -32.6976 16.3024 11.7 -32.6976 16 11.7 -33 15.8384 11.7 -34.1616 15.8384 11.7 -34.4187 16 11.7 -34.6535 16.3465 11.7 -34.6534 20.3374 11.7 -34.7 20.3421 11.7 -35 20.3636 11.7 -35.7 20.5054 11.7 -36 20.5372 11.7 -36.3 20.5792 11.7 -36.4051 20.6287 11.7 -36.4048 15 11.7 -36.7614 14.9445 11.7 
13 17 0 11.7
1 20 
1
31
-28.3055 14.7707 11.7 -27.9437 14.4933 11.7 -26.9819 14.4429 11.7 -23.1347 14.4532 11.7 -22.6928 14.7707 11.7 -22.3654 15.7325 11.7 -22.3624 15.773 11.7 -22.3336 16.6943 11.7 -22.3891 33.1371 11.7 -22.4038 33.1363 11.7 -23 33.0834 11.7 -23.0658 33.0794 11.7 -23.0223 21 11.7 -23.0986 20.9238 11.7 -23.5106 20.4679 11.7 -23.5093 17 11.7 -23.6469 16.3531 11.7 -23.6469 16 11.7 -24 15.8384 11.7 -27.1616 15.8384 11.7 -27.2767 16 11.7 -27.2898 16.7102 11.7 -27.2894 20.5367 11.7 -27.7527 21 11.7 -27.7145 33.077 11.7 -28 33.1004 11.7 -28.2885 33.117 11.7 -28.5961 33.144 11.7 -28.657 16.6943 11.7 -28.6365 15.773 11.7 -28.6336 15.7325 11.7 
13 18 0 11.7
3 14 21 22 
1
76
-18.1161 15.8839 11.7 -18.1789 16 11.7 -18.1766 20.2586 11.7 -18.7 20.2768 11.7 -19 20.2971 11.7 -19.6519 20.3161 11.7 -19.6358 15.773 11.7 -19.6329 15.7325 11.7 -19.3054 14.7707 11.7 -19.2875 14.752 11.7 -18.3257 14.4429 11.7 -16.4021 14.4429 11.7 -15.4808 14.4762 11.7 -15.4403 14.4799 11.7 -14.519 14.6665 11.7 -14.4785 14.6807 11.7 -14.1425 14.7707 11.7 -13.5984 15.2896 11.7 -13.5572 15.3251 11.7 -13.5167 15.4644 11.7 -12.5892 15.7184 11.7 -12.5549 15.7268 11.7 -12.5172 15.5799 11.7 -12.5144 15.5705 11.7 -11.7244 14.8018 11.7 -11.687 14.7707 11.7 -11.5931 14.7461 11.7 -11.5713 14.7363 11.7 -11.5526 14.7287 11.7 -10.6313 14.5243 11.7 -9.71 14.3874 11.7 -9.6695 14.3794 11.7 -8.7077 14.3024 11.7 -7.7459 14.2645 11.7 -1.01329 14.1489 11.7 -0.051488 14.2089 11.7 -1.8815e-015 14.2527 11.7 -1.8815e-015 20.0832 11.7 -8 20.2112 11.7 -9 20.2652 11.7 -9.7 20.3328 11.7 -10 20.3536 11.7 -10.7 20.487 11.7 -11 20.5177 11.7 -11.3 20.5587 11.7 -12 20.8799 11.7 -12.271 20.9005 11.7 -12.5532 20.9679 11.7 -12.5549 17.3355 11.7 -12.5754 20.9732 11.7 -12.6876 21 11.7 -12.6872 29 11.7 -12.7586 29.7586 11.7 -12.7958 30 11.7 -12.8344 30.2165 11.7 -12.9065 31 11.7 -13 31.3576 11.7 -13.108 31 11.7 -13.1067 30.8777 11.7 -13.189 30 11.7 -13.1941 29.7836 11.7 -13.254 29 11.7 -13.2537 21 11.7 -13.2828 20.9871 11.7 -13.7 20.8578 11.7 -14 20.8306 11.7 -14.7 20.5322 11.7 -15 20.4914 11.7 -15.7 20.3697 11.7 -16.7 20.2764 11.7 -16.9421 20.2606 11.7 -16.9421 17 11.7 -16.9821 16 11.7 -17 15.8384 11.7 -17.1616 15.8384 11.7 -18 15.8839 11.7 
14 19 0 12.6
2 16 23 
1
41
-36.0114 14.7707 12.6 -36.0109 14.7705 12.6 -35.6594 14.6257 12.6 -35.6381 14.6213 12.6 -35.6168 14.6186 12.6 -34.6763 14.4495 12.6 -32.7527 14.4429 12.6 -31.7909 14.6805 12.6 -31.6993 14.7707 12.6 -31.3621 15.7325 12.6 -31.2939 16.673 12.6 -31.2934 16.6943 12.6 -31.2851 20.2521 12.6 -31.6 20.2473 12.6 -32 20.2348 12.6 -32.6 20.2401 12.6 -33 20.2263 12.6 -33.6 20.2649 12.6 -34 20.2841 12.6 -34.6 20.3538 12.6 -35 20.3945 12.6 -35.4 20.4755 12.6 -35.7576 20.8331 12.6 -35.8733 21 12.6 -35.8483 32 12.6 -35.8368 32.3461 12.6 -35.8349 33 12.6 -35.8222 33.3501 12.6 -35.8189 34 12.6 -36 34.4281 12.6 -36.3969 34.6031 12.6 -36.4062 34.6407 12.6 -36.4255 34.0068 12.6 -36.4216 33.9104 12.6 -36.436 32.9428 12.6 -36.4808 32.0832 12.6 -36.4847 31.9526 12.6 -36.5631 30.1596 12.6 -36.5838 29.1978 12.6 -36.5885 15.7325 12.6 -36.5791 15.7105 12.6 
14 20 0 12.6
2 17 24 
1
21
-28.3055 14.7707 12.6 -27.9437 14.4933 12.6 -26.9819 14.4429 12.6 -23.1347 14.4532 12.6 -22.6928 14.7707 12.6 -22.3621 15.7325 12.6 -22.2936 16.673 12.6 -22.293 16.6943 12.6 -22.3425 33.9737 12.6 -23.2493 33.9223 12.6 -23.2058 21 12.6 -24 20.2058 12.6 -25 20.1809 12.6 -26 20.1857 12.6 -27 20.211 12.6 -27.789 21 12.6 -27.7422 33.9327 12.6 -28.6475 33.9853 12.6 -28.7062 16.6943 12.6 -28.7058 16.673 12.6 -28.6379 15.7325 12.6 
14 21 0 12.6
2 18 25 
1
27
-18.3257 14.4429 12.6 -16.4021 14.4429 12.6 -16.3808 14.4437 12.6 -15.4403 14.5299 12.6 -15.419 14.5342 12.6 -14.7356 14.7707 12.6 -14.4785 15.0244 12.6 -14.4572 15.0428 12.6 -14.454 15.0539 12.6 -14.2067 15.7325 12.6 -14.2077 20.9749 12.6 -14.5372 20.7809 12.6 -14.6 20.7369 12.6 -15 20.5664 12.6 -15.6 20.4347 12.6 -16 20.3651 12.6 -17 20.2682 12.6 -17.6 20.2334 12.6 -18 20.223 12.6 -18.6 20.2256 12.6 -19 20.2394 12.6 -19.6 20.2481 12.6 -19.7102 20.2513 12.6 -19.7055 16.673 12.6 -19.6379 15.7325 12.6 -19.3054 14.7707 12.6 -19.2875 14.752 12.6 
14 22 0 12.6
2 18 26 
1
24
-11.5961 15.4936 12.6 -11.5931 15.4911 12.6 -11.0883 14.7707 12.6 -11.0866 14.7699 12.6 -10.6526 14.5928 12.6 -10.6313 14.5881 12.6 -10.61 14.5849 12.6 -9.6695 14.4002 12.6 -8.7077 14.3329 12.6 -7.7459 14.2898 12.6 -1.01329 14.1532 12.6 -0.051488 14.2125 12.6 -2.02624e-015 14.2563 12.6 -2.02623e-015 20.0879 12.6 -8 20.2175 12.6 -9 20.2775 12.6 -10 20.3819 12.6 -10.6 20.5321 12.6 -11 20.6083 12.6 -11.3363 20.8238 12.6 -11.6786 20.9809 12.6 -11.6805 15.7325 12.6 -11.6796 15.729 12.6 -11.6144 15.5114 12.6 
15 23 0 13.5
2 19 27 
1
49
-36.4168 15.7325 13.5 -36.3666 15.6494 13.5 -36.0013 14.7707 13.5 -35.9703 14.7579 13.5 -35.6381 14.5736 13.5 -35.555 14.5587 13.5 -34.6763 14.4444 13.5 -32.7527 14.4429 13.5 -31.7909 14.6805 13.5 -31.6993 14.7707 13.5 -31.362 15.7325 13.5 -31.2894 16.6943 13.5 -31.2505 17.573 13.5 -31.2475 20.2067 13.5 -31.4994 20.2046 13.5 -31.5 20.2046 13.5 -32 20.197 13.5 -32.5 20.2162 13.5 -33 20.2206 13.5 -34 20.282 13.5 -34.5 20.3402 13.5 -34.8618 20.702 13.5 -35 20.904 13.5 -35.096 21 13.5 -35.0618 32 13.5 -34.9667 35 13.5 -34.9621 35.0873 13.5 -34.9317 36 13.5 -34.9223 36.1571 13.5 -34.9051 37 13.5 -34.9826 37.1919 13.5 -35 37.2319 13.5 -35.4443 37.5557 13.5 -35.4668 37.6082 13.5 -35.4602 37.5534 13.5 -35.4727 36.8922 13.5 -35.507 36.4545 13.5 -35.577 35.9304 13.5 -35.6381 35.6569 13.5 -35.7212 35.4718 13.5 -35.7015 35.3887 13.5 -35.7809 34.9686 13.5 -35.7835 34.8855 13.5 -35.7216 34.0068 13.5 -35.7229 33.9237 13.5 -36.2064 33.045 13.5 -36.2107 32.9619 13.5 -36.2885 32.0832 13.5 -36.3936 30.1596 13.5 
15 24 0 13.5
3 20 28 31 
1
50
-27.9437 14.4933 13.5 -26.9819 14.4429 13.5 -23.1347 14.4532 13.5 -22.6928 14.7707 13.5 -22.362 15.7325 13.5 -22.2894 16.6943 13.5 -22.2502 17.573 13.5 -22.3482 35.8473 13.5 -22.3988 36.8091 13.5 -22.4054 36.8922 13.5 -22.5168 37.7709 13.5 -22.5303 37.854 13.5 -22.5713 37.9084 13.5 -23.1227 38.5917 13.5 -23.1232 38.5922 13.5 -23.1347 38.6065 13.5 -23.2904 38.7871 13.5 -23.3134 38.8158 13.5 -23.4662 39.6945 13.5 -23.4572 39.7776 13.5 -23.5212 40.6563 13.5 -23.5609 40.9671 13.5 -23.6056 40.5 13.5 -23.5316 40 13.5 -23.429 39 13.5 -23.3858 38.5 13.5 -23.3542 38.0266 13.5 -23.1677 38 13.5 -23.351 37.9739 13.5 -23.1784 21 13.5 -24 20.1784 13.5 -25 20.1616 13.5 -27 20.1821 13.5 -27.8179 21 13.5 -27.6293 37.9953 13.5 -27.6628 38 13.5 -27.6286 38.0048 13.5 -27.591 38.4602 13.5 -27.7358 37.854 13.5 -27.9194 37.6408 13.5 -27.9437 37.6116 13.5 -27.9847 37.5577 13.5 -28.5269 36.8922 13.5 -28.5389 36.8091 13.5 -28.635 35.9304 13.5 -28.6397 35.8473 13.5 -28.7494 17.573 13.5 -28.7106 16.6943 13.5 -28.638 15.7325 13.5 -28.3055 14.7707 13.5 
15 25 0 13.5
2 21 29 
1
55
-19.2875 14.752 13.5 -18.3257 14.4429 13.5 -16.4021 14.4429 13.5 -15.4403 14.5428 13.5 -15.3804 14.5635 13.5 -14.887 14.7707 13.5 -14.5027 15.6494 13.5 -14.5007 15.6532 13.5 -14.4785 15.6751 13.5 -14.4576 15.7325 13.5 -14.4609 29.1978 13.5 -14.4127 30.0765 13.5 -14.4151 30.1596 13.5 -14.2546 31.0383 13.5 -14.2572 31.1214 13.5 -14.3902 32.0001 13.5 -14.3986 32.1663 13.5 -14.4119 32.2263 13.5 -14.5638 33.045 13.5 -14.5697 33.1313 13.5 -14.7812 34.0068 13.5 -14.7813 34.0928 13.5 -14.9914 34.9686 13.5 -14.9843 35.0667 13.5 -15.1823 35.9304 13.5 -15.1608 36.0549 13.5 -15.2641 36.8922 13.5 -15.1492 37.1392 13.5 -15.1423 37.854 13.5 -14.6101 38.2692 13.5 -14.7249 38.2751 13.5 -15 38.4924 13.5 -15.2379 38 13.5 -15.2094 37.7324 13.5 -15.3484 37 13.5 -15.2888 36.5548 13.5 -15.3085 36 13.5 -15.2559 35.5244 13.5 -15.2451 35 13.5 -15.2111 34.5444 13.5 -15.1666 33.6021 13.5 -15.1309 33 13.5 -15.0739 31 13.5 -15.0544 21 13.5 -15.1555 20.8989 13.5 -15.5 20.471 13.5 -16 20.3612 13.5 -17 20.267 13.5 -18 20.2112 13.5 -18.5 20.1973 13.5 -19.7499 20.2069 13.5 -19.7489 17.573 13.5 -19.7106 16.6943 13.5 -19.638 15.7325 13.5 -19.3054 14.7707 13.5 
15 26 0 13.5
2 22 30 
1
22
-11.0455 14.7707 13.5 -11.0072 14.7551 13.5 -10.6313 14.5504 13.5 -10.5482 14.5341 13.5 -9.6695 14.4135 13.5 -9.5864 14.4077 13.5 -7.7459 14.3176 13.5 -6.7841 14.2753 13.5 -1.01329 14.1575 13.5 -0.051488 14.2163 13.5 -2.17097e-015 14.2601 13.5 -2.17096e-015 20.0929 13.5 -8 20.2166 13.5 -9 20.2756 13.5 -9.5 20.323 13.5 -10 20.3778 13.5 -10.5 20.4681 13.5 -11 20.5933 13.5 -11.466 20.7863 13.5 -11.4673 15.7325 13.5 -11.4619 15.7133 13.5 -11.4172 15.6494 13.5 
16 27 0 14.4
2 23 32 
1
68
-36.0434 15 14.4 -36.1752 14.9474 14.4 -36.1147 14.7707 14.4 -36.0599 14.7403 14.4 -35.6381 14.4892 14.4 -35.4932 14.4703 14.4 -34.6763 14.4431 14.4 -32.7527 14.4429 14.4 -31.7909 14.6805 14.4 -31.6993 14.7707 14.4 -31.6214 14.9929 14.4 -35 14.9929 14.4 -35.291 15 14.4 -35.8242 15.1758 14.4 -35.8006 29.1994 14.4 -35.7391 30 14.4 -35.5918 31 14.4 -35.4949 31.5051 14.4 -35.1144 32.8856 14.4 -35.069 33 14.4 -35 33.2101 14.4 -34.6839 34 14.4 -34.2554 34.051 14.4 -34.254 34.0512 14.4 -34.2186 35 14.4 -34.1052 37 14.4 -34.1894 37.2082 14.4 -34.0857 38 14.4 -34.0876 38.0942 14.4 -34 38.7647 14.4 -33.9898 39 14.4 -33.998 39.0209 14.4 -34 39.0256 14.4 -34.7155 40 14.4 -34.744 40.256 14.4 -35 40.3867 14.4 -35.6059 40.2847 14.4 -34.8494 39.9135 14.4 -34.6782 39.9032 14.4 -34.6763 39.9032 14.4 -34.6362 39.7776 14.4 -34.5661 39.2917 14.4 -34.5648 38.8158 14.4 -34.6763 38.3201 14.4 -34.8188 37.9964 14.4 -34.8113 37.9589 14.4 -34.775 37.854 14.4 -34.7996 36.8922 14.4 -34.819 36.7473 14.4 -34.963 35.9304 14.4 -35.5042 35.1135 14.4 -35.5361 34.9686 14.4 -35.5231 34.8098 14.4 -35.5182 34.0068 14.4 -35.6381 33.8058 14.4 -35.6383 33.8056 14.4 -36.1636 33.1899 14.4 -36.2433 33.045 14.4 -36.2562 32.9001 14.4 -36.364 32.0832 14.4 -36.3755 31.8594 14.4 -36.2428 31.7572 14.4 -36.1561 31 14.4 -36.1253 30.8747 14.4 -36.0826 30 14.4 -36.444 29.7288 14.4 -36.4501 28.8557 14.4 -36.0502 28.9498 14.4 
16 28 0 14.4
2 24 33 
1
34
-27.3935 34.2208 14.4 -27.3181 37 14.4 -27.2647 38 14.4 -27.1822 39 14.4 -27.0687 39.9551 14.4 -27.2355 40 14.4 -27.0537 40.0489 14.4 -27 40.3202 14.4 -26.9249 41 14.4 -26.9076 41.1832 14.4 -26.814 42 14.4 -26.9191 42.3688 14.4 -26.9795 43 14.4 -26.9969 43.0937 14.4 -27 43.1015 14.4 -27.1273 43.2588 14.4 -27.0358 42.663 14.4 -27.0114 42.5181 14.4 -27.0896 41.7012 14.4 -27.1206 41.5563 14.4 -27.333 40.7394 14.4 -27.3526 40.5945 14.4 -27.4897 39.7776 14.4 -27.4897 39.7767 14.4 -27.4977 39.6327 14.4 -27.5795 38.8158 14.4 -27.6141 38.6709 14.4 -27.7957 37.854 14.4 -27.9437 37.682 14.4 -28.0331 37.5723 14.4 -28.6068 36.8922 14.4 -28.6227 36.7473 14.4 -28.6921 35.9304 14.4 -28.7376 34.2106 14.4 
16 29 0 14.4
2 25 34 
1
61
-18.3257 14.4429 14.4 -16.4021 14.4429 14.4 -16.2572 14.4581 14.4 -15.4403 14.5058 14.4 -15.3589 14.5399 14.4 -14.8807 14.7707 14.4 -14.5602 15.5876 14.4 -14.4968 15.7325 14.4 -14.5083 30.0147 14.4 -14.5012 30.1596 14.4 -14.4785 30.2662 14.4 -14.317 30.9765 14.4 -14.2905 31.1214 14.4 -14.3715 31.9383 14.4 -14.3934 32.0832 14.4 -14.4052 32.1466 14.4 -14.5199 32.9635 14.4 -14.535 33.045 14.4 -14.713 33.8619 14.4 -14.748 34.0068 14.4 -15.2542 34.8237 14.4 -15.2889 34.9686 14.4 -15.2263 35.7855 14.4 -15.2596 35.9304 14.4 -15.2774 36.0753 14.4 -15.2909 36.0992 14.4 -15.4403 36.4157 14.4 -15.646 36.8922 14.4 -15.6504 37.0441 14.4 -15.9459 37.854 14.4 -15.9246 38.04 14.4 -16.1352 38.8158 14.4 -16.0142 39.1368 14.4 -16.0266 39.7776 14.4 -15.4963 40.2121 14.4 -15.8311 40.1689 14.4 -16 40.2666 14.4 -16.1421 40 14.4 -16.123 39.8354 14.4 -16.2737 39 14.4 -16.2123 38.6339 14.4 -16.2054 38 14.4 -16.164 37.6459 14.4 -16.108 37 14.4 -16.0294 36 14.4 -16.0255 35.9249 14.4 -16 35.5597 14.4 -15.9381 35 14.4 -15.8634 34 14.4 -15.8188 33 14.4 -15.7499 21 14.4 -16 20.7499 14.4 -16.4 20.3058 14.4 -16.8397 20.2674 14.4 -16.8396 17 14.4 -16.8821 16 14.4 -16.9929 15 14.4 -17 14.9929 14.4 -19.3822 14.9929 14.4 -19.3054 14.7707 14.4 -19.2875 14.752 14.4 
16 30 0 14.4
2 26 35 
1
20
-11.0725 14.737 14.4 -10.6313 14.4776 14.4 -10.4864 14.4577 14.4 -9.5246 14.4209 14.4 -8.7077 14.3979 14.4 -6.7841 14.2986 14.4 -5.8223 14.26 14.4 -1.01329 14.1621 14.4 -0.051488 14.2203 14.4 -2.31569e-015 14.264 14.4 -2.31569e-015 20.0981 14.4 -6.4 20.1612 14.4 -9.4 20.2869 14.4 -10.4 20.382 14.4 -11 20.4904 14.4 -11.4 20.5398 14.4 -11.4746 20.5707 14.4 -11.4752 15.7325 14.4 -11.4139 15.5876 14.4 -11.1345 14.7707 14.4 
16 31 0 14.4
2 24 36 
1
34
-23.6028 34.2238 14.4 -22.2577 34.2103 14.4 -22.3301 36.7473 14.4 -22.3377 36.8922 14.4 -22.4136 37.7091 14.4 -22.432 37.854 14.4 -22.5249 37.9691 14.4 -23.1347 38.6981 14.4 -23.2371 38.8158 14.4 -23.4526 39.6327 14.4 -23.4709 39.7379 14.4 -23.471 39.7385 14.4 -23.4778 39.7776 14.4 -23.5847 40.5945 14.4 -23.5952 40.7394 14.4 -23.7477 41.5563 14.4 -23.7666 41.7012 14.4 -23.7946 42.5181 14.4 -23.768 42.663 14.4 -23.5784 43.2541 14.4 -23.7817 43 14.4 -23.8475 42.424 14.4 -24 42.2649 14.4 -24.1128 42 14.4 -24.0946 41.7539 14.4 -24.0249 41 14.4 -24.0207 40.9353 14.4 -24 40.7196 14.4 -23.9059 40.0834 14.4 -23.5655 40 14.4 -23.8854 39.9216 14.4 -23.7902 39 14.4 -23.7234 38 14.4 -23.675 37 14.4 
17 32 0 15.3
2 27 37 
1
41
-35.2435 34.8485 15.3 -35 34.8934 15.3 -34.0455 34.9801 15.3 -34 34.9855 15.3 -33.7789 35 15.3 -33.5553 35.4447 15.3 -33.451 35.615 15.3 -33.4491 35.6188 15.3 -33.4043 35.6919 15.3 -33.3502 37 15.3 -33.2134 39 15.3 -33.3763 39.4157 15.3 -33.276 40 15.3 -33.2903 40.3049 15.3 -33.2032 41 15.3 -33.2134 41.0194 15.3 -34 41.8379 15.3 -34.1783 41.8957 15.3 -34.5889 41.8091 15.3 -34.2373 41.7012 15.3 -33.8724 41.5433 15.3 -33.7145 41.1832 15.3 -33.6782 41.0874 15.3 -33.6075 40.7394 15.3 -33.7145 40.193 15.3 -33.8236 39.8867 15.3 -33.816 39.8512 15.3 -33.7925 39.7776 15.3 -33.8733 39.2397 15.3 -33.8993 39.0225 15.3 -33.8987 38.8158 15.3 -33.9459 38.6091 15.3 -34.1843 37.854 15.3 -34.5212 37.0989 15.3 -34.5256 36.8922 15.3 -34.658 35.9304 15.3 -34.6763 35.9044 15.3 -34.7165 35.8687 15.3 -35.3234 35.1752 15.3 -35.4603 34.9686 15.3 -35.4594 34.8211 15.3 
17 33 0 15.3
1 28 
1
22
-26.7926 37.0973 15.3 -26.6024 41 15.3 -26.5695 41.3 15.3 -26.5033 42 15.3 -26.4657 42.3 15.3 -26.6653 43 15.3 -26.7007 43.3 15.3 -26.7023 43.3084 15.3 -26.7089 42.663 15.3 -26.7468 42.3469 15.3 -26.8396 41.7012 15.3 -26.9819 41.2913 15.3 -27.0037 41.2219 15.3 -27.1304 40.9461 15.3 -27.1841 40.7394 15.3 -27.2188 40.5327 15.3 -27.5597 39.7776 15.3 -27.5804 39.5709 15.3 -27.6381 38.8158 15.3 -27.684 38.6091 15.3 -27.8393 37.854 15.3 -28.5004 37.0813 15.3 
17 34 0 15.3
2 29 38 
1
53
-16.4021 14.4429 15.3 -16.1954 14.455 15.3 -15.4403 14.4556 15.3 -14.804 14.7707 15.3 -14.7229 14.9774 15.3 -14.4831 15.4726 15.3 -14.4201 15.7325 15.3 -14.4283 30.1596 15.3 -14.3819 30.3663 15.3 -14.4141 31.8765 15.3 -14.4346 32.0832 15.3 -14.4531 32.2141 15.3 -14.4824 32.9692 15.3 -14.4929 33.045 15.3 -14.5689 33.8001 15.3 -14.6139 34.0068 15.3 -14.742 34.2135 15.3 -15.4354 34.9686 15.3 -15.3417 35.7237 15.3 -15.3258 35.9304 15.3 -15.3648 36.0129 15.3 -15.4403 36.2927 15.3 -15.5771 36.768 15.3 -15.6307 36.8922 15.3 -16.2054 37.6473 15.3 -16.2808 37.854 15.3 -16.3369 38.0607 15.3 -16.4021 38.3208 15.3 -16.506 38.8158 15.3 -16.5221 39.0401 15.3 -16.8491 39.7776 15.3 -16.8136 40.0605 15.3 -17.0194 40.7394 15.3 -16.6004 41.4831 15.3 -16.5762 41.6005 15.3 -17 41.6252 15.3 -17.1506 41 15.3 -17.1257 40.7968 15.3 -17.1427 40 15.3 -17.1077 39.7693 15.3 -17.024 38.9362 15.3 -17 38.7157 15.3 -16.8799 38 15.3 -16.7631 37 15.3 -16.691 36 15.3 -16.6398 35 15.3 -16.6262 34.6252 15.3 -16.3011 34.3 15.3 -16.2337 17 15.3 -16.2634 16.3 15.3 -16.282 16 15.3 -16.3929 15 15.3 -16.95 14.4429 15.3 
17 35 0 15.3
2 30 39 
1
23
-11.0929 14.7051 15.3 -10.6313 14.4491 15.3 -10.4246 14.4415 15.3 -9.6695 14.4376 15.3 -8.7077 14.4186 15.3 -6.7841 14.3236 15.3 -5.8223 14.278 15.3 -1.01329 14.1667 15.3 -0.051488 14.2241 15.3 -2.46043e-015 14.2677 15.3 -2.46042e-015 20.1033 15.3 -7.3 20.1909 15.3 -8 20.2079 15.3 -8.3 20.2074 15.3 -9.3 20.2498 15.3 -10 20.2959 15.3 -10.3 20.3112 15.3 -11 20.3781 15.3 -11.3 20.3922 15.3 -11.5677 20.4253 15.3 -11.5678 15.7325 15.3 -11.4971 15.5258 15.3 -11.2045 14.7707 15.3 
17 36 0 15.3
2 31 40 
1
21
-24.2029 37.1019 15.3 -22.3049 37.0809 15.3 -22.3441 37.6473 15.3 -22.3633 37.854 15.3 -23.181 38.8158 15.3 -23.3686 39.5709 15.3 -23.4231 39.7776 15.3 -23.5097 40.5327 15.3 -23.5367 40.7394 15.3 -23.7253 41.7012 15.3 -23.9241 42.4563 15.3 -23.9312 42.663 15.3 -23.8649 42.8697 15.3 -24.0576 43.5889 15.3 -24.0994 43.3 15.3 -24.0359 43 15.3 -24.344 42.3 15.3 -24.453 42 15.3 -24.4013 41.3 15.3 -24.3745 41 15.3 -24.3101 40 15.3 
18 37 0 16.2
2 32 41 
1
30
-32.9212 41.7012 16.2 -32.9932 41.5242 16.2 -33.1117 41.0079 16.2 -33.0571 40.7394 16.2 -33.1206 40.4709 16.2 -33.2643 39.7776 16.2 -33.5286 39.0843 16.2 -33.5546 38.8158 16.2 -33.7145 38.0945 16.2 -33.79 37.854 16.2 -33.8085 37.8405 16.2 -33.8725 37.766 16.2 -33.4395 37.8039 16.2 -33.3233 37.8175 16.2 -33.3161 37.8185 16.2 -33 37.8555 16.2 -32.5036 37.8892 16.2 -32.4446 39 16.2 -32.3649 40 16.2 -32.2654 41 16.2 -32.5043 41.5703 16.2 -32.4294 42 16.2 -32.4856 42.1581 16.2 -33 42.9794 16.2 -33.0305 42.9966 16.2 -33.073 43 16.2 -33.71 43.0746 16.2 -32.9162 42.663 16.2 -33.0785 42.0269 16.2 -32.9408 41.728 16.2 
18 38 0 16.2
2 34 43 
1
59
-14.5638 15.1714 16.2 -14.4785 15.3475 16.2 -14.4561 15.4399 16.2 -14.376 15.7325 16.2 -14.3444 16.4258 16.2 -14.3446 20.4577 16.2 -14.8327 20.8915 16.2 -14.9412 21 16.2 -14.842 34 16.2 -14.8199 34.3726 16.2 -15.388 34.9604 16.2 -15.3953 34.9686 16.2 -15.388 35.0171 16.2 -15.3612 35.2371 16.2 -15.4187 35.9304 16.2 -15.4403 36.0104 16.2 -15.4451 36.0299 16.2 -15.4937 36.1989 16.2 -15.5824 36.8922 16.2 -15.7867 37.1607 16.2 -16.3982 37.854 16.2 -16.4021 37.869 16.2 -16.6104 38.8158 16.2 -17.1262 39.5091 16.2 -17.2452 39.7776 16.2 -17.3266 40.0461 16.2 -17.3519 40.0942 16.2 -17.3639 40.116 16.2 -17.6376 40.7394 16.2 -17.641 41.0478 16.2 -17.894 41.7012 16.2 -17.7465 42.1915 16.2 -17.7689 42.663 16.2 -17.3639 43.068 16.2 -16.8942 43.0474 16.2 -17 43.137 16.2 -17.1114 43.1662 16.2 -17.1813 43.1813 16.2 -17.6294 43 16.2 -18 42.616 16.2 -18.1194 42 16.2 -18.0873 41.8416 16.2 -18.0134 41 16.2 -18 40.9011 16.2 -17.8187 40 16.2 -17.667 39 16.2 -17.5757 38 16.2 -17.5655 37.8356 16.2 -17 37.7802 16.2 -16.8857 37.6702 16.2 -16.4154 37.2 16.2 -16.3412 36.2 16.2 -16.2133 17.2 16.2 -16.22 17 16.2 -16.282 16 16.2 -16.3929 15 16.2 -16.95 14.4429 16.2 -15.4403 14.4431 16.2 -14.7829 14.7707 16.2 
18 39 0 16.2
2 35 42 
1
25
-2.60516e-015 20.1086 16.2 -9 20.2338 16.2 -9.2 20.2296 16.2 -10 20.2594 16.2 -10.2 20.2554 16.2 -11 20.2962 16.2 -11.2 20.3007 16.2 -11.6494 20.3217 16.2 -11.6493 16.6943 16.2 -11.6201 16.0051 16.2 -11.6199 15.7325 16.2 -11.5931 15.6252 16.2 -11.3319 15.0478 16.2 -11.3283 15.0392 16.2 -11.2242 14.7707 16.2 -10.6313 14.4434 16.2 -9.6695 14.442 16.2 -8.7077 14.4317 16.2 -8.4392 14.4209 16.2 -7.7459 14.4029 16.2 -5.8223 14.2975 16.2 -4.8605 14.2574 16.2 -1.01329 14.1715 16.2 -0.051488 14.2281 16.2 -2.60516e-015 14.2717 16.2 
18 40 0 16.2
1 36 
1
21
-23.1317 38.8048 16.2 -23.1347 38.8077 16.2 -23.1416 38.8158 16.2 -23.3018 39.5091 16.2 -23.3685 39.7776 16.2 -23.4299 40.4709 16.2 -23.4606 40.7394 16.2 -23.5713 41.4327 16.2 -23.6246 41.7012 16.2 -23.9601 42.3945 16.2 -24.0307 42.663 16.2 -24.0682 42.8209 16.2 -24.0965 42.898 16.2 -24.1617 43.1165 16.2 -24.1674 43 16.2 -24.4582 42.2 16.2 -24.4325 42 16.2 -24.3444 41 16.2 -24.281 40 16.2 -24.2047 37.9999 16.2 -22.4266 37.9848 16.2 
19 41 0 17.1
1 37 
1
40
-34.6763 43.0047 17.1 -34.346 43.2341 17.1 -33.9115 43.6248 17.1 -33.7145 43.7738 17.1 -33.2607 43.7943 17.1 -32.7527 44.0327 17.1 -31.987 43.6248 17.1 -31.9867 42.8588 17.1 -31.9161 42.7156 17.1 -31.8859 42.663 17.1 -32.1884 42.0315 17.1 -32.2431 41.7012 17.1 -32.5882 41.0697 17.1 -32.6701 40.7394 17.1 -32.864 39.7776 17.1 -32.8777 39.7677 17.1 -32.9868 39.6331 17.1 -32.7529 39.6552 17.1 -32 39.7422 17.1 -31.584 39.7723 17.1 -31.571 40 17.1 -31.4956 41 17.1 -31.3945 42 17.1 -31.7 42.7978 17.1 -31.6536 43 17.1 -31.7449 43.3134 17.1 -32 43.8049 17.1 -32.2516 44 17.1 -32.6713 44.1013 17.1 -32.7722 44.0727 17.1 -33 44.1219 17.1 -33.1323 44.0727 17.1 -33.2185 44 17.1 -33.2323 43.9824 17.1 -34 43.686 17.1 -34.6609 43.0824 17.1 -34.7137 43 17.1 -34.7137 42.9997 17.1 -34.7216 42.9594 17.1 -34.7085 42.9759 17.1 
19 42 0 17.1
2 39 44 
1
27
-2.74989e-015 20.1135 17.1 -4 20.1854 17.1 -5 20.2144 17.1 -5.1 20.2197 17.1 -6 20.2466 17.1 -6.1 20.2523 17.1 -7.1 20.2826 17.1 -8 20.2978 17.1 -9 20.2948 17.1 -9.1 20.2898 17.1 -10 20.271 17.1 -10.1 20.2651 17.1 -11 20.2471 17.1 -11.1 20.2422 17.1 -11.6828 20.2552 17.1 -11.675 16.6943 17.1 -11.6346 15.7325 17.1 -11.5931 15.5696 17.1 -11.2262 14.7707 17.1 -10.6313 14.4429 17.1 -8.7077 14.4393 17.1 -7.7459 14.4226 17.1 -5.8223 14.3187 17.1 -4.8605 14.2735 17.1 -1.01329 14.1769 17.1 -0.051488 14.2326 17.1 -2.74989e-015 14.2761 17.1 
19 43 0 17.1
2 38 45 
1
27
-16.95 14.4429 17.1 -15.4403 14.4429 17.1 -14.7825 14.7707 17.1 -14.4785 15.3196 17.1 -14.3639 15.7325 17.1 -14.3194 16.364 17.1 -14.3043 16.6943 17.1 -14.2895 17.3258 17.1 -14.2895 20.2519 17.1 -15.1 20.2343 17.1 -15.5528 20.6602 17.1 -15.8926 21 17.1 -15.7356 36.3206 17.1 -15.6684 37.1245 17.1 -15.7706 37.2403 17.1 -16.3435 37.8479 17.1 -16.3495 37.854 17.1 -16.4021 38.0311 17.1 -16.4463 38.2115 17.1 -16.4285 38.1 17.1 -16.3448 37.1 17.1 -16.2914 36.1 17.1 -16.1844 18.1 17.1 -16.1861 18 17.1 -16.22 17 17.1 -16.282 16 17.1 -16.3929 15 17.1 
20 44 0 18
2 42 46 
1
27
-2.89462e-015 20.118 18 -7 20.3579 18 -8 20.3995 18 -9 20.3944 18 -11.6584 20.2534 18 -11.6537 16.6943 18 -11.6201 15.7325 18 -11.6024 15.6635 18 -11.5931 15.6227 18 -11.3758 15.0938 18 -11.2262 14.7707 18 -10.6313 14.4429 18 -10.2392 14.4429 18 -9.6695 14.4629 18 -9.2774 14.4624 18 -8.7077 14.5006 18 -7.7459 14.496 18 -7.3538 14.4774 18 -6.7841 14.4292 18 -6.392 14.4061 18 -5.8223 14.3533 18 -5.4302 14.3341 18 -4.8605 14.2959 18 -3.89869 14.2544 18 -1.01329 14.1827 18 -0.051488 14.2371 18 -2.89462e-015 14.2805 18 
20 45 0 18
2 43 47 
1
15
-15.4403 14.4429 18 -14.7825 14.7707 18 -14.4785 15.3159 18 -14.362 15.7325 18 -14.2912 16.6943 18 -14.2672 17.264 18 -14.2501 20.2061 18 -16 20.1809 18 -16.1641 20.345 18 -16.1641 19 18 -16.1803 18 18 -16.22 17 18 -16.282 16 18 -16.3929 15 18 -16.95 14.4429 18 
21 46 0 18.9
3 44 52 53 
1
42
-3.03935e-015 20.1215 18.9 -3 20.187 18.9 -4 20.226 18.9 -4.9 20.2795 18.9 -5 20.2835 18.9 -5.9 20.366 18.9 -6 20.3713 18.9 -6.9 20.4972 18.9 -7 20.503 18.9 -7.9 20.6259 18.9 -8 20.6301 18.9 -8.9 20.6108 18.9 -9 20.6103 18.9 -9.9 20.4707 18.9 -10 20.4658 18.9 -10.9 20.3526 18.9 -11 20.3467 18.9 -11.6031 20.297 18.9 -11.6033 16.6943 18.9 -11.5841 15.7325 18.9 -11.5767 15.7 18.9 -11.4035 15.2786 18.9 -11.2051 14.7707 18.9 -10.9244 14.616 18.9 -10.6313 14.4648 18.9 -10.1774 14.4807 18.9 -9.6695 14.5703 18.9 -9.2156 14.6008 18.9 -8.7077 14.7277 18.9 -8.09769 14.6868 18.9 -7.7459 14.6871 18.9 -7.238 14.595 18.9 -6.3302 14.5145 18.9 -5.8223 14.4094 18.9 -5.3684 14.379 18.9 -4.8605 14.3254 18.9 -4.4066 14.3039 18.9 -3.89869 14.2713 18.9 -2.93689 14.2345 18.9 -1.01329 14.1876 18.9 -0.051488 14.2407 18.9 -3.03936e-015 14.284 18.9 
21 47 0 18.9
1 45 
1
14
-15.4403 14.6335 18.9 -15.1649 14.7707 18.9 -15.0376 14.999 18.9 -14.6973 15.5366 18.9 -14.5642 15.7325 18.9 -14.4785 16.3943 18.9 -14.4583 16.6943 18.9 -14.4223 17.6561 18.9 -14.4057 20.1777 18.9 -16.1467 20.157 18.9 -16.22 17 18.9 -16.282 16 18.9 -16.3929 15 18.9 -16.7594 14.6334 18.9 
22 48 0 19.8
0 
1
25
-43.2085 15.5912 19.8 -43.029 15.7325 19.8 -43.0315 16.8071 19.8 -43.0316 16.8125 19.8 -43.0515 28.517 19.8 -43.0364 29.1978 19.8 -43.0255 29.5049 19.8 -42.9391 30.0759 19.8 -42.9385 30.0804 19.8 -42.9265 30.1596 19.8 -42.9013 30.5909 19.8 -42.7884 31.1214 19.8 -42.7262 31.7278 19.8 -42.6217 32.0494 19.8 -42.6147 32.0832 19.8 -42.5225 32.8889 19.8 -42.5122 32.9395 19.8 -42.7773 32.2227 19.8 -42.8093 32 19.8 -43 31.5754 19.8 -43.0886 31 19.8 -43.1656 30 19.8 -43.2151 29 19.8 -43.2144 25.5075 19.8 -43.2143 25.5074 19.8 
22 49 0 19.8
1 54 
1
32
-41.8823 15.7325 19.8 -41.409 15.2942 19.8 -41.3425 15.1331 19.8 -41.1034 14.7707 19.8 -40.9629 14.7143 19.8 -40.4472 14.6479 19.8 -40.1847 14.7422 19.8 -40.0854 14.7707 19.8 -39.7571 15.2169 19.8 -39.4864 15.7325 19.8 -39.4836 20.6134 19.8 -39.7451 20.8749 19.8 -39.8515 21 19.8 -39.8031 33 19.8 -39.7763 34 19.8 -40 34.3979 19.8 -40.3712 34.5483 19.8 -40.9445 34.9459 19.8 -40.8231 34.1769 19.8 -40.8107 34 19.8 -40.5872 33.4128 19.8 -40.563 33 19.8 -41 32.6658 19.8 -41.389 32.5941 19.8 -41.409 32.2344 19.8 -41.4476 32.0832 19.8 -41.4387 32.0535 19.8 -41.7444 31.1214 19.8 -41.7214 30.809 19.8 -41.823 30.1596 19.8 -41.8107 29.7579 19.8 -41.8572 29.1978 19.8 
22 50 0 19.8
1 55 
1
19
-32.7527 14.5977 19.8 -31.9767 14.7707 19.8 -31.7909 14.8924 19.8 -31.6995 15.2169 19.8 -31.5187 15.7325 19.8 -31.4456 16.6943 19.8 -31.4073 17.5047 19.8 -36.4963 17.5037 19.8 -36.6192 17.5299 19.8 -36.5999 17.0623 19.8 -36.5748 16.6943 19.8 -36.4984 16.0858 19.8 -36.46 15.7325 19.8 -36.4232 15.6528 19.8 -36.1539 15.2151 19.8 -35.9542 14.779 19.8 -35.9493 14.771 19.8 -35.9492 14.7707 19.8 -35.6381 14.5977 19.8 
22 51 0 19.8
1 56 
1
11
-27.9437 14.4933 19.8 -26.9819 14.4429 19.8 -23.1347 14.4532 19.8 -22.6928 14.7707 19.8 -22.362 15.7325 19.8 -22.2891 16.6943 19.8 -22.2511 17.5045 19.8 -28.7489 17.5047 19.8 -28.7109 16.6943 19.8 -28.638 15.7325 19.8 -28.3055 14.7707 19.8 
22 52 0 19.8
2 46 58 
1
26
-3.18409e-015 20.1238 19.8 -3 20.1955 19.8 -4 20.2416 19.8 -4.8 20.3034 19.8 -5 20.3153 19.8 -5.8 20.4298 19.8 -6 20.4481 19.8 -6.8 20.7202 19.8 -7.2 20.7755 19.8 -7.4833 20.9312 19.8 -7.56633 20.9683 19.8 -7.56713 15.7325 19.8 -7.35133 15.2942 19.8 -7.2998 15.0779 19.8 -7.16224 15.0006 19.8 -6.9643 14.7707 19.8 -6.7841 14.7379 19.8 -6.338 14.5766 19.8 -5.8223 14.4698 19.8 -5.3066 14.4153 19.8 -4.8605 14.3525 19.8 -3.89869 14.2854 19.8 -2.93689 14.2426 19.8 -1.01329 14.191 19.8 -0.051488 14.2432 19.8 -3.18408e-015 14.2865 19.8 
22 53 0 19.8
2 46 57 
1
38
-11.5434 15.7325 19.8 -11.342 15.2168 19.8 -11.1308 14.7707 19.8 -10.8332 14.6171 19.8 -10.6313 14.5271 19.8 -10.1156 14.6181 19.8 -9.70591 14.7707 19.8 -9.6695 14.8197 19.8 -9.1538 15.234 19.8 -9.00949 15.6168 19.8 -8.97427 15.7325 19.8 -8.97301 28.8995 19.8 -8.9737 29.8632 19.8 -8.98678 30.1596 19.8 -9.00754 30.4594 19.8 -8.98011 31.8107 19.8 -9.07174 32.0832 19.8 -9.02311 32.7296 19.8 -9.19459 33.045 19.8 -8.99314 33.7213 19.8 -9.32041 34.0068 19.8 -8.79021 34.241 19.8 -8.86196 34.394 19.8 -9 34.9826 19.8 -9.00675 34.9933 19.8 -9.00661 35 19.8 -10 35.8342 19.8 -10.221 35.779 19.8 -10.2026 36 19.8 -10.4171 36.5829 19.8 -11 36.5017 19.8 -11.2843 36 19.8 -11.2446 35.4252 19.8 -11.2331 35 19.8 -11.2094 34.4524 19.8 -11.1297 21 19.8 -11.4343 20.6955 19.8 -11.5487 20.5748 19.8 
23 54 0 20.7
2 49 59 
1
67
-39.973 15.155 20.7 -39.548 15.7325 20.7 -39.5485 26.3123 20.7 -39.5731 26.6966 20.7 -39.5776 27.2742 20.7 -39.7436 27.6585 20.7 -39.7558 28.236 20.7 -39.566 28.6203 20.7 -39.5513 29.1978 20.7 -39.5723 30.1596 20.7 -39.6022 30.5439 20.7 -39.6238 31.1214 20.7 -39.5831 31.5057 20.7 -39.5378 32.0832 20.7 -39.4978 32.094 20.7 -39.4854 32.1014 20.7 -38.5235 32.9345 20.7 -38.4441 33.045 20.7 -38.4789 34.0068 20.7 -38.5102 34.4772 20.7 -38.5235 34.6364 20.7 -38.5822 34.8615 20.7 -38.5919 34.9686 20.7 -38.7791 35.3529 20.7 -38.8801 35.9304 20.7 -38.6344 36.0808 20.7 -38.5235 36.1555 20.7 -37.9911 36.6582 20.7 -37.7098 36.8922 20.7 -37.8771 37.4697 20.7 -38.3974 37.6817 20.7 -38.5235 37.7369 20.7 -38.5996 37.6817 20.7 -39.1854 37.4697 20.7 -39.4416 36.8922 20.7 -39.4854 36.8312 20.7 -39.7073 36.5936 20.7 -39.7477 36.5079 20.7 -39.9008 35.9304 20.7 -40.0685 35.3529 20.7 -40.1525 34.9686 20.7 -40.328 34.5843 20.7 -40.4456 34.0333 20.7 -40.4521 34.0068 20.7 -40.5539 33.673 20.7 -40.5653 33.6225 20.7 -40.6675 33.045 20.7 -40.7512 32.4675 20.7 -40.9112 31.5057 20.7 -40.9547 31.1214 20.7 -41.0089 30.5439 20.7 -41.0356 30.1596 20.7 -41.06 29.5821 20.7 -41.0683 29.1978 20.7 -41.0127 28.6203 20.7 -40.869 28.236 20.7 -40.9126 27.6585 20.7 -41.0001 27.2742 20.7 -41.0166 26.6966 20.7 -41.0753 26.3123 20.7 -41.0781 15.7325 20.7 -40.6971 15.155 20.7 -40.5576 14.7707 20.7 -40.4671 14.7338 20.7 -40.4472 14.7203 20.7 -40.3188 14.7573 20.7 -40.2689 14.7707 20.7 
23 55 0 20.7
1 50 
1
16
-32.7527 16.5505 20.7 -32.709 16.6943 20.7 -32.5282 17.6561 20.7 -32.4044 18.6179 20.7 -32.3137 19.5797 20.7 -32.2729 20.1457 20.7 -32.3 20.1186 20.7 -35.3 20.1487 20.7 -35.7934 20.642 20.7 -35.7933 19.5797 20.7 -35.7774 18.6179 20.7 -35.737 17.7784 20.7 -35.733 17.6561 20.7 -35.6587 16.7208 20.7 -35.657 16.6943 20.7 -35.6381 16.5505 20.7 
23 56 0 20.7
2 51 60 
1
19
-27.9437 14.4933 20.7 -26.9819 14.4429 20.7 -23.1347 14.4532 20.7 -22.6928 14.7707 20.7 -22.362 15.7325 20.7 -22.2891 16.6943 20.7 -22.244 17.6561 20.7 -22.168 20.985 20.7 -22.183 21 20.7 -22.1708 36.3461 20.7 -22.197 37.854 20.7 -22.1974 37.8545 20.7 -27.9455 37.8516 20.7 -28.8002 36.8922 20.7 -28.8332 35.9304 20.7 -28.756 17.6561 20.7 -28.7109 16.6943 20.7 -28.638 15.7325 20.7 -28.3055 14.7707 20.7 
23 57 0 20.7
2 53 61 
1
44
-9.96888 15.155 20.7 -9.78125 15.4888 20.7 -9.6695 15.6391 20.7 -9.64107 15.7325 20.7 -9.65274 29.1978 20.7 -9.72578 30.7371 20.7 -9.75734 31.1214 20.7 -9.87521 31.5057 20.7 -9.95508 32.0832 20.7 -10.1343 33.045 20.7 -10.3585 34.0068 20.7 -10.476 34.5843 20.7 -10.6242 34.9686 20.7 -10.6313 34.9913 20.7 -10.7249 35.4015 20.7 -10.7706 35.5461 20.7 -10.9193 35.9304 20.7 -11.1204 36.5079 20.7 -11.3275 36.8922 20.7 -11.5931 37.4877 20.7 -11.8629 36.8922 20.7 -11.9291 36.8015 20.7 -12.1686 36.5079 20.7 -12.3073 35.9304 20.7 -12.3808 35.3528 20.7 -12.4836 34.9686 20.7 -12.5062 34.3911 20.7 -12.5368 34.0068 20.7 -11.5931 33.1606 20.7 -11.4893 33.1101 20.7 -11.4133 33.045 20.7 -11.405 32.4675 20.7 -11.4086 32.0832 20.7 -11.4349 31.5057 20.7 -11.4866 31.1214 20.7 -11.4958 30.5439 20.7 -11.5075 30.1596 20.7 -11.5199 15.7325 20.7 -11.2466 15.155 20.7 -11.0436 14.7707 20.7 -10.7822 14.6542 20.7 -10.6313 14.5913 20.7 -10.3187 14.7078 20.7 -10.1706 14.7707 20.7 
23 58 0 20.7
2 52 62 
1
21
-6.27452 14.826 20.7 -6.23678 14.7707 20.7 -5.8223 14.6221 20.7 -5.69926 14.6085 20.7 -4.8605 14.4882 20.7 -3.89869 14.4134 20.7 -2.93689 14.3667 20.7 -1.01329 14.3122 20.7 -0.435789 14.3434 20.7 -0.051488 14.3435 20.7 -3.32882e-015 14.3867 20.7 -3.32882e-015 20.1248 20.7 -3 20.1992 20.7 -4 20.2484 20.7 -5 20.3299 20.7 -5.7 20.4462 20.7 -6 20.4891 20.7 -6.58066 20.7747 20.7 -6.58067 15.7325 20.7 -6.51838 15.4526 20.7 -6.3998 15.1236 20.7 
24 59 0 21.6
1 54 
1
58
-40.5098 15.0932 21.6 -40.462 14.9325 21.6 -40.4472 14.8647 21.6 -40.3642 14.958 21.6 -39.8979 15.2584 21.6 -39.533 15.7325 21.6 -39.5337 26.3123 21.6 -39.5643 26.7898 21.6 -39.5643 27.2742 21.6 -39.7706 27.7517 21.6 -39.7709 28.236 21.6 -39.5348 28.7141 21.6 -39.5358 29.1978 21.6 -39.5499 29.6859 21.6 -39.5568 30.1596 21.6 -39.6308 31.1214 21.6 -39.5632 31.7607 21.6 -39.552 31.7887 21.6 -39.5143 32.0832 21.6 -39.4854 32.091 21.6 -39.1629 32.378 21.6 -38.5235 32.9294 21.6 -38.441 33.045 21.6 -38.4502 33.3675 21.6 -38.4776 34.0068 21.6 -38.5235 34.5953 21.6 -38.6206 34.9686 21.6 -38.7608 35.2911 21.6 -39.072 35.9304 21.6 -38.9318 36.2535 21.6 -38.5235 36.5034 21.6 -38.056 36.8922 21.6 -38.5235 37.0967 21.6 -38.8058 36.8922 21.6 -39.1623 36.396 21.6 -39.4854 36.1248 21.6 -39.5527 35.9822 21.6 -39.599 35.9304 21.6 -39.7388 35.2911 21.6 -39.6926 34.9686 21.6 -39.9844 34.3293 21.6 -40.2576 34.0068 21.6 -40.297 33.6843 21.6 -40.4472 33.092 21.6 -40.4578 33.045 21.6 -40.4768 32.7225 21.6 -40.5874 32.0832 21.6 -40.6598 31.4439 21.6 -40.671 31.1214 21.6 -40.7154 30.4821 21.6 -40.7355 29.5203 21.6 -40.7365 29.1978 21.6 -40.4974 28.5585 21.6 -40.4978 28.236 21.6 -40.6434 27.5967 21.6 -40.6434 27.2742 21.6 -40.7412 26.6348 21.6 -40.7418 15.7325 21.6 
24 60 0 21.6
2 56 63 
1
36
-28.638 15.7325 21.6 -28.3055 14.7707 21.6 -27.9437 14.4933 21.6 -26.9819 14.4429 21.6 -23.1347 14.4532 21.6 -22.6928 14.7707 21.6 -22.362 15.7325 21.6 -22.2891 16.6942 21.6 -22.2891 16.6943 21.6 -22.1714 36.8934 21.6 -22.1884 37.854 21.6 -23.0286 38.8158 21.6 -23.1347 39.25 21.6 -23.2256 39.7776 21.6 -23.2586 40.7394 21.6 -23.3163 41.7012 21.6 -24.0634 42.7311 21.6 -24.0965 42.7788 21.6 -24.2177 42.9938 21.6 -25 42.9769 21.6 -25.8206 42.9868 21.6 -25.8213 42.9855 21.6 -25.9907 42.663 21.6 -26.0201 42.6354 21.6 -26.69 41.7012 21.6 -26.9819 40.7983 21.6 -27.0084 40.7394 21.6 -27.7563 39.7776 21.6 -27.7983 38.8158 21.6 -27.9437 37.8799 21.6 -27.9439 37.8791 21.6 -27.9494 37.854 21.6 -28.8068 36.8922 21.6 -28.8383 35.9304 21.6 -28.7109 16.6943 21.6 -28.7109 16.6942 21.6 
24 61 0 21.6
2 57 64 
1
42
-11.5333 15.7325 21.6 -11.1957 15.0932 21.6 -11.0535 14.7707 21.6 -10.8025 14.6661 21.6 -10.6313 14.586 21.6 -10.385 14.6905 21.6 -10.1864 14.7707 21.6 -9.8508 15.41 21.6 -9.72694 15.6613 21.6 -9.71301 15.7325 21.6 -9.71691 29.1978 21.6 -9.73742 29.6923 21.6 -9.74868 30.1596 21.6 -9.80426 30.4821 21.6 -9.85677 31.1214 21.6 -10.0813 31.4439 21.6 -10.2774 32.0832 21.6 -10.2973 32.4057 21.6 -10.4112 33.045 21.6 -10.4376 33.3675 21.6 -10.592 34.0068 21.6 -10.6266 34.1259 21.6 -10.6677 34.4484 21.6 -10.8234 34.9686 21.6 -10.9538 35.2911 21.6 -11.2012 35.9304 21.6 -11.4374 36.4189 21.6 -11.5931 36.7187 21.6 -11.9914 36.2302 21.6 -12.2262 35.9304 21.6 -12.3974 35.2911 21.6 -12.467 34.9686 21.6 -12.5179 34.3293 21.6 -12.5356 34.0068 21.6 -11.5931 33.1564 21.6 -11.4619 33.129 21.6 -11.2892 33.045 21.6 -11.3021 32.0832 21.6 -11.388 31.4439 21.6 -11.4858 31.1214 21.6 -11.5054 30.4821 21.6 -11.5211 30.1596 21.6 
24 62 0 21.6
1 58 
1
14
-3.47354e-015 15.2013 21.6 -3.47355e-015 20.1243 21.6 -0.000363289 20.1243 21.6 -4 20.2444 21.6 -5 20.3214 21.6 -5.0431 20.3269 21.6 -5.04342 15.7325 21.6 -4.8605 15.6263 21.6 -3.89869 15.3404 21.6 -2.93689 15.1635 21.6 -1.97509 15.0421 21.6 -1.01329 14.9537 21.6 -0.783253 15.0007 21.6 -0.051488 15.0004 21.6 
25 63 0 22.5
1 60 
1
22
-22.6316 38.3669 22.5 -23.0238 38.8158 22.5 -23.1347 39.2845 22.5 -23.2169 39.7776 22.5 -23.2472 40.7394 22.5 -23.2997 41.7012 22.5 -23.9937 42.663 22.5 -24.0657 42.7668 22.5 -24.0965 42.8128 22.5 -24.2135 43.0275 22.5 -24.5504 43.6248 22.5 -25.0583 44.3276 22.5 -25.5046 43.6248 22.5 -26.0066 42.663 22.5 -26.0073 42.6624 22.5 -26.0201 42.6501 22.5 -26.7025 41.7012 22.5 -26.9819 40.8188 22.5 -27.0168 40.7394 22.5 -27.7646 39.7776 22.5 -27.8047 38.8158 22.5 -27.8726 38.3681 22.5 
25 64 0 22.5
2 61 65 
1
42
-11.4708 15.4718 22.5 -11.1618 14.7707 22.5 -10.7897 14.5964 22.5 -10.6313 14.5115 22.5 -10.1995 14.6858 22.5 -9.96769 14.7707 22.5 -9.93877 14.8118 22.5 -9.6695 15.3581 22.5 -9.63891 15.5129 22.5 -9.58198 15.7325 22.5 -9.582 20.8915 22.5 -9.88136 20.9452 22.5 -11 20.8315 22.5 -11.1685 21 22.5 -11.1342 32 22.5 -11.0598 34 22.5 -11 34.8543 22.5 -10.7088 34.2912 22.5 -10.7021 34.2793 22.5 -10.5808 34.055 22.5 -10.5988 34.2675 22.5 -10.6878 34.9686 22.5 -10.9235 35.2292 22.5 -11.2071 35.9304 22.5 -11.247 36.1911 22.5 -11.5855 36.8428 22.5 -11.5931 36.8607 22.5 -11.9185 36.4452 22.5 -12.1529 36.1911 22.5 -12.325 35.9304 22.5 -12.4764 35.2293 22.5 -12.5156 35.1159 22.5 -12.5542 34.4345 22.5 -12.566 34.0068 22.5 -12.5549 33.9917 22.5 -11.5931 33.1043 22.5 -11.3095 33.045 22.5 -11.3287 32.0832 22.5 -11.5367 31.3972 22.5 -11.5435 31.1214 22.5 -11.573 30.518 22.5 -11.5782 15.7325 22.5 
26 65 0 23.4
2 64 66 
1
20
-11.6421 16.6943 23.4 -11.627 15.9314 23.4 -11.6173 15.7325 23.4 -11.6024 15.6677 23.4 -11.5931 15.6317 23.4 -11.5172 15.4688 23.4 -11.2178 14.7707 23.4 -10.6313 14.4546 23.4 -9.76364 14.7707 23.4 -9.75411 14.7815 23.4 -9.6695 14.9017 23.4 -9.50293 15.5444 23.4 -9.44325 15.7325 23.4 -9.43775 15.9314 23.4 -9.43786 20.4452 23.4 -10 20.386 23.4 -10.4 20.3674 23.4 -11 20.3067 23.4 -11.4 20.2893 23.4 -11.6428 20.5064 23.4 
27 66 0 24.3
2 65 67 
1
19
-11.6482 15.8696 24.3 -11.638 15.7325 24.3 -11.5931 15.5586 24.3 -11.2262 14.7707 24.3 -10.6313 14.4429 24.3 -9.71558 14.7707 24.3 -9.70901 14.7777 24.3 -9.6695 14.8225 24.3 -9.42206 15.6024 24.3 -9.37823 15.7325 24.3 -9.37053 15.8696 24.3 -9.34769 16.6943 24.3 -9.34636 20.3188 24.3 -10.3 20.2874 24.3 -11 20.2548 24.3 -11.3 20.2472 24.3 -11.6942 20.23 24.3 -11.6909 16.8314 24.3 -11.6882 16.6943 24.3 
28 67 0 25.2
2 66 68 
1
12
-11.7275 20.2031 25.2 -11.7275 17.6561 25.2 -11.7089 16.6943 25.2 -11.638 15.7325 25.2 -11.5931 15.5586 25.2 -11.2262 14.7707 25.2 -10.6313 14.4429 25.2 -9.71558 14.7707 25.2 -9.6695 14.8201 25.2 -9.36234 15.7325 25.2 -9.30892 16.6943 25.2 -9.298 20.259 25.2 
29 68 0 26.1
2 67 70 
1
21
-11.6384 15.746 26.1 -11.638 15.7325 26.1 -11.5931 15.5587 26.1 -11.2262 14.7707 26.1 -10.6313 14.4429 26.1 -9.71566 14.7707 26.1 -9.71493 14.7716 26.1 -9.6695 14.8209 26.1 -9.37067 15.7199 26.1 -9.36697 15.7325 26.1 -9.36674 15.746 26.1 -9.32122 16.6943 26.1 -9.31326 20.2761 26.1 -10 20.2631 26.1 -10.1 20.2577 26.1 -11 20.2335 26.1 -11.1 20.2289 26.1 -11.7164 20.2114 26.1 -11.7164 17.6561 26.1 -11.7002 16.7078 26.1 -11.7002 16.6943 26.1 
30 69 0 27
1 71 
1
12
-26.0201 42.6679 27 -26.0205 42.6674 27 -26.7163 41.7012 27 -26.9819 40.8368 27 -26.9833 40.8336 27 -23.2448 40.8319 27 -23.2908 41.7012 27 -23.983 42.663 27 -24.0965 42.8364 27 -24.5153 43.6248 27 -25.0583 44.3775 27 -25.5356 43.6248 27 
30 70 0 27
2 68 72 
1
17
-11.6657 16.646 27 -11.6351 15.7325 27 -11.5931 15.5685 27 -11.2262 14.7707 27 -10.6313 14.4429 27 -9.72126 14.7707 27 -9.67181 14.8319 27 -9.6695 14.8344 27 -9.65428 14.8802 27 -9.40347 15.7325 27 -9.38809 16.646 27 -9.38578 16.6943 27 -9.3856 20.3597 27 -11.6705 20.2477 27 -11.6708 17.6561 27 -11.6699 17.6078 27 -11.6689 16.6943 27 
31 71 0 27.9
2 69 75 
1
40
-28.8506 35.1714 27.9 -28 35.573 27.9 -27 35.8409 27.9 -26.125 36 27.9 -26 36.0187 27.9 -25 36.0093 27.9 -24.9916 36.0084 27.9 -24.9 36 27.9 -24 35.8977 27.9 -23 35.6629 27.9 -22.5508 35.4492 27.9 -22.5382 35.4454 27.9 -22.1496 35.268 27.9 -22.1809 37.8268 27.9 -22.181 37.8289 27.9 -22.1814 37.854 27.9 -23.0221 38.8158 27.9 -23.1347 39.2974 27.9 -23.2138 39.7776 27.9 -23.2432 40.7394 27.9 -23.2938 41.7012 27.9 -23.9863 42.663 27.9 -23.9993 42.6828 27.9 -24.0965 42.8257 27.9 -24.4885 43.5345 27.9 -24.5365 43.6248 27.9 -25.0583 44.3491 27.9 -25.5168 43.6248 27.9 -26.0148 42.663 27.9 -26.0201 42.6579 27.9 -26.0205 42.6575 27.9 -26.7089 41.7012 27.9 -26.9819 40.8279 27.9 -27.0204 40.7394 27.9 -27.7681 39.7776 27.9 -27.8074 38.8158 27.9 -27.9437 37.9108 27.9 -27.9559 37.854 27.9 -28.8139 36.8922 27.9 -28.8437 35.9304 27.9 
31 72 0 27.9
2 70 76 
1
46
-11.5915 15.7138 27.9 -11.5495 15.6224 27.9 -11.2099 14.7707 27.9 -11.1418 14.7332 27.9 -10.6313 14.4643 27.9 -10.5272 14.5019 27.9 -9.82407 14.7707 27.9 -9.67546 15.0194 27.9 -9.6695 15.0268 27.9 -9.63927 15.1295 27.9 -9.50092 15.7325 27.9 -9.50058 16.5842 27.9 -9.49873 16.6943 27.9 -9.49958 20.9517 27.9 -9.58568 21 27.9 -9.56771 30.5268 27.9 -9.66037 31.1214 27.9 -9.6695 31.1321 27.9 -9.67331 31.1361 27.9 -10.4047 32.0832 27.9 -10.5071 33.8967 27.9 -10.5104 34.0068 27.9 -10.5824 34.9686 27.9 -10.6 34.9922 27.9 -10.6313 35.0362 27.9 -11.4627 35.9304 27.9 -11.4771 36.0405 27.9 -11.5931 36.7193 27.9 -11.872 36.3687 27.9 -12.1424 36.0405 27.9 -12.1812 35.9304 27.9 -12.5549 35.105 27.9 -12.5583 35.0604 27.9 -12.5622 34.9686 27.9 -12.5853 34.1169 27.9 -12.5842 34.0068 27.9 -12.5549 33.9665 27.9 -11.7032 33.1728 27.9 -11.5931 33.0662 27.9 -11.5072 33.045 27.9 -11.4942 32.0832 27.9 -11.5715 31.2705 27.9 -11.591 31.1214 27.9 -11.6114 16.6943 27.9 -11.6077 16.5842 27.9 -11.5963 15.7325 27.9 
32 73 0 28.8
1 77 
1
15
-40.5172 15.7325 28.8 -40.494 15.6352 28.8 -40.4472 15.4024 28.8 -40.2753 15.4485 28.8 -39.4854 15.7208 28.8 -39.4828 15.7325 28.8 -39.4854 29.762 28.8 -39.5226 30.1596 28.8 -39.6353 30.5014 28.8 -39.9163 31.1214 28.8 -40.3871 31.8861 28.8 -40.4472 31.973 28.8 -40.4802 31.2933 28.8 -40.4869 30.9495 28.8 -40.512 30.1596 28.8 
32 74 0 28.8
1 78 
1
11
-28.3055 14.7707 28.8 -27.9437 14.4933 28.8 -26.9819 14.4429 28.8 -23.1347 14.4532 28.8 -22.6928 14.7707 28.8 -22.362 15.7325 28.8 -22.2891 16.6943 28.8 -22.2511 17.5037 28.8 -28.7489 17.5037 28.8 -28.7109 16.6943 28.8 -28.638 15.7325 28.8 
32 75 0 28.8
2 71 78 
1
28
-28.8616 33.1119 28.8 -22.1376 33.1129 28.8 -22.1864 37.854 28.8 -23.0267 38.8158 28.8 -23.1347 39.2671 28.8 -23.2208 39.7776 28.8 -23.2527 40.7394 28.8 -23.308 41.7012 28.8 -24.0038 42.663 28.8 -24.0234 42.6918 28.8 -24.0965 42.7948 28.8 -24.4934 43.4817 28.8 -24.5725 43.6248 28.8 -25.0583 44.298 28.8 -25.4852 43.6248 28.8 -25.5744 43.4529 28.8 -26.0024 42.663 28.8 -26.019 42.6474 28.8 -26.0201 42.6463 28.8 -26.6989 41.7012 28.8 -26.9819 40.8088 28.8 -27.0126 40.7394 28.8 -27.7601 39.7776 28.8 -27.801 38.8158 28.8 -27.9437 37.8918 28.8 -27.952 37.854 28.8 -28.8096 36.8922 28.8 -28.8404 35.9304 28.8 
32 76 0 28.8
2 72 79 
1
41
-11.546 15.7325 28.8 -11.4774 15.5606 28.8 -11.1236 14.7707 28.8 -11.0206 14.7164 28.8 -10.6313 14.5352 28.8 -10.4894 14.5894 28.8 -10.0819 14.7707 28.8 -9.72696 15.5606 28.8 -9.67056 15.7264 28.8 -9.6695 15.7282 28.8 -9.66852 15.7325 28.8 -9.68848 30.1596 28.8 -9.71464 30.3279 28.8 -9.71541 30.3315 28.8 -9.84527 31.1214 28.8 -10.3588 31.9113 28.8 -10.4913 32.0832 28.8 -10.562 33.2169 28.8 -10.6313 33.93 28.8 -10.6661 34.2115 28.8 -10.812 34.9686 28.8 -10.8198 34.9775 28.8 -10.9712 35.1405 28.8 -11.5675 35.9304 28.8 -11.588 36.0455 28.8 -11.5931 36.0615 28.8 -11.6847 35.9463 28.8 -11.7062 35.9304 28.8 -11.7861 35.7585 28.8 -12.4664 34.9686 28.8 -12.5377 34.1787 28.8 -12.5441 34.0068 28.8 -12.5381 34.0008 28.8 -11.5931 33.1369 28.8 -11.1398 33.0507 28.8 -11.1168 33.045 28.8 -11.1149 32.8731 28.8 -11.1706 32.0832 28.8 -11.1931 31.9113 28.8 -11.4942 31.1214 28.8 -11.542 30.3315 28.8 
33 77 0 29.7
2 73 80 
1
10
-40.2497 15.6743 29.7 -40.0934 15.7325 29.7 -40.1034 28.236 29.7 -40.116 29.1978 29.7 -40.2122 29.9259 29.7 -40.233 30.1596 29.7 -40.4472 30.6258 29.7 -40.4622 30.1596 29.7 -40.472 15.7325 29.7 -40.4472 15.6054 29.7 
33 78 0 29.7
3 74 75 81 
1
29
-28.3055 14.7707 29.7 -27.9437 14.4933 29.7 -26.9819 14.4429 29.7 -23.1347 14.4532 29.7 -22.6928 14.7707 29.7 -22.362 15.7325 29.7 -22.2891 16.6943 29.7 -22.244 17.6561 29.7 -22.1921 37.854 29.7 -23.0326 38.8158 29.7 -23.1347 39.2254 29.7 -23.2316 39.7776 29.7 -23.2668 40.7394 29.7 -23.321 41.5905 29.7 -24 41.5939 29.7 -26 41.5832 29.7 -26.7203 41.5945 29.7 -26.9819 40.7817 29.7 -27.0009 40.7394 29.7 -27.7485 39.7776 29.7 -27.7926 38.8158 29.7 -27.9437 37.8692 29.7 -27.9455 37.861 29.7 -27.9472 37.854 29.7 -28.8043 36.8922 29.7 -28.8363 35.9304 29.7 -28.756 17.6561 29.7 -28.7109 16.6943 29.7 -28.638 15.7325 29.7 
33 79 0 29.7
2 76 82 
1
34
-10.5107 14.6572 29.7 -10.2775 14.7707 29.7 -9.91329 15.4988 29.7 -9.80828 15.7325 29.7 -9.81732 29.1978 29.7 -9.83707 30.1596 29.7 -9.94062 30.8877 29.7 -9.97904 31.1214 29.7 -10.39 31.8495 29.7 -10.542 32.0832 29.7 -10.6055 33.045 29.7 -10.6313 33.3039 29.7 -10.7246 34.0068 29.7 -10.886 34.7349 29.7 -10.9311 34.9686 29.7 -11.1075 35.2023 29.7 -11.5931 35.9288 29.7 -11.5995 35.9266 29.7 -12.4312 34.9686 29.7 -12.4523 34.7349 29.7 -12.5286 34.0068 29.7 -11.5931 33.1713 29.7 -11.459 33.1458 29.7 -10.8179 33.045 29.7 -10.8344 32.8113 29.7 -10.9807 32.0832 29.7 -11.0698 31.8495 29.7 -11.4289 31.1214 29.7 -11.4954 30.1596 29.7 -11.5065 15.7325 29.7 -11.4018 15.4988 29.7 -11.0161 14.7707 29.7 -10.9009 14.7171 29.7 -10.6313 14.6036 29.7 
34 80 0 30.6
1 77 
1
13
-40.3838 15.5498 30.6 -39.8634 15.7325 30.6 -39.8654 20.8276 30.6 -40 20.8452 30.6 -40.1548 21 30.6 -40.1404 30.8383 30.6 -40.272 31.1214 30.6 -40.1288 31.3103 30.6 -40.1184 31.6566 30.6 -40.4472 31.5002 30.6 -40.4691 30.8259 30.6 -40.4881 15.7325 30.6 -40.4472 15.5262 30.6 
34 81 0 30.6
1 78 
1
17
-28.3055 14.7707 30.6 -27.9437 14.4933 30.6 -26.9819 14.4429 30.6 -23.1347 14.4532 30.6 -22.6928 14.7707 30.6 -22.362 15.7325 30.6 -22.2891 16.6943 30.6 -22.244 17.6561 30.6 -22.1721 20.6892 30.6 -22.483 21 30.6 -22.4783 35.5253 30.6 -28.5227 35.5262 30.6 -28.517 21 30.6 -28.8279 20.6891 30.6 -28.756 17.6561 30.6 -28.7109 16.6943 30.6 -28.638 15.7325 30.6 
34 82 0 30.6
2 79 84 
1
22
-10.5366 14.6285 30.6 -10.2128 14.7707 30.6 -9.90302 15.437 30.6 -9.7552 15.7325 30.6 -9.77177 30.1596 30.6 -9.91563 31.1214 30.6 -10.3528 31.7877 30.6 -10.457 31.9725 30.6 -10.4182 31.5818 30.6 -10.3119 31 30.6 -10.2947 30.7053 30.6 -10.2313 30 30.6 -10.2229 29.7771 30.6 -10.2091 29 30.6 -10.2084 21 30.6 -11 20.8086 30.6 -11.5246 20.7493 30.6 -11.525 15.7325 30.6 -11.3685 15.437 30.6 -11.0589 14.7707 30.6 -10.9494 14.7246 30.6 -10.6313 14.5825 30.6 
35 83 0 31.5
1 85 
1
14
-26.6401 41.7012 31.5 -26.7983 41.2446 31.5 -25 41.2576 31.5 -24 41.2435 31.5 -23.3558 41.245 31.5 -23.3926 41.7012 31.5 -24.0965 42.654 31.5 -24.1075 42.663 31.5 -24.1176 42.674 31.5 -24.7018 43.6248 31.5 -25.0583 44.1082 31.5 -25.3717 43.6248 31.5 -25.9264 42.663 31.5 -26.0201 42.578 31.5 
35 84 0 31.5
1 82 
1
15
-11.5726 15.7325 31.5 -11.313 15.128 31.5 -11.1469 14.7707 31.5 -10.9764 14.6945 31.5 -10.6313 14.5205 31.5 -10.4577 14.5967 31.5 -9.98802 14.7707 31.5 -9.82188 15.128 31.5 -9.68702 15.3482 31.5 -9.6001 15.7325 31.5 -9.60029 20.5996 31.5 -10.5 20.4953 31.5 -11 20.3744 31.5 -11.5 20.3369 31.5 -11.5767 20.3282 31.5 
36 85 0 32.4
1 83 
1
33
-27.2404 40.3671 32.4 -26.1357 40.3794 32.4 -26.0991 41 32.4 -26.0088 42 32.4 -26 42.0614 32.4 -25.9979 42.0618 32.4 -25.9219 42.0781 32.4 -25 42.2075 32.4 -24.9728 42 32.4 -24.8902 41 32.4 -24.8565 40.3825 32.4 -23.3375 40.367 32.4 -23.3566 40.7394 32.4 -23.4148 41.2821 32.4 -23.4533 41.7012 32.4 -23.7534 42.1084 32.4 -24.0965 42.5955 32.4 -24.1574 42.6511 32.4 -24.172 42.663 32.4 -24.4812 43.2057 32.4 -24.7379 43.6248 32.4 -25.0583 44.0608 32.4 -25.3399 43.6248 32.4 -25.5821 43.2057 32.4 -25.8836 42.663 32.4 -25.9731 42.575 32.4 -26.0201 42.5326 32.4 -26.2856 42.1559 32.4 -26.5942 41.7012 32.4 -26.7394 41.2821 32.4 -26.9443 40.7394 32.4 -26.9735 40.7105 32.4 -26.9819 40.7015 32.4 
