42
0
0
0
0
0
0
0
0
0
0
0
0
0
0
0
0
0
0
0
0
0
1
23
31.0214 5.17972 -31.9 31 5.18362 -31.9 30.1134 5.32738 -31.9 30.4407 5 -31.9 31 4.57914 -31.9 31.0318 4.57625 -31.9 31.1 4.56305 -31.9 32 4.51255 -31.9 32.1 4.51089 -31.9 33 4.52913 -31.9 33.7572 4.98513 -31.9 33.8572 5.00682 -31.9 34 5.14969 -31.9 34.621 5.2588 -31.9 34.1 5.18587 -31.9 34 5.16725 -31.9 33.1872 5 -31.9 33.1088 4.98311 -31.9 33 4.96173 -31.9 32.1 4.88455 -31.9 32 4.88623 -31.9 31.9214 4.90144 -31.9 31.5884 5 -31.9 
0
1
26
24.9 5.88429 -30.1 24 5.48739 -30.1 23.3281 5.95108 -30.1 23.2536 6 -30.1 23.0019 6.25176 -30.1 23.1 6.22022 -30.1 23.9123 6.00557 -30.1 24 5.97308 -30.1 25 5.91826 -30.1 25.9 6.00989 -30.1 26 6.01745 -30.1 26.9 6.05849 -30.1 27 6.07059 -30.1 27.9 6.21518 -30.1 28 6.24853 -30.1 28.1 6.20242 -30.1 28.9339 6.01018 -30.1 28.9726 6 -30.1 29 5.9901 -30.1 29.1 5.90161 -30.1 29.7933 5.38187 -30.1 28.1 5.54925 -30.1 28 5.5609 -30.1 27 5.51699 -30.1 25.9 5.5037 -30.1 25 5.88414 -30.1 
7
30
21.8 6.50144 -29.2 21 6.93617 -29.2 20.9172 6.99533 -29.2 20.9092 7 -29.2 20.7171 7.13926 -29.2 20 7.42304 -29.2 19.3181 7.93927 -29.2 19.2248 8 -29.2 19.1181 8.04008 -29.2 19 8.1582 -29.2 18.2085 8.84009 -29.2 18.032 9 -29.2 18 9.03201 -29.2 17.3537 9.31201 -29.2 17.4588 9 -29.2 18 8.4326 -29.2 18.4326 8 -29.2 19 7.52903 -29.2 19.8 7.40202 -29.2 20 7.36338 -29.2 20.7427 7.06949 -29.2 20.8122 7 -29.2 20.9427 6.89478 -29.2 21 6.85389 -29.2 21.8 6.41058 -29.2 22 6.39447 -29.2 22.8 6.24984 -29.2 22.9454 6.22948 -29.2 22.8 6.29127 -29.2 22 6.43879 -29.2 
16
25.8384 5.93455 -29.2 26 5.95098 -29.2 26.7769 5.61153 -29.2 27 5.60555 -29.2 27.7889 5.6452 -29.2 27.9864 5.66335 -29.2 27.9872 5.66344 -29.2 28 5.66462 -29.2 28.2 5.6349 -29.2 29 5.55793 -29.2 29.6774 5.42062 -29.2 29.2 5.44385 -29.2 28 5.55897 -29.2 27 5.51053 -29.2 26.8 5.50841 -29.2 26 5.86624 -29.2 
18
33.6162 37 -29.2 33.8746 36.2 -29.2 33.923 36.0355 -29.2 33.8085 36.2 -29.2 33.5449 37 -29.2 33.5043 37.0479 -29.2 33 37.613 -29.2 32.765 37.848 -29.2 32.6244 38 -29.2 31.7532 38.8585 -29.2 31.6035 39 -29.2 31.5532 39.0427 -29.2 31 39.5429 -29.2 30.8241 39.6664 -29.2 31 39.611 -29.2 31.6726 39 -29.2 33 37.6852 -29.2 33.4944 37.1312 -29.2 
9
35.6675 28.1049 -29.2 35.6611 28.2 -29.2 35.7539 30 -29.2 35.7462 31 -29.2 35.749 31.0475 -29.2 35.7508 31 -29.2 35.7586 30 -29.2 35.7209 29.2 -29.2 35.7151 29 -29.2 
30
10.7569 42.9745 -29.2 11 42.4188 -29.2 11.1032 42.553 -29.2 11.3001 43 -29.2 11.9032 43.6764 -29.2 12 43.8022 -29.2 12.0653 43.8764 -29.2 12.1889 44 -29.2 12.8653 44.648 -29.2 13 44.7627 -29.2 13.1406 44.8479 -29.2 13.5758 45 -29.2 13.9406 45.1728 -29.2 14.8 45.6225 -29.2 15 45.6955 -29.2 15.8 45.8294 -29.2 15.9001 45.8598 -29.2 15.8 45.8469 -29.2 15 45.7156 -29.2 14.8 45.6904 -29.2 14 45.2665 -29.2 13.8535 45.1556 -29.2 13.5252 45 -29.2 13.0535 44.8352 -29.2 13 44.7817 -29.2 12.8394 44.6352 -29.2 12.1763 44 -29.2 12 43.8237 -29.2 11.2686 43 -29.2 11 42.7314 -29.2 
28
21 43.3346 -29.2 20.8572 43.8262 -29.2 20.7882 44 -29.2 20.6786 44.1346 -29.2 20.7972 44 -29.2 20.8444 43.9528 -29.2 21 43.4169 -29.2 21.13 43.1529 -29.2 21.2491 43 -29.2 21.33 42.9191 -29.2 22 42.6152 -29.2 25 42.5302 -29.2 25.8825 42 -29.2 26 41.8825 -29.2 26.2062 41.8426 -29.2 26 41.8807 -29.2 25.651 41.9602 -29.2 25.4934 42 -29.2 25 42.1126 -29.2 24.8 42.1365 -29.2 24 42.5011 -29.2 23.8 42.5199 -29.2 23 42.5378 -29.2 22.8 42.5526 -29.2 22 42.5734 -29.2 21.3519 42.8675 -29.2 21.1643 43 -29.2 21.1519 43.0262 -29.2 
14
27.8 41.5742 -29.2 27 41.69 -29.2 26.8264 41.7229 -29.2 27 41.6553 -29.2 27.8 41.2095 -29.2 28 41.1264 -29.2 28.239 40.9992 -29.2 28.8 40.7976 -29.2 29 40.7057 -29.2 29.7738 40.1073 -29.2 29.9154 40.0204 -29.2 29 40.7261 -29.2 28.7261 41 -29.2 28 41.5495 -29.2 
1
33
11 9.52464 -28.3 11.1781 9.64979 -28.3 11.7412 10 -28.3 12 10.2588 -28.3 12.7 10.3925 -28.3 13 10.421 -28.3 13.1543 10.5705 -28.3 13.6292 11 -28.3 14 11.3708 -28.3 14.1998 11.5251 -28.3 14.6508 12 -28.3 15 12.3492 -28.3 15.3033 12.1688 -28.3 15.1455 13 -28.3 15 13.1455 -28.3 14.8545 13 -28.3 14.3925 12.3 -28.3 14.0446 12.051 -28.3 14 12.0128 -28.3 13.9872 12 -28.3 13.9247 11.8522 -28.3 13.4238 11.3 -28.3 13.1991 11.0796 -28.3 13.0251 11 -28.3 13 10.9799 -28.3 12.7529 10.8402 -28.3 12.7 10.8084 -28.3 12 10.4438 -28.3 11 10.2749 -28.3 10.8973 10.0576 -28.3 10.8501 10 -28.3 10.5545 9.29999 -28.3 10.4877 9.01237 -28.3 
1
34
11 9.7058 -27.4 10.8001 9.50591 -27.4 10.5736 9.08799 -27.4 10.7054 9.40001 -27.4 10.9731 9.89391 -27.4 11 9.92341 -27.4 11.4332 10.0123 -27.4 11.6 10.0499 -27.4 12 10.1173 -27.4 12.6 10.4433 -27.4 13 10.6516 -27.4 13.1138 10.7429 -27.4 13.4591 11 -27.4 13.7138 11.2581 -27.4 14 11.5736 -27.4 14.0744 11.6581 -27.4 14.3145 12 -27.4 14.5785 12.4 -27.4 14.9334 13 -27.4 15 13.0666 -27.4 15.0666 13 -27.4 15.2602 12.4 -27.4 15.299 12.1947 -27.4 15 12.3488 -27.4 14.6512 12 -27.4 14.2577 11.5291 -27.4 14 11.2577 -27.4 13.7423 11 -27.4 13.2714 10.5945 -27.4 13 10.3491 -27.4 12.6 10.2727 -27.4 12 10.1066 -27.4 11.9218 10.0284 -27.4 11.3217 9.90593 -27.4 
0
0
0
0
0
0
0
1
26
44 29.2318 -20.2 43.8547 29.2369 -20.2 44 29.2909 -20.2 44.8 29.293 -20.2 45 29.2822 -20.2 45.8 29.5034 -20.2 46 29.4901 -20.2 46.5989 29.0858 -20.2 46.71 29 -20.2 47 28.71 -20.2 47.8 28.1592 -20.2 48 28.1406 -20.2 48.0626 28.0927 -20.2 48.172 28 -20.2 48.3043 27.8457 -20.2 48.0896 27.9281 -20.2 48 27.9938 -20.2 47.8 28.0761 -20.2 47 28.5022 -20.2 46.8 28.5742 -20.2 46 28.8477 -20.2 45.8 28.9333 -20.2 45.701 28.9651 -20.2 45.5972 29 -20.2 45 29.1703 -20.2 44.8 29.2326 -20.2 
0
0
0
0
0
0
0
