65
0
0
1
5
24.7025 21.6342 -55.2979 24.7017 21.6347 -55.2979 24.7016 21.6348 -55.2979 22.6831 23.0621 -55.2979 25.4635 24.1138 -55.2979 
0
0
0
0
0
0
0
0
0
0
0
0
0
0
0
2
10
26.2356 10.3677 -40.8979 27.3421 9.58542 -40.8979 27.3591 9.79422 -40.8979 27.2905 11.036 -40.8979 27.3162 11.279 -40.8979 27.2497 12.4791 -40.8979 27.2904 12.7699 -40.8979 27.2548 13.412 -40.8979 27.1051 13.2694 -40.8979 26.9613 13.1829 -40.8979 
9
29 8.41304 -40.8979 29.0003 8.41283 -40.8979 29.5025 8.05769 -40.8979 29.9843 9.62851 -40.8979 29.7625 9.55004 -40.8979 28.7624 10.2572 -40.8979 28.5444 10.1494 -40.8979 28.4966 9.96644 -40.8979 27.4287 9.52415 -40.8979 
1
9
29.8025 7.20924 -39.9979 30.5033 9.47996 -39.9979 30.2581 9.39326 -39.9979 29.12 9.61221 -39.9979 28.9539 9.5395 -39.9979 28.9 9.51974 -39.9979 28.7203 8.82638 -39.9979 28.0426 8.58676 -39.9979 27.9245 8.53711 -39.9979 
0
0
0
0
0
0
0
0
1
15
7.63342 40.1286 -31.8979 7.37187 40.3548 -31.8979 6.93683 40.3374 -31.8979 6.39091 40.4267 -31.8979 7.33854 40.7618 -31.8979 7.98918 40.7574 -31.8979 8.16736 40.2069 -31.8979 8.21839 39.5729 -31.8979 8.18806 39.475 -31.8979 8.19528 39.3877 -31.8979 8.32475 39.0853 -31.8979 8.20879 39.2374 -31.8979 8.12351 39.3572 -31.8979 8.11003 39.3749 -31.8979 7.78578 40.0228 -31.8979 
2
27
8.75963 38.4393 -30.9979 8.62306 38.7929 -30.9979 8.57535 38.924 -30.9979 8.40298 39.4542 -30.9979 8.32501 39.7269 -30.9979 8.04527 40.2224 -30.9979 7.94234 40.4373 -30.9979 7.9386 40.4494 -30.9979 7.76184 40.9689 -30.9979 7.75924 40.9719 -30.9979 7.69381 41.0314 -30.9979 7.51956 41.1944 -30.9979 8.04442 41.0334 -30.9979 8.51337 40.7014 -30.9979 8.55198 40.6454 -30.9979 8.82585 39.7196 -30.9979 8.75811 39.501 -30.9979 8.78087 39.2263 -30.9979 8.73986 38.7766 -30.9979 8.95585 38.5747 -30.9979 9.07115 38.4308 -30.9979 9.42817 37.9552 -30.9979 9.46983 37.9082 -30.9979 9.46048 37.8566 -30.9979 9.4052 37.2513 -30.9979 9.3577 37.314 -30.9979 8.8815 38.2224 -30.9979 
24
36.5403 46.4533 -30.9979 36.1904 47.417 -30.9979 36.2302 47.9975 -30.9979 35.8696 48.3246 -30.9979 35.7058 48.7457 -30.9979 35.7003 49.0008 -30.9979 35.7063 49.2896 -30.9979 35.6891 49.6697 -30.9979 35.9589 50.1617 -30.9979 35.9825 50.2154 -30.9979 36.0399 50.3557 -30.9979 36.0854 50.2842 -30.9979 36.2642 49.9475 -30.9979 36.3304 49.6283 -30.9979 36.463 49.2228 -30.9979 36.4936 48.913 -30.9979 36.5304 48.2578 -30.9979 36.5878 47.984 -30.9979 36.6693 47.7182 -30.9979 36.9415 46.9619 -30.9979 37.1173 46.1182 -30.9979 37.1251 46.0371 -30.9979 37.1261 45.9202 -30.9979 36.8625 46.1547 -30.9979 
0
0
0
0
0
0
1
12
5.62024 25.5936 -24.6979 5.35043 25.2735 -24.6979 5.61655 25.8165 -24.6979 6.09395 26.8377 -24.6979 6.10195 26.8589 -24.6979 6.11903 26.8935 -24.6979 6.83485 27.6726 -24.6979 6.87606 27.7123 -24.6979 6.87553 27.7103 -24.6979 6.69159 27.1698 -24.6979 6.61177 27.0552 -24.6979 6.56011 26.9675 -24.6979 
0
1
9
18.8222 49.551 -22.8979 19.2887 48.8871 -22.8979 22.2673 49.9433 -22.8979 22.2137 50.7434 -22.8979 21.4951 50.4893 -22.8979 21.1184 50.3621 -22.8979 20.887 50.2956 -22.8979 19.7856 49.9021 -22.8979 19.5491 49.8079 -22.8979 
1
18
26.4952 8.49281 -21.9979 26.546 8.55314 -21.9979 27.953 9.93124 -21.9979 28.0297 9.99992 -21.9979 28.7444 10.7859 -21.9979 28.8154 10.8555 -21.9979 29.6024 11.5934 -21.9979 29.7121 11.7054 -21.9979 30.4436 11.9411 -21.9979 30.4437 11.7869 -21.9979 29.9161 11.0177 -21.9979 29.8474 10.8498 -21.9979 29.0371 10.2957 -21.9979 29.0202 10.2892 -21.9979 28.8151 10.221 -21.9979 28.2829 9.86865 -21.9979 27.839 9.55246 -21.9979 27.6005 9.34616 -21.9979 
1
21
27.1626 9.55207 -21.0979 28.1851 10.03 -21.0979 28.3538 10.1002 -21.0979 29.4388 10.4541 -21.0979 29.4887 10.4671 -21.0979 29.621 10.5043 -21.0979 29.8601 10.7072 -21.0979 30.1285 10.8897 -21.0979 30.3962 11.1842 -21.0979 30.556 11.9689 -21.0979 30.5557 12.2062 -21.0979 30.528 12.4498 -21.0979 30.458 12.6986 -21.0979 30.028 12.2388 -21.0979 29.9352 12.1359 -21.0979 29.1367 11.2863 -21.0979 28.8555 11.0106 -21.0979 27.48 9.83804 -21.0979 27.3528 9.7192 -21.0979 27.2595 9.60842 -21.0979 27.2587 9.60746 -21.0979 
0
0
0
1
16
8.76346 18.1708 -17.4979 8.80389 17.9226 -17.4979 8.8908 19.0841 -17.4979 8.97706 19.5531 -17.4979 8.84091 19.6826 -17.4979 8.55253 20.4645 -17.4979 8.5523 20.4661 -17.4979 8.55292 20.4672 -17.4979 8.55297 20.4712 -17.4979 8.58333 20.7962 -17.4979 8.27909 21.4119 -17.4979 8.28797 21.1995 -17.4979 8.29194 20.8865 -17.4979 8.48762 20.4916 -17.4979 8.64842 19.9402 -17.4979 8.65184 19.5725 -17.4979 
0
0
0
0
0
0
2
23
27.1707 14.472 -11.1979 28.6059 14.9612 -11.1979 28.8057 15.1549 -11.1979 29.1712 15.6566 -11.1979 29.1855 15.765 -11.1979 29.2063 15.8953 -11.1979 29.2422 16.2401 -11.1979 29.1458 16.3572 -11.1979 28.2792 17.325 -11.1979 28.2693 17.3347 -11.1979 28.2689 17.3358 -11.1979 28.2686 17.3371 -11.1979 28.1291 17.6959 -11.1979 26.8284 17.2498 -11.1979 26.8368 17.2259 -11.1979 26.8214 17.1732 -11.1979 26.822 17.1726 -11.1979 26.826 17.1688 -11.1979 26.8705 17.1231 -11.1979 26.8995 17.0348 -11.1979 27.34 15.789 -11.1979 27.3019 15.4828 -11.1979 27.2846 15.3806 -11.1979 
32
19.6875 48.4585 -11.1979 20.1149 48.202 -11.1979 20.325 48.1057 -11.1979 20.5411 47.9869 -11.1979 20.6352 48.2081 -11.1979 20.7335 48.4116 -11.1979 20.9838 48.869 -11.1979 21.363 49.3808 -11.1979 21.4202 49.513 -11.1979 21.5632 49.7466 -11.1979 21.8268 50.0119 -11.1979 21.9754 50.1797 -11.1979 22.0662 50.2977 -11.1979 22.2988 50.6173 -11.1979 22.0097 50.3122 -11.1979 21.5751 49.8257 -11.1979 21.3929 49.7009 -11.1979 21.2612 49.6259 -11.1979 21.2568 49.6241 -11.1979 20.4573 49.2574 -11.1979 20.1054 49.1934 -11.1979 19.977 49.1623 -11.1979 19.2338 49.2224 -11.1979 19.0437 49.2312 -11.1979 18.8481 49.2472 -11.1979 18.5928 49.312 -11.1979 18.3941 49.3575 -11.1979 17.7499 49.4406 -11.1979 17.0202 49.2566 -11.1979 17.798 49.0731 -11.1979 19.0025 48.8412 -11.1979 19.0821 48.7931 -11.1979 
1
18
26.8749 15.3091 -10.2979 27.1054 15.387 -10.2979 28.1322 16.0185 -10.2979 28.2613 16.192 -10.2979 28.3243 16.7226 -10.2979 28.33 16.8722 -10.2979 28.2192 17.177 -10.2979 28.1704 17.3503 -10.2979 27.9553 18.181 -10.2979 27.9218 18.2735 -10.2979 27.7193 18.5002 -10.2979 26.5396 18.0957 -10.2979 26.5206 18.1219 -10.2979 26.5729 17.9724 -10.2979 27.3766 17.202 -10.2979 27.2322 16.7056 -10.2979 27.0218 16.4586 -10.2979 27.0054 16.3531 -10.2979 
1
17
26.5908 16.1544 -9.39786 27.3283 17.0197 -9.39786 27.4161 17.7252 -9.39786 27.0185 18.1095 -9.39786 26.9841 18.1411 -9.39786 27.1832 18.8308 -9.39786 26.9458 19.0589 -9.39786 26.6093 20.0108 -9.39786 26.6413 19.9895 -9.39786 26.9805 19.7088 -9.39786 27.5555 19.1454 -9.39786 27.655 19.0294 -9.39786 27.999 17.7098 -9.39786 27.9269 17.1379 -9.39786 27.8102 16.9685 -9.39786 27.105 16.4695 -9.39786 26.8943 16.2574 -9.39786 
1
35
16.8493 48.9655 -8.49786 16.9276 48.9585 -8.49786 18.0786 49.0302 -8.49786 18.0823 49.0302 -8.49786 18.0995 49.0252 -8.49786 18.5564 48.8692 -8.49786 19.0581 48.6509 -8.49786 19.1349 48.6097 -8.49786 19.7349 48.3063 -8.49786 20.163 48.1683 -8.49786 20.5193 48.1708 -8.49786 20.7077 48.2187 -8.49786 21.0706 48.2732 -8.49786 21.4043 48.4806 -8.49786 21.4903 48.5447 -8.49786 21.6543 48.6894 -8.49786 21.9281 49.0257 -8.49786 22.0748 49.308 -8.49786 22.3163 49.8028 -8.49786 22.4009 49.9447 -8.49786 22.4545 50.0123 -8.49786 22.6332 50.2918 -8.49786 22.6362 49.9897 -8.49786 22.6273 49.8981 -8.49786 22.4992 49.4965 -8.49786 21.8369 48.5284 -8.49786 21.8216 48.5085 -8.49786 21.3975 48.0518 -8.49786 21.2673 47.7656 -8.49786 21.1998 47.5869 -8.49786 21.0692 47.3848 -8.49786 20.3531 47.5594 -8.49786 20.1668 47.6167 -8.49786 18.6326 48.5743 -8.49786 17.4933 48.7935 -8.49786 
1
32
17.13 49.011 -7.59786 17.1536 49.0059 -7.59786 17.425 48.8207 -7.59786 17.6151 48.6977 -7.59786 18.6671 48.0411 -7.59786 20.42 47.5019 -7.59786 20.8533 47.4185 -7.59786 21.0799 47.3941 -7.59786 21.5438 47.181 -7.59786 21.7743 47.8038 -7.59786 21.8275 47.9209 -7.59786 22.2214 48.9788 -7.59786 22.1455 48.8322 -7.59786 21.9332 48.3857 -7.59786 21.9113 48.3644 -7.59786 21.8784 48.3425 -7.59786 21.6142 48.1335 -7.59786 20.9448 47.7258 -7.59786 20.7671 47.717 -7.59786 20.5677 47.6902 -7.59786 20.0999 47.8805 -7.59786 19.5185 48.0569 -7.59786 19.3752 48.0867 -7.59786 18.8426 48.0881 -7.59786 18.8149 48.0972 -7.59786 18.4101 48.2146 -7.59786 18.0168 48.6131 -7.59786 17.4736 48.9798 -7.59786 17.4522 49.0028 -7.59786 17.4045 49.0208 -7.59786 17.155 49.0468 -7.59786 17.1446 49.0475 -7.59786 
1
19
19.9282 47.5963 -6.69786 19.7614 47.6861 -6.69786 19.7264 47.6926 -6.69786 21.076 46.8473 -6.69786 21.2071 46.7602 -6.69786 21.7963 46.4663 -6.69786 22.0359 47.1371 -6.69786 22.0531 47.1928 -6.69786 22.4145 48.2836 -6.69786 22.4388 48.5395 -6.69786 22.5151 48.8561 -6.69786 22.5521 49.0286 -6.69786 22.4871 48.89 -6.69786 22.4556 48.8067 -6.69786 22.007 47.6971 -6.69786 21.7674 47.5403 -6.69786 20.9934 47.1427 -6.69786 20.951 47.136 -6.69786 20.7831 47.2038 -6.69786 
1
22
21.0496 46.2926 -5.79786 21.5223 45.9653 -5.79786 22.0754 45.6751 -5.79786 22.2984 46.3151 -5.79786 22.4344 46.7822 -5.79786 22.6495 47.481 -5.79786 22.6595 47.9048 -5.79786 22.7149 48.3814 -5.79786 22.728 48.5201 -5.79786 22.7132 48.4833 -5.79786 22.1653 46.9487 -5.79786 21.3118 46.5026 -5.79786 21.2919 46.5115 -5.79786 21.2585 46.5278 -5.79786 20.6276 46.7892 -5.79786 20.3976 46.9014 -5.79786 20.2877 46.9582 -5.79786 19.5902 47.3791 -5.79786 19.41 47.4763 -5.79786 19.2877 47.4987 -5.79786 19.1494 47.5396 -5.79786 19.5774 47.2721 -5.79786 
0
0
0
0
0
0
1
13
20.9203 38.07 0.502138 20.7373 38.6137 0.502138 20.625 38.8626 0.502138 20.3587 39.6951 0.502138 20.2903 39.8968 0.502138 20.1562 40.2235 0.502138 20.0721 40.3664 0.502138 20.077 40.2194 0.502138 20.217 39.5811 0.502138 20.182 39.4784 0.502138 20.4127 39.2496 0.502138 20.43 38.9388 0.502138 20.5701 38.2805 0.502138 
