5
0
0
3
7
13 28.943 23.8 12.852 29 23.8 12.8109 29.1026 23.8 12.7861 29.2139 23.8 13.4415 29.4415 23.8 13.4202 29 23.8 13.3066 28.6934 23.8 
7
13.7673 30.7673 23.8 14 30.6281 23.8 14.5312 31 23.8 14.1487 31.0601 23.8 14 31.1188 23.8 13.7466 31.2534 23.8 13.7868 31 23.8 
6
20.8787 31.8787 23.8 21 31.8909 23.8 21.4079 32 23.8 21.0742 32.0742 23.8 21 32.1229 23.8 20.9 32 23.8 
1
10
9.06156 11 24.7 9.00806 10.9465 24.7 9 10.9396 24.7 8.7 10.8037 24.7 8 10.4999 24.7 8.50008 11 24.7 8.84287 11.4748 24.7 9 11.6764 24.7 9.32361 12 24.7 9.15194 11.3 24.7 
9
8
9 10.8433 25.6 8.6 10.6698 25.6 8.80412 10.8739 25.6 8.88232 11 25.6 9 11.163 25.6 9.0773 11.2403 25.6 9.25478 11.4 25.6 9.15668 11 25.6 
8
5.67935 23.2236 25.6 5.88958 23.6 25.6 6.0068 24.0723 25.6 6.10262 24.5538 25.6 6.08236 24.4723 25.6 6 24.3899 25.6 5.79866 24.0723 25.6 5.63132 23.4 25.6 
6
6.18638 24.8902 25.6 6.21457 25 25.6 6.33426 25.4 25.6 6.40794 25.9381 25.6 6.272 25.4 25.6 6.2137 25 25.6 
6
7.2828 28.0606 25.6 7.24323 28 25.6 7.09733 27.7212 25.6 7 27.4304 25.6 7.14673 27.7212 25.6 7.25071 28 25.6 
4
8 29.3214 25.6 8.10878 29.6432 25.6 8.29891 29.9963 25.6 8.17045 29.6432 25.6 
8
9.76144 32.6 25.6 9.98481 33 25.6 10 33.0282 25.6 10.2527 33.4669 25.6 10 33.3337 25.6 9.78834 33.0716 25.6 9.42667 32.4 25.6 9.35932 32.0092 25.6 
4
9 31.1908 25.6 9.11941 31.5574 25.6 9.34467 31.9757 25.6 9.20002 31.5574 25.6 
3
11.5616 35.6 25.6 11.8087 36 25.6 11.5175 35.581 25.6 
16
16.2821 38.9994 25.6 16.6 38.9212 25.6 17 38.7887 25.6 17.1026 38.7697 25.6 17 38.8051 25.6 16.6821 38.9044 25.6 16.5865 39 25.6 16.2821 39.2059 25.6 16 39.2905 25.6 15.6924 39.0845 25.6 15.4838 39 25.6 15.0924 38.8027 25.6 15.0474 38.7577 25.6 15.404 38.8808 25.6 15.7928 39 25.6 16 39.084 25.6 
