8
0 2 2 3 3 4 4 5 
5
2 0 1 
1 2 
1 3 
1 4 
1 5 
6
0 0 0 22
1 2 
1
12
8 10.427 22 9 10.68 22 9.54001 11 22 9.75477 12 22 10 12.316 22 10.8992 13 22 10 13.6889 22 9.657 14 22 9 14.7293 22 8.67662 15 22 8 15.936 22 7.96591 16 22 
0 1 0 22
0 
1
5
24 31.9476 22 23 31.0944 22 22.8674 31 22 22 30.1052 22 21.9275 30 22 
1 2 0 22.9
2 0 3 
1
224
8 10.5065 22.9 8.9 10.9098 22.9 9 10.9351 22.9 9.054 10.9671 22.9 9.09258 11 22.9 9.11405 11.1 22.9 9.58633 12 22.9 9.97548 12.4496 22.9 10 12.4812 22.9 10.0899 12.5496 22.9 10.6329 13 22.9 10.543 13.0689 22.9 10 13.5229 22.9 9.44328 13.9689 22.9 9.40898 14 22.9 9.34328 14.0729 22.9 8.19767 14.9729 22.9 8.16533 15 22.9 8.09767 15.0936 22.9 8 15.1733 22.9 7.31291 15.9936 22.9 7.3095 16 22.9 7.27054 16.1 22.9 7 16.9293 22.9 6.97553 17 22.9 6.93753 17.3147 22.9 6.84189 18 22.9 6.80068 19 22.9 6.79406 19.2461 22.9 6.76248 20 22.9 6.74663 21 22.9 6.75242 21.2586 22.9 6.7478 22 22.9 6.76545 22.3105 22.9 6.76185 23 22.9 6.92445 23.7813 22.9 6.98 24 22.9 7 24.0721 22.9 7.09221 24.2968 22.9 7.25658 24.9 22.9 7.25261 25 22.9 7.52278 26 22.9 7.62757 26.3194 22.9 7.83782 27 22.9 8.09999 27.4252 22.9 8.49135 28 22.9 9 28.6645 22.9 9.09999 28.7579 22.9 9.16415 28.8013 22.9 9.38594 29 22.9 10 29.6333 22.9 10.1573 29.6385 22.9 11 29.4598 22.9 11.2888 29.388 22.9 12 29.3858 22.9 12.1545 29 22.9 12.1955 28.9757 22.9 12.9 28.7042 22.9 13 28.6905 22.9 13.6135 28 22.9 14 27.6135 22.9 14.9 27.43 22.9 15 27.421 22.9 14.421 28 22.9 14.376 28.0418 22.9 14 28.4534 22.9 13.4534 29 22.9 13.4468 29.1 22.9 13.4277 30 22.9 14 30.5723 22.9 14.6076 29.9638 22.9 15 29.656 22.9 15.9 29.665 22.9 16 29.6692 22.9 16.0383 29.7012 22.9 16.4582 30 22.9 17 30.5418 22.9 17.9 30.5863 22.9 18 30.5887 22.9 19 31.5876 22.9 19.9 31.5684 22.9 20 31.5694 22.9 20.5694 31 22.9 20.6036 30.9429 22.9 21 30.516 22.9 21.473 30.0429 22.9 21.5658 30 22.9 21.9928 30.6398 22.9 22 30.6503 22.9 22.0867 30.7398 22.9 22.7209 31 22.9 22.9867 31.2843 22.9 23 31.2938 22.9 23.1 31.3791 22.9 23.108 31.3898 22.9 23.5089 32 22.9 23.6931 32.4427 22.9 23.8495 33 22.9 24 33.1122 22.9 23.4427 33.5474 22.9 23 33.7709 22.9 22.986 33.7849 22.9 22.7837 34 22.9 22 34.6108 22.9 21.2021 34.527 22.9 21 34.5124 22.9 20.2243 34.5344 22.9 20 34.5338 22.9 19.3236 34.7749 22.9 19.0639 34.9382 22.9 19.1226 34.1226 22.9 19.1203 34 22.9 19 33.8887 22.9 18.746 33.746 22.9 18 32.6712 22.9 17.6795 32.2945 22.9 17.4459 32 22.9 17 31.6369 22.9 16.8134 31.5653 22.9 16 31.4254 22.9 15.7713 31.4552 22.9 15 31.5407 22.9 14.4305 31.7436 22.9 14 31.9136 22.9 13.7977 32 22.9 13.4005 32.2446 22.9 13 32.4563 22.9 13 32.229 22.9 12.5173 32 22.9 12.1777 31.1777 22.9 12.1928 31 22.9 12 30.7992 22.9 11.8012 30.8012 22.9 11.7858 31 22.9 12 31.891 22.9 11.9527 32 22.9 12 32.3699 22.9 11.9493 32.9493 22.9 11.9466 33 22.9 12 33.0476 22.9 12.0941 33.0941 22.9 12.533 34 22.9 13 34.8788 22.9 12.9377 34.9377 22.9 12.9284 35 22.9 13 35.0649 22.9 13.1252 35.1252 22.9 14.334 37 22.9 15 37.5365 22.9 15.1557 37.5631 22.9 16 37.8164 22.9 16.2201 37.7541 22.9 17 37.6934 22.9 17.4093 37.5252 22.9 18 37.4263 22.9 17.9534 37.5907 22.9 17.8883 37.9 22.9 17.8691 38.1 22.9 17.7003 38.5235 22.9 17 38.5675 22.9 16.5675 39 22.9 16.5269 39.0325 22.9 16 39.4135 22.9 15.9607 39.381 22.9 15.4793 39 22.9 15 38.5207 22.9 14.9552 38.4814 22.9 14.3665 38 22.9 14 37.6335 22.9 13.9 37.6256 22.9 13 37.5048 22.9 12.9654 37.4679 22.9 12.5513 37 22.9 12 36.4487 22.9 11.9674 36.4141 22.9 11.6017 36 22.9 11 35.3983 22.9 10.9695 35.3658 22.9 10.6435 35 22.9 10.5741 34.1 22.9 10.5703 34 22.9 10 33.4297 22.9 9.96791 33.3954 22.9 9.61846 33 22.9 9.53791 32.1 22.9 9.53392 32 22.9 9 31.4661 22.9 8.96727 31.43 22.9 8.5957 31 22.9 8.52068 30.1 22.9 8.51733 30 22.9 8 29.4827 22.9 7.96667 29.4466 22.9 7.58057 29 22.9 7.50225 28 22.9 7 27.4977 22.9 6.58754 27 22.9 6.54871 26.1 22.9 6.54601 26 22.9 6.49829 25.1 22.9 6.49512 25 22.9 6 24.5049 22.9 5.96751 24.4649 22.9 5.60755 24 22.9 5.57485 23.1 22.9 5.57305 23 22.9 5.59923 18 22.9 5.63237 17.9565 22.9 6 17.4424 22.9 6.44246 17 22.9 6.52806 16.1 22.9 6.53033 16 22.9 7 15.4123 22.9 7.41234 15 22.9 7.46521 14.9502 22.9 8 14.4614 22.9 8.51121 13.9496 22.9 9 13.4929 22.9 9.4929 13 22.9 9.35065 12.1 22.9 9.3407 12 22.9 9 11.6593 22.9 8.9573 11.599 22.9 8.49349 11 22.9 
2 3 0 23.8
2 2 4 
1
136
9 10.9741 23.8 9.03006 11 23.8 9.13501 11.2 23.8 9.37603 12 23.8 9.47363 12.8 23.8 9.60227 13 23.8 8.54971 14 23.8 8.26967 14.3299 23.8 8 14.912 23.8 7.89524 15 23.8 7.87493 15.0177 23.8 7.72224 15.2 23.8 7.12316 16 23.8 7.07585 16.1473 23.8 7 16.3362 23.8 6.69535 16.9473 23.8 6.67712 17 23.8 6.64921 17.2 23.8 6.25376 18 23.8 6.24526 18.2 23.8 6.14467 19 23.8 6.0648 20.9054 23.8 6.06302 21 23.8 6.027 21.9595 23.8 6.02675 22 23.8 6.04468 22.9323 23.8 6.04432 23 23.8 6.27129 23.8 23.8 6.32208 24 23.8 6.57499 24.8 23.8 6.77186 25.5513 23.8 7 26.3856 23.8 7.18687 27 23.8 7.6161 27.8 23.8 7.73729 28 23.8 8 28.4657 23.8 8.24007 28.8062 23.8 8.35571 29 23.8 8.65564 29.5938 23.8 9 30.1857 23.8 9.32557 30.6339 23.8 9.54204 31 23.8 10 31.8579 23.8 10.0943 32 23.8 10.157 32.157 23.8 10.3519 32.448 23.8 11 33.5079 23.8 11.2 33.7064 23.8 11.2332 33.8341 23.8 11.3357 34 23.8 11.6955 34.6485 23.8 12 35.1413 23.8 12.2 35.3603 23.8 12.3058 35.5849 23.8 13 36.7125 23.8 13.2091 37 23.8 13.224 37.012 23.8 14 37.7243 23.8 14.2 37.8801 23.8 14.3 37.9534 23.8 14.3771 38 23.8 15 38.3321 23.8 15.2055 38.3769 23.8 16 38.6787 23.8 16.222 38.6647 23.8 17 38.4017 23.8 17.2934 38.3648 23.8 18 38.1372 23.8 17.7649 38.5754 23.8 17 38.6676 23.8 16.6676 39 23.8 16.5506 39.0847 23.8 16 39.4693 23.8 15.893 39.3846 23.8 15.3443 39 23.8 15 38.6557 23.8 14.8692 38.5487 23.8 14.1081 38 23.8 14 37.8919 23.8 13.8 37.865 23.8 13 37.5923 23.8 12.908 37.4883 23.8 12.4573 37 23.8 12 36.5427 23.8 11.9187 36.4507 23.8 11.5331 36 23.8 11 35.4669 23.8 10.5907 35 23.8 10.5042 34.2 23.8 10.4888 34 23.8 10 33.5112 23.8 9.92235 33.4234 23.8 9.56036 33 23.8 9.46103 32.2 23.8 9.44313 32 23.8 9 31.5569 23.8 8.52965 31 23.8 8.41338 30.2 23.8 8.39671 30 23.8 8 29.6033 23.8 7.9142 29.5041 23.8 7.49772 29 23.8 7.36186 28.2 23.8 7.34598 28 23.8 7 27.654 23.8 6.91591 27.5523 23.8 6.51192 27 23.8 6.44445 26.2 23.8 6.43582 26 23.8 6.3413 25.2 23.8 6.3307 25 23.8 6 24.6693 23.8 5.92001 24.566 23.8 5.53476 24 23.8 5.47419 23.2 23.8 5.46693 23 23.8 5.48193 19 23.8 5.5169 18.2 23.8 5.5187 18 23.8 5.60039 17.8858 23.8 6 17.37 23.8 6.36998 17 23.8 6.4847 16.2 23.8 6.50372 16 23.8 6.59894 15.8812 23.8 7 15.3648 23.8 7.36472 15 23.8 8 14.4133 23.8 8.41333 14 23.8 9.36011 13.0985 23.8 9.45862 13 23.8 9.36101 12.2 23.8 9.3294 12 23.8 9 11.6706 23.8 8.47791 11 23.8 8 10.5221 23.8 
3 4 0 24.7
2 3 5 
1
138
9 13.4025 24.7 9.68127 13.135 24.7 8.85924 13.835 24.7 8.67997 14 24.7 8.55924 14.2606 24.7 8 14.7172 24.7 7.73503 14.9606 24.7 7.68813 15 24.7 7.46347 15.3 24.7 7.02778 16 24.7 7 16.0692 24.7 6.88494 16.3 24.7 6.40147 17 24.7 6.25317 17.3 24.7 6.06851 18 24.7 6.03105 18.298 24.7 5.84564 18.9981 24.7 5.84538 19 24.7 5.79527 20.3 24.7 5.78864 21 24.7 5.77763 21.3 24.7 5.771 22 24.7 5.77689 22.3 24.7 5.80951 23 24.7 6 23.7635 24.7 6.05264 23.9498 24.7 6.06454 24 24.7 6.15938 24.3 24.7 6.33918 25 24.7 6.42319 25.3 24.7 6.84224 26.7 24.7 6.92146 27 24.7 7 27.1681 24.7 7.01295 27.191 24.7 7.26972 27.7 24.7 8 29.0649 24.7 8.04565 29.1369 24.7 8.34394 29.7 24.7 8.51718 30 24.7 8.88793 30.7 24.7 8.94729 30.8051 24.7 9.09629 31.0585 24.7 9.44632 31.7 24.7 9.62372 32 24.7 9.97369 32.6259 24.7 10.6126 33.7 24.7 12.0253 36 24.7 12.1108 36.113 24.7 12.6763 36.7 24.7 12.8617 37 24.7 12.9962 37.1056 24.7 13 37.1102 24.7 13.7 37.6593 24.7 14 37.9347 24.7 14.033 37.9547 24.7 14.0908 38 24.7 14.733 38.4573 24.7 15 38.5996 24.7 15.7 38.8413 24.7 16 38.9553 24.7 17 38.6221 24.7 17.7 38.414 24.7 18 38.3173 24.7 17.8138 38.6315 24.7 17 38.7391 24.7 16.7391 39 24.7 16.5326 39.1442 24.7 16 39.5046 24.7 15.7942 39.3604 24.7 15.2559 39 24.7 15 38.7441 24.7 14.7146 38.5383 24.7 14.0485 38 24.7 14 37.9515 24.7 13.7 37.8492 24.7 13 37.2887 24.7 12.831 37.1056 24.7 12.6964 37 24.7 12.131 36.413 24.7 12 36.282 24.7 11.8554 36.113 24.7 11.7699 36 24.7 11.1554 35.7145 24.7 11 35.5591 24.7 10.8737 35.4145 24.7 10.524 35 24.7 10.6314 34.3 24.7 10.599 34 24.7 10.1412 33.7586 24.7 10 33.6174 24.7 9.86426 33.4586 24.7 9.49386 33 24.7 9.37322 32.3 24.7 9.33597 32 24.7 9.127 31.3584 24.7 9 31.2315 24.7 8.85458 31.0585 24.7 8.82363 31 24.7 8.34495 30.3 24.7 8.30135 30 24.7 8.11098 29.4368 24.7 8 29.3259 24.7 7.84382 29.1369 24.7 7.77135 29 24.7 7.31414 28.3 24.7 7.2632 28 24.7 7.09287 27.491 24.7 7 27.3981 24.7 6.84851 27.191 24.7 6.75926 27 24.7 6.39467 26.3 24.7 6.36937 26 24.7 6.26733 25.3 24.7 6.23188 25 24.7 6 24.7681 24.7 5.85553 24.5559 24.7 5.50318 24 24.7 5.6938 23.3 24.7 5.67108 23 24.7 5.63846 22.3 24.7 5.65401 20 24.7 5.68074 19.3 24.7 5.68267 19 24.7 5.69578 18.7 24.7 5.86639 18 24.7 6 17.8276 24.7 6.03105 17.8066 24.7 6.13763 17.7 24.7 6.32229 17 24.7 6.80576 16.3 24.7 6.84878 16 24.7 6.99918 15.8063 24.7 7 15.8047 24.7 7.21477 15.1063 24.7 7.3211 15 24.7 7.51477 14.8207 24.7 8 14.3558 24.7 8.35581 14 24.7 
4 5 0 25.6
1 4 
1
18
9 13.5257 25.6 9.55939 13.1528 25.6 9.94869 13 25.6 9.55939 13.3317 25.6 9 13.7046 25.6 8.71014 13.9317 25.6 8.6297 14 25.6 8.31014 14.2609 25.6 8 14.4022 25.6 7.55117 14.8609 25.6 7.39974 15 25.6 7.3679 15.0511 25.6 7.38362 15 25.6 7.66093 14.7343 25.6 8 14.3822 25.6 8.31014 14.1343 25.6 8.44447 14 25.6 8.71014 13.7528 25.6 
