14
0
0
0
0
2
16
-37.0061 24.2572 21.106 -37.2322 24.5912 21.106 -37.3044 25 21.106 -37.332 25.2627 21.106 -37.5526 27 21.106 -37.5846 27.3606 21.106 -37.6457 27.8792 21.106 -37.5726 27.763 21.106 -37.4421 27.197 21.106 -37.3284 26.4529 21.106 -37.3082 26.235 21.106 -37.2831 26.0172 21.106 -37.1785 25.2731 21.106 -37.0481 24.529 21.106 -37.0202 24.3461 21.106 -37.0156 24.3112 21.106 
14
-9.54317 14.9154 21.106 -9.74872 14.9436 21.106 -9.66095 14.8241 21.106 -9.2296 14.6919 21.106 -9.10007 14.6593 21.106 -8.91686 14.6159 21.106 -8.69902 14.5187 21.106 -7.95492 14.2575 21.106 -7.73709 14.0892 21.106 -7.39781 13.805 21.106 -7.5437 14 21.106 -7.82815 14.1831 21.106 -8 14.4544 21.106 -8.70045 14.7675 21.106 
0
1
35
-5.81322 11.8023 22.906 -5.19297 11.5739 22.906 -5.09694 11.5482 22.906 -5.54872 12 22.906 -5.53635 13 22.906 -5.57549 13.0584 22.906 -6 13.718 22.906 -6.28201 14 22.906 -6.34037 14.0648 22.906 -7.25956 15 22.906 -7.32433 15.0418 22.906 -8 15.4587 22.906 -8.90598 15.6442 22.906 -9 15.6532 22.906 -9.5167 15.9568 22.906 -9.60692 16 22.906 -9.75144 16.4107 22.906 -9.73566 15.8722 22.906 -9.71511 15.6538 22.906 -9.66095 15.5503 22.906 -9.62386 15.4919 22.906 -9.04072 15.0373 22.906 -8.69902 14.9203 22.906 -8.35732 14.8588 22.906 -7.73709 14.7707 22.906 -7.50051 14.6932 22.906 -7.49715 14.6919 22.906 -7.15881 14.4819 22.906 -6.77516 14.3038 22.906 -6.45186 13.8617 22.906 -6.36996 13.7299 22.906 -6.29763 13.3882 22.906 -6.14472 12.768 22.906 -6.01702 12.4263 22.906 -5.81999 11.8061 22.906 
1
27
-5.47715 13 23.806 -5.56806 13.1413 23.806 -6 13.8508 23.806 -6.29048 14.1447 23.806 -7 14.741 23.806 -7.25904 15 23.806 -8 15.4671 23.806 -8.80598 15.5212 23.806 -9 15.5609 23.806 -9.48688 15.6881 23.806 -9.48441 15.6538 23.806 -9.10492 15.358 23.806 -8.69902 14.9711 23.806 -7.73709 14.8352 23.806 -7.29331 14.6919 23.806 -7.04364 14.576 23.806 -6.77516 14.4717 23.806 -6.35113 14.0176 23.806 -6.14074 13.7299 23.806 -6.04123 13.3263 23.806 -5.84247 12.768 23.806 -5.74743 12.4356 23.806 -5.69633 12.3644 23.806 -5.4431 11.8061 23.806 -5.2334 11.7292 23.806 -5.50421 12 23.806 -5.4796 12.806 23.806 
3
21
-38.5212 19.706 24.706 -38.6133 19.1261 24.706 -38.5189 19.2289 24.706 -38.3959 19.3752 24.706 -38.2932 19.5015 24.706 -38.0254 19.9979 24.706 -37.7574 20.4634 24.706 -37.677 20.9598 24.706 -37.6346 21.4254 24.706 -37.6492 21.9218 24.706 -37.6549 22.3873 24.706 -37.7048 22.8837 24.706 -37.762 23.3493 24.706 -37.9688 23.963 24.706 -38 23.9318 24.706 -38.4307 23 24.706 -38.3801 22 24.706 -38.3784 21.706 24.706 -38.3873 21 24.706 -38.411 20.706 24.706 -38.4845 20 24.706 
14
-5.56858 13.2588 24.706 -6 13.9345 24.706 -6.06545 14 24.706 -6.32429 14.2175 24.706 -6.73712 14.5341 24.706 -6.29239 14.1085 24.706 -5.93881 13.7299 24.706 -5.82684 13.4237 24.706 -5.81322 13.3788 24.706 -5.70308 12.9273 24.706 -5.64821 12.768 24.706 -5.44495 12.3199 24.706 -5.41999 12.706 24.706 -5.41101 13 24.706 
14
-8 15.4752 24.706 -8.70598 15.4914 24.706 -9 15.5111 24.706 -9.18709 15.5158 24.706 -8.99342 15.3312 24.706 -8.69902 15.0312 24.706 -8.23349 14.9656 24.706 -7.73709 14.8873 24.706 -7.33529 14.7693 24.706 -7.09362 14.6919 24.706 -6.86975 14.6049 24.706 -6.79312 14.577 24.706 -7 14.7356 24.706 -7.26437 15 24.706 
6
22
-38.6494 19.606 25.606 -38.6075 19.1518 25.606 -38.5189 19.2557 25.606 -38.4097 19.3899 25.606 -38.3217 19.5015 25.606 -38.1102 19.9359 25.606 -37.8256 20.4634 25.606 -37.791 20.8979 25.606 -37.7055 21.4254 25.606 -37.6843 21.8598 25.606 -37.6998 22.3873 25.606 -37.7928 23.3493 25.606 -37.9482 23.7838 25.606 -37.9935 23.9177 25.606 -37.9996 23.9117 25.606 -38 23.9112 25.606 -38.4291 23 25.606 -38.4097 22.606 25.606 -38.4383 22 25.606 -38.4432 21.606 25.606 -38.4902 21 25.606 -38.5868 20 25.606 
31
-27.6441 36.8163 25.606 -27.5714 36.6857 25.606 -27.4161 37 25.606 -27.6761 37.261 25.606 -28 37.6268 25.606 -28.106 37.867 25.606 -28.239 38 25.606 -29 38.7942 25.606 -29.2059 39 25.606 -29.3555 39.606 25.606 -29.4217 40 25.606 -30 40.6208 25.606 -30.3792 41 25.606 -30.6065 41.2109 25.606 -31 41.5384 25.606 -31.5029 41.3049 25.606 -31.2579 41.1318 25.606 -30.8235 40.9549 25.606 -30.6045 40.7595 25.606 -30.5179 40.664 25.606 -30.1478 40.1365 25.606 -29.9624 39.9055 25.606 -29.8615 39.7864 25.606 -29.8042 39.7021 25.606 -29.7391 39.5964 25.606 -29.1441 38.7402 25.606 -28.9102 38.4521 25.606 -28.3209 37.7782 25.606 -27.9996 37.3449 25.606 -27.9377 37.2719 25.606 -27.7002 36.9104 25.606 
15
-7.2607 24 25.606 -7.09557 24.2131 25.606 -7 24.3087 25.606 -6.77802 24.6072 25.606 -6.52267 25 25.606 -6.2763 25.606 25.606 -6.21904 26 25.606 -6.24169 26.1464 25.606 -6.52118 25.2731 25.606 -6.70633 24.9668 25.606 -6.77516 24.8266 25.606 -6.97232 24.4394 25.606 -7.05307 24.3112 25.606 -7.40676 23.8789 25.606 -7.49433 23.7524 25.606 
24
-22.9192 32.9642 25.606 -22.9804 32.903 25.606 -22.6005 32.9501 25.606 -22.1661 33.0464 25.606 -21.6386 33.0653 25.606 -20.6767 33.0652 25.606 -17.3564 33 25.606 -16.922 32.9406 25.606 -16.3945 32.9297 25.606 -16.022 32.9112 25.606 -16.0386 32.9295 25.606 -16.1092 33 25.606 -16.4327 33.1807 25.606 -17 33.4825 25.606 -18 33.4886 25.606 -18.606 33.1864 25.606 -19 33.1889 25.606 -19.606 33.2043 25.606 -20 33.2068 25.606 -20.606 33.2222 25.606 -21 33.2247 25.606 -21.606 33.2404 25.606 -22 33.238 25.606 -22.3133 33.0497 25.606 
12
-14.9815 32.8609 25.606 -14.9051 32.8553 25.606 -14.4706 32.8366 25.606 -13.9431 32.7566 25.606 -13.5087 32.7113 25.606 -12.9812 32.606 25.606 -12.5468 32.493 25.606 -12.4464 32.4526 25.606 -12.606 32.5192 25.606 -13 32.6942 25.606 -14 32.8047 25.606 -14.606 32.8541 25.606 
19
-6.78898 27.9794 25.606 -6.77516 27.9578 25.606 -6.54358 27.545 25.606 -6.40885 27.3946 25.606 -6.5102 27.606 25.606 -6.6475 28 25.606 -6.88248 28.2286 25.606 -7 28.4163 25.606 -7.35099 28.8345 25.606 -7.74501 29.2349 25.606 -8 29.4891 25.606 -8.33414 29.8409 25.606 -8.61327 29.9597 25.606 -8.26456 29.5968 25.606 -7.88525 29.1849 25.606 -7.73709 29.0339 25.606 -7.67806 28.9683 25.606 -7.32513 28.5933 25.606 -6.96355 28.1589 25.606 
1
20
-38.5196 19.4052 26.506 -38.5489 19.506 26.506 -38.6404 20.506 26.506 -38.5951 21 26.506 -38.5411 21.506 26.506 -38.4639 22.506 26.506 -38.4405 23 26.506 -38.2116 23.3926 26.506 -38 23.8379 26.506 -37.9729 23.865 26.506 -37.9217 23.7217 26.506 -37.8218 23.3493 26.506 -37.7676 22.7598 26.506 -37.8365 22.3873 26.506 -37.8653 21.7979 26.506 -37.9775 21.4254 26.506 -38.0245 20.8359 26.506 -38.1206 20.4634 26.506 -38.4018 19.8856 26.506 -38.4436 19.5015 26.506 
1
16
-38.6016 20.406 27.406 -38.5158 20.1994 27.406 -38.5069 20.4634 27.406 -38.3405 21.1148 27.406 -38.344 21.4254 27.406 -38.2343 21.736 27.406 -38.0381 22.3873 27.406 -37.9574 22.6979 27.406 -37.8368 23.3493 27.406 -37.8869 23.6598 27.406 -37.9234 23.796 27.406 -38 23.739 27.406 -38.2688 23.2781 27.406 -38.4635 23 27.406 -38.5435 22 27.406 -38.6557 21 27.406 
1
17
-38.5041 20.7215 28.306 -38.6198 21 28.306 -38.566 21.306 28.306 -38.4826 22 28.306 -38.5464 22.306 28.306 -38.4879 23 28.306 -38 23.7035 28.306 -37.9351 23.7456 28.306 -37.9113 23.5979 28.306 -37.8867 23.3493 28.306 -38.0721 22.636 28.306 -38.1982 22.3873 28.306 -38.4502 21.674 28.306 -38.4708 21.6094 28.306 -38.5189 21.435 28.306 -38.5213 21.4254 28.306 -38.5207 21.4124 28.306 
0
