28
0 3 0 3 1 4 1 4 3 5 3 5 4 6 4 6 4 7 4 7 6 8 6 8 7 9 7 9 
14
0 
0 
0 
0 
0 
3 0 1 2 
2 3 4 
3 5 6 7 
2 8 9 
0 
0 
0 
0 
0 
10
5 0 0 22.006
1 3 
1
94
-44.9727 11.6642 22.006 -44.6652 11.8061 22.006 -44.2905 12.3314 22.006 -44.2883 12.335 22.006 -44.2881 12.3354 22.006 -44.2296 12.4883 22.006 -43.9887 12.768 22.006 -43.7228 13.4502 22.006 -43.5548 13.7299 22.006 -43.1739 14.1228 22.006 -43.1733 14.1234 22.006 -43.0489 14.2502 22.006 -42.3666 14.6679 22.006 -42.332 14.6919 22.006 -42.0869 14.7986 22.006 -41.4047 14.9293 22.006 -41.125 14.9782 22.006 -40.4428 15.0634 22.006 -40.1631 15.1038 22.006 -39.4808 15.3388 22.006 -39.2011 15.478 22.006 -39.1751 15.4959 22.006 -38.9279 15.6538 22.006 -38.5189 16.0929 22.006 -38.2392 16.3012 22.006 -38.164 16.4148 22.006 -38.009 16.6157 22.006 -37.7167 17.3632 22.006 -37.6236 17.5777 22.006 -37.557 17.7603 22.006 -37.4245 18.1586 22.006 -37.3938 18.2598 22.006 -37.3377 18.5396 22.006 -37.2313 19.2218 22.006 -37.2246 19.5015 22.006 -37.1498 20.1837 22.006 -37.1476 20.4634 22.006 -37.1818 21.1457 22.006 -37.1762 21.4254 22.006 -37.1072 22.1075 22.006 -37.1122 22.3873 22.006 -37.1951 23.0695 22.006 -37.2238 23.3493 22.006 -37.5635 25.2731 22.006 -37.6223 25.6567 22.006 -37.7272 26.235 22.006 -37.7577 26.4489 22.006 -37.7688 26.5147 22.006 -38.058 27.197 22.006 -38.2339 27.4767 22.006 -38.3414 27.5292 22.006 -38.5189 27.6844 22.006 -38.5703 27.6449 22.006 -38.7987 27.4856 22.006 -38.9766 27.4998 22.006 -38.4768 27 22.006 -38.4426 26.006 22.006 -38.4422 26 22.006 -38.4126 25.006 22.006 -38.4123 25 22.006 -38.0029 24.4029 22.006 -38 24.3984 22.006 -37.6016 24 22.006 -38 23.6016 22.006 -38.3606 23.0045 22.006 -38.363 23 22.006 -38.3507 22.006 22.006 -38.3504 22 22.006 -38.3751 21 22.006 -38.3848 20.006 22.006 -38.3851 20 22.006 -38.3998 19.006 22.006 -38.4005 19 22.006 -39 18.4005 22.006 -39.3591 18 22.006 -39.4058 17.006 22.006 -39.4063 17 22.006 -40 16.4063 22.006 -40.4882 16.0034 22.006 -40.4912 16 22.006 -41 15.4912 22.006 -42 15.4584 22.006 -42.7281 15 22.006 -43 14.7281 22.006 -43.006 14.7275 22.006 -44 14.5431 22.006 -44.4745 14.0042 22.006 -44.478 14 22.006 -44.5332 13 22.006 -45 12.5332 22.006 -45.377 12.0038 22.006 -45.3796 12 22.006 -45.9292 11.4504 22.006 -45.2524 11.5841 22.006 
5 1 0 22.006
1 4 
1
204
-32.0595 36.5422 22.006 -31.7497 36.0789 22.006 -31.5788 35.8544 22.006 -30.8378 35.0715 22.006 -30.8235 35.0571 22.006 -30.0555 34.6985 22.006 -29.8615 34.567 22.006 -29.037 33.9305 22.006 -28.8996 33.7795 22.006 -28.7466 33.3586 22.006 -28.5317 32.9686 22.006 -27.9377 32.084 22.006 -27.5051 32.4392 22.006 -26.9757 32.8902 22.006 -26.8878 32.9686 22.006 -26.8841 32.9716 22.006 -26.884 32.9717 22.006 -26.0138 33.6768 22.006 -25.4436 32.9686 22.006 -25.8211 32.1993 22.006 -25.852 32.1542 22.006 -25.9432 32.0066 22.006 -25.9424 32.006 22.006 -25.3082 31.5 22.006 -25.0519 31.2742 22.006 -24.7905 31.3886 22.006 -24.7722 31.397 22.006 -24.0899 31.5301 22.006 -23.8102 31.6418 22.006 -23.128 31.8327 22.006 -22.8483 31.9548 22.006 -22.7135 31.9952 22.006 -22.1661 32.1304 22.006 -21.8097 32.1436 22.006 -21.2041 32.1821 22.006 -20.8179 32.1735 22.006 -20.2422 32.1925 22.006 -19.7006 32.1424 22.006 -19.2803 32.12 22.006 -19.099 32.1039 22.006 -19.0973 32.1037 22.006 -18.4722 32.0481 22.006 -18.3183 32.0417 22.006 -18.1332 32.0066 22.006 -17.5939 31.8858 22.006 -17.3564 31.7947 22.006 -17.2728 31.757 22.006 -17.2726 31.7569 22.006 -16.6742 31.4979 22.006 -16.6137 31.4678 22.006 -16.3945 31.3631 22.006 -15.5151 31.0959 22.006 -15.4325 31.0683 22.006 -15.2851 31.0447 22.006 -14.7076 30.8077 22.006 -14.4706 30.4036 22.006 -13.8761 30.0828 22.006 -13.6607 29.9307 22.006 -13.5087 29.4339 22.006 -13.3865 29.243 22.006 -13.281 29.1208 22.006 -13.5087 28.7945 22.006 -13.5802 28.1589 22.006 -13.5667 28.1009 22.006 -13.7591 27.197 22.006 -13.7955 26.8069 22.006 -13.7519 26.5231 22.006 -13.8034 26.235 22.006 -13.7521 25.9553 22.006 -13.7875 25.2731 22.006 -13.7076 24.9933 22.006 -13.6077 24.3112 22.006 -13.5087 24.1342 22.006 -13.492 24.111 22.006 -13.4418 24.0314 22.006 -13.0843 23.3493 22.006 -12.899 23.0695 22.006 -12.4297 22.3186 22.006 -12.2943 22.1076 22.006 -11.2724 20.4634 22.006 -11.1436 20.1837 22.006 -10.8981 19.544 22.006 -10.9796 20 22.006 -10.9994 20.0352 22.006 -11 20.0363 22.006 -11.0032 20.0412 22.006 -11.3262 21 22.006 -11.9972 21.8332 22.006 -12.0007 21.8393 22.006 -12.1614 22 22.006 -12.1613 22.0001 22.006 -12.1607 22.0005 22.006 -12 22.1613 22.006 -11.006 22.4962 22.006 -11 22.4986 22.006 -10.006 22.6479 22.006 -10 22.6486 22.006 -9.00598 22.708 22.006 -8 22.7173 22.006 -7.68071 22.9979 22.006 -7.67818 23 22.006 -7.67774 23.006 22.006 -7.64977 24 22.006 -7 24.6498 22.006 -6.00598 24.705 22.006 -6 24.7058 22.006 -5.75164 24.9978 22.006 -5.74987 25 22.006 -5.73995 26 22.006 -5.99815 26.3392 22.006 -6 26.3418 22.006 -6.6583 27 22.006 -6.65844 27.006 22.006 -6.66215 28 22.006 -7.6598 29 22.006 -7.99752 29.3261 22.006 -8.67142 30 22.006 -8.99752 30.4044 22.006 -9 30.4072 22.006 -9.99718 31.3989 22.006 -10 31.4016 22.006 -10.006 31.4021 22.006 -11 31.4315 22.006 -11.5685 32 22.006 -11.9968 32.324 22.006 -12 32.3263 22.006 -14 32.3543 22.006 -14.006 32.3547 22.006 -15 32.3761 22.006 -15.006 32.3768 22.006 -16 32.436 22.006 -16.564 33 22.006 -16.9964 33.3608 22.006 -17 33.3633 22.006 -22 33.3563 22.006 -22.4871 33.0023 22.006 -22.4904 33 22.006 -23 32.4904 22.006 -23.006 32.4901 22.006 -24 32.4975 22.006 -24.5025 33 22.006 -24.5022 33.006 22.006 -24.4699 34 22.006 -24.47 34.006 22.006 -24.5685 35 22.006 -25 35.3609 22.006 -25.006 35.3612 22.006 -26 35.3998 22.006 -26.006 35.4003 22.006 -27 35.4142 22.006 -27.5858 36 22.006 -27.5869 36.006 22.006 -27.6796 37 22.006 -28 37.3043 22.006 -29.6908 39 22.006 -29.691 39.006 22.006 -29.7168 40 22.006 -30 40.3405 22.006 -30.6595 41 22.006 -31 41.4142 22.006 -31.006 41.4157 22.006 -32 41.6011 22.006 -32.0031 41.6028 22.006 -32.4003 42 22.006 -32.9971 42.541 22.006 -33 42.5444 22.006 -33.006 42.5445 22.006 -34 42.519 22.006 -34.006 42.5181 22.006 -35 42.4917 22.006 -35.006 42.4909 22.006 -36 42.4671 22.006 -36.006 42.466 22.006 -37 42.4351 22.006 -37.006 42.4377 22.006 -38 42.4601 22.006 -38.006 42.4598 22.006 -38.9831 42.1531 22.006 -38.5978 41.6259 22.006 -38.5189 41.4844 22.006 -38.4071 41.4098 22.006 -37.8367 41.1407 22.006 -37.7562 41.077 22.006 -37.557 40.9657 22.006 -37.2279 41.0472 22.006 -36.5951 41.2385 22.006 -36.3153 41.2928 22.006 -35.6331 41.4447 22.006 -35.4325 41.4253 22.006 -34.6712 41.5795 22.006 -34.3598 41.6259 22.006 -33.7093 41.6952 22.006 -33.4179 41.6259 22.006 -32.7473 41.4069 22.006 -32.6759 41.2891 22.006 -32.2134 40.664 22.006 -31.9215 39.8382 22.006 -31.9213 39.7021 22.006 -31.9505 39.537 22.006 -32.0083 38.7402 22.006 -32.0798 38.4458 22.006 -32.2244 37.7782 22.006 -32.252 37.3116 22.006 -32.2222 36.8163 22.006 
5 2 0 22.006
0 
1
48
-7.73709 14.5805 22.006 -7.73039 14.5774 22.006 -7.05489 14.1582 22.006 -6.85769 13.9929 22.006 -6.77516 13.9008 22.006 -6.66891 13.7299 22.006 -6.60098 13.4502 22.006 -6.45657 12.768 22.006 -6.32227 12.4883 22.006 -6.06731 11.8061 22.006 -5.93254 11.7498 22.006 -5.81322 11.6828 22.006 -5.53349 11.6255 22.006 -5.10379 11.5103 22.006 -5.59343 12 22.006 -5.58343 13 22.006 -5.9972 13.617 22.006 -6 13.6213 22.006 -6.37863 14 22.006 -6.99565 14.6848 22.006 -7.31081 15 22.006 -7.99554 15.4418 22.006 -8 15.4446 22.006 -8.00598 15.4458 22.006 -9 15.5416 22.006 -9.00341 15.5436 22.006 -9.95731 16 22.006 -9.95942 16.006 22.006 -9.53969 17 22.006 -9.99953 17.6252 22.006 -10.0016 17.6312 22.006 -10.3704 18 22.006 -10.3725 18.006 22.006 -10.7324 18.8423 22.006 -10.6769 18.5396 22.006 -10.6343 18.2603 22.006 -10.6229 18.2245 22.006 -10.3856 17.5782 22.006 -10.3855 17.5777 22.006 -10.0907 16.6157 22.006 -10.0522 16.336 22.006 -9.98803 15.6538 22.006 -9.83011 15.4387 22.006 -9.66095 15.1154 22.006 -8.97875 14.8819 22.006 -8.69902 14.8024 22.006 -8.08906 14.6919 22.006 -8.00922 14.676 22.006 
6 3 0 22.906
2 0 5 
1
93
-44.6588 12.4263 22.906 -44.4436 12.768 22.906 -44.2905 13.4366 22.906 -44.2716 13.5101 22.906 -44.1859 13.7299 22.906 -44.128 13.8099 22.906 -43.9488 13.9961 22.906 -43.3286 14.5306 22.906 -43.0701 14.686 22.906 -43.0477 14.6919 22.906 -42.4499 14.8366 22.906 -42.3666 14.8702 22.906 -42.0249 14.9356 22.906 -41.4047 15.0347 22.906 -41.063 15.0774 22.906 -40.4428 15.1994 22.906 -40.1011 15.3171 22.906 -39.8476 15.5033 22.906 -39.6526 15.6538 22.906 -39.4808 15.9415 22.906 -39.0318 16.5052 22.906 -38.9679 16.6157 22.906 -38.5189 17.5757 22.906 -38.518 17.5777 22.906 -38.5176 17.5788 22.906 -38.1772 18.3048 22.906 -38.1525 18.363 22.906 -38.048 18.5396 22.906 -37.8387 19.1598 22.906 -37.6562 19.5015 22.906 -37.557 19.8829 22.906 -37.4959 20.1595 22.906 -37.4626 20.4634 22.906 -37.3814 21.0837 22.906 -37.3985 21.4254 22.906 -37.3639 21.7671 22.906 -37.434 22.3873 22.906 -37.4506 23.0551 22.906 -37.4863 23.3493 22.906 -37.567 23.7665 22.906 -37.7101 24.3112 22.906 -37.7699 24.6529 22.906 -37.8978 25.2731 22.906 -38.0356 25.8933 22.906 -38.0976 26.235 22.906 -38.2424 26.5767 22.906 -38.4452 26.9432 22.906 -38.5189 27.0987 22.906 -38.6231 27.197 22.906 -38.7736 27.2812 22.906 -38.9534 27.3529 22.906 -38.6004 27 22.906 -38.5972 26.906 22.906 -38.528 26 22.906 -38.5252 25.906 22.906 -38.4723 25 22.906 -38.4336 24.9435 22.906 -38 24.2604 22.906 -37.7396 24 22.906 -38 23.7396 22.906 -38.0341 23.6831 22.906 -38.3941 23 22.906 -38.3929 22.906 22.906 -38.3499 22 22.906 -38.3799 21 22.906 -38.3808 20.906 22.906 -38.4243 20 22.906 -38.4257 19.906 22.906 -38.5365 19 22.906 -39 18.5365 22.906 -39.472 18 22.906 -39.4764 17.906 22.906 -39.5576 17 22.906 -40 16.5576 22.906 -40.0462 16.5195 22.906 -40.5131 16 22.906 -41 15.5131 22.906 -42 15.4802 22.906 -42.7846 15 22.906 -43 14.7846 22.906 -43.906 14.6991 22.906 -44 14.6816 22.906 -44.0449 14.6307 22.906 -44.5636 14 22.906 -44.627 13 22.906 -45 12.627 22.906 -45.0357 12.5769 22.906 -45.4246 12 22.906 -45.919 11.5055 22.906 -45.8727 11.5147 22.906 -45.2524 11.6715 22.906 -45.0997 11.742 22.906 -44.9888 11.8061 22.906 
6 4 0 22.906
3 1 6 7 
1
192
-30.631 37.5857 22.906 -30.273 36.8163 22.906 -30.0934 36.5845 22.906 -29.8615 36.5031 22.906 -29.0249 35.8544 22.906 -28.8996 35.7612 22.906 -27.9906 34.8924 22.906 -27.9377 34.7858 22.906 -27.2884 34.5798 22.906 -26.9757 34.6676 22.906 -26.3495 34.5567 22.906 -26.1181 34.6456 22.906 -26.0138 34.6974 22.906 -25.8547 34.6225 22.906 -25.3936 34.3361 22.906 -25.1817 34.2643 22.906 -25.0519 34.2063 22.906 -24.9045 33.9305 22.906 -24.8605 33.5888 22.906 -24.9227 32.9686 22.906 -24.4186 32.3689 22.906 -25.0494 32.0722 22.906 -25.0519 32.0665 22.906 -25.0889 32.0066 22.906 -25.0519 31.9741 22.906 -24.3876 31.859 22.906 -24.0899 31.9171 22.906 -23.7673 32.0066 22.906 -23.7216 32.0263 22.906 -23.128 32.1602 22.906 -22.1661 32.39 22.906 -21.2041 32.4493 22.906 -20.2422 32.474 22.906 -19.9005 32.4558 22.906 -19.2803 32.4843 22.906 -18.9386 32.4699 22.906 -18.3183 32.488 22.906 -17.9766 32.4256 22.906 -17.3564 32.3928 22.906 -16.7362 32.2167 22.906 -16.3945 32.0972 22.906 -16.0876 32.0066 22.906 -15.755 31.8841 22.906 -15.393 31.7626 22.906 -14.8123 31.574 22.906 -13.5087 31.3864 22.906 -12.9513 31.2687 22.906 -12.5468 31.2122 22.906 -11.5964 31.0447 22.906 -11.5895 31.0417 22.906 -11.5848 31.0403 22.906 -11.1603 30.7244 22.906 -10.9646 30.6198 22.906 -10.9225 30.5984 22.906 -10.6229 30.489 22.906 -10.2059 30.0828 22.906 -10.3279 29.4665 22.906 -10.3808 29.1208 22.906 -9.79901 28.297 22.906 -9.73979 28.1589 22.906 -9.74505 28.0748 22.906 -9.66095 28.0013 22.906 -8.85419 27.197 22.906 -9.41582 26.4802 22.906 -9.60063 26.235 22.906 -9.66095 26.1906 22.906 -10.6229 25.5949 22.906 -11.1976 25.2731 22.906 -12.5468 24.5756 22.906 -12.6619 24.4263 22.906 -12.6449 24.3275 22.906 -12.6425 24.3112 22.906 -12.8801 23.7003 22.906 -12.8833 23.691 22.906 -12.7042 23.3493 22.906 -12.55 23.1016 22.906 -12.5468 23.0942 22.906 -12.3035 22.4814 22.906 -12.0416 22.0599 22.906 -12.0152 22.0807 22.906 -12 22.0959 22.906 -11.906 22.1276 22.906 -11 22.4916 22.906 -10.906 22.5057 22.906 -10 22.6201 22.906 -9.90598 22.6257 22.906 -8 22.6538 22.906 -7.9698 22.6804 22.906 -7.58571 23 22.906 -7.5193 23.906 22.906 -7.51666 24 22.906 -7 24.5166 22.906 -6.90598 24.5218 22.906 -6 24.6453 22.906 -5.97651 24.6729 22.906 -5.70846 25 22.906 -5.69471 26 22.906 -5.71913 26.0321 22.906 -6 26.4248 22.906 -6.57521 27 22.906 -6.59672 27.906 22.906 -6.59707 28 22.906 -7.59223 29 22.906 -7.62417 29.0308 22.906 -8.59269 30 22.906 -8.62354 30.0382 22.906 -9 30.466 22.906 -9.5723 31.0377 22.906 -10 31.4403 22.906 -10.906 31.5299 22.906 -11 31.5327 22.906 -11.4673 32 22.906 -11.5078 32.0306 22.906 -12 32.3808 22.906 -14 32.4197 22.906 -14.906 32.4809 22.906 -15 32.4829 22.906 -15.906 32.5816 22.906 -16 32.5872 22.906 -16.4128 33 22.906 -16.4537 33.0341 22.906 -17 33.4068 22.906 -22 33.386 22.906 -22.0461 33.3525 22.906 -22.5551 33 22.906 -23 32.5551 22.906 -23.906 32.5041 22.906 -24 32.5048 22.906 -24.4952 33 22.906 -24.4525 33.906 22.906 -24.4494 34 22.906 -24.4742 34.906 22.906 -24.4835 35 22.906 -25 35.432 22.906 -25.906 35.4855 22.906 -26 35.4892 22.906 -26.906 35.5592 22.906 -27 35.5605 22.906 -27.4395 36 22.906 -27.6073 36.906 22.906 -27.616 37 22.906 -28 37.3576 22.906 -29.6382 39 22.906 -29.6813 39.906 22.906 -29.6838 40 22.906 -30 40.381 22.906 -30.619 41 22.906 -31 41.4623 22.906 -31.906 41.6908 22.906 -32 41.7083 22.906 -32.4708 41.9624 22.906 -32.5084 42 22.906 -32.5649 42.0512 22.906 -33 42.5656 22.906 -33.906 42.5733 22.906 -34 42.5709 22.906 -34.906 42.4292 22.906 -35 42.4267 22.906 -35.906 42.3029 22.906 -36 42.3007 22.906 -36.906 42.1285 22.906 -37 42.1256 22.906 -37.906 42.5197 22.906 -38 42.5219 22.906 -38.9034 42.4766 22.906 -38.7571 42.279 22.906 -38.5189 42.0799 22.906 -37.8987 41.9316 22.906 -37.557 41.795 22.906 -37.18 41.8833 22.906 -36.5951 41.9807 22.906 -36.4542 42.0021 22.906 -36.2534 42.0446 22.906 -34.6712 42.2701 22.906 -34.3295 42.307 22.906 -33.7093 42.3501 22.906 -33.3676 42.2658 22.906 -32.7473 42.0906 22.906 -32.3474 41.6698 22.906 -32.3084 41.6259 22.906 -32.0556 41.2842 22.906 -31.9461 41.1163 22.906 -31.7854 40.8904 22.906 -31.6667 40.664 22.906 -31.5633 40.3223 22.906 -31.3535 39.7021 22.906 -31.3482 39.3604 22.906 -31.1267 38.7402 22.906 -31.1652 38.3985 22.906 -30.8284 37.8943 22.906 -30.8235 37.8828 22.906 -30.7742 37.7782 22.906 
7 5 0 23.806
1 3 
1
91
-44.2905 14.0569 23.806 -43.8869 14.4047 23.806 -43.857 14.4237 23.806 -43.4772 14.6919 23.806 -43.3286 14.7558 23.806 -42.9249 14.8535 23.806 -42.3666 14.9673 23.806 -41.963 15.0318 23.806 -41.4047 15.1601 23.806 -41.0011 15.2394 23.806 -40.6347 15.5683 23.806 -40.5315 15.6538 23.806 -40.0391 16.3138 23.806 -39.9911 16.4193 23.806 -39.862 16.6157 23.806 -39.6126 17.4012 23.806 -39.5365 17.5777 23.806 -39.4808 17.6711 23.806 -39.0772 18.1572 23.806 -38.9748 18.3251 23.806 -38.8063 18.5396 23.806 -38.5189 18.8522 23.806 -38.4481 18.9224 23.806 -38.3006 19.0979 23.806 -38.085 19.5015 23.806 -37.7637 20.0598 23.806 -37.6545 20.4634 23.806 -37.6037 21.0217 23.806 -37.5517 21.4254 23.806 -37.5961 21.829 23.806 -37.6028 22.3873 23.806 -37.6715 22.9456 23.806 -37.6785 23.3493 23.806 -37.8638 23.9076 23.806 -37.9698 24.3112 23.806 -38.1452 24.8695 23.806 -38.2285 25.2731 23.806 -38.3182 25.6767 23.806 -38.459 26.235 23.806 -38.5189 26.3614 23.806 -38.5707 26.4824 23.806 -38.7324 26.6348 23.806 -38.6431 26 23.806 -38.6318 25.806 23.806 -38.5521 25 23.806 -38.4592 24.8537 23.806 -38 24.0921 23.806 -37.9079 24 23.806 -38 23.9079 23.806 -38.0771 23.7617 23.806 -38.4249 23 23.806 -38.3726 22 23.806 -38.3785 21.806 23.806 -38.3739 21 23.806 -38.3832 20.806 23.806 -38.4481 20 23.806 -38.5725 19 23.806 -39 18.5725 23.806 -39.0939 18.4656 23.806 -39.5591 18 23.806 -39.5765 17.806 23.806 -39.9006 17 23.806 -40 16.9006 23.806 -40.1 16.7894 23.806 -40.7159 16 23.806 -41 15.7159 23.806 -41.806 15.1133 23.806 -42 15.107 23.806 -42.1534 15.0133 23.806 -42.2234 15 23.806 -42.9594 14.8855 23.806 -43 14.8448 23.806 -43.806 14.7234 23.806 -44 14.7051 23.806 -44.1111 14.5701 23.806 -44.6352 14 23.806 -44.6477 13.806 23.806 -44.7616 13 23.806 -45 12.7616 23.806 -45.0833 12.638 23.806 -45.4818 12 23.806 -45.9062 11.5756 23.806 -45.8108 11.5998 23.806 -45.2524 11.6802 23.806 -45.1803 11.7219 23.806 -45.1098 11.8061 23.806 -44.9487 12.3644 23.806 -44.734 12.768 23.806 -44.5799 13.3263 23.806 -44.4891 13.7299 23.806 -44.3164 14.0048 23.806 
7 6 0 23.806
2 4 8 
1
53
-27.9377 35.9399 23.806 -27.8347 35.8544 23.806 -27.615 35.653 23.806 -27.3794 35.5266 23.806 -26.9757 35.4217 23.806 -26.5721 35.3642 23.806 -26.0138 35.2494 23.806 -25.4555 35.1022 23.806 -25.0519 34.9524 23.806 -24.9918 34.8924 23.806 -24.882 34.706 23.806 -24.801 34.5546 23.806 -24.8365 34.806 23.806 -24.8418 35 23.806 -24.9437 35.0853 23.806 -25 35.1299 23.806 -25.806 35.3775 23.806 -26 35.389 23.806 -26.806 35.5519 23.806 -27 35.5669 23.806 -27.5708 35.9177 23.806 -27.6531 36 23.806 -27.4931 36.806 23.806 -27.529 37 23.806 -28 37.4432 23.806 -29 38.4585 23.806 -29.5415 39 23.806 -29.6059 39.806 23.806 -29.6152 40 23.806 -29.6772 40.0747 23.806 -30 40.4346 23.806 -30.5654 41 23.806 -31 41.5231 23.806 -31.806 41.7981 23.806 -32 41.847 23.806 -32.1278 41.8681 23.806 -32.0923 41.8342 23.806 -31.8944 41.6259 23.806 -31.7854 41.4727 23.806 -31.7554 41.4244 23.806 -31.6494 41.2223 23.806 -31.3128 40.664 23.806 -31.1762 40.2604 23.806 -30.9323 39.7021 23.806 -30.8235 39.4017 23.806 -30.762 39.2657 23.806 -30.4667 38.7005 23.806 -30.2652 38.4088 23.806 -30.0937 38.0448 23.806 -29.9292 37.7782 23.806 -29.8615 37.6863 23.806 -29.3032 37.1067 23.806 -29.0028 36.8163 23.806 
7 7 0 23.806
2 4 9 
1
111
-11.807 22.1559 23.806 -11.806 22.1563 23.806 -11 22.486 23.806 -10.806 22.5105 23.806 -8.80598 22.5316 23.806 -8 22.5551 23.806 -7.91775 22.6235 23.806 -7.51865 23 23.806 -7.38076 23.806 23.806 -7.36654 24 23.806 -7 24.3665 23.806 -6.80598 24.3929 23.806 -6 24.5936 23.806 -5.6673 25 23.806 -5.63555 25.806 23.806 -5.6328 26 23.806 -5.69295 26.0841 23.806 -6 26.5631 23.806 -6.43691 27 23.806 -6.519 27.806 23.806 -6.52361 28 23.806 -6.6031 28.0805 23.806 -7.6097 29.0806 23.806 -8 29.4978 23.806 -8.50217 30 23.806 -8.58279 30.0916 23.806 -9 30.5234 23.806 -9.47668 31 23.806 -9.56827 31.0862 23.806 -10 31.479 23.806 -10.806 31.6144 23.806 -11 31.6336 23.806 -11.3664 32 23.806 -12 32.4575 23.806 -13 32.4846 23.806 -13.806 32.5395 23.806 -14 32.5436 23.806 -14.806 32.6573 23.806 -15 32.6704 23.806 -15.806 32.6961 23.806 -16 32.7172 23.806 -16.2828 33 23.806 -16.3998 33.0798 23.806 -17 33.4294 23.806 -22 33.4212 23.806 -22.109 33.3457 23.806 -22.6397 33 23.806 -23 32.6398 23.806 -23.806 32.5673 23.806 -24 32.5564 23.806 -24.6578 32.8556 23.806 -24.4247 32.5783 23.806 -24.0899 32.2638 23.806 -23.6863 32.3549 23.806 -23.128 32.4169 23.806 -22.7244 32.5117 23.806 -22.1661 32.6627 23.806 -21.7624 32.6871 23.806 -21.2041 32.6697 23.806 -20.8005 32.6784 23.806 -20.2422 32.728 23.806 -19.8386 32.7465 23.806 -18.8766 32.767 23.806 -17.9147 32.7126 23.806 -17.3564 32.6943 23.806 -16.9528 32.5797 23.806 -16.3945 32.5625 23.806 -15.9908 32.4454 23.806 -15.4325 32.3655 23.806 -14.8742 32.202 23.806 -14.4706 32.0719 23.806 -13.7756 31.9254 23.806 -12.1431 31.6888 23.806 -11.5848 31.5436 23.806 -11.0265 31.2735 23.806 -10.6229 31.1063 23.806 -10.5379 31.0447 23.806 -10.46 30.9766 23.806 -10.0646 30.6568 23.806 -9.72015 30.3213 23.806 -9.66095 30.2679 23.806 -9.49232 30.0828 23.806 -9.49658 29.5431 23.806 -9.33131 29.1208 23.806 -9.22516 28.9547 23.806 -9.10265 28.8376 23.806 -8.77569 28.6001 23.806 -8.69902 28.566 23.806 -8.01932 28.1589 23.806 -7.73709 27.8881 23.806 -7.65393 27.7261 23.806 -7.21337 27.197 23.806 -7.28762 26.235 23.806 -7.42307 25.6158 23.806 -7.51861 25.2731 23.806 -7.73709 24.4338 23.806 -7.83346 24.3112 23.806 -8.29445 24.1015 23.806 -8.69902 23.91 23.806 -9.28787 23.7224 23.806 -9.66095 23.6405 23.806 -10.4687 23.5035 23.806 -10.6216 23.472 23.806 -10.6229 23.4716 23.806 -11.4895 23.4444 23.806 -11.5848 23.4203 23.806 -11.6812 23.3493 23.806 -11.9913 23.1717 23.806 -11.8301 22.7672 23.806 -12.0916 22.3873 23.806 -11.9435 22.101 23.806 
8 8 0 24.706
1 6 
1
34
-27.8849 36.5739 24.706 -27.6216 36.3555 24.706 -27.4484 36.706 24.706 -27.39 37 24.706 -27.5342 37.136 24.706 -28.3964 38 24.706 -29 38.6354 24.706 -29.3646 39 24.706 -29.4832 39.706 24.706 -29.5067 40 24.706 -30 40.5384 24.706 -30.4616 41 24.706 -30.5929 41.1577 24.706 -31 41.5356 24.706 -31.5409 41.3644 24.706 -31.0581 40.9119 24.706 -30.9086 40.664 24.706 -30.8235 40.4705 24.706 -30.742 40.3006 24.706 -30.6875 40.1985 24.706 -30.3392 39.7021 24.706 -30.0963 39.2366 24.706 -29.8916 38.9646 24.706 -29.8615 38.9197 24.706 -29.7366 38.7402 24.706 -29.5853 38.497 24.706 -29.1836 38.0035 24.706 -28.9435 37.7782 24.706 -28.8996 37.7323 24.706 -28.7056 37.481 24.706 -28.4032 37.0732 24.706 -28.2294 36.9049 24.706 -28.1416 36.8163 24.706 -27.9377 36.6469 24.706 
8 9 0 24.706
1 7 
1
126
-12 22.2933 24.706 -11.706 22.4136 24.706 -11 22.7668 24.706 -10.706 22.7706 24.706 -10 22.4428 24.706 -9.70598 22.4446 24.706 -9 22.4162 24.706 -8.70598 22.4247 24.706 -8 22.8957 24.706 -7.88941 23 24.706 -7.85441 23.0642 24.706 -7.31969 23.706 24.706 -7.26939 24 24.706 -7 24.2694 24.706 -6.70598 24.3426 24.706 -6.32657 24.7527 24.706 -6.1426 25 24.706 -6 25.9813 24.706 -5.99869 25.9962 24.706 -5.99854 26 24.706 -6 26.0023 24.706 -6.20568 26.1747 24.706 -6.32497 26.294 24.706 -6.15825 27 24.706 -6.40426 27.706 24.706 -6.4342 28 24.706 -7.4481 29 24.706 -7.59048 29.1522 24.706 -8 29.5731 24.706 -8.66951 29.8581 24.706 -8.96355 30.1575 24.706 -9 30.1974 24.706 -9.26894 30.8635 24.706 -9.40547 31 24.706 -9.56296 31.1433 24.706 -10 31.524 24.706 -10.706 31.5692 24.706 -11 31.6186 24.706 -11.4401 31.8986 24.706 -11.5415 32 24.706 -11.7341 32.1395 24.706 -12 32.305 24.706 -12.706 32.6185 24.706 -13 32.627 24.706 -13.706 32.7016 24.706 -14 32.7216 24.706 -14.706 32.7345 24.706 -15 32.7759 24.706 -16 32.7987 24.706 -16.2014 33 24.706 -16.4203 33.1275 24.706 -17 33.4513 24.706 -22 33.4634 24.706 -22.1936 33.3372 24.706 -22.7549 33 24.706 -23 32.755 24.706 -23.706 32.6505 24.706 -24 32.624 24.706 -24.1693 32.6959 24.706 -24.0899 32.5846 24.706 -23.128 32.6877 24.706 -22.6625 32.8137 24.706 -22.1661 32.8751 24.706 -21.7005 32.8606 24.706 -21.2041 32.8779 24.706 -20.6571 32.8802 24.706 -20.2422 32.9171 24.706 -19.7458 32.9072 24.706 -19.2803 32.9145 24.706 -18.8147 32.8869 24.706 -16.3945 32.8253 24.706 -15.9289 32.7587 24.706 -15.4325 32.7341 24.706 -14.967 32.5977 24.706 -14.4706 32.5611 24.706 -14.0051 32.4586 24.706 -13.5087 32.3833 24.706 -13.0123 32.2842 24.706 -12.5468 32.2124 24.706 -12.0107 32.0066 24.706 -11.9693 31.9895 24.706 -11.5848 31.8895 24.706 -11.5316 31.8648 24.706 -11.0884 31.6326 24.706 -10.6229 31.4074 24.706 -10.2773 31.1432 24.706 -10.1415 31.0447 24.706 -9.81176 30.778 24.706 -9.66095 30.6511 24.706 -9.26701 30.2817 24.706 -9.08579 30.0828 24.706 -8.9036 29.6172 24.706 -8.77105 29.4699 24.706 -8.44798 29.1208 24.706 -8.34205 29.0231 24.706 -8.20263 28.8796 24.706 -7.73709 28.586 24.706 -7.40496 28.2332 24.706 -7.33179 28.1589 24.706 -6.94415 27.6934 24.706 -6.77516 27.5198 24.706 -6.48608 27.197 24.706 -6.52063 26.6658 24.706 -6.57812 26.235 24.706 -6.77516 25.5975 24.706 -6.79762 25.5415 24.706 -6.87245 25.2731 24.706 -6.9439 25.1411 24.706 -7.12946 24.7767 24.706 -7.28406 24.3112 24.706 -7.59489 23.8624 24.706 -7.73709 23.621 24.706 -8.20263 23.4008 24.706 -8.20747 23.3964 24.706 -8.25201 23.3493 24.706 -8.69902 23.0351 24.706 -8.71511 23.032 24.706 -9.16455 22.9337 24.706 -9.66095 22.9013 24.706 -10.1574 22.9602 24.706 -10.6229 22.936 24.706 -11.1193 22.9956 24.706 -11.5848 22.9693 24.706 -11.8028 22.6526 24.706 -12.108 22.3873 24.706 -12.0621 22.2833 24.706 
