45
0
0
1
21
7.2963 14.0863 -12.6247 7.1211 15.5918 -12.6247 7.11771 15.6399 -12.6247 7.00597 16.6206 -12.6247 6.64272 16.2702 -12.6247 6.58788 16.2173 -12.6247 6.57155 16.1982 -12.6247 6.42762 16.0587 -12.6247 5.76178 16.2968 -12.6247 5.62345 16.1691 -12.6247 5.58965 16.1333 -12.6247 5.4498 15.9984 -12.6247 5.36465 15.8985 -12.6247 4.61375 15.1709 -12.6247 4.59682 15.153 -12.6247 4.51091 15.0751 -12.6247 4.46863 15.0296 -12.6247 4.41349 14.9665 -12.6247 4.06768 14.6317 -12.6247 3.61497 14.0001 -12.6247 4.20822 11.9027 -12.6247 
1
28
3.90822 11.0541 -11.7247 7.03586 13.2657 -11.7247 7.60493 14.8753 -11.7247 7.60487 14.8765 -11.7247 7.59677 14.9836 -11.7247 7.59177 15.073 -11.7247 7.44327 16.4325 -11.7247 7.44244 16.4478 -11.7247 7.32702 17.5257 -11.7247 6.97409 17.1853 -11.7247 6.94586 17.1505 -11.7247 6.74447 16.9549 -11.7247 6.41632 17.0703 -11.7247 5.89667 16.9793 -11.7247 5.83598 16.9663 -11.7247 5.7241 16.8285 -11.7247 4.92555 16.0529 -11.7247 4.92055 16.0474 -11.7247 4.9009 16.0298 -11.7247 4.82279 15.9435 -11.7247 4.76505 15.8821 -11.7247 4.76288 15.8802 -11.7247 3.96177 15.1075 -11.7247 3.94461 15.0878 -11.7247 3.777 14.9256 -11.7247 3.66452 14.8069 -11.7247 3.6343 14.7792 -11.7247 3.02171 14.1884 -11.7247 
1
35
3.60822 10.2056 -10.8247 7.01706 12.616 -10.8247 6.96214 13.0572 -10.8247 7.31745 14.0621 -10.8247 8.05011 14.5752 -10.8247 8.04805 14.6289 -10.8247 8.04113 14.7544 -10.8247 7.92119 15.7181 -10.8247 7.90501 15.9719 -10.8247 7.85037 16.4205 -10.8247 7.76129 17.2747 -10.8247 7.75859 17.383 -10.8247 7.73384 17.5508 -10.8247 7.73217 17.6273 -10.8247 7.48199 17.723 -10.8247 7.23211 18.0387 -10.8247 7.07255 17.8829 -10.8247 6.89212 17.6847 -10.8247 6.80622 17.6123 -10.8247 6.4189 17.2388 -10.8247 5.28749 16.9965 -10.8247 5.28209 16.9898 -10.8247 5.2436 16.9524 -10.8247 5.06003 16.7519 -10.8247 5.04231 16.736 -10.8247 4.35002 16.0683 -10.8247 4.32141 16.0343 -10.8247 4.08948 15.8094 -10.8247 3.71368 15.937 -10.8247 3.29056 15.8553 -10.8247 3.21475 15.8394 -10.8247 3.11649 15.7264 -10.8247 3.0984 15.7064 -10.8247 3.29764 15.0168 -10.8247 2.47195 14.2229 -10.8247 
1
41
3.30822 9.35709 -9.92468 7.44066 12.2792 -9.92468 7.4606 12.3356 -9.92468 7.43761 12.5003 -9.92468 7.3226 13.4274 -9.92468 8.01903 13.9151 -9.92468 8.13078 14.1814 -9.92468 8.41906 14.9967 -9.92468 8.35146 15.5331 -9.92468 8.36611 15.5433 -9.92468 8.34404 15.7463 -9.92468 8.24292 16.559 -9.92468 8.22914 16.8474 -9.92468 8.20659 17.0634 -9.92468 8.11077 17.8334 -9.92468 8.08187 18.1159 -9.92468 8.08364 18.3907 -9.92468 8.06915 18.5034 -9.92468 8.07038 18.5838 -9.92468 7.87081 18.6817 -9.92468 7.4284 18.8894 -9.92468 7.0017 19.0399 -9.92468 6.59174 18.9614 -9.92468 6.39874 18.711 -9.92468 6.37319 18.6719 -9.92468 6.10219 18.4038 -9.92468 5.70867 17.8408 -9.92468 5.5746 17.8887 -9.92468 5.54184 17.8573 -9.92468 5.31065 17.5957 -9.92468 4.73503 17.0405 -9.92468 4.69118 16.9858 -9.92468 4.40807 16.7105 -9.92468 4.27321 16.5596 -9.92468 4.19644 16.4896 -9.92468 3.79921 16.1065 -9.92468 2.66621 15.8696 -9.92468 2.65734 15.8594 -9.92468 2.54577 15.7357 -9.92468 2.74426 15.046 -9.92468 1.92248 14.2564 -9.92468 
1
49
7.14065 11.4306 -9.02468 7.71904 13.0665 -9.02468 7.83078 13.3328 -9.02468 8.39353 14.9245 -9.02468 8.52674 15.2391 -9.02468 8.83495 16.1109 -9.02468 8.71335 16.1598 -9.02468 8.65288 16.7425 -9.02468 8.57138 17.3975 -9.02468 8.56182 17.7285 -9.02468 8.53027 18.0701 -9.02468 8.41911 18.963 -9.02468 8.42075 19.0708 -9.02468 8.4403 19.4207 -9.02468 8.20434 19.836 -9.02468 7.86314 20.119 -9.02468 7.86674 20.4014 -9.02468 7.82202 20.5503 -9.02468 7.69201 20.445 -9.02468 7.55347 20.4938 -9.02468 7.29 20.5027 -9.02468 7.24752 20.5693 -9.02468 7.36952 20.0777 -9.02468 7.55383 19.7466 -9.02468 7.13214 19.4063 -9.02468 7.12722 19.4016 -9.02468 6.03436 19.0227 -9.02468 6.01441 18.9922 -9.02468 5.93807 18.9167 -9.02468 5.63156 18.5271 -9.02468 5.55901 18.4624 -9.02468 5.11417 18.0334 -9.02468 5.04961 17.9476 -9.02468 4.73762 17.6426 -9.02468 4.57988 17.4559 -9.02468 4.46442 17.3495 -9.02468 4.1841 17.0792 -9.02468 4.09528 16.9698 -9.02468 3.5687 16.4578 -9.02468 3.12009 16.5983 -9.02468 2.89478 16.673 -9.02468 2.85729 16.6364 -9.02468 2.70646 16.471 -9.02468 2.11692 15.9024 -9.02468 1.99485 15.7655 -9.02468 2.16715 15.1617 -9.02468 1.90806 14.8017 -9.02468 1.37396 14.2866 -9.02468 3.00823 8.50855 -9.02468 
1
49
7.18504 10.8256 -8.12468 7.11779 11.366 -8.12468 7.41903 12.218 -8.12468 7.63088 12.367 -8.12468 7.62281 12.5493 -8.12468 7.60484 12.6937 -8.12468 8.09352 14.0759 -8.12468 8.22674 14.3906 -8.12468 8.76996 15.9271 -8.12468 9.10376 16.1631 -8.12468 9.09846 16.4213 -8.12468 9.06664 16.677 -8.12468 9.18561 17.0134 -8.12468 9.03784 17.0776 -8.12468 8.97586 17.7488 -8.12468 8.91594 18.2302 -8.12468 8.91617 18.6448 -8.12468 8.88589 19.0994 -8.12468 8.31268 20.1082 -8.12468 8.20088 20.5095 -8.12468 7.35702 20.0509 -8.12468 6.88467 20.2169 -8.12468 6.73656 20.5705 -8.12468 6.77489 20.435 -8.12468 6.93886 19.764 -8.12468 6.70056 19.5901 -8.12468 6.57013 19.462 -8.12468 5.99852 19.2617 -8.12468 5.48397 19.0595 -8.12468 5.39059 18.9283 -8.12468 5.08593 18.6278 -8.12468 4.88988 18.3775 -8.12468 4.5651 18.0656 -8.12468 4.44133 17.9091 -8.12468 3.8925 17.3736 -8.12468 3.53253 17.4736 -8.12468 3.21263 17.572 -8.12468 3.14463 17.5039 -8.12468 2.98693 17.3264 -8.12468 2.50548 16.8621 -8.12468 2.4476 16.7957 -8.12468 2.05295 16.4132 -8.12468 1.95865 16.3091 -8.12468 1.56833 15.9328 -8.12468 1.4943 15.8502 -8.12468 0.900749 15.2756 -8.12468 0.855315 15.2264 -8.12468 0.62964 15.009 -8.12468 2.70823 7.66002 -8.12468 
1
68
1.90856 8.57808 -7.22468 1.90511 8.59029 -7.22468 1.87792 8.68638 -7.22468 1.87789 8.6865 -7.22468 1.87753 8.68779 -7.22468 1.87749 8.68791 -7.22468 1.8772 8.68896 -7.22468 1.87717 8.68906 -7.22468 1.87704 8.68951 -7.22468 1.87701 8.68964 -7.22468 0.0811133 15.039 -7.22468 0.896511 15.8255 -7.22468 0.835353 16.0418 -7.22468 0.941885 16.2385 -7.22468 1.21068 16.1523 -7.22468 1.86123 16.7828 -7.22468 1.95696 16.8922 -7.22468 2.27293 17.197 -7.22468 2.36835 17.3053 -7.22468 2.81221 17.7364 -7.22468 2.89154 17.8306 -7.22468 3.25887 18.1849 -7.22468 3.42552 18.3793 -7.22468 3.53949 18.4964 -7.22468 3.93408 18.3873 -7.22468 4.22907 18.3255 -7.22468 4.76755 18.8563 -7.22468 4.93545 19.0897 -7.22468 4.93735 19.0915 -7.22468 4.94169 19.0975 -7.22468 5.50128 19.8026 -7.22468 5.93128 19.8115 -7.22468 6.29055 20.0707 -7.22468 6.58467 19.3684 -7.22468 7.05701 19.2024 -7.22468 8.0563 19.7455 -7.22468 9.00764 20.4582 -7.22468 9.14017 20.552 -7.22468 9.25329 20.137 -7.22468 9.49741 19.9312 -7.22468 9.91727 19.1923 -7.22468 9.89744 18.8378 -7.22468 9.90417 18.767 -7.22468 9.89304 18.7592 -7.22468 9.94345 18.3543 -7.22468 9.91157 17.774 -7.22468 10.0064 17.7328 -7.22468 10.0048 17.5185 -7.22468 9.41906 17.1043 -7.22468 9.54405 16.0999 -7.22468 9.54688 15.9617 -7.22468 9.46996 15.7856 -7.22468 8.46995 15.0785 -7.22468 8.39577 14.8687 -7.22468 8.50958 13.9542 -7.22468 8.51783 13.7392 -7.22468 7.93189 13.3252 -7.22468 8.0684 12.228 -7.22468 8.07785 12.0441 -7.22468 7.49097 11.6312 -7.22468 7.61471 10.6448 -7.22468 7.54313 10.4424 -7.22468 3.90469 7.86965 -7.22468 3.73589 7.84293 -7.22468 3.31811 7.96429 -7.22468 2.86978 8.10916 -7.22468 2.42905 8.27758 -7.22468 2.02932 8.44467 -7.22468 
1
72
1.12253 9.74148 -6.32468 2.42896 9.19874 -6.32468 3.89747 8.67951 -6.32468 5.25631 8.28164 -6.32468 5.42444 8.30788 -6.32468 7.49188 9.76978 -6.32468 7.4433 10.1601 -6.32468 7.81986 11.2252 -6.32468 7.93775 11.3085 -6.32468 7.92862 11.4885 -6.32468 7.93114 11.4946 -6.32468 8.40034 12.8217 -6.32468 8.37767 13.0036 -6.32468 8.49364 13.0856 -6.32468 8.62674 13.4007 -6.32468 8.89104 14.1482 -6.32468 8.82336 14.692 -6.32468 9.40915 15.1062 -6.32468 9.40385 15.3643 -6.32468 9.3905 15.4716 -6.32468 9.85065 16.7731 -6.32468 9.86464 16.783 -6.32468 9.86479 16.8039 -6.32468 10.069 17.2489 -6.32468 10.3778 18.1226 -6.32468 10.3386 18.4379 -6.32468 10.3623 18.4546 -6.32468 10.3647 18.4563 -6.32468 10.3781 18.4657 -6.32468 10.3782 18.6411 -6.32468 10.3629 18.8709 -6.32468 9.78963 19.8799 -6.32468 9.67444 20.2933 -6.32468 8.70764 19.6097 -6.32468 7.7563 18.897 -6.32468 6.75701 18.3539 -6.32468 6.28467 18.5199 -6.32468 5.84564 19.5682 -6.32468 5.61512 20.4795 -6.32468 5.27161 20.2345 -6.32468 5.05406 19.8548 -6.32468 4.60864 19.3991 -6.32468 4.30965 19.393 -6.32468 3.8877 19.4814 -6.32468 3.69441 19.2723 -6.32468 3.51431 19.0491 -6.32468 3.27278 18.8162 -6.32468 3.16502 18.6809 -6.32468 2.69126 18.2186 -6.32468 2.59131 18.1002 -6.32468 2.34302 17.8608 -6.32468 2.21882 17.7133 -6.32468 1.52399 17.0384 -6.32468 0.849583 17.2522 -6.32468 0.762881 17.1663 -6.32468 0.663412 17.0571 -6.32468 0.276007 16.6835 -6.32468 0.152721 16.546 -6.32468 0.347984 15.8557 -6.32468 -0.467418 15.0693 -6.32468 0.98084 9.94889 -6.32468 0.980905 9.94868 -6.32468 0.981526 9.94641 -6.32468 0.981601 9.94619 -6.32468 0.982352 9.94351 -6.32468 0.982434 9.94319 -6.32468 0.983486 9.93953 -6.32468 0.998394 9.88684 -6.32468 0.998429 9.88668 -6.32468 1.00004 9.88097 -6.32468 1.00011 9.88076 -6.32468 1.00199 9.8741 -6.32468 
1
60
-1.21121 15.7897 -5.42468 -1.15539 15.8436 -5.42468 -1.14415 15.8558 -5.42468 -0.369385 16.6056 -5.42468 -0.272524 16.7136 -5.42468 -0.0472011 16.9309 -5.42468 0.00723918 16.991 -5.42468 0.580307 17.5464 -5.42468 0.664635 17.6429 -5.42468 0.944126 17.9125 -5.42468 1.03567 18.0155 -5.42468 1.16551 18.1458 -5.42468 1.77507 17.9595 -5.42468 1.84302 17.9407 -5.42468 2.56096 18.6412 -5.42468 2.72424 18.8464 -5.42468 2.91502 19.0304 -5.42468 3.03021 19.1773 -5.42468 3.49744 19.6378 -5.42468 3.64312 19.8403 -5.42468 4.72309 20.2647 -5.42468 5.07259 20.5139 -5.42468 5.2541 19.8722 -5.42468 5.54564 18.7197 -5.42468 5.98467 17.6714 -5.42468 6.45701 17.5053 -5.42468 7.45631 18.0485 -5.42468 8.40764 18.7611 -5.42468 10.12 19.972 -5.42468 10.2352 19.5585 -5.42468 10.8084 18.5496 -5.42468 10.8349 18.1524 -5.42468 10.2396 17.7315 -5.42468 10.2064 17.6377 -5.42468 10.3126 16.7848 -5.42468 10.3102 16.4617 -5.42468 9.72443 16.0475 -5.42468 9.84942 15.0431 -5.42468 9.85473 14.785 -5.42468 8.86995 14.0886 -5.42468 8.71963 13.6634 -5.42468 8.81497 12.8974 -5.42468 8.82329 12.6823 -5.42468 8.2375 12.2681 -5.42468 8.37399 11.1714 -5.42468 8.38346 10.9869 -5.42468 7.79757 10.5729 -5.42468 7.93759 9.44854 -5.42468 6.93859 8.74215 -5.42468 6.77165 8.71674 -5.42468 5.4224 9.1214 -5.42468 4.11576 9.5952 -5.42468 2.83474 10.0482 -5.42468 1.52064 10.501 -5.42468 0.217411 11.0324 -5.42468 0.0972507 11.1636 -5.42468 0.0885558 11.1944 -5.42468 0.0883902 11.195 -5.42468 0.0856683 11.2046 -5.42468 0.0855527 11.205 -5.42468 
1
63
-0.804059 12.441 -4.52468 -0.811689 12.468 -4.52468 -0.811758 12.4683 -4.52468 -0.811812 12.4685 -4.52468 -1.75974 15.8199 -4.52468 -0.990034 16.5623 -4.52468 -0.835054 16.73 -4.52468 -0.822606 16.7421 -4.52468 -0.82105 16.7438 -4.52468 -0.00591322 17.5334 -4.52468 0.116106 17.673 -4.52468 0.273601 17.8249 -4.52468 0.321161 17.8789 -4.52468 0.940072 18.4801 -4.52468 1.0507 18.6114 -4.52468 2.16827 18.8747 -4.52468 2.17279 18.8735 -4.52468 2.17517 18.8758 -4.52468 2.17572 18.8765 -4.52468 2.87548 19.566 -4.52468 3.0946 19.8704 -4.52468 4.17456 20.2948 -4.52468 4.52407 20.5441 -4.52468 4.9541 19.0237 -4.52468 5.24564 17.8712 -4.52468 5.68467 16.8228 -4.52468 6.15701 16.6568 -4.52468 7.1563 17.2 -4.52468 8.10764 17.9126 -4.52468 10.5656 19.6507 -4.52468 10.6808 19.2372 -4.52468 11.254 18.2283 -4.52468 11.2556 18.2261 -4.52468 11.2536 18.2221 -4.52468 11.2298 17.7952 -4.52468 10.644 17.381 -4.52468 10.7582 16.4635 -4.52468 10.7558 16.1404 -4.52468 10.17 15.7262 -4.52468 10.1858 15.5996 -4.52468 9.7355 14.3261 -4.52468 9.71005 14.2678 -4.52468 9.71454 14.0494 -4.52468 9.12874 13.6352 -4.52468 9.26055 12.5761 -4.52468 9.26887 12.361 -4.52468 8.68308 11.9468 -4.52468 8.81957 10.85 -4.52468 8.82906 10.6656 -4.52468 8.27629 10.2748 -4.52468 8.26528 10.0746 -4.52468 8.37914 9.15967 -4.52468 8.27625 9.14425 -4.52468 6.93783 9.55658 -4.52468 5.68531 10.0296 -4.52468 5.07241 10.2629 -4.52468 4.4336 10.4942 -4.52468 3.79584 10.7285 -4.52468 3.15258 10.9471 -4.52468 2.51038 11.1688 -4.52468 1.887 11.3726 -4.52468 0.61547 11.792 -4.52468 -0.684124 12.3106 -4.52468 
1
57
-1.58415 13.5835 -3.62468 -0.285135 13.0669 -3.62468 0.982908 12.6599 -3.62468 2.24674 12.2677 -3.62468 2.83721 12.0932 -3.62468 3.48316 11.8821 -3.62468 3.51161 11.872 -3.62468 4.13106 11.6766 -3.62468 4.7357 11.4392 -3.62468 4.76418 11.4292 -3.62468 5.39922 11.1873 -3.62468 5.9681 10.9519 -3.62468 8.43962 9.98213 -3.62468 9.36007 9.69734 -3.62468 9.12867 11.6254 -3.62468 9.71445 12.0396 -3.62468 9.70613 12.2547 -3.62468 9.57433 13.3138 -3.62468 10.1602 13.728 -3.62468 10.1548 13.9862 -3.62468 10.0298 14.9906 -3.62468 11.2014 15.819 -3.62468 11.2038 16.1421 -3.62468 11.0896 17.0597 -3.62468 11.6754 17.4739 -3.62468 11.6996 17.907 -3.62468 11.6514 18.294 -3.62468 11.322 18.5717 -3.62468 11.1264 18.9159 -3.62468 11.0112 19.3294 -3.62468 7.80764 17.0641 -3.62468 6.85631 16.3514 -3.62468 5.85701 15.8083 -3.62468 5.38467 15.9743 -3.62468 4.94563 17.0226 -3.62468 4.65409 18.1752 -3.62468 3.97553 20.5742 -3.62468 3.62602 20.325 -3.62468 2.54607 19.9006 -3.62468 2.54216 19.8951 -3.62468 2.52963 19.8828 -3.62468 2.18989 19.4493 -3.62468 1.62719 18.9067 -3.62468 0.85661 18.7251 -3.62468 0.641365 18.7846 -3.62468 0.50217 18.6416 -3.62468 0.346683 18.457 -3.62468 -0.432418 17.7032 -3.62468 -0.443983 17.69 -3.62468 -0.522576 17.6138 -3.62468 -0.654954 17.6563 -3.62468 -1.56484 17.4643 -3.62468 -1.68813 17.3269 -3.62468 -1.49286 16.6365 -3.62468 -2.30826 15.85 -3.62468 -1.70811 13.7282 -3.62468 -1.70408 13.714 -3.62468 
1
60
-2.48414 14.8563 -2.72468 -1.18514 14.3397 -2.72468 1.3448 13.5475 -2.72468 2.5966 13.1978 -2.72468 3.18179 13.0679 -2.72468 3.83079 12.9105 -2.72468 3.84658 12.9101 -2.72468 4.5272 12.7971 -2.72468 5.12759 12.4571 -2.72468 5.14015 12.4475 -2.72468 5.74371 12.1617 -2.72468 6.2804 11.8951 -2.72468 7.47382 11.3803 -2.72468 9.90703 10.419 -2.72468 9.97112 11.5847 -2.72468 10.1601 11.7184 -2.72468 10.1517 11.9334 -2.72468 10.0199 12.9926 -2.72468 10.6057 13.4068 -2.72468 10.6004 13.6649 -2.72468 10.4754 14.6693 -2.72468 11.647 15.4977 -2.72468 11.6494 15.8208 -2.72468 11.5352 16.7384 -2.72468 12.1209 17.1526 -2.72468 12.1452 17.5856 -2.72468 12.0508 18.3439 -2.72468 12.3966 18.5884 -2.72468 12.1577 19.0088 -2.72468 12.0392 19.4342 -2.72468 11.9077 19.3269 -2.72468 7.50764 16.2156 -2.72468 6.55631 15.5029 -2.72468 5.55701 14.9597 -2.72468 5.08467 15.1258 -2.72468 4.64564 16.174 -2.72468 4.35409 17.3267 -2.72468 3.23175 21.2947 -2.72468 2.88224 21.0455 -2.72468 1.80228 20.6211 -2.72468 1.60537 20.3475 -2.72468 0.973846 19.725 -2.72468 0.939795 19.6816 -2.72468 0.883398 19.6272 -2.72468 0.691638 19.3862 -2.72468 0.677994 19.3703 -2.72468 -0.0463562 18.6717 -2.72468 -0.0703811 18.6432 -2.72468 -0.204788 18.5126 -2.72468 -0.38481 18.3083 -2.72468 -0.980947 17.7334 -2.72468 -1.92871 17.5334 -2.72468 -2.03856 17.5686 -2.72468 -2.11337 17.4944 -2.72468 -2.23665 17.357 -2.72468 -2.04139 16.6666 -2.72468 -2.85679 15.8802 -2.72468 -2.6044 14.9879 -2.72468 -2.60428 14.9874 -2.72468 -2.60408 14.9867 -2.72468 
2
31
-2.08514 15.6126 -1.82468 0.444777 14.8203 -1.82468 1.69606 14.4725 -1.82468 2.92381 14.208 -1.82468 4.08182 14.19 -1.82468 4.3373 14.2654 -1.82468 4.38312 14.295 -1.82468 4.31378 14.8258 -1.82468 4.23871 15.2499 -1.82468 4.22833 15.5087 -1.82468 4.22789 15.7911 -1.82468 4.05409 16.4781 -1.82468 2.68322 21.3249 -1.82468 2.33371 21.0756 -1.82468 1.25375 20.6513 -1.82468 1.12231 20.4686 -1.82468 0.955837 20.2563 -1.82468 0.334872 19.6573 -1.82468 0.295594 19.608 -1.82468 0.122904 19.4395 -1.82468 -0.0831182 19.1955 -1.82468 -0.594883 18.7019 -1.82468 -0.663769 18.6202 -1.82468 -1.04914 18.2458 -1.82468 -1.72601 18.4526 -1.82468 -1.72632 18.4523 -1.82468 -1.91747 18.2425 -1.82468 -2.6619 17.5246 -1.82468 -2.78518 17.3871 -1.82468 -2.67902 17.0118 -1.82468 -3.33088 16.1079 -1.82468 
24
5.72522 13.6691 -1.82468 5.57903 13.8722 -1.82468 6.29183 14.5288 -1.82468 6.63676 14.9394 -1.82468 7.20764 15.3671 -1.82468 12.049 18.7905 -1.82468 12.4768 19.1416 -1.82468 12.6034 18.6874 -1.82468 12.8422 18.267 -1.82468 12.4964 18.0226 -1.82468 12.5908 17.2643 -1.82468 12.5666 16.8313 -1.82468 11.9807 16.4171 -1.82468 12.095 15.4995 -1.82468 12.0926 15.1764 -1.82468 10.921 14.348 -1.82468 11.046 13.3436 -1.82468 11.0513 13.0854 -1.82468 10.4655 12.6712 -1.82468 10.6498 11.1365 -1.82468 8.9739 11.8046 -1.82468 7.78198 12.3205 -1.82468 6.6605 12.8862 -1.82468 5.74802 13.5997 -1.82468 
2
27
-2.98514 16.8853 -0.924676 -0.455222 16.0931 -0.924676 0.796063 15.7454 -0.924676 2.02376 15.481 -0.924676 3.17962 15.4705 -0.924676 3.39365 15.5995 -0.924676 3.35071 17.0558 -0.924676 2.13469 21.355 -0.924676 1.78518 21.1058 -0.924676 0.705223 20.6814 -0.924676 0.650092 20.6048 -0.924676 0.473275 20.4305 -0.924676 0.214661 20.1006 -0.924676 -0.213654 19.6875 -0.924676 -0.308468 19.5684 -0.924676 -0.725327 19.1617 -0.924676 -1.31072 19.3236 -0.924676 -1.40762 19.3532 -0.924676 -1.42827 19.3324 -0.924676 -1.63676 19.0979 -0.924676 -2.27327 18.4841 -0.924676 -2.31112 18.4407 -0.924676 -2.56837 18.1914 -0.924676 -2.69331 18.0535 -0.924676 -3.21042 17.5548 -0.924676 -3.26718 17.4914 -0.924676 -3.62893 17.1413 -0.924676 
22
9.28197 12.7447 -0.924676 10.4739 12.2288 -0.924676 11.6147 11.7693 -0.924676 11.6165 11.8026 -0.924676 11.4929 12.9559 -0.924676 11.4916 13.0222 -0.924676 11.3666 14.0267 -0.924676 12.5381 14.8551 -0.924676 12.5405 15.1782 -0.924676 12.4264 16.0957 -0.924676 13.0122 16.5099 -0.924676 13.0363 16.943 -0.924676 12.942 17.7012 -0.924676 13.13 17.8342 -0.924676 13.1297 18.3181 -0.924676 12.9182 18.8353 -0.924676 12.8544 18.7843 -0.924676 12.6722 18.5947 -0.924676 8.11412 15.3716 -0.924676 7.16691 14.2654 -0.924676 7.25417 14.0283 -0.924676 8.16063 13.3106 -0.924676 
2
25
-1.35523 17.3659 -0.0246759 -0.103938 17.0181 -0.0246759 1.12376 16.7537 -0.0246759 2.27962 16.7434 -0.0246759 2.49365 16.8722 -0.0246759 2.4507 18.3285 -0.0246759 1.43711 21.9122 -0.0246759 1.08829 21.6605 -0.0246759 0.906815 21.6567 -0.0246759 0.670634 21.3591 -0.0246759 0.313658 20.8629 -0.0246759 0.156695 20.7116 -0.0246759 0.0281257 20.5329 -0.0246759 -0.384221 20.1265 -0.0246759 -0.908897 20.2364 -0.0246759 -1.07876 20.2834 -0.0246759 -1.12782 20.2329 -0.0246759 -1.36481 19.9564 -0.0246759 -1.8872 19.4525 -0.0246759 -1.94252 19.3869 -0.0246759 -2.25198 19.0863 -0.0246759 -2.38414 18.9363 -0.0246759 -2.82179 18.5142 -0.0246759 -2.89734 18.4278 -0.0246759 -3.3519 17.9872 -0.0246759 
22
10.782 13.169 -0.0246759 11.9406 12.6675 -0.0246759 11.9372 12.7009 -0.0246759 11.8701 13.2394 -0.0246759 11.8991 13.7669 -0.0246759 12.7506 14.369 -0.0246759 13.1606 14.224 -0.0246759 12.9843 14.6154 -0.0246759 12.9861 14.8569 -0.0246759 12.872 15.7744 -0.0246759 13.4834 16.2067 -0.0246759 13.6804 16.7621 -0.0246759 13.7277 17.6204 -0.0246759 13.7334 17.6244 -0.0246759 13.5494 17.9482 -0.0246759 13.3987 18.3885 -0.0246759 13.3781 18.4626 -0.0246759 13.333 18.4256 -0.0246759 9.61413 15.7959 -0.0246759 8.66691 14.6896 -0.0246759 8.75418 14.4526 -0.0246759 9.66063 13.7348 -0.0246759 
2
25
12.282 13.5933 0.875324 13.4739 13.0774 0.875324 15.9396 12.1035 0.875324 16.2038 12.0217 0.875324 16.051 13.2675 0.875324 16.0358 13.5363 0.875324 15.3793 13.8008 0.875324 15.3117 14.4507 0.875324 15.2382 15.0409 0.875324 15.2296 15.3392 0.875324 15.189 15.7782 0.875324 15.0833 16.6281 0.875324 15.0877 16.925 0.875324 15.0991 17.1288 0.875324 14.9616 17.3708 0.875324 14.268 17.9553 0.875324 14.1808 18.2755 0.875324 14.1042 18.3576 0.875324 14.1402 18.4243 0.875324 13.9906 18.2676 0.875324 13.8316 18.1417 0.875324 11.1141 16.2202 0.875324 10.1669 15.1139 0.875324 10.2542 14.8768 0.875324 11.1606 14.1591 0.875324 
21
-3.03652 18.8775 0.875324 -2.5359 19.3638 0.875324 -2.43573 19.4827 0.875324 -2.07301 19.8325 0.875324 -1.92699 20.0055 0.875324 -1.58399 20.3401 0.875324 -1.50597 20.4382 0.875324 -1.10938 20.8207 0.875324 -0.813655 21.187 0.875324 -0.725586 21.2823 0.875324 -0.533338 21.242 0.875324 0.0141738 21.2533 0.875324 0.335785 21.5822 0.875324 0.492863 21.8564 0.875324 0.842372 22.1057 0.875324 1.55071 19.6014 0.875324 1.59365 18.145 0.875324 1.37962 18.0161 0.875324 0.223756 18.0265 0.875324 -1.00394 18.2909 0.875324 -2.25522 18.6387 0.875324 
2
18
11.7541 15.3011 1.77532 11.6669 15.5382 1.77532 12.6141 16.6445 1.77532 14.6545 18.0872 1.77532 14.8503 18.2513 1.77532 14.9715 17.8164 1.77532 15.5446 16.8075 1.77532 15.5829 16.2325 1.77532 15.5828 15.8737 1.77532 15.6347 15.4569 1.77532 15.7031 14.7164 1.77532 16.2509 14.4784 1.77532 16.3542 14.4368 1.77532 16.3669 14.1357 1.77532 16.5178 12.8847 1.77532 14.9739 13.5016 1.77532 13.782 14.0175 1.77532 12.6606 14.5833 1.77532 
14
-1.90394 19.5637 1.77532 -0.676239 19.2993 1.77532 0.479619 19.2889 1.77532 0.69365 19.4178 1.77532 0.650707 20.8741 1.77532 0.293842 22.1359 1.77532 -0.0556658 21.8866 1.77532 -1.13562 21.4622 1.77532 -1.24198 21.3144 1.77532 -1.58308 20.9782 1.77532 -1.76056 20.7518 1.77532 -2.0545 20.4683 1.77532 -2.18805 20.3005 1.77532 -2.71283 19.7885 1.77532 
1
19
14.1606 15.0076 2.67532 15.282 14.4418 2.67532 16.4739 13.9259 2.67532 16.8346 13.7806 2.67532 16.7886 14.2222 2.67532 16.6905 15.0101 2.67532 16.6829 15.3666 2.67532 16.5121 15.4409 2.67532 16.0439 15.6806 2.67532 15.9903 16.4862 2.67532 15.9327 16.9484 2.67532 16.0008 17.6799 2.67532 15.8538 17.8038 2.67532 15.7891 18.0412 2.67532 15.658 18.2125 2.67532 15.4728 18.0294 2.67532 14.1141 17.0687 2.67532 13.1669 15.9625 2.67532 13.2542 15.7254 2.67532 
0
1
16
20.6062 63.7321 4.47532 21.3512 63.5109 4.47532 23.3125 62.8175 4.47532 24.0311 62.5214 4.47532 24.9891 62.6502 4.47532 24.804 62.7563 4.47532 24.5674 62.912 4.47532 24.3378 63.0517 4.47532 23.2185 63.615 4.47532 23.2151 63.6166 4.47532 21.9357 64.0644 4.47532 21.9293 64.0661 4.47532 20.7085 64.327 4.47532 20.4306 64.3651 4.47532 20.1838 64.3898 4.47532 19.9497 64.4265 4.47532 
1
82
15.5848 64.1782 5.37532 15.5978 64.182 5.37532 15.7151 64.1923 5.37532 16.697 64.3718 5.37532 17.1434 64.4076 5.37532 17.485 64.391 5.37532 17.5205 64.3883 5.37532 17.8549 64.3544 5.37532 19.0544 64.1895 5.37532 19.139 64.1741 5.37532 19.8138 64.0341 5.37532 20.208 63.9712 5.37532 20.6478 63.8823 5.37532 20.679 63.8797 5.37532 21.5055 63.6743 5.37532 21.5061 63.6741 5.37532 22.0443 63.511 5.37532 22.0449 63.5109 5.37532 22.7782 63.2524 5.37532 23.2996 63.0407 5.37532 23.3003 63.0404 5.37532 23.4771 62.9585 5.37532 23.5758 62.9046 5.37532 24.099 62.6591 5.37532 24.4352 62.4843 5.37532 24.451 62.478 5.37532 24.8206 62.2639 5.37532 25.4754 61.9251 5.37532 25.526 61.8968 5.37532 25.5702 61.8709 5.37532 25.5959 61.847 5.37532 26.3806 61.3655 5.37532 26.504 61.2295 5.37532 26.8869 60.9548 5.37532 26.9646 60.8867 5.37532 27.0215 60.8429 5.37532 27.4734 60.5563 5.37532 27.7778 60.289 5.37532 28.2195 59.7251 5.37532 28.2261 59.7174 5.37532 27.8942 59.6821 5.37532 27.8277 59.6814 5.37532 27.7716 59.6772 5.37532 27.2919 59.8413 5.37532 27.258 59.9208 5.37532 26.8837 60.053 5.37532 26.5235 60.2088 5.37532 25.9969 60.406 5.37532 25.7044 61.0439 5.37532 25.0428 61.2778 5.37532 24.9209 61.2165 5.37532 24.7348 61.2425 5.37532 24.4902 61.4109 5.37532 24.4549 61.4489 5.37532 24.4333 61.5 5.37532 24.406 61.5014 5.37532 24.3945 61.5137 5.37532 24.355 61.504 5.37532 23.7149 61.7303 5.37532 23.691 61.7639 5.37532 23.6523 61.7775 5.37532 22.6475 61.2611 5.37532 22.2298 61.4154 5.37532 21.7694 62.4935 5.37532 21.7555 62.4942 5.37532 21.0258 62.7523 5.37532 21.0216 62.7579 5.37532 20.4335 62.9156 5.37532 20.4145 62.9602 5.37532 19.695 63.2145 5.37532 19.6871 63.2169 5.37532 19.0372 63.4005 5.37532 18.3764 63.6341 5.37532 17.7477 63.3226 5.37532 17.5275 63.388 5.37532 17.2145 63.4993 5.37532 17.1876 63.5068 5.37532 17.1611 63.5162 5.37532 16.4627 63.7368 5.37532 16.3866 63.6967 5.37532 15.9094 63.8711 5.37532 15.8171 63.952 5.37532 
1
56
17.2529 63.5562 6.27532 17.6454 63.1942 6.27532 17.8319 63.0061 6.27532 17.9311 62.9799 6.27532 18.0292 62.9521 6.27532 18.8785 62.6519 6.27532 18.95 62.4679 6.27532 19.0709 62.4259 6.27532 19.4088 62.3174 6.27532 20.0489 61.6086 6.27532 20.476 61.5553 6.27532 20.6565 61.0807 6.27532 20.7469 60.8208 6.27532 21.2876 60.2105 6.27532 21.4709 60.2424 6.27532 21.7648 60.136 6.27532 22.3255 60.4906 6.27532 23.3232 60.1379 6.27532 23.6624 60.0067 6.27532 24.1958 60.3228 6.27532 24.2116 60.3173 6.27532 24.6959 60.5951 6.27532 25.5451 60.2948 6.27532 25.5824 60.1977 6.27532 25.9956 60.2425 6.27532 26.2026 60.2616 6.27532 26.5276 60.2771 6.27532 27.1699 60.3336 6.27532 27.2571 60.349 6.27532 26.6926 60.7265 6.27532 26.5803 60.8937 6.27532 26.2733 61.2638 6.27532 26.2518 61.2911 6.27532 26.235 61.3096 6.27532 26.2119 61.3238 6.27532 25.9588 61.5584 6.27532 25.9526 61.5621 6.27532 25.1481 62.0119 6.27532 24.8725 62.157 6.27532 23.7256 62.7047 6.27532 23.5217 62.791 6.27532 22.4948 63.1932 6.27532 22.2281 63.2883 6.27532 21.9805 63.3704 6.27532 21.4538 63.5368 6.27532 21.1768 63.6199 6.27532 20.9643 63.6803 6.27532 20.6862 63.7524 6.27532 20.077 63.8993 6.27532 19.7277 63.9762 6.27532 18.5123 64.1968 6.27532 18.208 64.2381 6.27532 17.4176 64.2894 6.27532 17.3374 64.2749 6.27532 16.6336 64.1831 6.27532 16.7899 64.0035 6.27532 
1
41
19.4609 62.4274 7.17532 18.6508 63.2687 7.17532 18.5816 63.3328 7.17532 17.9446 63.4829 7.17532 17.3179 63.7404 7.17532 17.2904 63.7537 7.17532 17.2575 63.7718 7.17532 17.0489 63.9899 7.17532 17.1459 64.0042 7.17532 17.7418 64.1118 7.17532 18.0004 64.0978 7.17532 18.7337 63.9735 7.17532 18.7658 63.9645 7.17532 19.2099 63.8975 7.17532 19.7357 63.879 7.17532 20.3394 63.7502 7.17532 20.4094 63.7332 7.17532 21.6622 63.3797 7.17532 21.7137 63.3633 7.17532 22.9439 62.9245 7.17532 22.9897 62.9067 7.17532 24.1892 62.3962 7.17532 24.2551 62.3648 7.17532 24.8036 62.0863 7.17532 25.2246 61.7696 7.17532 25.6467 61.5207 7.17532 26.2062 61.1049 7.17532 26.312 60.9777 7.17532 26.5009 60.6967 7.17532 26.7311 60.4567 7.17532 26.6606 60.4472 7.17532 26.6009 60.4361 7.17532 25.4417 60.2916 7.17532 25.0872 60.2409 7.17532 24.2856 60.1368 7.17532 24.2045 60.1247 7.17532 23.5847 60.3437 7.17532 22.9599 60.5812 7.17532 22.9233 60.5941 7.17532 22.8871 60.6074 7.17532 21.3351 60.3444 7.17532 
1
38
19.1041 62.9528 8.07532 19.4482 62.6024 8.07532 19.915 62.112 8.07532 21.3824 60.4786 8.07532 23.5503 60.8269 8.07532 24.2222 60.915 8.07532 24.4972 60.8031 8.07532 24.7859 60.7014 8.07532 25.1528 60.5364 8.07532 25.5346 60.4288 8.07532 25.7614 60.4565 8.07532 26.047 60.4852 8.07532 26.6246 60.5769 8.07532 26.5033 60.6786 8.07532 26.4971 60.6816 8.07532 26.2294 60.854 8.07532 25.808 61.1506 8.07532 25.4748 61.3098 8.07532 25.4746 61.31 8.07532 25.1656 61.5921 8.07532 25.0605 61.6844 8.07532 24.5894 62.0428 8.07532 24.5183 62.0892 8.07532 23.8527 62.4024 8.07532 23.7775 62.4497 8.07532 23.678 62.496 8.07532 23.4489 62.595 8.07532 22.3786 63.014 8.07532 22.2065 63.0753 8.07532 21.1099 63.4233 8.07532 20.8706 63.4894 8.07532 20.07 63.6895 8.07532 19.8775 63.7044 8.07532 19.2742 63.7192 8.07532 19.1499 63.7149 8.07532 18.729 63.6886 8.07532 18.2159 63.7657 8.07532 18.2304 63.7493 8.07532 
1
31
18.6347 63.537 8.97532 18.6479 63.5228 8.97532 18.7097 63.4518 8.97532 19.5559 62.636 8.97532 20.3618 61.7916 8.97532 21.4282 60.6084 8.97532 23.0015 60.8583 8.97532 24.1589 61.0089 8.97532 25.33 61.1112 8.97532 25.4228 61.1276 8.97532 25.5414 61.1008 8.97532 25.3853 61.2184 8.97532 24.8633 61.6001 8.97532 24.8402 61.6188 8.97532 24.4847 61.8602 8.97532 24.4769 61.8652 8.97532 24.4681 61.8695 8.97532 23.8941 62.2307 8.97532 23.8577 62.2476 8.97532 23.1204 62.5586 8.97532 22.6407 62.7459 8.97532 21.8333 63.0326 8.97532 21.3438 63.1875 8.97532 20.5744 63.4073 8.97532 20.4581 63.4364 8.97532 19.97 63.4738 8.97532 19.8449 63.4864 8.97532 19.8239 63.4892 8.97532 19.4989 63.508 8.97532 19.4136 63.5215 8.97532 19.3886 63.5237 8.97532 
1
28
20.8059 61.4692 9.87532 20.0036 62.3161 9.87532 19.1578 63.1322 9.87532 18.8114 63.5277 9.87532 18.8491 63.5222 9.87532 18.869 63.5186 9.87532 19.0591 63.5016 9.87532 19.774 63.3886 9.87532 19.8565 63.3838 9.87532 20.0483 63.3583 9.87532 20.4045 63.2456 9.87532 21.3043 62.9939 9.87532 21.7635 62.848 9.87532 22.5807 62.5575 9.87532 23.0274 62.3829 9.87532 23.8865 62.0166 9.87532 24.2673 61.9009 9.87532 24.462 61.805 9.87532 24.9944 61.463 9.87532 25.0574 61.4202 9.87532 25.2528 61.2623 9.87532 25.2723 61.2529 9.87532 25.3112 61.2366 9.87532 24.7806 61.1442 9.87532 23.6097 61.0415 9.87532 22.7567 60.9287 9.87532 22.4832 60.7815 9.87532 21.7958 60.3685 9.87532 
1
34
21.2478 61.1452 10.7753 20.4405 61.9886 10.7753 20.3877 62.0384 10.7753 19.6006 62.8089 10.7753 19.3716 63.0801 10.7753 18.9962 63.5117 10.7753 19.0381 63.5041 10.7753 19.4874 63.4324 10.7753 19.5879 63.3906 10.7753 19.8806 63.2628 10.7753 20.1825 63.1113 10.7753 20.5125 63.007 10.7753 20.7908 62.9004 10.7753 20.8066 62.8937 10.7753 22.0574 62.4983 10.7753 22.1318 62.472 10.7753 23.353 61.9936 10.7753 23.3699 61.9888 10.7753 23.6543 61.8983 10.7753 23.9518 61.8399 10.7753 24.3523 61.7182 10.7753 24.597 61.6715 10.7753 24.7847 61.6304 10.7753 25.1535 61.3966 10.7753 25.2486 61.3564 10.7753 24.5814 61.2381 10.7753 24.2626 61.0666 10.7753 23.7795 60.8364 10.7753 23.1987 60.5851 10.7753 22.8028 60.367 10.7753 22.0924 60.2541 10.7753 21.7794 60.2019 10.7753 21.7103 60.3954 10.7753 21.5541 60.8085 10.7753 
1
36
20.8817 61.0996 11.6753 20.5848 61.7704 11.6753 20.3237 62.1981 11.6753 20.0294 62.4758 11.6753 19.579 62.9883 11.6753 19.2701 63.353 11.6753 19.2479 63.3804 11.6753 19.8498 63.1281 11.6753 20.0102 63.0528 11.6753 20.2411 62.9344 11.6753 20.4118 62.8372 11.6753 20.73 62.6692 11.6753 21.0807 62.5207 11.6753 21.1447 62.4963 11.6753 21.5544 62.3672 11.6753 22.4413 62.0544 11.6753 22.8401 61.8979 11.6753 22.9068 61.8765 11.6753 23.2513 61.8118 11.6753 23.6258 61.7039 11.6753 23.8223 61.6723 11.6753 24.0709 61.6228 11.6753 24.2668 61.5925 11.6753 24.3599 61.563 11.6753 25.1331 61.3961 11.6753 25.2747 61.3406 11.6753 25.3077 61.326 11.6753 25.425 61.2805 11.6753 24.4437 60.7414 11.6753 23.8499 60.6164 11.6753 23.525 60.5631 11.6753 21.5443 60.2828 11.6753 21.5127 60.2777 11.6753 21.2981 60.239 11.6753 21.1547 60.4042 11.6753 21.1481 60.4229 11.6753 
1
35
20.0013 61.8195 12.5753 19.7387 62.4713 12.5753 19.5437 62.9102 12.5753 19.4768 63.0736 12.5753 19.6844 62.9934 12.5753 19.7235 62.9814 12.5753 19.7704 62.9479 12.5753 20.3173 62.6588 12.5753 20.3325 62.6444 12.5753 21.0446 62.2605 12.5753 21.0575 62.2532 12.5753 21.1802 62.2033 12.5753 21.4339 62.0644 12.5753 22.3437 61.7438 12.5753 22.6448 61.6899 12.5753 22.772 61.6519 12.5753 23.5638 61.5063 12.5753 23.5846 61.5079 12.5753 23.685 61.5044 12.5753 24.367 61.4209 12.5753 24.3701 61.4205 12.5753 24.7585 61.2973 12.5753 24.7737 61.294 12.5753 24.7771 61.2927 12.5753 25.4641 61.0604 12.5753 24.6925 60.8941 12.5753 23.3052 60.633 12.5753 23.2341 60.6236 12.5753 22.6121 60.5197 12.5753 22.1546 60.4583 12.5753 22.0526 60.4415 12.5753 21.3344 60.343 12.5753 20.8381 60.8705 12.5753 20.0334 61.7552 12.5753 20.0153 61.7965 12.5753 
1
36
21.0586 60.6771 13.4753 20.9525 60.8849 13.4753 20.3841 61.4538 13.4753 20.0103 61.8878 13.4753 19.6475 62.3471 13.4753 19.4932 62.9009 13.4753 19.4868 62.9261 13.4753 19.6317 62.8712 13.4753 19.7491 62.8352 13.4753 20.4824 62.3109 13.4753 20.4864 62.3088 13.4753 20.4926 62.3029 13.4753 20.5753 62.2226 13.4753 20.5978 62.1956 13.4753 21.6718 61.5962 13.4753 21.8648 61.5277 13.4753 21.9457 61.5077 13.4753 22.0716 61.493 13.4753 23.0766 61.3198 13.4753 23.1106 61.3268 13.4753 23.142 61.33 13.4753 23.2122 61.3359 13.4753 23.2274 61.3374 13.4753 23.2377 61.3382 13.4753 24.0226 61.311 13.4753 24.162 61.2939 13.4753 24.2436 61.2696 13.4753 24.9431 61.1919 13.4753 25.1157 61.1465 13.4753 25.0343 61.0957 13.4753 24.7524 61.0414 13.4753 23.3355 60.7123 13.4753 22.7718 60.6096 13.4753 21.9717 60.5246 13.4753 21.6411 60.3647 13.4753 21.2732 60.1554 13.4753 
1
34
20.2829 61.1954 14.3753 20.2834 61.1941 14.3753 20.4128 60.8377 14.3753 20.4821 60.7018 14.3753 20.5751 60.4729 14.3753 21.1484 59.8148 14.3753 21.2512 59.8337 14.3753 21.5751 59.8807 14.3753 22.0067 59.9667 14.3753 22.3623 60.1484 14.3753 23.6189 60.8967 14.3753 24.5024 61.0669 14.3753 24.7059 61.2114 14.3753 24.352 61.2601 14.3753 24.0562 61.2871 14.3753 23.3782 61.2163 14.3753 22.6153 61.0604 14.3753 22.6118 61.0596 14.3753 22.6108 61.0593 14.3753 22.6103 61.0593 14.3753 21.9262 61.1397 14.3753 21.9153 61.1407 14.3753 21.3897 61.3236 14.3753 21.381 61.3294 14.3753 20.7955 61.6989 14.3753 20.7938 61.7009 14.3753 20.7902 61.7056 14.3753 20.2925 62.3038 14.3753 20.2665 62.3291 14.3753 20.0599 62.5375 14.3753 19.8463 62.6789 14.3753 19.6749 62.7397 14.3753 19.9053 62.2097 14.3753 19.9967 61.9577 14.3753 
0
0
0
0
0
0
0
0
0
0
0
0
