45
0
1
20
4.50822 12.7512 -13.5247 4.31687 13.4277 -13.5247 5.16134 14.2404 -13.5247 4.9612 14.9299 -13.5247 4.9951 14.9658 -13.5247 5.06074 15.0404 -13.5247 5.30758 15.2784 -13.5247 5.35404 15.3268 -13.5247 5.45026 15.4156 -13.5247 6.11633 15.1782 -13.5247 6.19164 15.2512 -13.5247 6.19883 15.2593 -13.5247 6.69177 15.7352 -13.5247 6.69471 15.7115 -13.5247 6.69957 15.6411 -13.5247 6.70327 15.5512 -13.5247 6.1143 15.1407 -13.5247 6.131 15.0059 -13.5247 6.13397 14.9862 -13.5247 6.25816 13.9885 -13.5247 
0
0
0
0
0
0
0
0
0
0
0
0
0
0
1
13
14.1296 12.6715 -0.0246759 13.8995 12.6743 -0.0246759 14.9182 14.1382 -0.0246759 15.0635 12.9078 -0.0246759 15.7233 12.6523 -0.0246759 15.7244 12.6326 -0.0246759 15.7338 12.5571 -0.0246759 15.7414 12.4084 -0.0246759 15.7653 12.1959 -0.0246759 15.7152 11.2845 -0.0246759 14.8262 11.5596 -0.0246759 15.3317 12.2727 -0.0246759 14.456 12.5824 -0.0246759 
1
14
30.8196 60.8373 0.875324 30.6127 60.959 0.875324 30.1852 61.7374 0.875324 29.9066 62.3549 0.875324 30.405 62.5013 0.875324 30.9282 62.7436 0.875324 31.2483 62.6305 0.875324 30.9985 62.6058 0.875324 30.7247 62.6092 0.875324 30.5245 62.5522 0.875324 30.3345 62.3879 0.875324 30.314 61.6707 0.875324 30.5202 61.2404 0.875324 30.7492 60.9216 0.875324 
0
3
9
-2.37057 20.7432 2.67532 -1.86394 21.2425 2.67532 -1.68415 21.4924 2.67532 -0.604192 21.9168 2.67532 -0.254685 22.166 2.67532 -0.249298 22.147 2.67532 -0.206352 20.6906 2.67532 -0.420379 20.5617 2.67532 -1.57624 20.5721 2.67532 
11
21.6693 67.1764 2.67532 25.9096 65.6772 2.67532 25.2938 65.4194 2.67532 24.8124 66.0188 2.67532 24.7874 66.0251 2.67532 24.7638 66.036 2.67532 23.5076 66.4548 2.67532 23.4989 66.4568 2.67532 23.4908 66.4607 2.67532 22.2445 66.9204 2.67532 22.2234 66.9257 2.67532 
13
21.9499 66.5126 2.67532 22.272 66.6939 2.67532 22.3539 66.6824 2.67532 23.4214 66.3939 2.67532 23.5194 66.3596 2.67532 23.5682 66.3293 2.67532 24.5713 65.8483 2.67532 24.4293 65.6084 2.67532 24.3092 65.6508 2.67532 24.2067 65.7186 2.67532 23.8683 65.8974 2.67532 22.8547 66.2564 2.67532 22.4755 66.3267 2.67532 
4
16
16.782 14.866 3.57532 15.6606 15.4319 3.57532 14.7542 16.1496 3.57532 14.6669 16.3867 3.57532 15.6141 17.493 3.57532 15.976 17.7489 3.57532 16.3309 18.0099 3.57532 16.4484 17.5879 3.57532 16.4315 17.4828 3.57532 16.4459 17.3017 3.57532 16.4415 16.8051 3.57532 16.852 16.4592 3.57532 17.0359 16.365 3.57532 17.0289 15.8931 3.57532 17.1116 15.2285 3.57532 17.1602 14.7023 3.57532 
9
16.7104 65.0684 3.57532 16.7449 65.0404 3.57532 17.1338 64.7416 3.57532 17.9774 64.6205 3.57532 19.0339 65.1278 3.57532 19.7617 65.3064 3.57532 18.9531 65.3155 3.57532 18.6641 65.3118 3.57532 17.5396 65.2114 3.57532 
16
20.2644 65.2601 3.57532 20.7288 65.2123 3.57532 21.0095 65.1719 3.57532 22.2195 64.9077 3.57532 22.2386 64.9024 3.57532 23.5029 64.4565 3.57532 23.5197 64.4492 3.57532 24.2541 64.0806 3.57532 24.1783 64.0246 3.57532 24.1511 64.0061 3.57532 24.1163 64.0221 3.57532 24.0477 64.1253 3.57532 23.9787 64.1497 3.57532 22.9845 63.8882 3.57532 21.6511 64.3598 3.57532 20.9059 64.5805 3.57532 
9
27.9016 61.1159 3.57532 27.5528 61.1259 3.57532 27.3662 61.1243 3.57532 26.6345 61.5601 3.57532 26.1319 62.6189 3.57532 25.6774 63.2165 3.57532 26.3173 62.7105 3.57532 26.5388 62.527 3.57532 27.3492 61.7413 3.57532 
2
27
15.1684 64.3378 4.47532 15.2817 64.2098 4.47532 15.6843 63.8356 4.47532 16.3343 64.2777 4.47532 16.637 64.1707 4.47532 16.9226 63.956 4.47532 17.349 63.8871 4.47532 17.6657 63.8132 4.47532 18.5473 64.1893 4.47532 18.7339 64.279 4.47532 19.469 64.4591 4.47532 19.4692 64.4592 4.47532 19.5863 64.4879 4.47532 19.5064 64.5006 4.47532 19.5039 64.5009 4.47532 19.5029 64.501 4.47532 19.4681 64.5046 4.47532 19.468 64.5046 4.47532 18.8041 64.5737 4.47532 18.3228 64.6093 4.47532 17.2511 64.6301 4.47532 17.166 64.6229 4.47532 16.9368 64.6121 4.47532 16.8908 64.6089 4.47532 16.7964 64.6121 4.47532 16.7952 64.6119 4.47532 16.0429 64.5176 4.47532 
25
25.831 61.7698 4.47532 25.9199 61.5827 4.47532 26.1975 61.0595 4.47532 26.239 61.0448 4.47532 26.3691 60.736 4.47532 26.7297 60.5267 4.47532 27.0366 60.3806 4.47532 27.3894 60.2559 4.47532 27.6981 60.2616 4.47532 27.925 59.9134 4.47532 27.9576 59.5104 4.47532 28.4726 59.5461 4.47532 28.6754 59.5802 4.47532 28.6292 59.6178 4.47532 28.1997 60.1146 4.47532 28.1232 60.2198 4.47532 28.082 60.2643 4.47532 27.5543 60.8097 4.47532 27.5058 60.8534 4.47532 27.443 60.8979 4.47532 27.2708 61.0494 4.47532 26.3634 61.7665 4.47532 25.9662 62.0426 4.47532 25.3764 62.4275 4.47532 25.2943 62.4751 4.47532 
0
0
0
0
0
0
0
0
0
0
0
1
27
20.1075 61.9683 15.2753 19.76 62.1984 15.2753 19.7295 62.3362 15.2753 19.7031 62.5138 15.2753 19.9272 62.3692 15.2753 20.2419 62.0298 15.2753 20.444 61.7693 15.2753 20.9452 61.1684 15.2753 20.9469 61.1673 15.2753 22.1573 60.7412 15.2753 22.1602 60.741 15.2753 22.3014 60.7686 15.2753 22.4025 60.7863 15.2753 22.9298 60.8894 15.2753 24.0784 61.1619 15.2753 24.3096 61.2078 15.2753 23.9774 61.0144 15.2753 23.4421 60.5828 15.2753 23.306 60.462 15.2753 22.9994 60.2294 15.2753 22.1488 60.0146 15.2753 21.8741 59.9651 15.2753 21.1764 59.896 15.2753 20.6773 60.3883 15.2753 20.5292 61.0614 15.2753 20.4244 61.4808 15.2753 20.408 61.6122 15.2753 
1
26
20.8742 59.5928 16.1753 21.1155 59.4985 16.1753 21.2242 59.46 16.1753 21.4457 59.5707 16.1753 22.1445 60.3271 16.1753 22.1447 60.3272 16.1753 22.4173 60.3772 16.1753 22.4176 60.3773 16.1753 22.4179 60.3776 16.1753 22.5817 60.5069 16.1753 22.6721 60.5672 16.1753 21.8122 60.3809 16.1753 21.8119 60.3808 16.1753 21.8118 60.3808 16.1753 21.7951 60.3772 16.1753 21.7514 60.3626 16.1753 21.7302 60.3671 16.1753 21.7258 60.3678 16.1753 21.0512 60.607 16.1753 21.0328 60.6196 16.1753 21.0064 60.6561 16.1753 20.4881 61.3173 16.1753 20.6076 61.1169 16.1753 20.6939 60.8402 16.1753 20.603 60.2685 16.1753 20.7626 59.8122 16.1753 
1
24
19.9213 61.8014 17.0753 20.14 61.2829 17.0753 20.4164 60.8803 17.0753 20.571 60.6664 17.0753 21.0773 60.32 17.0753 21.2301 60.2114 17.0753 21.3326 60.1695 17.0753 21.4093 60.1572 17.0753 22.2482 59.9806 17.0753 22.431 60.0416 17.0753 23.1597 60.4709 17.0753 23.2794 60.5174 17.0753 23.1237 60.3582 17.0753 23.0869 60.344 17.0753 22.3254 59.7363 17.0753 22.3104 59.7232 17.0753 22.3051 59.7191 17.0753 22.305 59.719 17.0753 22.1072 59.5652 17.0753 21.5609 59.4012 17.0753 20.9945 59.2567 17.0753 20.9161 59.2844 17.0753 20.2445 60.2237 17.0753 20.0413 60.5254 17.0753 
1
21
20.9107 59.1433 17.9753 20.5775 59.7905 17.9753 20.5595 59.8101 17.9753 20.1664 60.2751 17.9753 19.8601 60.7298 17.9753 19.7165 61.3452 17.9753 19.7246 61.3386 17.9753 19.8173 61.1791 17.9753 20.1436 60.7198 17.9753 20.3822 60.2198 17.9753 20.5118 60.1131 17.9753 20.7852 59.8751 17.9753 21.4568 59.6403 17.9753 21.4738 59.633 17.9753 21.5613 59.6173 17.9753 21.8905 59.6113 17.9753 21.6375 59.4699 17.9753 21.6303 59.4639 17.9753 21.6022 59.4413 17.9753 21.5762 59.4374 17.9753 20.9257 59.09 17.9753 
0
0
0
0
0
0
0
0
