37
0
0
0
0
0
0
0
0
0
0
0
0
0
0
0
0
0
0
0
0
0
0
0
0
0
0
0
0
0
0
0
0
0
0
0
0
7
6
27.7436 46 -18.4 27.9614 45.9795 -18.4 28 45.99 -18.4 28.0173 46 -18.4 28 46.0899 -18.4 27.5453 46.4547 -18.4 
5
36 37.0516 -18.4 35.445 38 -18.4 36 38.2907 -18.4 36.8638 38 -18.4 36.5582 37.4418 -18.4 
7
36.7907 45.1016 -18.4 36.6875 45.3125 -18.4 37 45.6084 -18.4 37.608 45 -18.4 37.4492 44.5508 -18.4 37 44.8629 -18.4 36.8925 45 -18.4 
6
42.6476 19.3524 -18.4 42 19.1833 -18.4 41.8633 20 -18.4 41.7765 20.2235 -18.4 42 20.4642 -18.4 42.7126 20 -18.4 
6
39.953 35.9674 -18.4 39.9034 36 -18.4 39.6685 36.3315 -18.4 40 36.2624 -18.4 40.1089 36 -18.4 40 35.9881 -18.4 
6
36.9438 42 -18.4 37 41.7266 -18.4 37.836 41.164 -18.4 37.5245 42 -18.4 37 42.1546 -18.4 36.9861 42.1137 -18.4 
5
43.4835 11 -18.4 43 10.9694 -18.4 42.9453 11 -18.4 43.0341 11.1354 -18.4 43.2722 11.2722 -18.4 
