66
0
1
3
15.2585 29.2213 -56.5836 13.4519 30.4987 -56.5836 15.2585 31.8117 -56.5836 
0
0
0
0
0
0
0
0
0
0
0
0
0
0
0
0
0
0
0
0
0
0
0
0
0
0
0
0
0
0
0
0
0
0
1
14
23.8445 55.8493 -25.0836 23.7497 56.2526 -25.0836 23.5702 56.6949 -25.0836 23.4485 56.9639 -25.0836 23.2581 57.2639 -25.0836 22.9272 57.6441 -25.0836 22.3929 58.0109 -25.0836 22.0842 58.4823 -25.0836 22.2391 58.0392 -25.0836 22.5276 57.5896 -25.0836 22.9997 57.2133 -25.0836 23.273 56.9758 -25.0836 23.2915 56.7156 -25.0836 23.5996 56.2037 -25.0836 
2
16
-0.641496 41.5956 -24.1836 -0.734421 41.7773 -24.1836 -0.988907 42.1343 -24.1836 -1.28348 42.5225 -24.1836 -0.599572 41.0303 -24.1836 -0.433172 40.6038 -24.1836 -0.257139 40.1965 -24.1836 -0.254859 40.1938 -24.1836 -0.100457 40.0245 -24.1836 0.219064 39.6025 -24.1836 0.537266 39.1166 -24.1836 0.562969 39.0914 -24.1836 0.570736 39.3242 -24.1836 0.388306 39.7428 -24.1836 -0.141957 40.7429 -24.1836 -0.157683 40.7709 -24.1836 
10
22.5828 14.2367 -24.1836 22.7707 14.5572 -24.1836 23.052 14.9423 -24.1836 23.5176 15.5486 -24.1836 23.8997 16.0236 -24.1836 24.1638 16.1804 -24.1836 24.0606 15.9717 -24.1836 23.8273 15.4499 -24.1836 23.7495 15.3514 -24.1836 23.6224 15.2363 -24.1836 
3
11
-0.613697 29.9919 -23.2836 -0.424425 30.4498 -23.2836 -0.120745 31.1351 -23.2836 0.0629294 31.464 -23.2836 0.269268 32.0994 -23.2836 0.510483 32.5062 -23.2836 0.553516 32.5211 -23.2836 0.249333 31.844 -23.2836 0.210494 31.7681 -23.2836 -0.0536251 31.1965 -23.2836 -0.221518 30.7627 -23.2836 
14
0.221225 40.3492 -23.2836 -0.258209 41.3362 -23.2836 -0.656183 42.1139 -23.2836 -0.803505 42.3648 -23.2836 -0.885051 42.4631 -23.2836 -0.567762 41.6893 -23.2836 -0.483891 41.362 -23.2836 -0.352251 40.9345 -23.2836 -0.215691 40.5794 -23.2836 -0.150516 40.2057 -23.2836 0.269319 39.7113 -23.2836 0.340182 39.6137 -23.2836 0.72465 39.2401 -23.2836 0.256717 40.2861 -23.2836 
17
23.1805 56.0158 -23.2836 22.8183 56.2396 -23.2836 20.8681 57.689 -23.2836 20.6062 58.4402 -23.2836 20.5953 58.4695 -23.2836 20.5972 58.48 -23.2836 20.7134 58.9497 -23.2836 21.992 57.6414 -23.2836 22.0097 57.6249 -23.2836 22.6602 56.7551 -23.2836 22.6608 56.7546 -23.2836 23.3684 56.2503 -23.2836 23.369 56.2502 -23.2836 23.3718 56.2497 -23.2836 23.5532 56.2126 -23.2836 23.6221 56.1238 -23.2836 23.3854 56.0057 -23.2836 
2
21
-0.118552 40.4673 -22.3836 -0.0536067 40.1075 -22.3836 0.0184887 40.0226 -22.3836 0.193893 39.7633 -22.3836 0.69915 39.1451 -22.3836 0.920042 38.9027 -22.3836 1.02193 38.8715 -22.3836 0.805085 39.3 -22.3836 0.595225 39.7477 -22.3836 0.243857 40.6678 -22.3836 0.166625 40.8588 -22.3836 -0.0858349 41.3441 -22.3836 -0.166164 42.0377 -22.3836 -0.340081 42.9381 -22.3836 -0.477605 43.2317 -22.3836 -1.00785 43.994 -22.3836 -1.03775 44.0333 -22.3836 -0.955353 43.7765 -22.3836 -0.45745 42.4037 -22.3836 -0.371824 42.0052 -22.3836 -0.181464 41.2401 -22.3836 
15
21.5063 56.618 -22.3836 22.0317 56.8174 -22.3836 22.3422 56.9808 -22.3836 22.2027 57.068 -22.3836 21.5509 57.7106 -22.3836 21.4611 57.7852 -22.3836 21.3887 57.8512 -22.3836 20.1921 58.8282 -22.3836 20.1331 58.8725 -22.3836 20.4711 58.4729 -22.3836 20.4526 58.0316 -22.3836 20.5504 57.8649 -22.3836 21.1252 57.0929 -22.3836 21.145 56.9949 -22.3836 21.1787 56.8524 -22.3836 
3
18
0.0519851 29.2966 -21.4836 0.225038 29.7894 -21.4836 0.501503 30.3929 -21.4836 0.50835 30.4118 -21.4836 0.514804 30.4277 -21.4836 0.42059 31.7753 -21.4836 0.449294 31.844 -21.4836 0.890835 32.7347 -21.4836 0.710541 32.6954 -21.4836 0.519868 32.5856 -21.4836 0.147271 32.0535 -21.4836 0.0442545 31.5632 -21.4836 0.0177357 31.1471 -21.4836 0.0400775 30.2073 -21.4836 -0.0825632 29.7174 -21.4836 -0.158768 28.9891 -21.4836 -0.304673 28.5444 -21.4836 -0.270387 28.6029 -21.4836 
19
-0.266086 43.1753 -21.4836 -0.160411 42.5781 -21.4836 -0.0300522 41.9835 -21.4836 -0.0528442 41.1432 -21.4836 -0.0198427 40.6319 -21.4836 0.0249082 40.3123 -21.4836 0.465308 39.7136 -21.4836 0.485795 39.6306 -21.4836 0.710489 39.3252 -21.4836 1.11151 38.9753 -21.4836 0.97285 39.2368 -21.4836 0.456826 40.2862 -21.4836 0.435419 40.3391 -21.4836 0.524921 41.69 -21.4836 0.507715 41.7364 -21.4836 0.471222 41.8206 -21.4836 0.025558 42.8097 -21.4836 -0.270377 43.4413 -21.4836 -0.438411 43.7275 -21.4836 
14
19.5286 58.6102 -21.4836 19.2582 58.8974 -21.4836 19.7334 58.5701 -21.4836 20.5956 57.9268 -21.4836 21.0922 57.505 -21.4836 21.4367 57.1987 -21.4836 21.4601 57.1793 -21.4836 21.5293 57.149 -21.4836 21.0454 56.8784 -21.4836 20.9429 56.8326 -21.4836 20.917 56.82 -21.4836 20.844 57.0208 -21.4836 20.844 57.5305 -21.4836 19.8537 58.2445 -21.4836 
2
25
1.24134 38.9663 -20.5836 1.10009 39.2327 -20.5836 1.1183 39.9761 -20.5836 1.14673 40.614 -20.5836 0.873891 41.2175 -20.5836 0.629609 41.8925 -20.5836 0.453701 42.3345 -20.5836 0.307474 42.6216 -20.5836 0.237149 43.5956 -20.5836 0.14714 44.1492 -20.5836 0.077388 44.8969 -20.5836 -0.361382 45.6529 -20.5836 -0.143625 44.6473 -20.5836 0.0235098 44.0165 -20.5836 0.122886 43.1443 -20.5836 0.129187 43.0956 -20.5836 0.185119 42.7721 -20.5836 0.214498 42.1779 -20.5836 0.252129 41.65 -20.5836 0.252086 41.6486 -20.5836 0.16052 40.3559 -20.5836 0.213191 40.0743 -20.5836 0.233716 40.0231 -20.5836 0.251727 40.0074 -20.5836 0.887019 39.192 -20.5836 
16
17.9072 58.461 -20.5836 17.9601 58.625 -20.5836 18.0665 58.996 -20.5836 18.7007 58.5821 -20.5836 19.2746 58.2266 -20.5836 19.7055 57.9338 -20.5836 20.6077 57.2129 -20.5836 20.6334 57.2085 -20.5836 20.6522 57.205 -20.5836 20.4286 57.0745 -20.5836 20.1284 56.8905 -20.5836 19.684 56.6664 -20.5836 19.6563 56.6853 -20.5836 19.3338 57.099 -20.5836 19.0144 57.1251 -20.5836 18.1824 57.6991 -20.5836 
1
13
16.8843 58.5479 -19.6836 16.9476 58.8279 -19.6836 17.4571 58.5627 -19.6836 17.5399 58.5108 -19.6836 17.627 58.4592 -19.6836 18.7031 57.8614 -19.6836 18.8158 57.7905 -19.6836 19.6643 57.1823 -19.6836 19.7426 57.1734 -19.6836 19.2646 56.8648 -19.6836 18.799 56.6309 -19.6836 17.2462 57.6735 -19.6836 17.0859 58.0738 -19.6836 
2
11
16.6297 13.7429 -18.7836 17.986 14.5279 -18.7836 18.1186 14.6124 -18.7836 18.7845 14.969 -18.7836 19.3872 14.5689 -18.7836 19.4002 14.5588 -18.7836 19.4698 14.5072 -18.7836 18.3571 14.3551 -18.7836 18.1044 14.4218 -18.7836 17.878 14.326 -18.7836 16.9983 13.898 -18.7836 
13
16.2686 57.6186 -18.7836 15.963 58.0113 -18.7836 15.6947 58.4912 -18.7836 16.9983 57.9471 -18.7836 17.5455 57.6792 -18.7836 18.357 57.2615 -18.7836 18.6345 57.0905 -18.7836 18.6664 57.084 -18.7836 18.828 57.0578 -18.7836 18.4573 56.7992 -18.7836 17.9859 56.5718 -18.7836 17.9547 56.5345 -18.7836 16.5718 57.4319 -18.7836 
1
16
14.7206 57.8317 -17.8836 15.1807 57.7081 -17.8836 16.1936 57.3597 -17.8836 16.3757 57.3247 -17.8836 16.5395 57.2978 -17.8836 17.5179 56.9374 -17.8836 18.301 56.8714 -17.8836 18.4187 56.8839 -17.8836 18.2358 56.6526 -17.8836 18.0757 56.4326 -17.8836 17.7346 56.0698 -17.8836 17.7181 56.0474 -17.8836 17.4718 56.183 -17.8836 17.3935 56.222 -17.8836 16.0575 57.0313 -17.8836 15.1982 57.4981 -17.8836 
1
22
15.414 15.126 -16.9836 15.6103 15.1271 -16.9836 16.0808 15.1108 -16.9836 16.4054 15.1286 -16.9836 16.937 15.0503 -16.9836 16.9493 15.0495 -16.9836 16.9861 15.0426 -16.9836 17.1876 14.9867 -16.9836 17.4395 14.8956 -16.9836 17.935 14.9049 -16.9836 17.9486 14.9066 -16.9836 17.988 14.9089 -16.9836 17.9009 15.0224 -16.9836 16.986 16.1604 -16.9836 16.9576 16.1665 -16.9836 16.4573 15.9285 -16.9836 15.5433 15.4484 -16.9836 15.2729 15.3518 -16.9836 14.4811 15.0029 -16.9836 14.722 15.0461 -16.9836 14.9695 15.1099 -16.9836 15.1185 15.1137 -16.9836 
2
17
7.46932 17.4554 -16.0836 6.76733 17.9977 -16.0836 6.11052 18.6703 -16.0836 5.98859 18.8059 -16.0836 5.328 19.6975 -16.0836 4.96134 20.3622 -16.0836 5.1296 20.313 -16.0836 5.95989 19.7115 -16.0836 6.27243 18.5183 -16.0836 6.54381 18.439 -16.0836 7.458 17.9425 -16.0836 7.95808 17.7962 -16.0836 8.7775 17.4613 -16.0836 9.22199 16.5609 -16.0836 8.82808 16.6952 -16.0836 8.79129 16.7113 -16.0836 7.69634 17.2958 -16.0836 
34
15.0724 15.7594 -16.0836 15.1188 15.7504 -16.0836 15.3308 15.7144 -16.0836 15.4349 15.6902 -16.0836 15.622 15.6632 -16.0836 16.3132 15.5498 -16.0836 16.3932 15.518 -16.0836 16.6008 15.4396 -16.0836 16.9808 15.1794 -16.0836 18.0581 14.7744 -16.0836 17.8576 15.049 -16.0836 17.6326 15.2374 -16.0836 16.6538 15.9595 -16.0836 16.4434 16.0821 -16.0836 16.0619 16.2969 -16.0836 15.4025 16.038 -16.0836 15.0291 15.9072 -16.0836 14.7329 16.0155 -16.0836 13.9499 16.1187 -16.0836 13.6149 16.1798 -16.0836 13.1708 16.3252 -16.0836 12.9287 16.373 -16.0836 12.2007 16.4872 -16.0836 11.0464 16.0982 -16.0836 11.5456 16.0146 -16.0836 11.6384 16.007 -16.0836 12.8585 15.9661 -16.0836 12.8692 15.9639 -16.0836 12.8894 15.9594 -16.0836 12.9044 15.9564 -16.0836 13.3954 15.8905 -16.0836 13.703 15.8571 -16.0836 13.7495 15.8498 -16.0836 14.2632 15.7963 -16.0836 
0
2
15
2.26078 8.5014 -14.2836 2.2609 8.50131 -14.2836 2.26723 8.49683 -14.2836 2.26735 8.49675 -14.2836 3.49642 7.62767 -14.2836 3.9194 7.42648 -14.2836 3.96661 7.64628 -14.2836 3.20483 8.59874 -14.2836 2.4754 9.13405 -14.2836 1.98206 9.0929 -14.2836 1.77236 9.10863 -14.2836 1.69243 9.00116 -14.2836 1.72223 8.94987 -14.2836 1.73832 8.92057 -14.2836 1.87744 8.77244 -14.2836 
8
8.95237 3.7697 -14.2836 8.84083 3.94653 -14.2836 8.9663 3.99501 -14.2836 9.26932 4.09507 -14.2836 9.95655 3.86152 -14.2836 10.823 2.92054 -14.2836 10.7673 2.5843 -14.2836 10.3349 2.79218 -14.2836 
0
0
1
31
39.9486 33.683 -11.5836 39.7346 34.0479 -11.5836 39.3281 34.7842 -11.5836 39.0795 34.9988 -11.5836 38.7026 35.3538 -11.5836 39.0799 35.7116 -11.5836 39.3281 36.0473 -11.5836 39.5981 36.7593 -11.5836 39.6131 36.7905 -11.5836 40.1846 37.7588 -11.5836 40.5099 38.2329 -11.5836 40.5036 38.217 -11.5836 40.4723 38.1292 -11.5836 40.4315 38.0546 -11.5836 39.956 37.1042 -11.5836 39.8481 36.4981 -11.5836 39.819 36.3981 -11.5836 39.773 35.8934 -11.5836 39.772 35.8755 -11.5836 39.8333 35.2865 -11.5836 39.8661 35.0726 -11.5836 40.0279 34.7113 -11.5836 40.2201 34.2616 -11.5836 40.2537 34.1761 -11.5836 40.3153 34.0314 -11.5836 40.4043 33.8909 -11.5836 40.5036 33.6806 -11.5836 40.742 33.2128 -11.5836 40.8253 33.0333 -11.5836 40.9166 32.2941 -11.5836 40.7423 32.4494 -11.5836 
1
29
40.6718 32.8293 -10.6836 40.6886 32.6845 -10.6836 40.2281 33.47 -10.6836 39.2049 34.3097 -10.6836 38.8139 34.6418 -10.6836 38.6086 34.9518 -10.6836 38.4564 35.1947 -10.6836 38.2818 35.4946 -10.6836 38.2169 35.6177 -10.6836 38.2593 35.6554 -10.6836 38.8139 36.2573 -10.6836 39.0308 36.5241 -10.6836 39.2938 36.818 -10.6836 39.8312 37.3723 -10.6836 40.0259 37.5617 -10.6836 39.6078 36.8852 -10.6836 39.5947 36.8649 -10.6836 39.5391 36.7626 -10.6836 39.5251 36.5919 -10.6836 39.4627 36.2003 -10.6836 39.4486 35.6625 -10.6836 39.4322 35.4794 -10.6836 39.4432 35.41 -10.6836 39.5431 35.1794 -10.6836 39.5966 35.0702 -10.6836 39.9172 34.3864 -10.6836 40.0448 34.2053 -10.6836 40.531 33.4616 -10.6836 40.5815 33.3079 -10.6836 
0
0
1
30
40.8503 31.9342 -7.98358 40.8003 32.258 -7.98358 40.6035 32.7045 -7.98358 40.559 32.7733 -7.98358 40.0273 33.4455 -7.98358 39.8599 33.5374 -7.98358 39.8582 33.5393 -7.98358 39.7054 33.7501 -7.98358 39.0635 34.3331 -7.98358 38.6685 34.8047 -7.98358 38.3653 35.1982 -7.98358 38.3474 35.2594 -7.98358 38.2366 35.7744 -7.98358 38.3034 36.0923 -7.98358 38.4264 36.5762 -7.98358 38.5646 36.8802 -7.98358 38.2267 36.5977 -7.98358 37.4562 35.9132 -7.98358 37.3422 35.8089 -7.98358 37.2713 35.7239 -7.98358 37.0184 35.4364 -7.98358 37.5325 35.0363 -7.98358 38.6855 34.1594 -7.98358 40.0996 33.0293 -7.98358 40.2736 32.732 -7.98358 40.7191 32.0068 -7.98358 40.8202 31.8641 -7.98358 40.873 31.7868 -7.98358 40.8731 31.7867 -7.98358 40.8504 31.9336 -7.98358 
0
0
1
21
17.9388 14.8415 -5.28358 18.0159 14.7894 -5.28358 17.5478 15.7432 -5.28358 17.1231 16.8571 -5.28358 16.9551 17.2028 -5.28358 16.8863 18.1039 -5.28358 16.7612 18.7541 -5.28358 15.9296 20.5335 -5.28358 15.7634 20.8175 -5.28358 16.1435 19.5943 -5.28358 16.4079 18.8636 -5.28358 16.7799 17.7855 -5.28358 16.781 17.7828 -5.28358 16.7855 17.7718 -5.28358 16.8149 17.5778 -5.28358 16.9105 17.3243 -5.28358 17.1465 16.6683 -5.28358 17.133 16.177 -5.28358 17.0863 16.018 -5.28358 17.1978 15.8591 -5.28358 17.2069 15.3522 -5.28358 
1
21
18.1201 14.8311 -4.38358 17.8105 15.0281 -4.38358 17.7897 15.042 -4.38358 17.6795 15.094 -4.38358 16.9701 15.8212 -4.38358 16.9888 16.8023 -4.38358 16.9906 17.0001 -4.38358 17.0462 17.2338 -4.38358 17.0461 17.2485 -4.38358 16.8942 18.4272 -4.38358 16.8946 18.4854 -4.38358 16.8532 18.6534 -4.38358 16.637 19.589 -4.38358 16.8296 19.2602 -4.38358 17.0264 18.8394 -4.38358 17.3256 18.1551 -4.38358 17.4912 17.7538 -4.38358 17.5696 17.5462 -4.38358 17.4132 16.2844 -4.38358 17.4097 16.245 -4.38358 17.9116 15.2226 -4.38358 
2
21
14.6342 42.4288 -3.48358 14.6622 42.4681 -3.48358 14.7529 42.5227 -3.48358 15.1768 43.1968 -3.48358 15.2092 44.0346 -3.48358 15.247 44.6301 -3.48358 15.2472 44.6331 -3.48358 15.2971 45.3867 -3.48358 15.3136 45.5129 -3.48358 14.9924 45.5848 -3.48358 14.6673 45.182 -3.48358 14.6461 45.1769 -3.48358 14.6342 45.1734 -3.48358 13.8056 44.9462 -3.48358 13.58 44.5921 -3.48358 13.5465 43.9297 -3.48358 13.5441 43.9015 -3.48358 13.5995 43.2196 -3.48358 13.5735 42.5901 -3.48358 13.5918 42.5731 -3.48358 14.3626 42.4084 -3.48358 
12
16.6528 48.2436 -3.48358 16.7905 48.5724 -3.48358 16.7908 48.5731 -3.48358 17.0379 49.1824 -3.48358 17.075 49.7864 -3.48358 16.9209 50.5138 -3.48358 16.8974 51.132 -3.48358 16.8974 51.1318 -3.48358 16.7616 50.4951 -3.48358 16.7028 50.2379 -3.48358 16.5578 49.2803 -3.48358 16.337 48.6205 -3.48358 
1
22
14.7932 23.7074 -2.58358 14.8508 23.7333 -2.58358 15.1941 23.7915 -2.58358 15.5342 24.0792 -2.58358 15.6694 24.1735 -2.58358 16.2193 24.4254 -2.58358 16.3764 24.8268 -2.58358 16.014 24.9528 -2.58358 15.6756 24.9388 -2.58358 15.5342 24.9978 -2.58358 15.4273 24.9855 -2.58358 15.386 24.8404 -2.58358 15.0532 24.7964 -2.58358 14.5128 24.8679 -2.58358 14.2476 24.8256 -2.58358 14.1754 24.7822 -2.58358 14.1207 24.7649 -2.58358 13.9231 24.6904 -2.58358 13.9327 24.4577 -2.58358 14.0145 24.2838 -2.58358 14.1754 23.8375 -2.58358 14.4146 23.6599 -2.58358 
0
0
1
13
27.1118 38.9614 0.116422 27.5564 38.9576 0.116422 27.7457 38.9258 0.116422 27.84 38.9184 0.116422 29.1044 38.8769 0.116422 29.7671 38.9223 0.116422 30.1579 38.9598 0.116422 29.8149 38.9635 0.116422 29.4321 38.9971 0.116422 29.1834 39.1028 0.116422 28.4298 39.3408 0.116422 28.4007 39.3473 0.116422 28.2428 39.344 0.116422 
1
23
25.0765 30.0815 1.01642 25.9455 30.4325 1.01642 26.4723 30.5866 1.01642 27.3438 30.858 1.01642 27.8865 31.0167 1.01642 28.8192 31.229 1.01642 29.3007 31.37 1.01642 29.7609 31.1397 1.01642 29.806 31.2954 1.01642 29.7777 31.4134 1.01642 29.5928 31.4461 1.01642 28.8693 31.2662 1.01642 28.6456 31.3762 1.01642 28.0618 31.5589 1.01642 27.6092 31.49 1.01642 27.3503 31.3242 1.01642 27.2868 31.3135 1.01642 26.9361 31.2203 1.01642 26.4467 30.9533 1.01642 26.072 30.7694 1.01642 25.9281 30.7319 1.01642 25.4867 30.5063 1.01642 25.2687 30.4275 1.01642 
