39
0
1
22
-53.5611 11.8177 -0.01966 -53.774 12.7798 -0.01966 -53.7807 52.2258 -0.01966 -53.5997 53.0287 -0.01966 -53.5611 53.1879 -0.01966 -52.9584 53.7234 -0.01966 -52.7784 53.726 -0.01966 -51.9963 53.7535 -0.01966 -1.00513 53.7521 -0.01966 -0.82101 53.7493 -0.01966 -0.043031 53.7222 -0.01966 0.559433 53.1879 -0.01966 0.779196 52.2258 -0.01966 0.771816 12.7798 -0.01966 0.59677 11.9769 -0.01966 0.558729 11.8177 -0.01966 -0.043031 11.2842 -0.01966 -0.223576 11.2816 -0.01966 -1.00513 11.2546 -0.01966 -51.9963 11.2524 -0.01966 -52.1801 11.2551 -0.01966 -52.9584 11.2822 -0.01966 
1
20
-53.7093 11.8177 0.88034 -53.9138 12.7798 0.88034 -53.9198 52.2258 0.88034 -53.7095 53.1879 0.88034 -52.9584 53.8574 0.88034 -52.7371 53.8651 0.88034 -51.9963 53.911 0.88034 -1.00513 53.9095 0.88034 -0.783829 53.9017 0.88034 -0.043031 53.856 0.88034 0.70799 53.1879 0.88034 0.918271 52.2258 0.88034 0.911586 12.7798 0.88034 0.707035 11.8177 0.88034 -0.043031 11.1506 0.88034 -0.783829 11.1051 0.88034 -1.00513 11.0974 0.88034 -51.9963 11.0951 0.88034 -52.7371 11.1408 0.88034 -52.9584 11.1485 0.88034 
1
16
-53.7104 11.8177 1.78034 -52.9584 11.1469 1.78034 -51.9963 11.0876 1.78034 -1.00513 11.0901 1.78034 -0.043031 11.1493 1.78034 0.708062 11.8177 1.78034 0.911055 12.7798 1.78034 0.917678 52.2258 1.78034 0.709319 53.1879 1.78034 -0.043031 53.8577 1.78034 -1.00513 53.9171 1.78034 -51.9963 53.9188 1.78034 -52.9584 53.8591 1.78034 -53.7109 53.1879 1.78034 -53.9193 52.2258 1.78034 -53.9134 12.7798 1.78034 
1
16
-53.7097 11.8177 2.68034 -53.9127 12.7798 2.68034 -53.9187 52.2258 2.68034 -53.7104 53.1879 2.68034 -52.9584 53.8585 2.68034 -51.9963 53.9182 2.68034 -1.00513 53.9165 2.68034 -0.043031 53.857 2.68034 0.708709 53.1879 2.68034 0.917059 52.2258 2.68034 0.910134 12.7798 2.68034 0.707144 11.8177 2.68034 -0.043031 11.1503 2.68034 -1.00513 11.091 2.68034 -51.9963 11.0884 2.68034 -52.9584 11.1478 2.68034 
1
16
-52.9584 11.1487 3.58034 -51.9963 11.0892 3.58034 -1.00513 11.092 3.58034 -0.043031 11.1514 3.58034 0.706215 11.8177 3.58034 0.909202 12.7798 3.58034 0.916435 52.2258 3.58034 0.708094 53.1879 3.58034 -0.043031 53.8563 3.58034 -1.00513 53.9158 3.58034 -51.9963 53.9177 3.58034 -52.9584 53.858 3.58034 -53.7099 53.1879 3.58034 -53.9182 52.2258 3.58034 -53.9119 12.7798 3.58034 -53.7089 11.8177 3.58034 
1
16
-53.7082 11.8177 4.48034 -52.9584 11.1496 4.48034 -51.9963 11.0901 4.48034 -1.00513 11.0931 4.48034 -0.043031 11.1525 4.48034 0.705277 11.8177 4.48034 0.90826 12.7798 4.48034 0.915806 52.2258 4.48034 0.707476 53.1879 4.48034 -0.043031 53.8556 4.48034 -1.00513 53.9151 4.48034 -51.9963 53.9171 4.48034 -52.9584 53.8573 4.48034 -53.7093 53.1879 4.48034 -53.9177 52.2258 4.48034 -53.9112 12.7798 4.48034 
1
16
-53.7074 11.8177 5.38034 -53.9104 12.7798 5.38034 -53.9171 52.2258 5.38034 -53.7088 53.1879 5.38034 -52.9584 53.8567 5.38034 -51.9963 53.9165 5.38034 -1.00513 53.9145 5.38034 -0.043031 53.8549 5.38034 0.706855 53.1879 5.38034 0.915175 52.2258 5.38034 0.907315 12.7798 5.38034 0.704337 11.8177 5.38034 -0.043031 11.1535 5.38034 -1.00513 11.0942 5.38034 -51.9963 11.0909 5.38034 -52.9584 11.1504 5.38034 
1
16
-53.7067 11.8177 6.28034 -52.9584 11.1512 6.28034 -51.9963 11.0917 6.28034 -1.00513 11.0952 6.28034 -0.043031 11.1546 6.28034 0.703399 11.8177 6.28034 0.906373 12.7798 6.28034 0.914543 52.2258 6.28034 0.706236 53.1879 6.28034 -0.043031 53.8542 6.28034 -1.00513 53.9138 6.28034 -51.9963 53.916 6.28034 -52.9584 53.8561 6.28034 -53.7083 53.1879 6.28034 -53.9166 52.2258 6.28034 -53.9097 12.7798 6.28034 
1
16
-52.9584 11.1521 7.18034 -53.7059 11.8177 7.18034 -53.9089 12.7798 7.18034 -53.9161 52.2258 7.18034 -53.7077 53.1879 7.18034 -52.9584 53.8555 7.18034 -51.9963 53.9154 7.18034 -1.00513 53.9131 7.18034 -0.043031 53.8534 7.18034 0.705621 53.1879 7.18034 0.913914 52.2258 7.18034 0.90544 12.7798 7.18034 0.70247 11.8177 7.18034 -0.043031 11.1557 7.18034 -1.00513 11.0962 7.18034 -51.9963 11.0926 7.18034 
1
16
-52.9584 11.1529 8.08034 -53.7052 11.8177 8.08034 -53.9082 12.7798 8.08034 -53.9156 52.2258 8.08034 -53.7073 53.1879 8.08034 -52.9584 53.8549 8.08034 -51.9963 53.9148 8.08034 -1.00513 53.9124 8.08034 -0.043031 53.8527 8.08034 0.705013 53.1879 8.08034 0.913292 52.2258 8.08034 0.904523 12.7798 8.08034 0.701558 11.8177 8.08034 -0.043031 11.1568 8.08034 -1.00513 11.0973 8.08034 -51.9963 11.0933 8.08034 
1
16
-53.7046 11.8177 8.98034 -52.9584 11.1537 8.98034 -51.9963 11.0941 8.98034 -1.00513 11.0983 8.98034 -0.043031 11.1578 8.98034 0.70067 11.8177 8.98034 0.903631 12.7798 8.98034 0.912679 52.2258 8.98034 0.704414 53.1879 8.98034 -0.043031 53.8521 8.98034 -1.00513 53.9118 8.98034 -51.9963 53.9143 8.98034 -52.9584 53.8544 8.98034 -53.7068 53.1879 8.98034 -53.9151 52.2258 8.98034 -53.9076 12.7798 8.98034 
1
16
-53.7039 11.8177 9.88034 -52.9584 11.1545 9.88034 -51.9963 11.0948 9.88034 -1.00513 11.0992 9.88034 -0.043031 11.1587 9.88034 0.699816 11.8177 9.88034 0.902773 12.7798 9.88034 0.91208 52.2258 9.88034 0.703829 53.1879 9.88034 -0.043031 53.8514 9.88034 -1.00513 53.9112 9.88034 -51.9963 53.9137 9.88034 -52.9584 53.8538 9.88034 -53.7063 53.1879 9.88034 -53.9146 52.2258 9.88034 -53.9069 12.7798 9.88034 
1
16
-52.9584 11.1552 10.7803 -53.7033 11.8177 10.7803 -53.9063 12.7798 10.7803 -53.9142 52.2258 10.7803 -53.7059 53.1879 10.7803 -52.9584 53.8534 10.7803 -51.9963 53.9133 10.7803 -1.00513 53.9106 10.7803 -0.043031 53.8508 10.7803 0.703263 53.1879 10.7803 0.911499 52.2258 10.7803 0.901953 12.7798 10.7803 0.699 11.8177 10.7803 -0.043031 11.1597 10.7803 -1.00513 11.1002 10.7803 -51.9963 11.0955 10.7803 
1
16
-52.9584 11.156 11.6803 -53.7026 11.8177 11.6803 -53.9055 12.7798 11.6803 -53.9137 52.2258 11.6803 -53.7054 53.1879 11.6803 -52.9584 53.8528 11.6803 -51.9963 53.9128 11.6803 -1.00513 53.9099 11.6803 -0.043031 53.8501 11.6803 0.702718 53.1879 11.6803 0.91094 52.2258 11.6803 0.901139 12.7798 11.6803 0.69819 11.8177 11.6803 -0.043031 11.1606 11.6803 -1.00513 11.1011 11.6803 -51.9963 11.0963 11.6803 
1
17
-53.7019 11.8177 12.5803 -53.9049 12.7798 12.5803 -53.9132 52.2258 12.5803 -53.7049 53.1879 12.5803 -52.9584 53.8523 12.5803 -51.9963 53.9123 12.5803 -1.00513 53.9093 12.5803 -0.043031 53.8495 12.5803 0.702198 53.1879 12.5803 0.910405 52.2258 12.5803 0.900302 12.7798 12.5803 0.697358 11.8177 12.5803 -0.043031 11.1615 12.5803 -1.00513 11.102 12.5803 -26.0197 11.2903 12.5803 -51.9963 11.097 12.5803 -52.9584 11.1567 12.5803 
1
18
-52.9584 11.1576 13.4803 -51.9963 11.0978 13.4803 -26.0197 11.3422 13.4803 -25.0576 11.3463 13.4803 -1.00513 11.103 13.4803 -0.043031 11.1626 13.4803 0.696497 11.8177 13.4803 0.899436 12.7798 13.4803 0.909877 52.2258 13.4803 0.701684 53.1879 13.4803 -0.043031 53.849 13.4803 -1.00513 53.9088 13.4803 -51.9963 53.9119 13.4803 -52.9584 53.8518 13.4803 -53.7046 53.1879 13.4803 -53.9128 52.2258 13.4803 -53.9041 12.7798 13.4803 -53.7012 11.8177 13.4803 
1
18
-52.9584 11.1584 14.3803 -51.9963 11.0986 14.3803 -26.0197 11.4122 14.3803 -25.0576 11.4196 14.3803 -1.00513 11.1039 14.3803 -0.043031 11.1636 14.3803 0.695607 11.8177 14.3803 0.89854 12.7798 14.3803 0.909339 52.2258 14.3803 0.701161 53.1879 14.3803 -0.043031 53.8483 14.3803 -1.00513 53.9082 14.3803 -51.9963 53.9114 14.3803 -52.9584 53.8513 14.3803 -53.7041 53.1879 14.3803 -53.9123 52.2258 14.3803 -53.9034 12.7798 14.3803 -53.7005 11.8177 14.3803 
1
26
-52.9584 11.1593 15.2803 -53.6997 11.8177 15.2803 -53.9026 12.7798 15.2803 -53.9118 52.2258 15.2803 -53.7036 53.1879 15.2803 -52.9584 53.8508 15.2803 -51.9963 53.9109 15.2803 -1.00513 53.9077 15.2803 -0.043031 53.8478 15.2803 0.700625 53.1879 15.2803 0.908788 52.2258 15.2803 0.897611 12.7798 15.2803 0.694684 11.8177 15.2803 -0.043031 11.1646 15.2803 -1.00513 11.1049 15.2803 -22.1713 11.399 15.2803 -22.8806 11.4295 15.2803 -23.1334 11.4366 15.2803 -23.8427 11.475 15.2803 -24.0955 11.4833 15.2803 -24.8048 11.5265 15.2803 -25.0576 11.5353 15.2803 -26.0197 11.5216 15.2803 -26.729 11.4757 15.2803 -27.6911 11.4305 15.2803 -51.9963 11.0995 15.2803 
1
40
-52.9584 11.1602 16.1803 -51.9963 11.1003 16.1803 -33.7164 11.3087 16.1803 -30.5152 11.4048 16.1803 -29.5531 11.4438 16.1803 -28.9059 11.4797 16.1803 -28.591 11.4924 16.1803 -27.9438 11.5395 16.1803 -27.629 11.5554 16.1803 -26.9818 11.4168 16.1803 -26.6669 11.4372 16.1803 -26.0197 11.7064 16.1803 -25.7048 11.7115 16.1803 -25.0576 11.7591 16.1803 -24.4104 11.4878 16.1803 -23.7806 11.4516 16.1803 -23.1334 11.521 16.1803 -22.8185 11.5075 16.1803 -22.1713 11.5011 16.1803 -21.8564 11.4898 16.1803 -21.2092 11.4503 16.1803 -20.8943 11.4407 16.1803 -20.2471 11.4098 16.1803 -19.285 11.3763 16.1803 -17.0459 11.3151 16.1803 -15.4366 11.2588 16.1803 -1.00513 11.106 16.1803 -0.043031 11.1657 16.1803 0.693728 11.8177 16.1803 0.896648 12.7798 16.1803 0.908222 52.2258 16.1803 0.700076 53.1879 16.1803 -0.043031 53.8471 16.1803 -1.00513 53.9071 16.1803 -51.9963 53.9104 16.1803 -52.9584 53.8502 16.1803 -53.7032 53.1879 16.1803 -53.9114 52.2258 16.1803 -53.9019 12.7798 16.1803 -53.6989 11.8177 16.1803 
1
70
-52.9584 11.1611 17.0803 -53.6981 11.8177 17.0803 -53.9011 12.7798 17.0803 -53.9109 52.2258 17.0803 -53.7027 53.1879 17.0803 -52.9584 53.8497 17.0803 -51.9963 53.9098 17.0803 -1.00513 53.9065 17.0803 -0.043031 53.8465 17.0803 0.699519 53.1879 17.0803 0.907647 52.2258 17.0803 0.89565 12.7798 17.0803 0.692736 11.8177 17.0803 -0.043031 11.1668 17.0803 -1.00513 11.1071 17.0803 -15.4366 11.2783 17.0803 -16.3987 11.3237 17.0803 -16.9838 11.3628 17.0803 -17.3608 11.3763 17.0803 -17.9459 11.4091 17.0803 -18.3229 11.4204 17.0803 -18.908 11.4527 17.0803 -19.285 11.4651 17.0803 -19.8701 11.5059 17.0803 -20.8322 11.5395 17.0803 -21.2092 11.5575 17.0803 -21.7943 11.5738 17.0803 -22.1713 11.5968 17.0803 -22.5483 11.6006 17.0803 -23.0457 11.7131 17.0803 -23.1334 11.7346 17.0803 -23.4328 11.7025 17.0803 -24.0955 11.8129 17.0803 -24.1069 11.8177 17.0803 -24.0955 11.8301 17.0803 -24.0954 11.8301 17.0803 -24.0581 11.8551 17.0803 -23.1334 12.3779 17.0803 -22.6886 12.7798 17.0803 -21.7043 13.7419 17.0803 -22.0353 14.704 17.0803 -24.0955 17.6361 17.0803 -25.0576 18.8915 17.0803 -26.01 18.5621 17.0803 -26.0197 18.5589 17.0803 -26.0243 18.5524 17.0803 -26.9818 17.2415 17.0803 -28.7648 14.704 17.0803 -29.0919 13.7419 17.0803 -28.1147 12.7798 17.0803 -27.6849 12.0766 17.0803 -26.9818 12.0374 17.0803 -26.7801 11.8177 17.0803 -26.9818 11.7331 17.0803 -27.1676 11.7729 17.0803 -27.9438 11.7645 17.0803 -28.5289 11.5597 17.0803 -28.9059 11.5323 17.0803 -29.491 11.5792 17.0803 -29.868 11.5583 17.0803 -30.4531 11.5104 17.0803 -30.8301 11.4939 17.0803 -31.4152 11.4579 17.0803 -31.7922 11.4443 17.0803 -32.3773 11.411 17.0803 -32.7543 11.3996 17.0803 -33.3394 11.3632 17.0803 -33.7164 11.3502 17.0803 -34.3015 11.3184 17.0803 -51.9963 11.1011 17.0803 
1
60
-52.9584 11.162 17.9803 -53.6973 11.8177 17.9803 -53.9002 12.7798 17.9803 -53.9104 52.2258 17.9803 -53.7022 53.1879 17.9803 -52.9584 53.8492 17.9803 -51.9963 53.9093 17.9803 -1.00513 53.9059 17.9803 -0.043031 53.8459 17.9803 0.698975 53.1879 17.9803 0.907085 52.2258 17.9803 0.894614 12.7798 17.9803 0.691707 11.8177 17.9803 -0.043031 11.168 17.9803 -1.00513 11.1083 17.9803 -14.4745 11.2555 17.9803 -15.4366 11.2965 17.9803 -16.3987 11.3515 17.9803 -16.9217 11.3986 17.9803 -17.3608 11.4279 17.9803 -17.8838 11.3964 17.9803 -18.3229 11.421 17.9803 -18.8459 11.5524 17.9803 -19.285 11.5766 17.9803 -19.808 11.6702 17.9803 -20.2471 11.7009 17.9803 -20.6862 11.715 17.9803 -21.2092 11.7788 17.9803 -21.386 11.7837 17.9803 -21.5663 11.8177 17.9803 -21.2092 12.0937 17.9803 -19.5342 13.7419 17.9803 -19.8624 14.704 17.9803 -23.942 20.4765 17.9803 -24.0955 20.5636 17.9803 -24.2166 20.5955 17.9803 -25.0576 20.948 17.9803 -25.5374 20.922 17.9803 -26.0197 20.8724 17.9803 -26.4461 20.7243 17.9803 -26.8296 20.4765 17.9803 -26.9818 20.2688 17.9803 -27.5574 19.5145 17.9803 -30.8301 14.8567 17.9803 -30.9263 14.704 17.9803 -30.9762 14.5579 17.9803 -31.2397 13.7419 17.9803 -30.8301 13.3176 17.9803 -30.2842 12.7798 17.9803 -29.868 12.1079 17.9803 -29.2179 11.8177 17.9803 -29.868 11.7924 17.9803 -30.391 11.6723 17.9803 -31.3531 11.5958 17.9803 -31.7922 11.5688 17.9803 -32.3152 11.495 17.9803 -32.7543 11.47 17.9803 -33.2773 11.4196 17.9803 -34.2394 11.3536 17.9803 -51.9963 11.102 17.9803 
1
87
-32.3828 13.7419 18.8803 -32.3818 13.7475 18.8803 -32.3176 14.2028 18.8803 -32.2166 14.704 18.8803 -32.0825 15.1649 18.8803 -31.7922 16.0707 18.8803 -31.4484 16.6282 18.8803 -31.1299 17.2905 18.8803 -30.9854 17.519 18.8803 -30.9463 17.5903 18.8803 -30.8301 17.9138 18.8803 -29.868 19.3184 18.8803 -29.0507 20.4765 18.8803 -29.0099 20.5102 18.8803 -28.9059 20.5548 18.8803 -28.7905 20.5919 18.8803 -27.9438 20.9623 18.8803 -27.3309 21.0895 18.8803 -27.3218 21.0925 18.8803 -26.9818 21.2936 18.8803 -26.1726 21.4386 18.8803 -26.1053 21.4455 18.8803 -26.0197 21.4451 18.8803 -25.4191 21.466 18.8803 -25.0576 21.4657 18.8803 -24.385 21.4336 18.8803 -24.0955 21.3574 18.8803 -23.5724 21.3154 18.8803 -23.1334 21.09 18.8803 -23.0335 21.0407 18.8803 -22.6725 20.9365 18.8803 -22.5371 20.8333 18.8803 -22.1713 20.6702 18.8803 -21.7535 20.4765 18.8803 -21.5312 20.1545 18.8803 -20.2471 18.3436 18.8803 -19.8751 17.5903 18.8803 -19.285 16.8025 18.8803 -19.2126 16.6282 18.8803 -18.8241 15.2976 18.8803 -18.5681 14.704 18.8803 -18.3872 13.7419 18.8803 -18.6357 13.281 18.8803 -18.9194 12.7798 18.8803 -19.285 12.401 18.8803 -19.3304 12.3603 18.8803 -19.4202 12.3189 18.8803 -19.8455 11.8177 18.8803 -19.8361 11.8119 18.8803 -19.7862 11.7682 18.8803 -19.285 11.6785 18.8803 -18.7838 11.5526 18.8803 -18.3229 11.528 18.8803 -17.8217 11.5583 18.8803 -17.3608 11.4755 18.8803 -16.8596 11.4304 18.8803 -16.3987 11.3792 18.8803 -15.4366 11.3158 18.8803 -14.4745 11.2698 18.8803 -1.00513 11.1094 18.8803 -0.043031 11.1691 18.8803 0.690654 11.8177 18.8803 0.893553 12.7798 18.8803 0.906559 52.2258 18.8803 0.698465 53.1879 18.8803 -0.043031 53.8453 18.8803 -1.00513 53.9053 18.8803 -51.9963 53.9089 18.8803 -52.9584 53.8488 18.8803 -53.7018 53.1879 18.8803 -53.91 52.2258 18.8803 -53.8994 12.7798 18.8803 -53.6965 11.8177 18.8803 -52.9584 11.1629 18.8803 -51.9963 11.103 18.8803 -34.1773 11.3918 18.8803 -33.2152 11.4813 18.8803 -32.2531 11.6235 18.8803 -31.7922 11.667 18.8803 -31.291 11.7059 18.8803 -31.0823 11.8177 18.8803 -31.1618 11.8987 18.8803 -31.7922 12.5907 18.8803 -31.9375 12.7798 18.8803 -32.0424 13.0287 18.8803 -32.0435 13.0311 18.8803 -32.2545 13.485 18.8803 
2
93
-53.6957 11.8177 19.7803 -52.9584 11.1638 19.7803 -51.9963 11.1039 19.7803 -34.6785 11.3817 19.7803 -34.1152 11.432 19.7803 -33.7164 11.4758 19.7803 -33.1531 11.5632 19.7803 -32.7543 11.612 19.7803 -32.191 11.6652 19.7803 -31.8392 11.8177 19.7803 -32.0045 11.9552 19.7803 -32.3316 12.381 19.7803 -32.5179 12.7798 19.7803 -32.7541 13.34 19.7803 -32.7543 13.3404 19.7803 -32.9215 13.7389 19.7803 -32.9225 13.7419 19.7803 -32.7856 14.704 19.7803 -32.3895 16.0649 19.7803 -32.2094 16.6282 19.7803 -32.0934 17.027 19.7803 -31.8376 17.5903 19.7803 -31.7922 17.747 19.7803 -31.5059 18.5524 19.7803 -31.3199 19.0245 19.7803 -31.2289 19.2674 19.7803 -30.8687 20.4765 19.7803 -30.8301 20.5327 19.7803 -30.2668 20.9658 19.7803 -29.868 21.1264 19.7803 -29.2882 21.18 19.7803 -28.9059 21.3441 19.7803 -28.572 21.4386 19.7803 -28.3426 21.4836 19.7803 -27.9438 21.4819 19.7803 -26.9818 21.5311 19.7803 -26.4185 21.5284 19.7803 -26.0197 21.5911 19.7803 -25.4564 21.5906 19.7803 -25.0576 21.6095 19.7803 -24.4943 21.6132 19.7803 -24.0955 21.5418 19.7803 -23.5322 21.5244 19.7803 -23.1334 21.506 19.7803 -22.7346 21.4996 19.7803 -22.4743 21.4386 19.7803 -22.1713 21.3512 19.7803 -21.6318 21.3431 19.7803 -21.2092 21.2273 19.7803 -20.9818 21.1569 19.7803 -20.8104 21.1234 19.7803 -20.4206 20.8418 19.7803 -20.2471 20.7626 19.7803 -19.9953 20.4765 19.7803 -19.8483 19.9794 19.7803 -19.6479 19.5145 19.7803 -19.2915 18.5524 19.7803 -19.285 18.5407 19.7803 -19.1259 18.1601 19.7803 -19.042 17.9891 19.7803 -18.9259 17.5903 19.7803 -18.6911 17.027 19.7803 -18.0144 14.704 19.7803 -17.8786 13.7419 19.7803 -18.0497 13.3431 19.7803 -18.2814 12.7798 19.7803 -18.3229 12.65 19.7803 -18.3324 12.6292 19.7803 -18.4203 12.381 19.7803 -18.9821 11.8177 19.7803 -18.9112 11.7642 19.7803 -18.8862 11.751 19.7803 -18.3229 11.7209 19.7803 -17.7596 11.6198 19.7803 -17.3608 11.5301 19.7803 -16.7975 11.4676 19.7803 -16.3987 11.4111 19.7803 -15.4366 11.3374 19.7803 -14.4745 11.2858 19.7803 -13.5124 11.2475 19.7803 -1.00513 11.1106 19.7803 -0.043031 11.1703 19.7803 0.689621 11.8177 19.7803 0.892512 12.7798 19.7803 0.906084 52.2258 19.7803 0.698006 53.1879 19.7803 -0.043031 53.8447 19.7803 -1.00513 53.9048 19.7803 -51.9963 53.9085 19.7803 -52.9584 53.8483 19.7803 -53.7015 53.1879 19.7803 -53.9097 52.2258 19.7803 -53.8987 12.7798 19.7803 
19
-26.0197 40.3705 19.7803 -26.2338 40.6806 19.7803 -26.5156 41.1468 19.7803 -26.795 41.6427 19.7803 -26.8945 42.6048 19.7803 -26.4616 43.5669 19.7803 -26.0197 44.2314 19.7803 -25.203 44.529 19.7803 -25.0813 44.5493 19.7803 -25.0576 44.5524 19.7803 -25.0201 44.529 19.7803 -24.3487 43.5669 19.7803 -24.0955 43.0399 19.7803 -23.9054 42.6048 19.7803 -24.0037 41.6427 19.7803 -24.0955 41.4784 19.7803 -24.5876 40.6806 19.7803 -25.0576 40.0253 19.7803 -25.5334 40.2048 19.7803 
3
77
-52.9584 11.1646 20.6803 -51.9963 11.1047 20.6803 -34.6785 11.4131 20.6803 -34.0531 11.4818 20.6803 -33.7164 11.5289 20.6803 -33.091 11.6055 20.6803 -32.7543 11.6405 20.6803 -32.4618 11.7667 20.6803 -32.4001 11.8177 20.6803 -32.6922 12.4431 20.6803 -32.6927 12.444 20.6803 -32.8912 12.7804 20.6803 -33.296 13.7419 20.6803 -33.1585 14.704 20.6803 -31.7583 19.5145 20.6803 -31.652 19.8512 20.6803 -31.47 20.4765 20.6803 -31.193 20.8132 20.6803 -31.0964 20.9351 20.6803 -30.8301 21.3227 20.6803 -30.507 21.4386 20.6803 -30.2047 21.5052 20.6803 -29.868 21.5098 20.6803 -29.2426 21.509 20.6803 -28.9059 21.5312 20.6803 -28.2805 21.5286 20.6803 -27.9438 21.6098 20.6803 -27.3185 21.6378 20.6803 -26.9818 21.7665 20.6803 -26.3564 21.8649 20.6803 -26.0197 22.0414 20.6803 -25.4857 22.0904 20.6803 -25.0576 22.1106 20.6803 -24.7427 21.977 20.6803 -24.7209 21.9605 20.6803 -24.0955 21.8486 20.6803 -23.4701 21.8197 20.6803 -23.1334 21.6511 20.6803 -22.508 21.6411 20.6803 -22.1713 21.5563 20.6803 -21.5459 21.5605 20.6803 -20.8725 21.5244 20.6803 -20.3166 21.4386 20.6803 -20.2471 21.425 20.6803 -20.1658 21.386 20.6803 -19.9104 21.1863 20.6803 -19.4062 20.6136 20.6803 -19.3322 20.4765 20.6803 -17.6416 14.704 20.6803 -17.506 13.7419 20.6803 -17.5459 13.6259 20.6803 -17.6463 13.4052 20.6803 -17.9145 12.7798 20.6803 -18.0273 12.4431 20.6803 -18.2497 11.8177 20.6803 -17.9862 11.7122 20.6803 -17.3608 11.5714 20.6803 -16.7354 11.4828 20.6803 -16.3987 11.4488 20.6803 -15.7733 11.3962 20.6803 -15.4366 11.3622 20.6803 -14.4745 11.3039 20.6803 -13.5124 11.2609 20.6803 -1.00513 11.1117 20.6803 -0.043031 11.1714 20.6803 0.688669 11.8177 20.6803 0.891552 12.7798 20.6803 0.905665 52.2258 20.6803 0.697602 53.1879 20.6803 -0.043031 53.8443 20.6803 -1.00513 53.9044 20.6803 -51.9963 53.9082 20.6803 -52.9584 53.848 20.6803 -53.7012 53.1879 20.6803 -53.9094 52.2258 20.6803 -53.898 12.7798 20.6803 -53.6951 11.8177 20.6803 
25
-28.2291 35.0171 20.6803 -28.5107 34.908 20.6803 -27.2864 33.9459 20.6803 -26.9818 33.8406 20.6803 -26.0197 33.5197 20.6803 -25.0576 33.4553 20.6803 -24.5117 33.6037 20.6803 -24.3889 33.6398 20.6803 -23.7894 33.8282 20.6803 -23.5124 33.9459 20.6803 -23.1334 34.2463 20.6803 -23.0779 34.2925 20.6803 -22.3054 34.908 20.6803 -22.3309 34.9194 20.6803 -22.7967 35.111 20.6803 -23.1334 35.1799 20.6803 -23.4701 35.2552 20.6803 -24.0955 35.4504 20.6803 -24.7209 35.5674 20.6803 -25.0576 35.6398 20.6803 -26.0197 35.593 20.6803 -26.3564 35.5147 20.6803 -26.9818 35.3883 20.6803 -27.3185 35.3142 20.6803 -27.9438 35.0823 20.6803 
39
-27.7732 39.7185 20.6803 -27.9438 39.9645 20.6803 -28.2206 40.4038 20.6803 -28.4085 40.6806 20.6803 -28.9059 41.5563 20.6803 -28.9221 41.611 20.6803 -28.9345 41.6427 20.6803 -28.9839 42.5182 20.6803 -28.991 42.6048 20.6803 -28.9059 42.9483 20.6803 -28.6398 43.5669 20.6803 -28.0336 44.529 20.6803 -27.0449 45.2407 20.6803 -26.9818 45.2965 20.6803 -26.6499 45.4911 20.6803 -26.2742 45.6101 20.6803 -26.0197 45.6866 20.6803 -25.386 45.7433 20.6803 -25.0576 45.7647 20.6803 -24.1322 45.4911 20.6803 -24.1309 45.4906 20.6803 -24.0955 45.4712 20.6803 -24.0211 45.4167 20.6803 -22.7651 44.529 20.6803 -22.1713 43.5946 20.6803 -22.159 43.5669 20.6803 -21.9378 42.8383 20.6803 -21.7692 42.6048 20.6803 -21.827 41.987 20.6803 -21.8733 41.6427 20.6803 -22.1713 41.0337 20.6803 -22.3687 40.6806 20.6803 -23.0346 39.7185 20.6803 -24.038 38.985 20.6803 -24.0955 38.9343 20.6803 -24.3706 38.7564 20.6803 -25.0576 38.4917 20.6803 -26.0197 38.5782 20.6803 -26.4443 38.7564 20.6803 
3
81
-53.6945 11.8177 21.5803 -53.8974 12.7798 21.5803 -53.909 52.2258 21.5803 -53.7009 53.1879 21.5803 -52.9584 53.8476 21.5803 -51.9963 53.9079 21.5803 -1.00513 53.904 21.5803 -0.043031 53.8439 21.5803 0.697259 53.1879 21.5803 0.905309 52.2258 21.5803 0.89072 12.7798 21.5803 0.687844 11.8177 21.5803 -0.043031 11.1724 21.5803 -1.00513 11.1127 21.5803 -13.5124 11.2759 21.5803 -14.4745 11.3241 21.5803 -15.4366 11.3909 21.5803 -15.7112 11.4255 21.5803 -17.3608 11.5936 21.5803 -17.46 11.6447 21.5803 -17.8953 11.8177 21.5803 -17.6651 12.5052 21.5803 -17.5659 12.6978 21.5803 -17.534 12.7798 21.5803 -17.3608 13.1605 21.5803 -17.2917 13.3605 21.5803 -17.2498 13.4673 21.5803 -17.1321 13.7419 21.5803 -17.2688 14.704 21.5803 -18.9544 20.4765 21.5803 -19.1078 20.7563 21.5803 -19.285 20.9537 21.5803 -19.4861 21.031 21.5803 -20.0076 21.4386 21.5803 -20.1736 21.5014 21.5803 -20.2471 21.524 21.5803 -20.5217 21.5457 21.5803 -21.2092 21.5802 21.5803 -21.4838 21.7797 21.5803 -22.1713 21.8189 21.5803 -22.8588 21.9921 21.5803 -22.8912 22.023 21.5803 -23.1334 22.2338 21.5803 -23.4372 22.3859 21.5803 -23.4575 22.4007 21.5803 -23.7598 22.7364 21.5803 -24.0955 23.159 21.5803 -24.2709 23.3628 21.5803 -24.2843 23.3774 21.5803 -25.0576 24.2597 21.5803 -26.0197 23.9914 21.5803 -26.5407 23.3628 21.5803 -27.3045 22.4007 21.5803 -27.9438 22.1016 21.5803 -28.2184 21.8331 21.5803 -28.9059 21.6672 21.5803 -29.1805 21.5557 21.5803 -29.868 21.5102 21.5803 -30.8301 21.4957 21.5803 -30.8958 21.4604 21.5803 -30.9657 21.4386 21.5803 -31.5312 20.7511 21.5803 -31.736 20.6352 21.5803 -31.8328 20.4765 21.5803 -32.0512 19.7891 21.5803 -33.5312 14.704 21.5803 -33.6668 13.7419 21.5803 -33.2612 12.7798 21.5803 -33.0919 12.5052 21.5803 -32.8123 12.034 21.5803 -32.7543 11.9772 21.5803 -32.6613 11.8177 21.5803 -32.7543 11.7409 21.5803 -33.0289 11.6225 21.5803 -33.7164 11.551 21.5803 -33.991 11.5469 21.5803 -34.6785 11.4507 21.5803 -34.9531 11.423 21.5803 -35.6406 11.3657 21.5803 -51.9963 11.1054 21.5803 -52.9584 11.1653 21.5803 
50
-28.6488 33.6888 21.5803 -28.9059 33.8242 21.5803 -29.0816 33.9459 21.5803 -29.1489 34.0444 21.5803 -29.7025 34.908 21.5803 -29.5867 34.9855 21.5803 -29.1805 35.2484 21.5803 -28.9059 35.3796 21.5803 -28.2184 35.5368 21.5803 -27.9438 35.6424 21.5803 -27.0015 35.8701 21.5803 -26.9942 35.8722 21.5803 -26.9818 35.878 21.5803 -26.2943 36.0968 21.5803 -26.0197 36.2234 21.5803 -25.6779 36.2577 21.5803 -25.0576 36.2973 21.5803 -24.9119 36.2394 21.5803 -24.783 36.1772 21.5803 -24.4158 36.0825 21.5803 -24.0955 35.9821 21.5803 -23.8177 35.8701 21.5803 -23.6357 35.8189 21.5803 -23.1334 35.7066 21.5803 -22.954 35.6464 21.5803 -22.8588 35.6166 21.5803 -22.1713 35.4759 21.5803 -21.4838 35.1998 21.5803 -21.2092 35.0758 21.5803 -21.0657 34.9549 21.5803 -21.0143 34.908 21.5803 -21.1449 34.6334 21.5803 -21.2092 34.5343 21.5803 -21.7848 33.9459 21.5803 -21.8967 33.8723 21.5803 -22.1713 33.7028 21.5803 -22.8588 33.4991 21.5803 -23.1334 33.3554 21.5803 -23.9346 33.0828 21.5803 -24.2498 32.9838 21.5803 -24.7695 32.7092 21.5803 -25.0359 32.5477 21.5803 -25.0576 32.5381 21.5803 -25.6353 32.5994 21.5803 -26.0197 32.6568 21.5803 -26.5376 32.9838 21.5803 -26.5895 33.0062 21.5803 -26.9818 33.141 21.5803 -27.2716 33.2533 21.5803 -27.9438 33.4548 21.5803 
61
-28.9059 39.1099 21.5803 -29.1132 39.4439 21.5803 -29.2687 39.7185 21.5803 -29.6069 40.6806 21.5803 -29.868 41.364 21.5803 -29.9035 41.4799 21.5803 -29.9412 41.6427 21.5803 -29.9838 42.3474 21.5803 -29.9947 42.6048 21.5803 -29.868 43.2012 21.5803 -29.7572 43.5669 21.5803 -29.6549 43.8645 21.5803 -29.4084 44.529 21.5803 -29.2035 44.8455 21.5803 -29.1805 44.8848 21.5803 -28.9059 45.321 21.5803 -28.6472 45.4911 21.5803 -28.3584 45.5943 21.5803 -28.2184 45.6549 21.5803 -27.9438 45.79 21.5803 -27.2564 46.0509 21.5803 -26.9818 46.1376 21.5803 -26.0197 46.4234 21.5803 -25.0576 46.4843 21.5803 -24.9322 46.4532 21.5803 -23.8209 46.1455 21.5803 -23.1334 45.907 21.5803 -22.8588 45.7882 21.5803 -22.1713 45.5289 21.5803 -22.1203 45.4911 21.5803 -21.9682 45.2862 21.5803 -21.5466 44.7028 21.5803 -21.4262 44.529 21.5803 -21.2092 44.1377 21.5803 -21.1167 43.9206 21.5803 -21.0779 43.8415 21.5803 -21.0058 43.5669 21.5803 -20.7941 42.8794 21.5803 -20.7444 42.6048 21.5803 -20.7862 41.9173 21.5803 -20.7978 41.6427 21.5803 -20.8614 41.3681 21.5803 -21.1406 40.6806 21.5803 -21.2092 40.4632 21.5803 -21.565 39.7185 21.5803 -21.74 39.4439 21.5803 -22.1713 38.7893 21.5803 -22.2216 38.7564 21.5803 -22.8722 38.4818 21.5803 -22.9363 38.4392 21.5803 -24.0955 37.9545 21.5803 -24.5116 37.7943 21.5803 -25.0576 37.5099 21.5803 -26.0197 37.6281 21.5803 -26.3181 37.7943 21.5803 -26.9818 38.0708 21.5803 -27.2564 38.1932 21.5803 -27.9438 38.4807 21.5803 -28.2184 38.6676 21.5803 -28.4328 38.7527 21.5803 -28.4405 38.7564 21.5803 
2
96
-53.694 11.8177 22.4803 -53.8969 12.7798 22.4803 -53.9089 52.2258 22.4803 -53.7007 53.1879 22.4803 -52.9584 53.8475 22.4803 -51.9963 53.9077 22.4803 -1.00513 53.9036 22.4803 -0.043031 53.8436 22.4803 0.696981 53.1879 22.4803 0.905021 52.2258 22.4803 0.890036 12.7798 22.4803 0.687165 11.8177 22.4803 -0.043031 11.1731 22.4803 -1.00513 11.1136 22.4803 -12.5503 11.2526 22.4803 -13.5124 11.2927 22.4803 -14.4745 11.3467 22.4803 -14.687 11.3663 22.4803 -15.4366 11.4244 22.4803 -15.6491 11.4333 22.4803 -16.3987 11.5277 22.4803 -17.1483 11.6074 22.4803 -17.3164 11.6783 22.4803 -17.3608 11.6957 22.4803 -17.5977 11.8177 22.4803 -17.3608 12.2779 22.4803 -17.2911 12.4737 22.4803 -17.2368 12.5673 22.4803 -17.1687 12.7798 22.4803 -16.7573 13.7419 22.4803 -16.896 14.704 22.4803 -18.5744 20.4765 22.4803 -18.5887 20.5072 22.4803 -19.0725 21.046 22.4803 -19.2588 21.2279 22.4803 -19.285 21.2411 22.4803 -19.7994 21.4386 22.4803 -20.0346 21.5113 22.4803 -20.2471 21.524 22.4803 -20.4596 21.5834 22.4803 -21.2092 21.6424 22.4803 -21.9588 22.1868 22.4803 -22.0602 22.3163 22.4803 -22.1184 22.4007 22.4803 -22.1539 22.502 22.4803 -22.1713 22.5422 22.4803 -22.643 23.3628 22.4803 -22.9209 23.9995 22.4803 -23.0352 24.3249 22.4803 -23.1334 24.6311 22.4803 -23.8394 25.5431 22.4803 -24.0955 25.9568 22.4803 -24.3215 26.2491 22.4803 -24.3758 26.3512 22.4803 -24.8095 27.2112 22.4803 -25.0576 27.9083 22.4803 -26.0197 27.2494 22.4803 -26.0323 27.2112 22.4803 -26.4852 26.2491 22.4803 -26.9818 25.5567 22.4803 -27.1185 25.287 22.4803 -27.7593 24.3249 22.4803 -27.9438 24.0808 22.4803 -27.9758 24.0083 22.4803 -28.1375 23.5753 22.4803 -28.206 23.3628 22.4803 -28.5028 22.6132 22.4803 -28.5289 22.5396 22.4803 -28.5871 22.4007 22.4803 -28.9059 22.0864 22.4803 -29.1184 21.8579 22.4803 -29.868 21.5536 22.4803 -30.0805 21.5271 22.4803 -30.8301 21.5131 22.4803 -31.0207 21.4535 22.4803 -31.1892 21.4386 22.4803 -31.2333 21.4331 22.4803 -31.7922 21.1166 22.4803 -32.06 20.6835 22.4803 -32.2216 20.4765 22.4803 -33.904 14.704 22.4803 -34.0395 13.7419 22.4803 -33.9483 13.5294 22.4803 -33.7651 13.0405 22.4803 -33.7164 12.9366 22.4803 -33.6388 12.7798 22.4803 -33.5761 12.5673 22.4803 -33.1139 11.8177 22.4803 -33.1252 11.812 22.4803 -33.7164 11.5633 22.4803 -33.9289 11.5084 22.4803 -34.6785 11.4971 22.4803 -34.891 11.4701 22.4803 -35.6406 11.3945 22.4803 -51.9963 11.1059 22.4803 -52.9584 11.1658 22.4803 
116
-26.9818 31.8965 22.4803 -27.1056 32.0217 22.4803 -27.271 32.1939 22.4803 -27.9438 32.6554 22.4803 -27.9915 32.7277 22.4803 -28.0404 32.7713 22.4803 -28.1791 32.9838 22.4803 -28.8798 33.3582 22.4803 -28.9059 33.384 22.4803 -29.1184 33.5415 22.4803 -29.6984 33.9459 22.4803 -29.868 34.1941 22.4803 -29.898 34.2497 22.4803 -30.1139 34.6955 22.4803 -30.2293 34.908 22.4803 -30.0839 35.0263 22.4803 -29.868 35.2378 22.4803 -28.9059 35.6968 22.4803 -28.447 35.8701 22.4803 -28.1563 36.0069 22.4803 -27.9438 36.2175 22.4803 -27.1938 36.6565 22.4803 -26.9818 36.756 22.4803 -26.8258 36.8322 22.4803 -26.9818 36.9218 22.4803 -27.2094 37.0598 22.4803 -27.9438 37.589 22.4803 -27.9503 37.5966 22.4803 -28.0999 37.7943 22.4803 -28.1563 37.851 22.4803 -28.9059 38.3612 22.4803 -29.0717 38.5286 22.4803 -29.3418 38.7564 22.4803 -29.7661 39.506 22.4803 -29.854 39.6546 22.4803 -29.868 39.6756 22.4803 -29.8905 39.7185 22.4803 -30.1659 40.6806 22.4803 -30.3887 41.6427 22.4803 -30.4294 42.6048 22.4803 -30.2553 43.5669 22.4803 -30.002 44.529 22.4803 -29.9036 44.7041 22.4803 -29.868 44.7815 22.4803 -29.4719 45.4536 22.4803 -29.4426 45.4911 22.4803 -29.2594 45.6451 22.4803 -28.9059 45.9269 22.4803 -28.1563 46.2956 22.4803 -27.9438 46.4483 22.4803 -27.9281 46.4532 22.4803 -27.6245 46.5381 22.4803 -27.1943 46.6687 22.4803 -26.9818 46.7374 22.4803 -26.2322 46.9258 22.4803 -26.0197 46.9566 22.4803 -25.2701 47.0022 22.4803 -25.0576 47.0082 22.4803 -24.308 46.8342 22.4803 -24.0955 46.8082 22.4803 -23.883 46.7604 22.4803 -23.1334 46.5578 22.4803 -22.9589 46.4532 22.4803 -22.9209 46.4259 22.4803 -22.1713 46.1017 22.4803 -21.8167 45.8243 22.4803 -21.3674 45.4911 22.4803 -21.1731 45.2159 22.4803 -20.9207 44.7415 22.4803 -20.7977 44.529 22.4803 -20.5448 43.5669 22.4803 -20.3707 42.6048 22.4803 -20.4113 41.6427 22.4803 -20.6341 40.6806 22.4803 -20.9121 39.7185 22.4803 -21.0329 39.506 22.4803 -21.0554 39.464 22.4803 -21.2092 39.1519 22.4803 -21.4557 38.7564 22.4803 -21.668 38.5439 22.4803 -22.1713 38.1387 22.4803 -22.761 37.7943 22.4803 -23.0193 37.4454 22.4803 -23.1334 37.3372 22.4803 -23.9877 36.8322 22.4803 -23.7465 36.6933 22.4803 -23.1334 36.4076 22.4803 -23.0562 36.3132 22.4803 -22.9209 36.1547 22.4803 -22.4313 35.9242 22.4803 -22.3113 35.8701 22.4803 -22.1713 35.8263 22.4803 -22.0978 35.7888 22.4803 -21.9588 35.7125 22.4803 -21.2092 35.374 22.4803 -20.9967 35.239 22.4803 -20.9939 35.2365 22.4803 -20.6037 34.908 22.4803 -20.605 34.9057 22.4803 -20.7338 34.6955 22.4803 -21.0903 33.9459 22.4803 -21.1741 33.8731 22.4803 -21.2092 33.8377 22.4803 -21.9588 33.375 22.4803 -22.1713 33.2131 22.4803 -22.6288 32.9838 22.4803 -22.7765 32.7713 22.4803 -22.9699 32.5164 22.4803 -23.1334 32.3679 22.4803 -23.653 32.0217 22.4803 -24.0955 31.6679 22.4803 -24.9627 31.0596 22.4803 -25.0576 30.9371 22.4803 -25.1491 30.9681 22.4803 -25.4543 31.0596 22.4803 -26.0197 31.1559 22.4803 
1
194
-52.9584 11.1661 23.3803 -51.9963 11.1063 23.3803 -35.791 11.4141 23.3803 -35.6406 11.4281 23.3803 -34.8289 11.5311 23.3803 -34.6785 11.5559 23.3803 -33.8668 11.7653 23.3803 -33.7164 11.8086 23.3803 -33.6986 11.8177 23.3803 -33.7164 11.8608 23.3803 -33.7587 11.9221 23.3803 -33.9447 12.6294 23.3803 -34.0033 12.7798 23.3803 -34.4142 13.7419 23.3803 -34.2768 14.704 23.3803 -32.5854 20.4765 23.3803 -32.0488 21.1637 23.3803 -31.9426 21.3158 23.3803 -31.82 21.4198 23.3803 -31.7998 21.4386 23.3803 -31.7922 21.442 23.3803 -30.9805 21.514 23.3803 -30.8301 21.5073 23.3803 -30.0184 21.6085 23.3803 -29.868 21.6627 23.3803 -29.2373 22.3162 23.3803 -29.1812 22.4007 23.3803 -28.8062 23.5002 23.3803 -28.2238 25.287 23.3803 -28.1788 25.4374 23.3803 -27.9438 26.001 23.3803 -27.8066 26.2491 23.3803 -27.7493 26.4484 23.3803 -27.5134 27.2112 23.3803 -27.4886 27.3667 23.3803 -27.3343 28.1733 23.3803 -27.3305 28.1967 23.3803 -27.2048 29.1354 23.3803 -27.1906 29.2858 23.3803 -27.0916 30.0975 23.3803 -27.1217 30.1993 23.3803 -27.1444 30.2602 23.3803 -27.1563 30.3028 23.3803 -27.4175 31.0596 23.3803 -27.9438 31.6145 23.3803 -27.9563 31.6315 23.3803 -28.1384 31.8713 23.3803 -28.2213 32.0217 23.3803 -28.751 32.8334 23.3803 -28.8386 32.9838 23.3803 -28.9059 33.0504 23.3803 -28.9461 33.0827 23.3803 -29.0563 33.1681 23.3803 -29.868 33.7693 23.3803 -29.9477 33.8344 23.3803 -30.0621 33.9459 23.3803 -30.503 34.7576 23.3803 -30.6115 34.908 23.3803 -30.5738 34.9414 23.3803 -30.0184 35.3933 23.3803 -29.868 35.4945 23.3803 -29.1151 35.8543 23.3803 -29.0719 35.8701 23.3803 -28.9647 35.9261 23.3803 -28.9059 35.9589 23.3803 -28.1207 36.7377 23.3803 -28.0443 36.8322 23.3803 -28.6588 37.6439 23.3803 -28.7652 37.7943 23.3803 -29.7189 38.7564 23.3803 -29.868 38.9793 23.3803 -29.8957 39.023 23.3803 -30.1819 39.5681 23.3803 -30.2679 39.7185 23.3803 -30.5387 40.6806 23.3803 -30.7615 41.6427 23.3803 -30.8022 42.6048 23.3803 -30.6281 43.5669 23.3803 -30.3764 44.529 23.3803 -30.2915 44.6794 23.3803 -30.0621 45.0717 23.3803 -29.868 45.4172 23.3803 -29.8102 45.4911 23.3803 -29.0563 46.1244 23.3803 -28.6097 46.4532 23.3803 -28.6037 46.4575 23.3803 -27.9438 46.8747 23.3803 -27.1322 47.1372 23.3803 -26.9818 47.1933 23.3803 -26.0197 47.3358 23.3803 -25.0576 47.363 23.3803 -24.0955 47.2452 23.3803 -24.0491 47.2315 23.3803 -23.9451 47.1989 23.3803 -23.1334 47.0162 23.3803 -22.983 46.9292 23.3803 -22.1953 46.4532 23.3803 -22.0209 46.331 23.3803 -21.2092 45.6978 23.3803 -21.1211 45.6199 23.3803 -20.9832 45.4911 23.3803 -20.4268 44.529 23.3803 -20.1719 43.5669 23.3803 -19.9978 42.6048 23.3803 -20.0385 41.6427 23.3803 -20.2613 40.6806 23.3803 -20.5393 39.7185 23.3803 -20.5462 39.7036 23.3803 -21.0855 38.7564 23.3803 -21.158 38.6831 23.3803 -21.2092 38.6271 23.3803 -22.0405 37.7943 23.3803 -22.1145 37.6903 23.3803 -22.1713 37.6176 23.3803 -22.6882 36.8787 23.3803 -22.7185 36.8322 23.3803 -22.2016 36.227 23.3803 -22.1713 36.1875 23.3803 -22.0532 36.0765 23.3803 -21.7724 35.8701 23.3803 -21.2415 35.579 23.3803 -20.3975 35.0432 23.3803 -20.2471 34.969 23.3803 -20.1885 34.9129 23.3803 -20.1843 34.908 23.3803 -20.2471 34.775 23.3803 -20.7388 33.9722 23.3803 -20.7565 33.9459 23.3803 -20.8892 33.8447 23.3803 -21.2092 33.5667 23.3803 -21.8969 33.0331 23.3803 -21.954 32.9838 23.3803 -22.0474 32.8544 23.3803 -22.1713 32.6983 23.3803 -22.5661 32.0428 23.3803 -22.5782 32.0217 23.3803 -22.66 31.8713 23.3803 -23.1334 31.2336 23.3803 -23.3235 31.0596 23.3803 -23.7696 30.0975 23.3803 -23.6607 29.1354 23.3803 -23.4916 28.1733 23.3803 -23.228 27.2112 23.3803 -23.1334 27.031 23.3803 -22.91 26.3995 23.3803 -22.8815 26.2491 23.3803 -22.6215 25.4374 23.3803 -22.5766 25.287 23.3803 -22.3182 24.4753 23.3803 -22.1713 24.055 23.3803 -21.9436 23.3628 23.3803 -21.659 22.5511 23.3803 -21.6095 22.4007 23.3803 -21.222 21.906 23.3803 -21.2092 21.8829 23.3803 -20.3975 21.6561 23.3803 -20.2471 21.5476 23.3803 -19.4354 21.4993 23.3803 -19.285 21.5138 23.3803 -19.1933 21.4804 23.3803 -19.0934 21.4386 23.3803 -18.3817 20.7443 23.3803 -18.3229 20.707 23.3803 -18.2516 20.5938 23.3803 -18.1968 20.4765 23.3803 -16.5232 14.704 23.3803 -16.3805 13.7419 23.3803 -16.4372 13.6066 23.3803 -16.4455 13.5915 23.3803 -16.7892 12.7798 23.3803 -17.0492 11.9681 23.3803 -17.1385 11.8177 23.3803 -16.4964 11.5468 23.3803 -16.3987 11.4941 23.3803 -15.587 11.4601 23.3803 -15.4366 11.4642 23.3803 -14.6249 11.3896 23.3803 -14.4745 11.3726 23.3803 -13.5124 11.3115 23.3803 -12.5503 11.2664 23.3803 -1.00513 11.1142 23.3803 -0.043031 11.1737 23.3803 0.686648 11.8177 23.3803 0.889515 12.7798 23.3803 0.904805 52.2258 23.3803 0.696773 53.1879 23.3803 -0.043031 53.8434 23.3803 -1.00513 53.9034 23.3803 -51.9963 53.9075 23.3803 -52.9584 53.8473 23.3803 -53.7005 53.1879 23.3803 -53.9087 52.2258 23.3803 -53.8966 12.7798 23.3803 -53.6937 11.8177 23.3803 
1
241
-53.6934 11.8177 24.2803 -53.8963 12.7798 24.2803 -53.9086 52.2258 24.2803 -53.7004 53.1879 24.2803 -52.9584 53.8471 24.2803 -51.9963 53.9073 24.2803 -1.00513 53.9033 24.2803 -0.043031 53.8432 24.2803 0.696638 53.1879 24.2803 0.904664 52.2258 24.2803 0.889173 12.7798 24.2803 0.686308 11.8177 24.2803 -0.043031 11.1741 24.2803 -1.00513 11.1145 24.2803 -11.5882 11.243 24.2803 -12.5503 11.2807 24.2803 -13.5124 11.3317 24.2803 -14.4745 11.4017 24.2803 -14.5628 11.4133 24.2803 -15.4366 11.5117 24.2803 -16.3104 11.4874 24.2803 -16.3987 11.5151 24.2803 -16.9602 11.8177 24.2803 -16.4468 12.682 24.2803 -16.4145 12.7798 24.2803 -16.3987 12.8083 24.2803 -16.0413 13.6536 24.2803 -16.0136 13.7419 24.2803 -16.0171 13.8302 24.2803 -16.1488 14.704 24.2803 -16.1816 14.7923 24.2803 -16.3739 15.4529 24.2803 -16.3987 15.5439 24.2803 -16.7135 16.6282 24.2803 -16.7435 16.7165 24.2803 -16.9979 17.5903 24.2803 -17.012 17.6786 24.2803 -17.26 18.5524 24.2803 -17.2907 18.6407 24.2803 -17.3459 18.8246 24.2803 -17.3608 18.8708 24.2803 -17.5525 19.5145 24.2803 -17.5836 19.6028 24.2803 -17.8378 20.4765 24.2803 -17.9034 20.5648 24.2803 -18.3175 21.2219 24.2803 -18.3229 21.2276 24.2803 -18.6552 21.4386 24.2803 -19.1967 21.6356 24.2803 -19.285 21.654 24.2803 -19.3733 21.6542 24.2803 -20.2471 21.5698 24.2803 -21.1209 22.2001 24.2803 -21.1846 22.2665 24.2803 -21.2589 22.4007 24.2803 -21.5744 23.3628 24.2803 -21.6069 23.4511 24.2803 -22.1484 25.0966 24.2803 -22.1713 25.1711 24.2803 -22.2094 25.287 24.2803 -22.4954 26.2491 24.2803 -22.6763 27.2112 24.2803 -22.6901 27.2995 24.2803 -22.8058 28.1733 24.2803 -22.8188 28.2616 24.2803 -22.9345 29.1354 24.2803 -22.9405 29.2237 24.2803 -23.0205 30.0975 24.2803 -22.9901 30.1858 24.2803 -22.7355 31.0596 24.2803 -22.2417 31.9698 24.2803 -22.1713 32.0937 24.2803 -21.8518 32.5362 24.2803 -21.6004 32.8955 24.2803 -21.5443 32.9838 24.2803 -21.5404 32.9875 24.2803 -21.2092 33.2738 24.2803 -21.1209 33.3317 24.2803 -20.3501 33.9192 24.2803 -20.3173 33.9459 24.2803 -20.2471 34.05 24.2803 -19.8796 34.8197 24.2803 -19.8393 34.908 24.2803 -20.1795 35.234 24.2803 -20.2471 35.282 24.2803 -21.1209 35.7126 24.2803 -21.2092 35.7636 24.2803 -21.3799 35.8701 24.2803 -21.3969 35.8821 24.2803 -22.083 36.5267 24.2803 -22.1554 36.603 24.2803 -22.1713 36.6253 24.2803 -22.3301 36.8322 24.2803 -22.1713 37.0759 24.2803 -21.7832 37.621 24.2803 -21.6667 37.7943 24.2803 -20.7144 38.7564 24.2803 -20.7 38.7776 24.2803 -20.2471 39.5646 24.2803 -20.2073 39.6514 24.2803 -20.1725 39.7185 24.2803 -20.1446 39.8068 24.2803 -19.8919 40.6806 24.2803 -19.8734 40.7689 24.2803 -19.6711 41.6427 24.2803 -19.6298 42.6048 24.2803 -19.6484 42.6931 24.2803 -19.8216 43.6552 24.2803 -20.0538 44.529 24.2803 -20.1952 44.8205 24.2803 -20.2471 44.9081 24.2803 -20.2477 44.9089 24.2803 -20.6098 45.4911 24.2803 -21.1215 45.9434 24.2803 -21.2327 46.0317 24.2803 -21.8368 46.4532 24.2803 -22.1064 46.6319 24.2803 -22.1713 46.6764 24.2803 -22.2596 46.7111 24.2803 -23.1334 47.2168 24.2803 -23.1528 47.2259 24.2803 -23.7569 47.4153 24.2803 -24.0266 47.4949 24.2803 -24.0955 47.5252 24.2803 -24.1838 47.5392 24.2803 -25.0576 47.6493 24.2803 -26.0197 47.6179 24.2803 -26.9818 47.4591 24.2803 -27.0328 47.4408 24.2803 -27.0856 47.4153 24.2803 -27.1212 47.3968 24.2803 -27.9438 47.0892 24.2803 -28.0321 47.0442 24.2803 -28.9059 46.5029 24.2803 -28.9412 46.4781 24.2803 -28.9782 46.4532 24.2803 -29.0296 46.4169 24.2803 -29.868 45.8062 24.2803 -30.1461 45.5432 24.2803 -30.2127 45.4911 24.2803 -30.7061 44.6173 24.2803 -30.7278 44.5856 24.2803 -30.7558 44.529 24.2803 -30.9815 43.6552 24.2803 -30.9935 43.5669 24.2803 -31.1676 42.6048 24.2803 -31.1306 41.731 24.2803 -31.1307 41.6427 24.2803 -30.9284 40.7689 24.2803 -30.9124 40.6806 24.2803 -30.8841 40.5923 24.2803 -30.8433 40.4452 24.2803 -30.8301 40.4034 24.2803 -30.6295 39.7185 24.2803 -30.0793 38.7564 24.2803 -29.9182 38.5849 24.2803 -29.1317 37.7943 24.2803 -28.9569 37.5688 24.2803 -28.9059 37.5062 24.2803 -28.8888 37.4805 24.2803 -28.4446 36.8322 24.2803 -28.4617 36.8093 24.2803 -28.9059 36.2606 24.2803 -29.5285 35.9355 24.2803 -29.6157 35.8701 24.2803 -29.6169 35.8694 24.2803 -29.868 35.7777 24.2803 -29.9563 35.7251 24.2803 -30.8301 35.1372 24.2803 -30.9869 34.943 24.2803 -31.0223 34.908 24.2803 -30.8655 34.5979 24.2803 -30.8301 34.5147 24.2803 -30.827 34.5096 24.2803 -30.4159 33.9459 24.2803 -29.9532 33.5681 24.2803 -29.868 33.5065 24.2803 -29.8391 33.4798 24.2803 -29.1991 32.9838 24.2803 -28.9654 32.6752 24.2803 -28.9059 32.5904 24.2803 -28.9038 32.5869 24.2803 -28.0541 31.0596 24.2803 -28.0309 30.9713 24.2803 -27.9586 30.733 24.2803 -27.771 30.0975 24.2803 -27.8464 29.2941 24.2803 -27.8668 29.1354 24.2803 -27.9877 28.2616 24.2803 -27.9929 28.1733 24.2803 -28.1202 27.2112 24.2803 -28.3022 26.2491 24.2803 -28.5637 25.3753 24.2803 -28.5925 25.2892 24.2803 -28.5933 25.287 24.2803 -28.8812 24.4155 24.2803 -28.9157 24.3249 24.2803 -29.2012 23.4511 24.2803 -29.2218 23.3628 24.2803 -29.5094 22.489 24.2803 -29.542 22.4007 24.2803 -29.5422 22.4002 24.2803 -29.868 21.9096 24.2803 -29.9563 21.8385 24.2803 -30.8301 21.5239 24.2803 -31.7922 21.5667 24.2803 -32.0324 21.4592 24.2803 -32.1059 21.4386 24.2803 -32.1208 21.4316 24.2803 -32.7543 20.8404 24.2803 -32.9062 20.5578 24.2803 -32.9601 20.4765 24.2803 -33.2246 19.6028 24.2803 -33.2421 19.5145 24.2803 -33.4964 18.6407 24.2803 -33.5134 18.5878 24.2803 -33.5256 18.5524 24.2803 -33.7821 17.6786 24.2803 -33.8139 17.5903 24.2803 -34.0665 16.7165 24.2803 -34.0822 16.6282 24.2803 -34.3365 15.7544 24.2803 -34.3647 15.6685 24.2803 -34.3656 15.6661 24.2803 -34.6192 14.7947 24.2803 -34.6439 14.704 24.2803 -34.7893 13.7419 24.2803 -34.7576 13.6536 24.2803 -34.6834 13.4281 24.2803 -34.6785 13.4146 24.2803 -34.3967 12.7798 24.2803 -34.3558 12.6915 24.2803 -34.0153 11.8177 24.2803 -34.0503 11.8014 24.2803 -34.6785 11.6246 24.2803 -34.7668 11.6125 24.2803 -35.6406 11.4681 24.2803 -35.7289 11.4582 24.2803 -36.6027 11.3765 24.2803 -51.9963 11.1066 24.2803 -52.9584 11.1664 24.2803 
1
250
-52.9584 11.1666 25.1803 -51.9963 11.1067 25.1803 -38.5269 11.2771 25.1803 -37.5648 11.3294 25.1803 -36.6027 11.4004 25.1803 -35.6406 11.5081 25.1803 -34.7047 11.6364 25.1803 -34.6785 11.6385 25.1803 -34.3076 11.811 25.1803 -34.2943 11.8177 25.1803 -34.6652 12.5685 25.1803 -34.6785 12.5943 25.1803 -34.6786 12.5948 25.1803 -34.7311 12.7798 25.1803 -35.0756 13.7419 25.1803 -35.0727 13.7681 25.1803 -34.931 14.704 25.1803 -34.926 14.7302 25.1803 -34.6888 15.6661 25.1803 -34.687 15.6723 25.1803 -34.3728 16.6282 25.1803 -34.3717 16.6544 25.1803 -34.205 17.5903 25.1803 -34.1984 17.6165 25.1803 -33.8618 18.5524 25.1803 -33.8499 18.5715 25.1803 -33.7164 18.9461 25.1803 -33.5361 19.5073 25.1803 -33.532 19.5145 25.1803 -33.5283 19.5407 25.1803 -33.343 20.4765 25.1803 -33.3351 20.5027 25.1803 -32.7543 21.3761 25.1803 -32.6224 21.4386 25.1803 -31.8184 21.6639 25.1803 -31.7922 21.6641 25.1803 -30.8563 21.6243 25.1803 -30.8301 21.6294 25.1803 -29.8942 22.382 25.1803 -29.8867 22.3908 25.1803 -29.877 22.4007 25.1803 -29.868 22.4118 25.1803 -29.8652 22.4163 25.1803 -29.8579 22.4269 25.1803 -29.5132 23.3628 25.1803 -29.5056 23.389 25.1803 -29.2878 24.3249 25.1803 -29.2883 24.3511 25.1803 -28.9278 25.287 25.1803 -28.9158 25.3036 25.1803 -28.9059 25.3268 25.1803 -28.6005 26.2395 25.1803 -28.5943 26.2491 25.1803 -28.5859 26.2753 25.1803 -28.4079 27.2112 25.1803 -28.2809 28.1733 25.1803 -28.2784 28.1995 25.1803 -28.2238 29.1354 25.1803 -28.2338 29.1616 25.1803 -28.1162 30.0975 25.1803 -28.1099 30.1237 25.1803 -28.3548 31.0596 25.1803 -28.3699 31.0858 25.1803 -28.8822 32.0217 25.1803 -28.9059 32.0618 25.1803 -28.925 32.0857 25.1803 -29.5551 32.9838 25.1803 -29.8609 33.2668 25.1803 -29.868 33.2721 25.1803 -29.8942 33.2926 25.1803 -30.7977 33.9459 25.1803 -30.8301 33.9989 25.1803 -30.8305 33.9998 25.1803 -31.2053 34.8818 25.1803 -31.2156 34.908 25.1803 -31.205 34.919 25.1803 -30.8301 35.2902 25.1803 -29.8942 35.8478 25.1803 -29.8552 35.869 25.1803 -29.8531 35.8701 25.1803 -29.8289 35.8944 25.1803 -28.9059 36.5876 25.1803 -28.725 36.8303 25.1803 -28.724 36.8322 25.1803 -28.9049 37.1045 25.1803 -28.9059 37.1061 25.1803 -28.9246 37.1307 25.1803 -29.4645 37.7943 25.1803 -30.4185 38.7564 25.1803 -30.8224 39.43 25.1803 -30.8301 39.4382 25.1803 -30.8446 39.4563 25.1803 -30.9846 39.7185 25.1803 -30.9843 39.7447 25.1803 -31.284 40.6806 25.1803 -31.2882 40.7068 25.1803 -31.4582 41.6427 25.1803 -31.458 42.6048 25.1803 -31.4511 42.631 25.1803 -31.2819 43.5669 25.1803 -31.2835 43.5931 25.1803 -31.1563 44.529 25.1803 -31.1497 44.5552 25.1803 -31.1327 44.5858 25.1803 -30.8301 45.1659 25.1803 -30.6075 45.4911 25.1803 -30.6 45.4961 25.1803 -29.8942 46.0478 25.1803 -29.868 46.0581 25.1803 -29.3242 46.4424 25.1803 -29.3113 46.4532 25.1803 -29.298 46.4624 25.1803 -28.9059 46.7257 25.1803 -27.97 47.2021 25.1803 -27.9438 47.2144 25.1803 -27.5578 47.4153 25.1803 -27.5406 47.4229 25.1803 -26.9818 47.6926 25.1803 -26.0459 47.8528 25.1803 -26.0197 47.8565 25.1803 -25.0838 47.8956 25.1803 -25.0576 47.8961 25.1803 -24.1217 47.7476 25.1803 -24.0955 47.7443 25.1803 -24.0693 47.7414 25.1803 -23.3269 47.4153 25.1803 -23.1334 47.3244 25.1803 -23.1232 47.3185 25.1803 -23.1072 47.3072 25.1803 -22.1451 46.9298 25.1803 -21.4501 46.4532 25.1803 -21.2092 46.2619 25.1803 -21.2008 46.2558 25.1803 -20.2536 45.5029 25.1803 -20.2471 45.4972 25.1803 -20.2413 45.4911 25.1803 -20.2359 45.4832 25.1803 -19.6864 44.5552 25.1803 -19.679 44.529 25.1803 -19.5189 43.5931 25.1803 -19.5164 43.5669 25.1803 -19.3141 42.6048 25.1803 -19.3147 42.576 25.1803 -19.3601 41.6427 25.1803 -19.3603 41.6417 25.1803 -19.366 41.6165 25.1803 -19.5618 40.6806 25.1803 -19.8581 39.7447 25.1803 -19.8692 39.7185 25.1803 -19.8786 39.6981 25.1803 -20.2471 38.9869 25.1803 -20.4 38.7622 25.1803 -20.4034 38.7564 25.1803 -20.4263 38.7307 25.1803 -21.3539 37.7949 25.1803 -21.3545 37.7943 25.1803 -21.9771 36.8584 25.1803 -21.994 36.8322 25.1803 -21.2267 36.0237 25.1803 -21.2092 36.0039 25.1803 -21.1983 35.9974 25.1803 -21.0044 35.8701 25.1803 -20.2624 35.442 25.1803 -20.2471 35.4365 25.1803 -20.2209 35.4196 25.1803 -20.2012 35.4051 25.1803 -19.4999 34.908 25.1803 -19.5045 34.8924 25.1803 -19.5075 34.8818 25.1803 -19.9341 33.9459 25.1803 -19.9574 33.93 25.1803 -20.2471 33.647 25.1803 -21.183 33.0338 25.1803 -21.2092 33.0228 25.1803 -21.2498 32.9838 25.1803 -21.2572 32.9576 25.1803 -21.8518 32.0217 25.1803 -21.8713 31.9969 25.1803 -22.1713 31.447 25.1803 -22.3742 31.061 25.1803 -22.3754 31.0596 25.1803 -22.6969 30.1237 25.1803 -22.7119 30.0975 25.1803 -22.6489 29.1616 25.1803 -22.6467 29.1354 25.1803 -22.5085 28.1995 25.1803 -22.4994 28.1733 25.1803 -22.353 27.2374 25.1803 -22.3512 27.2112 25.1803 -22.1847 26.2753 25.1803 -22.1823 26.2491 25.1803 -22.1718 26.21 25.1803 -22.1713 26.2072 25.1803 -22.166 26.1838 25.1803 -21.9236 25.287 25.1803 -21.6124 24.3511 25.1803 -21.5977 24.3249 25.1803 -21.2533 23.389 25.1803 -21.2474 23.3628 25.1803 -21.2096 23.2394 25.1803 -21.2092 23.2374 25.1803 -21.2029 23.2131 25.1803 -20.942 22.4007 25.1803 -20.2671 21.6971 25.1803 -20.2471 21.6814 25.1803 -19.3112 21.6793 25.1803 -19.285 21.6759 25.1803 -18.3491 21.4815 25.1803 -18.3229 21.4741 25.1803 -18.2657 21.4386 25.1803 -18.2419 21.4124 25.1803 -17.5468 20.4765 25.1803 -17.3637 19.9397 25.1803 -17.3608 19.9348 25.1803 -17.3468 19.9134 25.1803 -17.1885 19.5145 25.1803 -16.8626 18.5786 25.1803 -16.8578 18.5524 25.1803 -16.7078 17.6165 25.1803 -16.706 17.5903 25.1803 -16.3987 16.6814 25.1803 -16.3957 16.6711 25.1803 -16.3809 16.6282 25.1803 -16.1325 15.6923 25.1803 -15.7753 14.7302 25.1803 -15.7649 14.704 25.1803 -15.728 13.7681 25.1803 -15.73 13.7419 25.1803 -16.024 12.806 25.1803 -16.0231 12.7798 25.1803 -16.2667 11.8439 25.1803 -16.2796 11.8177 25.1803 -15.4534 11.5591 25.1803 -15.4366 11.5513 25.1803 -14.4745 11.4252 25.1803 -13.5124 11.3469 25.1803 -1.00513 11.1147 25.1803 -0.043031 11.1743 25.1803 0.686155 11.8177 25.1803 0.889019 12.7798 25.1803 0.904601 52.2258 25.1803 0.696578 53.1879 25.1803 -0.043031 53.8431 25.1803 -1.00513 53.9032 25.1803 -51.9963 53.9073 25.1803 -52.9584 53.8471 25.1803 -53.7004 53.1879 25.1803 -53.9085 52.2258 25.1803 -53.8962 12.7798 25.1803 -53.6933 11.8177 25.1803 
1
250
-52.9584 11.1665 26.0803 -51.9963 11.1067 26.0803 -38.5269 11.2747 26.0803 -37.5648 11.3248 26.0803 -36.6027 11.3922 26.0803 -35.6406 11.494 26.0803 -35.6047 11.4989 26.0803 -34.6785 11.5744 26.0803 -34.6643 11.581 26.0803 -34.1952 11.8177 26.0803 -34.2094 11.8465 26.0803 -34.6785 12.7562 26.0803 -34.6838 12.7727 26.0803 -34.6858 12.7798 26.0803 -35.0392 13.7419 26.0803 -34.934 14.6681 26.0803 -34.9286 14.704 26.0803 -34.7523 15.6302 26.0803 -34.7432 15.6661 26.0803 -34.6788 15.8867 26.0803 -34.43 16.6282 26.0803 -34.3924 17.5544 26.0803 -34.386 17.5903 26.0803 -34.1555 18.5165 26.0803 -34.1426 18.5524 26.0803 -33.7215 19.2261 26.0803 -33.7164 19.2405 26.0803 -33.7095 19.262 26.0803 -33.5669 19.5145 26.0803 -33.4347 20.4406 26.0803 -33.4276 20.4765 26.0803 -33.1501 21.4027 26.0803 -33.1257 21.4386 26.0803 -32.7543 21.6854 26.0803 -32.7184 21.6954 26.0803 -31.7922 21.7012 26.0803 -31.7563 21.6997 26.0803 -30.8301 21.8788 26.0803 -30.7942 21.9076 26.0803 -30.794 21.9079 26.0803 -30.312 22.4007 26.0803 -29.868 22.9516 26.0803 -29.8679 22.9518 26.0803 -29.6116 23.3269 26.0803 -29.5984 23.3628 26.0803 -29.3321 24.289 26.0803 -29.3238 24.3249 26.0803 -29.3415 25.2511 26.0803 -29.3277 25.287 26.0803 -28.9063 25.8733 26.0803 -28.9059 25.8742 26.0803 -28.8942 25.9092 26.0803 -28.6784 26.2491 26.0803 -28.3788 27.1753 26.0803 -28.3719 27.2112 26.0803 -28.2547 28.1733 26.0803 -28.1668 29.0995 26.0803 -28.1648 29.1354 26.0803 -28.5188 30.0616 26.0803 -28.5143 30.0975 26.0803 -28.2931 31.0237 26.0803 -28.3025 31.0596 26.0803 -28.8368 31.9858 26.0803 -28.8564 32.0217 26.0803 -28.9059 32.1075 26.0803 -29.5814 32.9494 26.0803 -29.6056 32.9838 26.0803 -29.6173 32.9946 26.0803 -29.868 33.1821 26.0803 -30.7942 33.9058 26.0803 -30.8301 33.9317 26.0803 -30.8417 33.9459 26.0803 -30.8425 33.948 26.0803 -30.8569 33.9818 26.0803 -31.2195 34.908 26.0803 -30.8445 35.2971 26.0803 -30.8301 35.3114 26.0803 -30.7942 35.3327 26.0803 -29.8675 35.8314 26.0803 -29.7947 35.8701 26.0803 -28.9413 36.7293 26.0803 -28.9059 36.7559 26.0803 -28.899 36.7652 26.0803 -28.8642 36.8322 26.0803 -28.8711 36.8426 26.0803 -28.9059 36.9018 26.0803 -29.5657 37.7689 26.0803 -29.5863 37.7943 26.0803 -30.5436 38.7564 26.0803 -30.5591 38.7822 26.0803 -30.8301 39.0707 26.0803 -31.3433 39.7085 26.0803 -31.3487 39.7185 26.0803 -31.3388 40.6447 26.0803 -31.3503 40.6806 26.0803 -31.4966 41.6068 26.0803 -31.5031 41.6427 26.0803 -31.5136 42.6048 26.0803 -31.2699 43.531 26.0803 -31.2634 43.5669 26.0803 -31.3197 44.4931 26.0803 -31.3148 44.529 26.0803 -31.0809 45.4552 26.0803 -31.061 45.4911 26.0803 -30.8301 45.6628 26.0803 -30.8213 45.6687 26.0803 -30.7942 45.6899 26.0803 -29.868 46.0564 26.0803 -29.8472 46.0711 26.0803 -29.3909 46.4532 26.0803 -28.9209 46.779 26.0803 -28.9059 46.7891 26.0803 -28.87 46.8073 26.0803 -27.9438 47.2416 26.0803 -27.6092 47.4153 26.0803 -27.0032 47.6824 26.0803 -26.9818 47.6927 26.0803 -26.9459 47.6988 26.0803 -26.0197 47.8299 26.0803 -25.9838 47.8314 26.0803 -25.0576 47.8475 26.0803 -25.0217 47.8418 26.0803 -24.0955 47.7224 26.0803 -23.1693 47.6215 26.0803 -23.1334 47.6057 26.0803 -22.7808 47.4153 26.0803 -22.7744 47.4116 26.0803 -22.2072 47.0134 26.0803 -21.2451 46.649 26.0803 -21.2092 46.6247 26.0803 -20.9247 46.4532 26.0803 -20.9144 46.4456 26.0803 -20.2473 45.9079 26.0803 -20.2471 45.9076 26.0803 -19.8522 45.4911 26.0803 -19.852 45.4908 26.0803 -19.8309 45.4552 26.0803 -19.5694 44.529 26.0803 -19.5632 44.4931 26.0803 -19.4768 43.5669 26.0803 -19.285 42.7159 26.0803 -19.2623 42.6048 26.0803 -19.2807 41.6427 26.0803 -19.2879 41.6076 26.0803 -19.4884 40.7165 26.0803 -19.4959 40.6806 26.0803 -19.5073 40.6447 26.0803 -19.9011 39.7185 26.0803 -20.233 38.9969 26.0803 -20.2471 38.9697 26.0803 -20.253 38.9611 26.0803 -20.372 38.7564 26.0803 -21.1792 37.8499 26.0803 -21.2147 37.814 26.0803 -21.2335 37.7943 26.0803 -21.2574 37.7584 26.0803 -21.8548 36.8322 26.0803 -21.8254 36.8012 26.0803 -21.2092 36.1031 26.0803 -20.8231 35.875 26.0803 -20.8157 35.8701 26.0803 -20.7873 35.8537 26.0803 -20.2471 35.6585 26.0803 -19.3209 35.0614 26.0803 -19.285 35.035 26.0803 -19.1882 34.908 26.0803 -19.285 34.3875 26.0803 -19.2934 34.3591 26.0803 -19.3973 33.9818 26.0803 -19.4136 33.9459 26.0803 -20.236 33.3855 26.0803 -20.2471 33.3746 26.0803 -20.283 33.3512 26.0803 -21.1687 32.9838 26.0803 -21.2092 32.9147 26.0803 -21.4489 32.0576 26.0803 -21.4716 32.0217 26.0803 -22.1598 31.1465 26.0803 -22.1713 31.1254 26.0803 -22.1791 31.1106 26.0803 -22.2198 31.0596 26.0803 -22.2321 31.0237 26.0803 -22.761 30.0975 26.0803 -22.7586 30.0616 26.0803 -22.6808 29.1354 26.0803 -22.6755 29.0995 26.0803 -22.3566 28.1733 26.0803 -22.351 28.1374 26.0803 -22.2853 27.2112 26.0803 -22.2789 27.1753 26.0803 -22.1909 26.2491 26.0803 -22.1905 26.2476 26.0803 -22.1713 26.1482 26.0803 -21.9851 25.3214 26.0803 -21.9758 25.287 26.0803 -21.9639 25.2511 26.0803 -21.4447 24.3249 26.0803 -21.4315 24.289 26.0803 -21.224 23.3628 26.0803 -21.2226 23.3581 26.0803 -21.2092 23.2877 26.0803 -20.9883 22.4318 26.0803 -20.9783 22.4007 26.0803 -20.9524 22.3737 26.0803 -20.2471 21.8182 26.0803 -20.2112 21.8182 26.0803 -19.285 21.6982 26.0803 -19.2491 21.6908 26.0803 -18.3557 21.4386 26.0803 -18.3229 21.4268 26.0803 -17.4978 20.5124 26.0803 -17.4711 20.4765 26.0803 -17.4641 20.4559 26.0803 -17.3608 20.284 26.0803 -16.8656 19.5298 26.0803 -16.8595 19.5145 26.0803 -16.847 19.4786 26.0803 -16.6768 18.5524 26.0803 -16.6711 18.5165 26.0803 -16.6076 17.5903 26.0803 -16.3987 16.9942 26.0803 -16.2918 16.6298 26.0803 -16.2913 16.6282 26.0803 -16.2818 16.5923 26.0803 -15.9105 15.6302 26.0803 -15.5437 14.704 26.0803 -15.5423 14.6681 26.0803 -15.6139 13.7419 26.0803 -15.6252 13.706 26.0803 -15.5938 12.7798 26.0803 -15.6031 12.7439 26.0803 -16.0601 11.8177 26.0803 -16.0285 11.8078 26.0803 -15.4366 11.532 26.0803 -14.4745 11.4148 26.0803 -13.5124 11.3409 26.0803 -1.00513 11.1147 26.0803 -0.043031 11.1742 26.0803 0.686203 11.8177 26.0803 0.889067 12.7798 26.0803 0.90462 52.2258 26.0803 0.696596 53.1879 26.0803 -0.043031 53.8431 26.0803 -1.00513 53.9032 26.0803 -51.9963 53.9073 26.0803 -52.9584 53.8471 26.0803 -53.7004 53.1879 26.0803 -53.9085 52.2258 26.0803 -53.8963 12.7798 26.0803 -53.6933 11.8177 26.0803 
1
235
-53.8964 12.7798 26.9803 -53.9086 52.2258 26.9803 -53.7005 53.1879 26.9803 -52.9584 53.8472 26.9803 -51.9963 53.9074 26.9803 -1.00513 53.9033 26.9803 -0.043031 53.8433 26.9803 0.696693 53.1879 26.9803 0.90472 52.2258 26.9803 0.889312 12.7798 26.9803 0.686447 11.8177 26.9803 -0.043031 11.1739 26.9803 -1.00513 11.1144 26.9803 -14.4745 11.3844 26.9803 -15.3386 11.4688 26.9803 -15.4366 11.4807 26.9803 -16.1599 11.8177 26.9803 -15.7015 12.6818 26.9803 -15.6531 12.7798 26.9803 -15.4822 13.6439 26.9803 -15.5198 14.606 26.9803 -15.5123 14.704 26.9803 -15.9879 15.5681 26.9803 -16.3987 16.613 26.9803 -16.4144 16.6667 26.9803 -16.4353 16.7262 26.9803 -16.5462 18.5524 26.9803 -16.9166 19.4165 26.9803 -16.9346 19.5145 26.9803 -16.987 19.5943 26.9803 -17.3608 20.2784 26.9803 -17.4365 20.4583 26.9803 -17.4474 20.4765 26.9803 -17.8813 21.3406 26.9803 -17.9683 21.4372 26.9803 -17.9701 21.4386 26.9803 -18.3229 21.6568 26.9803 -18.4209 21.6845 26.9803 -19.285 21.7029 26.9803 -20.1491 21.9334 26.9803 -20.2471 21.9461 26.9803 -20.6604 22.342 26.9803 -20.7349 22.4007 26.9803 -20.7583 22.4912 26.9803 -21.2092 23.0753 26.9803 -21.3578 23.3554 26.9803 -21.3593 23.3628 26.9803 -21.4316 24.2269 26.9803 -21.4535 24.3249 26.9803 -21.6731 25.189 26.9803 -21.728 25.287 26.9803 -21.7477 25.3745 26.9803 -22.1713 25.9585 26.9803 -22.3363 26.2386 26.9803 -22.3383 26.2491 26.9803 -22.3924 27.1132 26.9803 -22.4017 27.2112 26.9803 -22.4301 28.0753 26.9803 -22.437 28.1733 26.9803 -22.4622 29.0374 26.9803 -22.4959 29.1354 26.9803 -22.5101 29.9995 26.9803 -22.5183 30.0975 26.9803 -22.3519 30.9616 26.9803 -22.296 31.0596 26.9803 -21.5342 32.0217 26.9803 -21.2652 32.9838 26.9803 -21.2092 33.0525 26.9803 -21.2046 33.0549 26.9803 -21.1112 33.0936 26.9803 -20.2471 33.4258 26.9803 -19.4836 33.9459 26.9803 -19.319 34.81 26.9803 -19.2935 34.908 26.9803 -19.308 34.9222 26.9803 -20.1491 35.5501 26.9803 -20.2471 35.6132 26.9803 -20.9356 35.8495 26.9803 -20.9927 35.8701 26.9803 -21.0335 35.8942 26.9803 -21.2092 36.0799 26.9803 -21.4377 36.7584 26.9803 -21.5029 36.8322 26.9803 -21.3845 37.6963 26.9803 -21.2112 37.9637 26.9803 -21.2092 37.9658 26.9803 -20.5026 38.7564 26.9803 -20.2597 39.0093 26.9803 -20.2471 39.031 26.9803 -20.212 39.1073 26.9803 -19.7041 39.7185 26.9803 -19.5088 40.5826 26.9803 -19.4672 40.6806 26.9803 -19.4183 41.5447 26.9803 -19.3963 41.6427 26.9803 -19.3844 42.6048 26.9803 -19.3869 42.6171 26.9803 -19.4062 42.7028 26.9803 -19.4913 44.431 26.9803 -19.5004 44.529 26.9803 -19.8742 45.3931 26.9803 -19.9018 45.4911 26.9803 -20.2471 45.8593 26.9803 -20.9983 46.4532 26.9803 -21.0295 46.472 26.9803 -21.2092 46.5756 26.9803 -22.0733 46.8686 26.9803 -22.1713 46.9057 26.9803 -22.778 47.3732 26.9803 -22.838 47.4153 26.9803 -22.876 47.4358 26.9803 -23.1334 47.581 26.9803 -23.9975 47.6491 26.9803 -24.0955 47.6598 26.9803 -24.9596 47.6993 26.9803 -25.0576 47.712 26.9803 -26.0197 47.7009 26.9803 -26.8838 47.659 26.9803 -26.9818 47.6452 26.9803 -27.8458 47.5731 26.9803 -27.9438 47.53 26.9803 -28.1282 47.4153 26.9803 -28.7091 46.9119 26.9803 -28.8079 46.8294 26.9803 -28.9059 46.7834 26.9803 -28.9556 46.749 26.9803 -29.8197 45.9697 26.9803 -29.868 45.9293 26.9803 -30.7321 45.6405 26.9803 -30.8301 45.6018 26.9803 -30.8554 45.583 26.9803 -30.986 45.4911 26.9803 -31.0107 45.3931 26.9803 -31.4541 44.529 26.9803 -31.4482 44.431 26.9803 -31.4911 43.5669 26.9803 -31.5169 43.4689 26.9803 -31.548 42.6048 26.9803 -31.5381 41.6427 26.9803 -31.5227 41.5447 26.9803 -31.4828 40.6806 26.9803 -31.4838 40.5826 26.9803 -31.2895 39.7185 26.9803 -31.2353 39.6511 26.9803 -30.8301 39.1698 26.9803 -30.434 38.7564 26.9803 -29.4831 37.7943 26.9803 -29.4134 37.7026 26.9803 -28.9059 36.9212 26.9803 -28.8551 36.8322 26.9803 -28.9022 36.7793 26.9803 -28.9059 36.7722 26.9803 -28.9962 36.6813 26.9803 -29.8356 35.8701 26.9803 -29.8603 35.8498 26.9803 -29.868 35.8457 26.9803 -30.7321 35.5738 26.9803 -30.8301 35.5211 26.9803 -30.8698 35.48 26.9803 -31.5362 34.908 26.9803 -31.4979 34.81 26.9803 -30.8301 34.0483 26.9803 -30.7248 33.9459 26.9803 -30.7229 33.9443 26.9803 -29.966 33.2618 26.9803 -29.868 33.1852 26.9803 -29.6842 33.0036 26.9803 -29.6577 32.9838 26.9803 -29.5863 32.8948 26.9803 -28.9059 32.1961 26.9803 -28.7762 32.0306 26.9803 -28.7146 31.9237 26.9803 -28.5234 31.0596 26.9803 -28.5468 30.9616 26.9803 -28.4796 30.0975 26.9803 -28.4422 29.9995 26.9803 -28.4538 29.1354 26.9803 -28.4631 29.0374 26.9803 -28.4844 28.1733 26.9803 -28.4963 28.0753 26.9803 -28.52 27.2112 26.9803 -28.5516 27.1132 26.9803 -28.5973 26.2491 26.9803 -28.9059 25.7572 26.9803 -28.9505 25.6952 26.9803 -29.2691 25.287 26.9803 -29.2672 25.189 26.9803 -29.4864 24.3249 26.9803 -29.5146 24.2269 26.9803 -29.5748 23.3628 26.9803 -29.8409 22.8927 26.9803 -29.868 22.853 26.9803 -29.915 22.7947 26.9803 -30.2553 22.4007 26.9803 -30.7791 21.9287 26.9803 -30.8301 21.8766 26.9803 -31.6942 21.7255 26.9803 -31.7922 21.7066 26.9803 -32.6563 21.6469 26.9803 -32.7543 21.6463 26.9803 -33.0642 21.4386 26.9803 -33.0936 21.3406 26.9803 -33.5046 20.4765 26.9803 -33.5185 20.3785 26.9803 -33.5733 19.5145 26.9803 -33.7013 19.2057 26.9803 -33.7164 19.179 26.9803 -33.7609 19.1077 26.9803 -34.0562 18.5524 26.9803 -34.0805 18.4544 26.9803 -34.4736 17.5903 26.9803 -34.4776 17.4923 26.9803 -34.5873 15.7641 26.9803 -34.6191 15.6661 26.9803 -34.6853 15.443 26.9803 -34.9325 14.802 26.9803 -34.9511 14.704 26.9803 -34.9623 14.606 26.9803 -35.3025 13.7419 26.9803 -35.2665 13.6439 26.9803 -34.6785 12.9176 26.9803 -34.5457 12.7798 26.9803 -34.545 12.778 26.9803 -34.4954 12.6818 26.9803 -34.1132 11.8177 26.9803 -34.6289 11.61 26.9803 -34.6785 11.5849 26.9803 -35.5426 11.4573 26.9803 -36.5047 11.3747 26.9803 -36.6027 11.3643 26.9803 -37.5648 11.3056 26.9803 -38.5269 11.2621 26.9803 -51.9963 11.1064 26.9803 -52.9584 11.1663 26.9803 -53.6935 11.8177 26.9803 
1
200
-53.6938 11.8177 27.8803 -52.9584 11.166 27.8803 -51.9963 11.1061 27.8803 -38.5269 11.2487 27.8803 -37.5648 11.2872 27.8803 -36.6027 11.3393 27.8803 -35.6406 11.4117 27.8803 -35.4805 11.4353 27.8803 -34.6785 11.5273 27.8803 -33.9468 11.8177 27.8803 -34.3693 12.6197 27.8803 -34.4401 12.7798 27.8803 -34.6785 13.0215 27.8803 -35.1703 13.6075 27.8803 -35.2791 13.7419 27.8803 -34.9364 14.5439 27.8803 -34.8734 14.704 27.8803 -34.7243 15.0613 27.8803 -34.6785 15.18 27.8803 -34.5277 15.6661 27.8803 -34.4877 16.4681 27.8803 -34.4764 16.6282 27.8803 -34.4439 17.4302 27.8803 -34.4348 17.5903 27.8803 -34.0522 18.3923 27.8803 -33.9794 18.5524 27.8803 -33.7711 18.9186 27.8803 -33.7164 19.0215 27.8803 -33.6927 19.0787 27.8803 -33.5044 19.5145 27.8803 -33.4679 20.3165 27.8803 -33.4577 20.4765 27.8803 -33.0586 21.2785 27.8803 -32.9824 21.4386 27.8803 -32.7543 21.5904 27.8803 -32.5942 21.6015 27.8803 -31.7922 21.711 27.8803 -30.8301 21.8767 27.8803 -30.7331 21.9641 27.8803 -30.1914 22.4007 27.8803 -29.931 22.6636 27.8803 -29.868 22.7366 27.8803 -29.8187 22.8237 27.8803 -29.5032 23.3628 27.8803 -29.4628 24.1648 27.8803 -29.4517 24.3249 27.8803 -29.2077 25.287 27.8803 -28.9649 25.5783 27.8803 -28.9059 25.6539 27.8803 -28.853 25.7383 27.8803 -28.5144 26.2491 27.8803 -28.4745 27.2112 27.8803 -28.4359 29.1354 27.8803 -28.4264 30.0975 27.8803 -28.4771 30.8995 27.8803 -28.4895 31.0596 27.8803 -28.6473 31.8616 27.8803 -28.6827 32.0217 27.8803 -28.7067 32.0523 27.8803 -28.9059 32.2944 27.8803 -29.4724 32.8544 27.8803 -29.5984 32.9838 27.8803 -29.868 33.2467 27.8803 -30.6275 33.9459 27.8803 -30.8301 34.1457 27.8803 -31.3554 34.7672 27.8803 -31.4788 34.908 27.8803 -30.9535 35.3891 27.8803 -30.8301 35.495 27.8803 -29.868 35.7971 27.8803 -29.7805 35.8701 27.8803 -28.9059 36.703 27.8803 -28.8972 36.7128 27.8803 -28.7867 36.8322 27.8803 -28.9059 37.0354 27.8803 -29.3993 37.7943 27.8803 -30.8301 39.2605 27.8803 -31.1522 39.6294 27.8803 -31.2273 39.7185 27.8803 -31.4455 40.6806 27.8803 -31.4799 41.6427 27.8803 -31.4874 42.6048 27.8803 -31.433 44.3689 27.8803 -31.425 44.529 27.8803 -30.9757 45.331 27.8803 -30.8936 45.4911 27.8803 -30.8543 45.5173 27.8803 -30.8301 45.5343 27.8803 -30.67 45.5878 27.8803 -29.868 45.8305 27.8803 -29.768 45.92 27.8803 -28.9059 46.7182 27.8803 -28.7844 46.8235 27.8803 -28.1222 47.4153 27.8803 -27.9438 47.528 27.8803 -27.7838 47.5413 27.8803 -26.9818 47.5684 27.8803 -26.8217 47.5762 27.8803 -26.0197 47.6035 27.8803 -25.0576 47.6118 27.8803 -24.0955 47.5785 27.8803 -23.9354 47.5659 27.8803 -23.1334 47.5406 27.8803 -22.9133 47.4153 27.8803 -22.8009 47.3287 27.8803 -22.1713 46.8271 27.8803 -22.0112 46.7728 27.8803 -21.2092 46.5223 27.8803 -21.0866 46.4532 27.8803 -20.2471 45.7996 27.8803 -19.9589 45.4911 27.8803 -19.5472 44.529 27.8803 -19.5384 44.3689 27.8803 -19.4749 42.6048 27.8803 -19.4836 41.6427 27.8803 -19.4926 41.4826 27.8803 -19.5241 40.6806 27.8803 -19.7418 39.7185 27.8803 -20.153 39.2447 27.8803 -20.2471 39.1315 27.8803 -20.6106 38.7564 27.8803 -21.2092 38.0937 27.8803 -21.4072 37.7943 27.8803 -21.4292 37.6342 27.8803 -21.5022 36.8322 27.8803 -21.2092 35.9287 27.8803 -21.1533 35.8701 27.8803 -20.2471 35.5666 27.8803 -19.5837 35.0243 27.8803 -19.4279 34.908 27.8803 -19.4584 34.7479 27.8803 -19.564 33.9459 27.8803 -20.2471 33.478 27.8803 -21.0491 33.1915 27.8803 -21.2092 33.13 27.8803 -21.3276 32.9838 27.8803 -21.594 32.0217 27.8803 -22.1936 31.2696 27.8803 -22.3651 31.0596 27.8803 -22.546 30.0975 27.8803 -22.5347 29.1354 27.8803 -22.4896 27.2112 27.8803 -22.4795 27.0511 27.8803 -22.4434 26.2491 27.8803 -22.4129 26.1972 27.8803 -22.1713 25.8153 27.8803 -21.8378 25.3952 27.8803 -21.7593 25.287 27.8803 -21.5173 24.3249 27.8803 -21.5039 24.1648 27.8803 -21.4568 23.3628 27.8803 -21.4293 23.3109 27.8803 -21.2092 22.913 27.8803 -20.8517 22.5089 27.8803 -20.7681 22.4007 27.8803 -20.6916 22.3274 27.8803 -20.2471 21.9487 27.8803 -20.087 21.906 27.8803 -19.285 21.7081 27.8803 -19.1249 21.7047 27.8803 -18.3229 21.6327 27.8803 -18.0079 21.4386 27.8803 -17.9275 21.2785 27.8803 -17.51 20.4765 27.8803 -17.496 20.4432 27.8803 -17.3608 20.1346 27.8803 -17.0739 19.6412 27.8803 -17.0046 19.5145 27.8803 -16.936 19.3544 27.8803 -16.5758 18.5524 27.8803 -16.567 18.3923 27.8803 -16.5363 17.5903 27.8803 -16.5257 17.4302 27.8803 -16.4881 16.6282 27.8803 -16.4852 16.6185 27.8803 -16.3987 16.3455 27.8803 -16.172 15.8165 27.8803 -16.1122 15.6661 27.8803 -16.0241 15.506 27.8803 -15.5597 14.704 27.8803 -15.5294 13.7419 27.8803 -15.7164 12.7798 27.8803 -15.8013 12.6197 27.8803 -16.2483 11.8177 27.8803 -15.4366 11.4381 27.8803 -15.2765 11.4224 27.8803 -14.4745 11.3571 27.8803 -1.00513 11.1139 27.8803 -0.043031 11.1735 27.8803 0.686874 11.8177 27.8803 0.889744 12.7798 27.8803 0.904897 52.2258 27.8803 0.696864 53.1879 27.8803 -0.043031 53.8435 27.8803 -1.00513 53.9035 27.8803 -51.9963 53.9076 27.8803 -52.9584 53.8473 27.8803 -53.7006 53.1879 27.8803 -53.9088 52.2258 27.8803 -53.8967 12.7798 27.8803 
1
169
-37.5648 11.2708 28.7803 -36.6027 11.3172 28.7803 -35.6406 11.3804 28.7803 -35.4184 11.4058 28.7803 -34.6785 11.4746 28.7803 -33.8079 11.8177 28.7803 -34.2403 12.5576 28.7803 -34.3574 12.7798 28.7803 -34.6785 13.1054 28.7803 -35.0896 13.5796 28.7803 -35.2258 13.7419 28.7803 -34.7198 14.8933 28.7803 -34.6785 14.9923 28.7803 -34.4618 15.6661 28.7803 -34.4232 16.6282 28.7803 -34.3912 17.5903 28.7803 -33.9208 18.5524 28.7803 -33.7741 18.7987 28.7803 -33.7164 18.9001 28.7803 -33.4444 19.5145 28.7803 -33.4088 20.4765 28.7803 -33.0083 21.2164 28.7803 -32.8978 21.4386 28.7803 -32.8036 21.4987 28.7803 -32.7543 21.5314 28.7803 -32.5321 21.5618 28.7803 -31.57 21.7199 28.7803 -30.8301 21.8805 28.7803 -30.6801 22.0014 28.7803 -30.1372 22.4007 28.7803 -29.9401 22.5793 28.7803 -29.868 22.6521 28.7803 -29.4437 23.3628 28.7803 -29.4043 24.3249 28.7803 -29.1522 25.287 28.7803 -28.9732 25.4887 28.7803 -28.9059 25.5693 28.7803 -28.8121 25.7108 28.7803 -28.439 26.2491 28.7803 -28.4071 27.2112 28.7803 -28.3724 30.0975 28.7803 -28.426 31.0596 28.7803 -28.5583 31.7995 28.7803 -28.602 32.0217 28.7803 -28.6572 32.0888 28.7803 -28.9059 32.3789 28.7803 -29.3775 32.8287 28.7803 -30.5541 33.9459 28.7803 -30.8301 34.2202 28.7803 -31.4008 34.908 28.7803 -30.9756 35.3151 28.7803 -30.8301 35.4483 28.7803 -29.868 35.7535 28.7803 -29.7282 35.8701 28.7803 -28.9059 36.6347 28.7803 -28.8753 36.6678 28.7803 -28.7176 36.8322 28.7803 -28.9059 37.1453 28.7803 -29.3315 37.7943 28.7803 -29.868 38.33 28.7803 -30.8301 39.3286 28.7803 -31.176 39.7185 28.7803 -31.3989 40.6806 28.7803 -31.4254 41.6427 28.7803 -31.4314 42.6048 28.7803 -31.3834 44.529 28.7803 -31.2589 44.7512 28.7803 -30.841 45.456 28.7803 -30.8301 45.468 28.7803 -30.7657 45.4911 28.7803 -29.868 45.7572 28.7803 -28.9059 46.6547 28.7803 -28.7225 46.8186 28.7803 -28.0053 47.4153 28.7803 -27.9825 47.4287 28.7803 -27.9438 47.4533 28.7803 -26.0197 47.5279 28.7803 -25.0576 47.536 28.7803 -23.1334 47.4636 28.7803 -23.0938 47.4426 28.7803 -23.046 47.4153 28.7803 -22.8716 47.2764 28.7803 -22.1713 46.7512 28.7803 -21.9491 46.6818 28.7803 -21.2092 46.4767 28.7803 -21.1667 46.4532 28.7803 -20.2471 45.7441 28.7803 -20.01 45.4911 28.7803 -19.5952 44.529 28.7803 -19.5404 42.6048 28.7803 -19.5471 41.6427 28.7803 -19.5776 40.6806 28.7803 -19.7995 39.7185 28.7803 -20.1332 39.3455 28.7803 -20.2471 39.2142 28.7803 -20.6895 38.7564 28.7803 -21.2092 38.187 28.7803 -21.4735 37.7943 28.7803 -21.4937 37.5721 28.7803 -21.5405 36.8322 28.7803 -21.2382 35.8768 28.7803 -21.2357 35.8701 28.7803 -21.2092 35.8415 28.7803 -20.2471 35.5284 28.7803 -19.703 35.0582 28.7803 -19.5193 34.908 28.7803 -19.6358 33.9459 28.7803 -20.2471 33.521 28.7803 -20.987 33.2724 28.7803 -21.2092 33.1931 28.7803 -21.3782 32.9838 28.7803 -21.6378 32.0217 28.7803 -22.0403 31.5339 28.7803 -22.2188 31.3118 28.7803 -22.4354 31.0596 28.7803 -22.6124 30.0975 28.7803 -22.5724 27.2112 28.7803 -22.5374 26.2491 28.7803 -22.4705 26.1433 28.7803 -22.1713 25.6933 28.7803 -21.9198 25.4034 28.7803 -21.8274 25.287 28.7803 -21.7717 25.0648 28.7803 -21.572 24.3249 28.7803 -21.559 24.1027 28.7803 -21.5265 23.3628 28.7803 -21.2092 22.803 28.7803 -20.9229 22.5126 28.7803 -20.8239 22.4007 28.7803 -20.7008 22.2958 28.7803 -20.2471 21.9447 28.7803 -19.285 21.7036 28.7803 -19.0628 21.6836 28.7803 -18.3229 21.5787 28.7803 -18.0929 21.4386 28.7803 -17.9773 21.2164 28.7803 -17.5665 20.4765 28.7803 -17.3608 20.0179 28.7803 -17.1378 19.6512 28.7803 -17.0584 19.5145 28.7803 -16.617 18.5524 28.7803 -16.5866 17.5903 28.7803 -16.55 16.6282 28.7803 -16.3987 16.1657 28.7803 -16.2393 15.8126 28.7803 -16.1766 15.6661 28.7803 -16.0479 15.4439 28.7803 -15.6048 14.704 28.7803 -15.581 13.7419 28.7803 -15.7661 12.7798 28.7803 -15.8899 12.5576 28.7803 -16.3182 11.8177 28.7803 -15.4366 11.4029 28.7803 -1.00513 11.1132 28.7803 -0.043031 11.1728 28.7803 0.687473 11.8177 28.7803 0.890348 12.7798 28.7803 0.905148 52.2258 28.7803 0.697106 53.1879 28.7803 -0.043031 53.8437 28.7803 -1.00513 53.9038 28.7803 -51.9963 53.9078 28.7803 -52.9584 53.8475 28.7803 -53.7008 53.1879 28.7803 -53.909 52.2258 28.7803 -53.8971 12.7798 28.7803 -53.6942 11.8177 28.7803 -52.9584 11.1655 28.7803 -51.9963 11.1056 28.7803 
1
170
-52.9584 11.1649 29.6803 -53.6947 11.8177 29.6803 -53.8976 12.7798 29.6803 -53.9092 52.2258 29.6803 -53.701 53.1879 29.6803 -52.9584 53.8478 29.6803 -51.9963 53.908 29.6803 -1.00513 53.9042 29.6803 -0.043031 53.8441 29.6803 0.697418 53.1879 29.6803 0.905472 52.2258 29.6803 0.891113 12.7798 29.6803 0.688232 11.8177 29.6803 -0.043031 11.1719 29.6803 -1.00513 11.1122 29.6803 -15.4366 11.3728 29.6803 -16.3742 11.8177 29.6803 -15.8055 12.7798 29.6803 -15.6213 13.7419 29.6803 -15.6402 14.704 29.6803 -16.2137 15.6661 29.6803 -16.2749 15.8017 29.6803 -16.3987 16.0392 29.6803 -16.597 16.6282 29.6803 -16.6502 18.5524 29.6803 -17.1006 19.5145 29.6803 -17.1863 19.6554 29.6803 -17.3608 19.9335 29.6803 -17.61 20.4765 29.6803 -18.0293 21.1543 29.6803 -18.1871 21.4386 29.6803 -18.2489 21.4761 29.6803 -18.3229 21.5182 29.6803 -19.285 21.6634 29.6803 -19.9628 21.8747 29.6803 -20.2471 21.9462 29.6803 -20.6801 22.2658 29.6803 -20.8544 22.4007 29.6803 -20.9644 22.5122 29.6803 -21.2092 22.7419 29.6803 -21.4749 23.1901 29.6803 -21.5734 23.3628 29.6803 -21.6156 24.0406 29.6803 -21.628 24.3249 29.6803 -21.8247 25.0027 29.6803 -21.9014 25.287 29.6803 -21.998 25.3984 29.6803 -22.1713 25.5856 29.6803 -22.51 26.0762 29.6803 -22.6249 26.2491 29.6803 -22.6486 27.2112 29.6803 -22.6692 29.1354 29.6803 -22.6711 30.0975 29.6803 -22.5604 30.7753 29.6803 -22.5083 31.0596 29.6803 -22.2545 31.3439 29.6803 -22.1713 31.4408 29.6803 -21.6843 32.0217 29.6803 -21.4287 32.9838 29.6803 -21.2092 33.2556 29.6803 -20.9249 33.351 29.6803 -20.2471 33.5594 29.6803 -19.6976 33.9459 29.6803 -19.5825 34.908 29.6803 -19.7915 35.0886 29.6803 -20.2471 35.4944 29.6803 -20.9249 35.7012 29.6803 -21.2092 35.7928 29.6803 -21.281 35.8701 29.6803 -21.5739 36.8322 29.6803 -21.5192 37.7943 29.6803 -21.2092 38.2525 29.6803 -21.061 38.4144 29.6803 -20.2471 39.2508 29.6803 -20.1189 39.3941 29.6803 -19.8387 39.7185 29.6803 -19.6191 40.6806 29.6803 -19.5953 41.6427 29.6803 -19.5899 42.6048 29.6803 -19.6329 44.529 29.6803 -20.0539 45.4911 29.6803 -20.2471 45.6959 29.6803 -21.2092 46.4227 29.6803 -21.3634 46.4532 29.6803 -21.3845 46.4569 29.6803 -21.887 46.5823 29.6803 -22.1713 46.6611 29.6803 -22.8491 47.1802 29.6803 -23.1334 47.3911 29.6803 -25.0576 47.4537 29.6803 -26.0197 47.4467 29.6803 -27.9438 47.3807 29.6803 -27.9525 47.3744 29.6803 -28.9059 46.5742 29.6803 -29.868 45.6867 29.6803 -30.5329 45.4911 29.6803 -30.7925 45.4031 29.6803 -30.8301 45.3896 29.6803 -31.3499 44.529 29.6803 -31.3881 42.6048 29.6803 -31.3832 41.6427 29.6803 -31.3621 40.6806 29.6803 -31.1324 39.7185 29.6803 -30.8301 39.3823 29.6803 -29.868 38.3856 29.6803 -29.4248 37.957 29.6803 -29.2616 37.7943 29.6803 -28.9059 37.2633 29.6803 -28.6396 36.8322 29.6803 -28.8453 36.6263 29.6803 -28.9059 36.5632 29.6803 -29.1453 36.3421 29.6803 -29.6792 35.8701 29.6803 -29.868 35.7144 29.6803 -30.8301 35.4079 29.6803 -31.3432 34.908 29.6803 -30.8301 34.2809 29.6803 -30.4936 33.9459 29.6803 -29.2923 32.811 29.6803 -28.9059 32.4537 29.6803 -28.6214 32.1332 29.6803 -28.5259 32.0217 29.6803 -28.3608 31.0596 29.6803 -28.3456 30.7753 29.6803 -28.3215 30.0975 29.6803 -28.3221 29.1354 29.6803 -28.3414 27.2112 29.6803 -28.3662 26.2491 29.6803 -28.9059 25.487 29.6803 -28.9747 25.4095 29.6803 -29.0885 25.287 29.6803 -29.1637 25.0027 29.6803 -29.3571 24.3249 29.6803 -29.3679 24.0406 29.6803 -29.4149 23.3628 29.6803 -29.7386 22.8418 29.6803 -29.868 22.6261 29.6803 -29.9437 22.5575 29.6803 -30.1242 22.4007 29.6803 -30.8301 21.8861 29.6803 -31.5079 21.6851 29.6803 -31.7922 21.6234 29.6803 -32.7543 21.4739 29.6803 -32.7905 21.4509 29.6803 -32.8108 21.4386 29.6803 -32.9646 21.1543 29.6803 -33.3705 20.4765 29.6803 -33.3986 19.5145 29.6803 -33.7164 18.8131 29.6803 -33.7728 18.7185 29.6803 -33.8752 18.5524 29.6803 -34.3564 17.5903 29.6803 -34.4122 15.6661 29.6803 -34.6785 14.8621 29.6803 -34.7106 14.7894 29.6803 -35.1795 13.7419 29.6803 -34.6785 13.1738 29.6803 -34.2931 12.7798 29.6803 -34.127 12.4955 29.6803 -33.9003 12.1348 29.6803 -33.7164 11.8313 29.6803 -33.709 11.8177 29.6803 -33.7164 11.8096 29.6803 -33.7339 11.8004 29.6803 -34.6785 11.4328 29.6803 -35.3563 11.3799 29.6803 -35.6406 11.3535 29.6803 -36.6027 11.2977 29.6803 -37.5648 11.2564 29.6803 -51.9963 11.105 29.6803 
1
159
-52.9584 11.1642 30.5803 -51.9963 11.1043 30.5803 -36.6027 11.2804 30.5803 -35.6406 11.33 30.5803 -34.6785 11.3987 30.5803 -33.7164 11.7646 30.5803 -33.6672 11.8177 30.5803 -33.7164 11.9067 30.5803 -34.2433 12.7798 30.5803 -34.6785 13.2278 30.5803 -35.1406 13.7419 30.5803 -34.7077 14.704 30.5803 -34.6785 14.7668 30.5803 -34.3734 15.6661 30.5803 -34.3282 17.5903 30.5803 -33.8387 18.5524 30.5803 -33.7164 18.7478 30.5803 -33.3625 19.5145 30.5803 -33.3397 20.4765 30.5803 -33.1323 20.8229 30.5803 -32.7647 21.4064 30.5803 -32.7543 21.4161 30.5803 -32.6493 21.4386 30.5803 -32.1386 21.5087 30.5803 -31.7922 21.5615 30.5803 -31.4458 21.6643 30.5803 -30.8301 21.8776 30.5803 -30.5759 22.0622 30.5803 -30.1253 22.4007 30.5803 -29.868 22.6268 30.5803 -29.4082 23.3628 30.5803 -29.3502 23.9785 30.5803 -29.3262 24.3249 30.5803 -29.1315 24.9406 30.5803 -29.0327 25.287 30.5803 -28.9059 25.4234 30.5803 -28.3106 26.2491 30.5803 -28.2888 27.2112 30.5803 -28.2791 30.0975 30.5803 -28.3093 31.0596 30.5803 -28.4655 32.0217 30.5803 -28.9059 32.5135 30.5803 -30.4272 33.9459 30.5803 -30.8301 34.3417 30.5803 -31.2953 34.908 30.5803 -30.8301 35.3635 30.5803 -30.4837 35.4739 30.5803 -29.868 35.6571 30.5803 -29.7945 35.7175 30.5803 -29.6172 35.8701 30.5803 -28.9059 36.5098 30.5803 -28.5829 36.8322 30.5803 -28.9059 37.3486 30.5803 -29.2019 37.7943 30.5803 -30.8301 39.4342 30.5803 -31.0897 39.7185 30.5803 -31.2481 40.3342 30.5803 -31.3316 40.6806 30.5803 -31.3488 41.6427 30.5803 -31.3531 42.6048 30.5803 -31.3216 44.529 30.5803 -31.0137 45.0109 30.5803 -30.8301 45.3123 30.5803 -30.6975 45.3573 30.5803 -30.2325 45.4911 30.5803 -30.0817 45.5304 30.5803 -29.868 45.5927 30.5803 -29.5583 45.8768 30.5803 -28.9426 46.4711 30.5803 -28.9059 46.5048 30.5803 -27.9438 47.3211 30.5803 -26.9818 47.3573 30.5803 -26.0197 47.3803 30.5803 -25.0576 47.3855 30.5803 -23.1334 47.3328 30.5803 -22.1713 46.5877 30.5803 -21.6471 46.4532 30.5803 -21.2092 46.3641 30.5803 -20.2471 45.6435 30.5803 -20.1012 45.4911 30.5803 -19.9489 45.1447 30.5803 -19.6649 44.529 30.5803 -19.6385 43.2205 30.5803 -19.3997 42.6048 30.5803 -19.3145 41.7316 30.5803 -19.315 41.6427 30.5803 -19.6459 41.027 30.5803 -19.6538 40.6806 30.5803 -19.7323 40.3342 30.5803 -19.7425 39.7185 30.5803 -19.9245 39.1028 30.5803 -20.2353 38.7564 30.5803 -20.2471 38.7438 30.5803 -21.2092 37.7771 30.5803 -21.3254 37.5998 30.5803 -21.593 37.1786 30.5803 -21.6118 36.8322 30.5803 -21.5078 36.4858 30.5803 -21.3407 35.8701 30.5803 -21.2092 35.7291 30.5803 -20.8628 35.6234 30.5803 -20.2471 35.4494 30.5803 -19.6365 34.908 30.5803 -19.7561 33.9459 30.5803 -20.2471 33.6019 30.5803 -20.8628 33.4295 30.5803 -21.2092 33.3231 30.5803 -21.4844 32.9838 30.5803 -21.7308 32.0217 30.5803 -22.1713 31.4957 30.5803 -22.5653 31.0596 30.5803 -22.7169 30.0975 30.5803 -22.6904 26.2491 30.5803 -22.1713 25.5088 30.5803 -21.9627 25.287 30.5803 -21.8623 24.9406 30.5803 -21.668 24.3249 30.5803 -21.6464 23.9785 30.5803 -21.5903 23.3628 30.5803 -21.2092 22.7275 30.5803 -20.8597 22.4007 30.5803 -20.2471 21.9458 30.5803 -19.9007 21.8379 30.5803 -19.285 21.6095 30.5803 -18.323 21.4601 30.5803 -18.2851 21.4386 30.5803 -17.8587 20.8229 30.5803 -17.6444 20.4765 30.5803 -17.3608 19.8693 30.5803 -17.1347 19.5145 30.5803 -16.6773 18.5524 30.5803 -16.6476 17.2439 30.5803 -16.3987 16.4996 30.5803 -16.3506 16.4032 30.5803 -16.2874 16.2818 30.5803 -15.8983 15.6661 30.5803 -15.6922 15.3197 30.5803 -15.6691 14.704 30.5803 -15.6537 13.7419 30.5803 -15.8378 12.7798 30.5803 -16.3959 11.8439 30.5803 -16.3987 11.8409 30.5803 -16.4113 11.8177 30.5803 -16.3987 11.8033 30.5803 -15.4366 11.3468 30.5803 -1.00513 11.1111 30.5803 -0.043031 11.1709 30.5803 0.689129 11.8177 30.5803 0.892017 12.7798 30.5803 0.905862 52.2258 30.5803 0.697795 53.1879 30.5803 -0.043031 53.8445 30.5803 -1.00513 53.9046 30.5803 -51.9963 53.9084 30.5803 -52.9584 53.8482 30.5803 -53.7013 53.1879 30.5803 -53.9095 52.2258 30.5803 -53.8983 12.7798 30.5803 -53.6953 11.8177 30.5803 
1
163
-52.9584 11.1634 31.4803 -53.6961 11.8177 31.4803 -53.8991 12.7798 31.4803 -53.9098 52.2258 31.4803 -53.7016 53.1879 31.4803 -52.9584 53.8485 31.4803 -51.9963 53.9087 31.4803 -1.00513 53.905 31.4803 -0.043031 53.845 31.4803 0.698229 53.1879 31.4803 0.906311 52.2258 31.4803 0.893036 12.7798 31.4803 0.690139 11.8177 31.4803 -0.043031 11.1698 31.4803 -1.00513 11.11 31.4803 -15.4366 11.3239 31.4803 -16.3987 11.7767 31.4803 -16.4349 11.8177 31.4803 -16.3987 11.8837 31.4803 -15.8653 12.7798 31.4803 -15.6805 13.7419 31.4803 -15.7013 15.2576 31.4803 -15.7166 15.6661 31.4803 -16.0478 16.2197 31.4803 -16.3059 16.6282 31.4803 -16.3378 16.6932 31.4803 -16.3987 16.8062 31.4803 -16.5686 17.2468 31.4803 -16.6831 17.5903 31.4803 -16.6999 18.5524 31.4803 -17.1628 19.5145 31.4803 -17.3608 19.8188 31.4803 -17.6725 20.4765 31.4803 -17.9554 20.885 31.4803 -18.3229 21.3933 31.4803 -18.6943 21.4386 31.4803 -19.1028 21.5022 31.4803 -19.285 21.5184 31.4803 -19.8386 21.7067 31.4803 -20.2471 21.8582 31.4803 -20.6356 22.2073 31.4803 -20.8952 22.4007 31.4803 -21.044 22.5396 31.4803 -21.2092 22.7152 31.4803 -21.6001 23.3628 31.4803 -21.6858 24.3249 31.4803 -21.8756 24.8785 31.4803 -22.0045 25.287 31.4803 -22.1713 25.4602 31.4803 -22.7327 26.2491 31.4803 -22.7504 30.0975 31.4803 -22.6019 31.0596 31.4803 -22.1713 31.531 31.4803 -21.9917 31.7465 31.4803 -21.716 32.0217 31.4803 -21.6134 32.4302 31.4803 -21.3355 32.7459 31.4803 -21.2092 32.9202 31.4803 -21.1432 32.9838 31.4803 -21.0612 33.0604 31.4803 -20.6556 33.4258 31.4803 -20.2471 33.5401 31.4803 -20.0482 33.6788 31.4803 -19.8089 33.9459 31.4803 -19.7492 34.4995 31.4803 -19.6975 34.908 31.4803 -20.2471 35.3887 31.4803 -21.2092 35.6552 31.4803 -21.4104 35.8701 31.4803 -21.5346 36.4237 31.4803 -21.6455 36.8322 31.4803 -21.3867 37.1899 31.4803 -21.2092 37.4693 31.4803 -20.5304 38.1674 31.4803 -20.2471 38.4487 31.4803 -19.9577 38.7564 31.4803 -19.8242 39.31 31.4803 -19.7035 39.7185 31.4803 -19.6897 40.6806 31.4803 -19.447 41.0725 31.4803 -19.285 41.3739 31.4803 -19.2005 41.481 31.4803 -19.064 41.6427 31.4803 -19.1949 42.1963 31.4803 -19.2792 42.6048 31.4803 -19.285 42.6144 31.4803 -19.5236 43.1589 31.4803 -19.6818 43.5669 31.4803 -19.6982 44.529 31.4803 -20.1507 45.4911 31.4803 -20.2471 45.5901 31.4803 -21.2092 46.3108 31.4803 -21.8795 46.4532 31.4803 -22.0569 46.4999 31.4803 -22.1713 46.5321 31.4803 -23.1334 47.2893 31.4803 -24.0955 47.32 31.4803 -25.0576 47.3359 31.4803 -26.9818 47.3155 31.4803 -27.9438 47.2761 31.4803 -28.9031 46.4532 31.4803 -29.868 45.5071 31.4803 -29.9295 45.4911 31.4803 -29.968 45.4827 31.4803 -30.8301 45.2371 31.4803 -31.0344 44.9174 31.4803 -31.2924 44.529 31.4803 -31.3002 40.6806 31.4803 -31.0457 39.7185 31.4803 -30.8301 39.4859 31.4803 -29.1569 37.7943 31.4803 -28.5438 36.8322 31.4803 -28.9059 36.47 31.4803 -29.1968 36.2056 31.4803 -29.5492 35.8701 31.4803 -29.7504 35.6865 31.4803 -29.868 35.5853 31.4803 -30.8301 35.3072 31.4803 -31.2441 34.908 31.4803 -30.8301 34.4121 31.4803 -30.3553 33.9459 31.4803 -30.1294 33.732 31.4803 -28.9059 32.5587 31.4803 -28.42 32.0217 31.4803 -28.3552 31.6132 31.4803 -28.2755 31.0596 31.4803 -28.2472 30.0975 31.4803 -28.2507 27.2112 31.4803 -28.2714 26.2491 31.4803 -28.9059 25.3794 31.4803 -28.9929 25.287 31.4803 -29.122 24.8785 31.4803 -29.3125 24.3249 31.4803 -29.3983 23.3628 31.4803 -29.868 22.6136 31.4803 -29.9775 22.5167 31.4803 -30.0913 22.4007 31.4803 -30.5311 22.0017 31.4803 -30.8301 21.7772 31.4803 -31.3837 21.6325 31.4803 -31.7922 21.491 31.4803 -32.1008 21.4486 31.4803 -32.2041 21.4386 31.4803 -32.6544 21.3728 31.4803 -32.7543 21.3514 31.4803 -33.3143 20.4765 31.4803 -33.3331 19.5145 31.4803 -33.7164 18.6967 31.4803 -33.8088 18.5524 31.4803 -34.3047 17.5903 31.4803 -34.3421 15.6661 31.4803 -34.6738 14.704 31.4803 -34.6846 14.6814 31.4803 -35.1081 13.7419 31.4803 -34.6785 13.2706 31.4803 -34.2039 12.7798 31.4803 -33.7164 11.9681 31.4803 -33.6324 11.8177 31.4803 -33.7164 11.7272 31.4803 -34.6785 11.3695 31.4803 -35.6406 11.3092 31.4803 -36.6027 11.265 31.4803 -51.9963 11.1034 31.4803 
1
167
-53.6936 11.8177 32.3803 -52.9584 11.1664 32.3803 -52.4879 11.1371 32.3803 -51.9963 11.1202 32.3803 -36.6027 11.2681 32.3803 -35.6406 11.306 32.3803 -34.6785 11.3566 32.3803 -34.208 11.53 32.3803 -33.7164 11.6957 32.3803 -33.6029 11.8177 32.3803 -33.7164 12.0191 32.3803 -34.172 12.7798 32.3803 -35.0841 13.7419 32.3803 -34.6785 14.6355 32.3803 -34.6465 14.704 32.3803 -34.3213 15.6661 32.3803 -34.2924 17.5903 32.3803 -34.0285 18.0819 32.3803 -33.7848 18.5524 32.3803 -33.7164 18.6575 32.3803 -33.3166 19.5145 32.3803 -33.3017 20.4765 32.3803 -33.023 20.8761 32.3803 -32.7543 21.2906 32.3803 -32.2627 21.3431 32.3803 -31.88 21.3991 32.3803 -31.7922 21.4074 32.3803 -31.623 21.4386 32.3803 -31.4049 21.4965 32.3803 -31.3006 21.5206 32.3803 -30.8301 21.6436 32.3803 -30.4563 21.9826 32.3803 -30.0286 22.4007 32.3803 -29.9647 22.4757 32.3803 -29.868 22.5743 32.3803 -29.3814 23.3628 32.3803 -29.3556 23.8544 32.3803 -29.3153 24.3249 32.3803 -29.1339 24.8165 32.3803 -28.9721 25.287 32.3803 -28.9059 25.3558 32.3803 -28.2576 26.2491 32.3803 -28.2403 27.2112 32.3803 -28.2337 29.1354 32.3803 -28.2434 30.0975 32.3803 -28.2698 31.0596 32.3803 -28.3167 31.5512 32.3803 -28.3844 32.0217 32.3803 -28.9059 32.5938 32.3803 -30.8301 34.4786 32.3803 -31.0149 34.6823 32.3803 -31.2051 34.908 32.3803 -30.8301 35.2655 32.3803 -30.3596 35.3986 32.3803 -29.868 35.5167 32.3803 -29.697 35.6727 32.3803 -29.4882 35.8701 32.3803 -29.2054 36.1472 32.3803 -28.9059 36.4324 32.3803 -28.5079 36.8322 32.3803 -29.1231 37.7943 32.3803 -30.9169 39.6161 32.3803 -31.0124 39.7185 32.3803 -31.1564 40.2101 32.3803 -31.2835 40.6806 32.3803 -31.278 44.529 32.3803 -31.0494 44.8439 32.3803 -30.8301 45.174 32.3803 -30.3596 45.3073 32.3803 -29.868 45.4541 32.3803 -29.8244 45.4911 32.3803 -28.8586 46.4532 32.3803 -27.9438 47.2399 32.3803 -26.9818 47.2834 32.3803 -25.0576 47.2988 32.3803 -24.0955 47.287 32.3803 -23.1334 47.2549 32.3803 -22.1713 46.4871 32.3803 -22.1502 46.4805 32.3803 -22.053 46.4532 32.3803 -21.2092 46.2668 32.3803 -20.2471 45.5457 32.3803 -20.1932 45.4911 32.3803 -19.9687 45.0206 32.3803 -19.7202 44.529 32.3803 -19.7088 43.5669 32.3803 -19.5037 43.0753 32.3803 -19.301 42.6126 32.3803 -19.2962 42.6048 32.3803 -19.0613 41.6427 32.3803 -19.285 41.3774 32.3803 -19.7146 40.6806 32.3803 -19.7243 39.7185 32.3803 -19.9619 38.7564 32.3803 -20.1023 38.6139 32.3803 -20.2471 38.4605 32.3803 -21.2092 37.4691 32.3803 -21.6726 36.8322 32.3803 -21.5671 36.3617 32.3803 -21.4766 35.8701 32.3803 -21.2092 35.586 32.3803 -20.7387 35.4576 32.3803 -20.2471 35.3437 32.3803 -19.7505 34.908 32.3803 -19.8012 34.4375 32.3803 -19.8166 33.9459 32.3803 -20.2471 33.4664 32.3803 -20.5079 33.2228 32.3803 -21.2092 32.5381 32.3803 -21.4454 32.2698 32.3803 -22.1713 31.555 32.3803 -22.6271 31.0596 32.3803 -22.6998 30.5891 32.3803 -22.7552 30.0975 32.3803 -22.7641 29.1354 32.3803 -22.7442 26.2491 32.3803 -22.1713 25.4391 32.3803 -22.0239 25.287 32.3803 -21.8627 24.8165 32.3803 -21.6861 24.3249 32.3803 -21.6449 23.8544 32.3803 -21.3779 23.3628 32.3803 -21.2092 23.0833 32.3803 -21.1665 23.0415 32.3803 -21.0261 22.8923 32.3803 -20.7671 22.4007 32.3803 -20.437 22.104 32.3803 -20.2471 21.7611 32.3803 -19.7766 21.601 32.3803 -19.4381 21.4524 32.3803 -19.285 21.4153 32.3803 -18.8145 21.3631 32.3803 -18.3229 21.3219 32.3803 -18.0072 20.9085 32.3803 -17.6949 20.4765 32.3803 -17.3608 19.7778 32.3803 -17.2746 19.6532 32.3803 -17.1835 19.5145 32.3803 -16.7179 18.5524 32.3803 -16.7049 17.5903 32.3803 -16.3987 16.8021 32.3803 -16.3536 16.7243 32.3803 -16.3018 16.6282 32.3803 -15.7264 15.6661 32.3803 -15.7031 13.7419 32.3803 -15.8894 12.7798 32.3803 -16.3987 11.9222 32.3803 -16.4564 11.8177 32.3803 -16.3987 11.7528 32.3803 -15.9282 11.5322 32.3803 -15.4366 11.3185 32.3803 -1.00513 11.1266 32.3803 -0.534622 11.1559 32.3803 -0.043031 11.1724 32.3803 0.687985 11.8177 32.3803 0.891159 12.7798 32.3803 0.905334 52.2258 32.3803 0.695434 53.1879 32.3803 -0.043031 53.8415 32.3803 -0.534622 53.8585 32.3803 -1.00513 53.8879 32.3803 -51.9963 53.8915 32.3803 -52.4879 53.8744 32.3803 -52.9584 53.8449 32.3803 -53.6987 53.1879 32.3803 -53.909 52.2258 32.3803 -53.8974 12.7798 32.3803 
1
175
-52.9584 11.5059 33.2803 -53.3108 11.8177 33.2803 -53.4122 12.2472 33.2803 -53.5255 12.7798 33.2803 -53.537 52.2258 33.2803 -53.4195 52.7584 33.2803 -53.3157 53.1879 33.2803 -52.9584 53.5045 33.2803 -52.4922 53.5208 33.2803 -51.9963 53.5278 33.2803 -1.00513 53.5246 33.2803 -0.531172 53.5082 33.2803 -0.043031 53.5015 33.2803 0.311832 53.1879 33.2803 0.416211 52.7584 33.2803 0.53337 52.2258 33.2803 0.519394 12.7798 33.2803 0.406775 12.2472 33.2803 0.304647 11.8177 33.2803 -0.043031 11.5112 33.2803 -0.502197 11.4957 33.2803 -1.00513 11.4888 33.2803 -14.4745 11.6146 33.2803 -15.4366 11.6471 33.2803 -15.7682 11.7912 33.2803 -15.8328 11.8177 33.2803 -15.7685 12.4479 33.2803 -15.5683 12.7798 33.2803 -15.5152 13.0526 33.2803 -15.4366 13.5962 33.2803 -15.3769 13.7419 33.2803 -15.4288 15.6739 33.2803 -15.4366 15.6752 33.2803 -15.8656 16.6282 33.2803 -16.3987 17.5568 33.2803 -16.4118 17.5903 33.2803 -16.4212 18.5524 33.2803 -16.4532 18.6184 33.2803 -16.7817 19.5145 33.2803 -16.8632 19.6323 33.2803 -17.3608 20.3979 33.2803 -17.3985 20.4765 33.2803 -17.466 20.565 33.2803 -17.5289 20.6446 33.2803 -17.9416 21.4386 33.2803 -17.9785 21.783 33.2803 -18.3229 21.8011 33.2803 -18.869 21.8546 33.2803 -19.285 21.8742 33.2803 -20.0309 22.1845 33.2803 -20.2471 22.2834 33.2803 -20.312 22.4007 33.2803 -20.4006 22.5688 33.2803 -20.6309 23.3628 33.2803 -20.6674 23.4045 33.2803 -21.2092 24.0469 33.2803 -21.361 24.3249 33.2803 -21.4718 24.6335 33.2803 -21.6218 25.287 33.2803 -21.694 25.362 33.2803 -22.1713 25.9112 33.2803 -22.4079 26.2491 33.2803 -22.4137 30.0975 33.2803 -22.368 30.5023 33.2803 -22.3223 31.0596 33.2803 -22.1713 31.2232 33.2803 -20.2471 33.1142 33.2803 -20.1233 33.2519 33.2803 -19.4558 33.9459 33.2803 -19.4458 34.2633 33.2803 -19.4036 34.908 33.2803 -20.2471 35.6577 33.2803 -20.6253 35.7453 33.2803 -21.2019 35.8701 33.2803 -21.2046 35.8747 33.2803 -21.2092 35.8798 33.2803 -21.3655 36.8322 33.2803 -21.2092 37.0458 33.2803 -21.1111 37.1477 33.2803 -20.5628 37.7943 33.2803 -19.6182 38.7564 33.2803 -19.5003 39.2227 33.2803 -19.4114 39.7185 33.2803 -19.405 40.6806 33.2803 -19.285 40.8761 33.2803 -19.2271 40.9449 33.2803 -18.7028 41.6427 33.2803 -18.8095 42.0656 33.2803 -18.8358 42.1556 33.2803 -18.8562 43.0336 33.2803 -19.285 43.2866 33.2803 -19.4015 43.5669 33.2803 -19.4088 44.529 33.2803 -19.5454 44.7991 33.2803 -19.7615 45.4911 33.2803 -20.2471 45.9806 33.2803 -20.7373 46.3479 33.2803 -20.9779 46.4532 33.2803 -20.992 46.6704 33.2803 -21.2092 46.6745 33.2803 -21.4454 46.6894 33.2803 -22.1713 46.9382 33.2803 -22.6549 47.3265 33.2803 -22.8373 47.4153 33.2803 -22.8588 47.6899 33.2803 -25.0576 47.7331 33.2803 -26.0197 47.7301 33.2803 -26.9818 47.7095 33.2803 -27.6852 47.674 33.2803 -27.9438 47.67 33.2803 -28.2115 47.4153 33.2803 -28.9059 46.8655 33.2803 -29.868 45.9069 33.2803 -30.6755 45.6457 33.2803 -30.8301 45.6361 33.2803 -30.9779 45.4911 33.2803 -31.0738 45.2474 33.2803 -31.6033 44.529 33.2803 -31.6072 40.6806 33.2803 -31.5051 40.3319 33.2803 -31.3894 39.7185 33.2803 -29.4946 37.7943 33.2803 -29.3954 37.6422 33.2803 -28.9059 36.9701 33.2803 -28.8177 36.8322 33.2803 -29.7938 35.8701 33.2803 -29.868 35.8 33.2803 -30.0426 35.758 33.2803 -30.8301 35.6244 33.2803 -30.974 35.4873 33.2803 -31.539 34.908 33.2803 -31.3865 34.7399 33.2803 -30.8301 34.1647 33.2803 -28.9059 32.2588 33.2803 -28.6891 32.0217 33.2803 -28.6521 31.634 33.2803 -28.6157 31.0596 33.2803 -28.6007 26.2491 33.2803 -28.9059 25.8246 33.2803 -28.9345 25.7953 33.2803 -29.409 25.287 33.2803 -29.5897 24.7971 33.2803 -29.6513 24.3249 33.2803 -29.6946 23.3628 33.2803 -29.868 23.0778 33.2803 -29.9117 23.0265 33.2803 -30.4806 22.4007 33.2803 -30.8301 22.0591 33.2803 -31.0563 21.999 33.2803 -31.3127 21.9181 33.2803 -31.7922 21.8611 33.2803 -32.3881 21.8048 33.2803 -32.7543 21.7861 33.2803 -33.1122 21.4386 33.2803 -33.3644 20.8285 33.2803 -33.6148 20.4765 33.2803 -33.6258 19.5145 33.2803 -33.7164 19.3182 33.2803 -33.7293 19.2986 33.2803 -34.2348 18.5524 33.2803 -34.488 18.0806 33.2803 -34.6019 17.5903 33.2803 -34.6227 15.6661 33.2803 -34.6716 15.5188 33.2803 -34.6785 15.4967 33.2803 -35.1285 14.704 33.2803 -35.2096 14.1729 33.2803 -35.41 13.7419 33.2803 -34.4972 12.7798 33.2803 -34.3442 12.5239 33.2803 -34.2056 12.3069 33.2803 -34.2502 11.8177 33.2803 -34.6785 11.6762 33.2803 -51.9963 11.4832 33.2803 -52.4689 11.4994 33.2803 
