10
0
0
1
25
22.578 8.53466 -28.3723 22.4705 8.55133 -28.3723 23.9161 9.9873 -28.3723 23.9615 9.97961 -28.3723 26.0821 12.1017 -28.3723 26.0745 12.1465 -28.3723 26.8727 12.9497 -28.3723 26.8569 12.8569 -28.3723 27.3577 12.3584 -28.3723 27.3499 12.3135 -28.3723 27.3389 12.259 -28.3723 27.1486 11.1486 -28.3723 27.1491 11.1481 -28.3723 27.1416 11.1026 -28.3723 27.141 11.102 -28.3723 27.1113 11.0725 -28.3723 27.1238 10.9994 -28.3723 27.9923 10.1308 -28.3723 25.9324 8.07009 -28.3723 25.0635 8.93901 -28.3723 24.9894 8.95173 -28.3723 24.2855 8.24141 -28.3723 24.1419 8.26633 -28.3723 23.7052 8.70519 -28.3723 22.6473 8.52278 -28.3723 
1
16
21.6798 8.98906 -27.4723 22.0704 8.92201 -27.4723 22.4956 8.49565 -27.4723 22.5965 8.51615 -27.4723 23.5275 8.67588 -27.4723 23.6759 8.52752 -27.4723 23.8846 7.29875 -27.4723 28.0854 11.4916 -27.4723 28.088 11.4941 -27.4723 28.2564 11.665 -27.4723 27.3874 12.5358 -27.4723 27.1619 13.8503 -27.4723 27.1415 13.9931 -27.4723 27.0673 14.0673 -27.4723 27.098 14.2464 -27.4723 27.074 14.3859 -27.4723 
1
17
21.1449 8.55362 -26.5723 21.9879 8.40897 -26.5723 22.409 7.98782 -26.5723 22.4505 7.94961 -26.5723 22.8568 7.5434 -26.5723 28.5189 13.2081 -26.5723 28.0756 13.6545 -26.5723 27.3567 13.7778 -26.5723 27.0672 14.0672 -26.5723 27.1072 14.3001 -26.5723 26.7778 14.3566 -26.5723 26.6355 14.3767 -26.5723 26.0551 14.4762 -26.5723 25.9767 14.5546 -26.5723 20.8511 9.43792 -26.5723 20.9734 8.7251 -26.5723 20.9943 8.57307 -26.5723 
1
15
21.1399 7.44609 -25.6723 21.2918 8.3231 -25.6723 21.306 8.39245 -25.6723 21.4318 9.12566 -25.6723 21.3421 9.64832 -25.6723 21.3202 9.7925 -25.6723 21.1413 10.8351 -25.6723 21.062 10.9144 -25.6723 24.9324 14.7838 -25.6723 25.7032 14.0094 -25.6723 26.2259 13.9197 -25.6723 27.9049 14.2109 -25.6723 28.195 14.1611 -25.6723 21.3061 7.28225 -25.6723 21.1594 7.42896 -25.6723 
1
18
21.3378 8.57643 -24.7723 26.856 14.0855 -24.7723 25.3752 14.3418 -24.7723 25.3419 14.3753 -24.7723 25.1984 14.3996 -24.7723 24.5751 13.77 -24.7723 23.7605 14.5847 -24.7723 23.6915 14.6581 -24.7723 23.6345 14.6679 -24.7723 23.522 14.689 -24.7723 23.5278 14.656 -24.7723 21.407 12.5341 -24.7723 21.3396 12.5459 -24.7723 20.6573 11.8696 -24.7723 20.6847 11.7181 -24.7723 21.688 10.7214 -24.7723 21.6978 10.6644 -24.7723 21.5148 9.59791 -24.7723 
1
12
21.2516 10.3379 -23.8723 21.7219 10.805 -23.8723 21.9137 11.9246 -23.8723 21.9591 12.1985 -23.8723 21.7363 13.4969 -23.8723 21.7046 13.6508 -23.8723 21.8575 13.6181 -23.8723 23.1558 13.3953 -23.8723 24.5517 13.6321 -23.8723 25.257 14.341 -23.8723 25.9529 14.4604 -23.8723 21.3371 9.84629 -23.8723 
0
0
