31
1
6
11.0894 1.00606 -50.8 11.1485 0.044002 -50.8 11.1877 4.39906e-015 -50.8 50.8 4.39906e-015 -50.8 50.8 50.8 -50.8 11.0885 50.8 -50.8 
1
6
11.0905 1.00606 -49.9 11.0895 50.8 -49.9 50.8 50.8 -49.9 50.8 4.32112e-015 -49.9 11.1889 4.32112e-015 -49.9 11.1497 0.044002 -49.9 
1
6
11.0917 1.00606 -49 11.0906 50.8 -49 50.8 50.8 -49 50.8 4.24319e-015 -49 11.1901 4.24319e-015 -49 11.151 0.044002 -49 
1
6
11.0929 1.00606 -48.1 11.0918 50.8 -48.1 50.8 50.8 -48.1 50.8 4.16525e-015 -48.1 11.1914 4.16525e-015 -48.1 11.1522 0.044002 -48.1 
1
6
11.0942 1.00606 -47.2 11.1536 0.044002 -47.2 11.1926 4.08732e-015 -47.2 50.8 4.08731e-015 -47.2 50.8 50.8 -47.2 11.0929 50.8 -47.2 
1
6
11.0955 1.00606 -46.3 11.0941 50.8 -46.3 50.8 50.8 -46.3 50.8 4.00938e-015 -46.3 11.1939 4.00938e-015 -46.3 11.1549 0.044002 -46.3 
1
6
11.0968 1.00606 -45.4 11.0953 50.8 -45.4 50.8 50.8 -45.4 50.8 3.93144e-015 -45.4 11.1954 3.93144e-015 -45.4 11.1563 0.044002 -45.4 
1
6
11.0982 1.00606 -44.5 11.1577 0.044002 -44.5 11.1967 3.8535e-015 -44.5 50.8 3.85351e-015 -44.5 50.8 50.8 -44.5 11.0966 50.8 -44.5 
1
6
11.0996 1.00606 -43.6 11.1591 0.044002 -43.6 11.1981 3.77557e-015 -43.6 50.8 3.77557e-015 -43.6 50.8 50.8 -43.6 11.0977 50.8 -43.6 
1
6
11.101 1.00606 -42.7 11.1606 0.044002 -42.7 11.1995 3.69764e-015 -42.7 50.8 3.69763e-015 -42.7 50.8 50.8 -42.7 11.099 50.8 -42.7 
1
7
11.1024 1.00606 -41.8 11.1002 50.8 -41.8 50.8 50.8 -41.8 50.8 3.6197e-015 -41.8 11.2009 3.6197e-015 -41.8 11.2 0.00108907 -41.8 11.162 0.044002 -41.8 
1
8
11.1038 1.00606 -40.9 11.1014 50.8 -40.9 50.8 50.8 -40.9 50.8 3.54176e-015 -40.9 11.2023 3.54175e-015 -40.9 11.2005 0.00208897 -40.9 11.1986 0.00409917 -40.9 11.1634 0.044002 -40.9 
1
6
11.1052 1.00606 -40 11.1027 50.8 -40 50.8 50.8 -40 50.8 3.46382e-015 -40 11.2037 3.46383e-015 -40 11.1648 0.044002 -40 
1
6
11.1066 1.00606 -39.1 11.1039 50.8 -39.1 50.8 50.8 -39.1 50.8 3.38589e-015 -39.1 11.205 3.38589e-015 -39.1 11.1661 0.044002 -39.1 
1
6
11.1079 1.00606 -38.2 11.105 50.8 -38.2 50.8 50.8 -38.2 50.8 3.30795e-015 -38.2 11.2063 3.30795e-015 -38.2 11.1674 0.044002 -38.2 
1
6
11.1062 50.8 -37.3 50.8 50.8 -37.3 50.8 3.23001e-015 -37.3 11.2076 3.23002e-015 -37.3 11.1687 0.044002 -37.3 11.1092 1.00606 -37.3 
1
6
11.1105 1.00606 -36.4 11.1073 50.8 -36.4 50.8 50.8 -36.4 50.8 3.15208e-015 -36.4 11.2088 3.15208e-015 -36.4 11.1699 0.044002 -36.4 
1
6
11.1117 1.00606 -35.5 11.1083 50.8 -35.5 50.8 50.8 -35.5 50.8 3.07414e-015 -35.5 11.2099 3.07414e-015 -35.5 11.1711 0.044002 -35.5 
1
9
11.1128 1.00606 -34.6 11.2909 15.437 -34.6 11.3086 16.399 -34.6 11.2967 35.2542 -34.6 11.1092 50.8 -34.6 50.8 50.8 -34.6 50.8 2.9962e-015 -34.6 11.211 2.99621e-015 -34.6 11.1722 0.044002 -34.6 
1
130
11.1137 1.00606 -33.7 11.2634 13.1888 -33.7 11.2943 14.1508 -33.7 11.3299 15.1129 -33.7 11.3489 15.437 -33.7 11.3661 16.0749 -33.7 11.3854 16.399 -33.7 11.3905 17.037 -33.7 11.3998 17.3611 -33.7 11.3918 34.3541 -33.7 11.3598 35.3162 -33.7 11.3378 35.6403 -33.7 11.3173 36.2782 -33.7 11.2997 36.6023 -33.7 11.2823 37.2403 -33.7 11.2681 37.5644 -33.7 11.2394 38.5264 -33.7 11.1101 50.8 -33.7 11.7606 50.8 -33.7 12 36.3019 -33.7 12.2217 36.2217 -33.7 13 36.0571 -33.7 13.0561 36.0561 -33.7 21 36.0561 -33.7 21.0606 36.0606 -33.7 22 36.0774 -33.7 22.1304 36.1304 -33.7 23 36.5578 -33.7 23.7289 36.7289 -33.7 24 36.806 -33.7 25 36.806 -33.7 26 36.6992 -33.7 27.4775 36.4775 -33.7 28 36.3902 -33.7 28.3415 36.3415 -33.7 29.1946 36.1946 -33.7 29.7816 36 -33.7 29.9482 35.9482 -33.7 30 35.9381 -33.7 31 35.4935 -33.7 31.3623 35.3623 -33.7 31.9296 35 -33.7 32 34.9977 -33.7 34 34.9792 -33.7 34.0096 34.9711 -33.7 34.3817 34.6183 -33.7 35.4746 34.4746 -33.7 36 34.3678 -33.7 36.3263 34.3263 -33.7 37 34.1899 -33.7 37.1683 34.1683 -33.7 38 34.0019 -33.7 38.002 34.002 -33.7 39.1988 34.1988 -33.7 40 34.358 -33.7 41 34.3068 -33.7 41.2689 34.2689 -33.7 42 34.1282 -33.7 42.1062 34.1062 -33.7 42.4743 34 -33.7 42.8875 33.8875 -33.7 43 33.8649 -33.7 43.6265 33.6265 -33.7 44 33.3121 -33.7 44.1804 33.1804 -33.7 44.3054 33 -33.7 45 32.2024 -33.7 45.1085 32.1085 -33.7 45.1894 32 -33.7 46 31.1312 -33.7 46.0739 31.0739 -33.7 46.1277 31 -33.7 46.757 30.243 -33.7 47 29.9983 -33.7 47.0007 29.9976 -33.7 47.9791 29 -33.7 48 27.9729 -33.7 48.2253 27.2253 -33.7 48.2691 27 -33.7 48.4398 26.4398 -33.7 48.4959 26 -33.7 48.5192 25.5192 -33.7 48.5192 25 -33.7 48.3593 24.3593 -33.7 48.3217 24 -33.7 48.0611 23.061 -33.7 48.0483 23 -33.7 48 22.8717 -33.7 47.9837 22 -33.7 47.9772 21.993 -33.7 47.2819 21.2819 -33.7 47.1435 21 -33.7 46.3135 20 -33.7 46 19.6675 -33.7 45.3929 19 -33.7 45 18.5851 -33.7 44.4835 18 -33.7 44 17.4813 -33.7 43.1583 17 -33.7 43 16.9278 -33.7 42.9064 16.9064 -33.7 42 16.665 -33.7 41.6055 16.6055 -33.7 41 16.496 -33.7 40 16.4434 -33.7 39 16.6199 -33.7 38.6408 16.6408 -33.7 38 16.043 -33.7 33.0205 16 -33.7 33 15.9962 -33.7 32.9956 15.9956 -33.7 32 15.8025 -33.7 31.6486 15.6486 -33.7 31 15.3128 -33.7 30.2852 15 -33.7 30 14.8519 -33.7 29.8121 14.8121 -33.7 29 14.57 -33.7 26 14.1073 -33.7 25 13.9931 -33.7 24 13.9931 -33.7 23.9938 13.9938 -33.7 23.9752 14 -33.7 22 14.0378 -33.7 13 14.0413 -33.7 12 14.0232 -33.7 11.9768 14 -33.7 11.7605 2.91827e-015 -33.7 11.2119 2.91827e-015 -33.7 11.1731 0.044002 -33.7 
1
104
11.3388 14.049 -32.8 12 14.7102 -32.8 12.8 14.7247 -32.8 13 14.8682 -32.8 22 14.8664 -32.8 23 14.839 -32.8 23.3829 14.8246 -32.8 24 14.8146 -32.8 24.2228 15 -32.8 24.2889 15.0955 -32.8 24.8 15.6067 -32.8 25 15.6067 -32.8 25.2 15.6114 -32.8 26 15.6163 -32.8 26.2 15.6222 -32.8 27 15.6294 -32.8 27.2 15.6349 -32.8 28 15.6425 -32.8 28.2 15.6476 -32.8 29.8 15.6703 -32.8 30 15.8091 -32.8 30.2135 16 -32.8 30.2757 16.0949 -32.8 30.8 16.6192 -32.8 31 16.6361 -32.8 32 16.6716 -32.8 36.8 16.7208 -32.8 37 16.861 -32.8 38 16.8707 -32.8 38.163 17 -32.8 38.2593 17.1195 -32.8 38.8 17.6602 -32.8 39 17.659 -32.8 39.2 17.6532 -32.8 40 17.6445 -32.8 41 17.6494 -32.8 41.2 17.6548 -32.8 42 17.6637 -32.8 42.2897 17.9197 -32.8 42.395 18 -32.8 43 18.605 -32.8 43.2 18.6273 -32.8 44 18.6582 -32.8 44.3348 19 -32.8 47 21.6758 -32.8 47.227 21.9209 -32.8 47.2971 22 -32.8 47.3121 22.8 -32.8 47.3198 23 -32.8 47.3536 25 -32.8 47.3512 26 -32.8 47.2996 28.8 -32.8 47.292 29 -32.8 47.0687 29.2386 -32.8 47 29.3151 -32.8 44 32.3309 -32.8 43.2 32.3615 -32.8 43 32.38 -32.8 42.2 32.3898 -32.8 42 32.3992 -32.8 41.3992 33 -32.8 41.1075 33.2548 -32.8 41 33.3344 -32.8 40 33.3392 -32.8 39 33.3247 -32.8 35 33.3543 -32.8 34.3543 34 -32.8 34.0874 34.2234 -32.8 34 34.2929 -32.8 32 34.3136 -32.8 30.2 34.369 -32.8 30 34.3838 -32.8 29.2 34.3934 -32.8 29 34.4074 -32.8 28.4074 35 -32.8 28.1117 35.259 -32.8 28 35.3411 -32.8 27.2 35.3493 -32.8 27 35.3542 -32.8 26.2 35.362 -32.8 26 35.3674 -32.8 25.2 35.373 -32.8 25 35.3774 -32.8 24 35.3774 -32.8 23.2 35.3631 -32.8 23 35.3532 -32.8 22.2 35.3301 -32.8 22 35.3202 -32.8 12.2 35.3284 -32.8 12 35.3354 -32.8 11.4014 35.934 -32.8 11.4173 35.6403 -32.8 11.4589 35.3783 -32.8 11.5064 34.6782 -32.8 11.548 34.4162 -32.8 11.5742 33.7161 -32.8 11.5742 17.3611 -32.8 11.5392 17.0991 -32.8 11.5192 16.399 -32.8 11.4792 16.137 -32.8 11.4374 15.437 -32.8 11.4089 15.175 -32.8 11.3678 14.4749 -32.8 11.3462 14.2129 -32.8 
1
112
11.4019 14.0537 -31.9 12 14.6518 -31.9 12.367 14.9595 -31.9 12.4243 15 -31.9 13 15.5757 -31.9 22 15.5757 -31.9 22.1 15.5668 -31.9 23 15.5186 -31.9 23.1 15.5182 -31.9 24 15.4633 -31.9 25 15.4633 -31.9 25.1 15.4682 -31.9 26 15.4894 -31.9 26.1 15.4946 -31.9 27 15.5211 -31.9 27.1 15.5256 -31.9 29 15.5771 -31.9 29.4731 15.9516 -31.9 29.549 16 -31.9 30 16.451 -31.9 30.1 16.4675 -31.9 31 16.5435 -31.9 32.1 16.5895 -31.9 36 16.6518 -31.9 36.3792 16.9558 -31.9 36.4392 17 -31.9 37 17.5608 -31.9 37.1 17.5646 -31.9 38.1 17.5829 -31.9 39 17.5772 -31.9 39.1 17.578 -31.9 40 17.5518 -31.9 40.1 17.5559 -31.9 41 17.5646 -31.9 42 17.5926 -31.9 42.4738 17.9538 -31.9 42.5386 18 -31.9 43 18.4615 -31.9 44 18.5736 -31.9 44.3627 18.9472 -31.9 44.4183 19 -31.9 47 21.5884 -31.9 47.3156 21.9443 -31.9 47.3615 22 -31.9 47.3965 22.9 -31.9 47.4035 23 -31.9 47.4268 23.9 -31.9 47.4339 24 -31.9 47.4509 26 -31.9 47.4025 27.9 -31.9 47.3949 28 -31.9 47.3607 28.9 -31.9 47.354 29 -31.9 47.0447 29.344 -31.9 47 29.3972 -31.9 44.0525 32.3577 -31.9 44 32.406 -31.9 43 32.4991 -31.9 42.1 32.5415 -31.9 42 32.5536 -31.9 41.5536 33 -31.9 41.07 33.3583 -31.9 41 33.4041 -31.9 40.1 33.4139 -31.9 40 33.4173 -31.9 39.1 33.3954 -31.9 39 33.3969 -31.9 38.1 33.3936 -31.9 37.1 33.4103 -31.9 36.1 33.4301 -31.9 36 33.4338 -31.9 35.1 33.4521 -31.9 35 33.4563 -31.9 34.4563 34 -31.9 34.0632 34.3131 -31.9 34 34.3592 -31.9 31 34.4278 -31.9 30.1 34.4945 -31.9 30 34.5075 -31.9 29 34.5785 -31.9 28.5785 35 -31.9 28.0758 35.3693 -31.9 28 35.4168 -31.9 26.1 35.4671 -31.9 26 35.4714 -31.9 25.1 35.4911 -31.9 25 35.4949 -31.9 24 35.4949 -31.9 23.1 35.4506 -31.9 23 35.4506 -31.9 22 35.4001 -31.9 13 35.4006 -31.9 12 35.4365 -31.9 11.5118 35.9247 -31.9 11.54 35.6403 -31.9 11.6608 34.8782 -31.9 11.7146 34.6782 -31.9 11.8176 34.0526 -31.9 12.0104 33.9089 -31.9 12.3257 33.7161 -31.9 12.327 33.2635 -31.9 12.4096 32.7541 -31.9 12.4092 17.9528 -31.9 12.3874 17.3611 -31.9 11.8176 16.7283 -31.9 11.8143 16.7132 -31.9 11.7723 16.399 -31.9 11.7063 16.199 -31.9 11.5898 15.437 -31.9 11.5345 15.237 -31.9 11.4517 14.4749 -31.9 11.4202 14.2749 -31.9 
1
192
11.486 14.0807 -31 12 14.5948 -31 12.5731 15 -31 13 15.4269 -31 22 15.4269 -31 23 15.3379 -31 25 15.3341 -31 29 15.5164 -31 29.7584 16 -31 30 16.2416 -31 31 16.4062 -31 36 16.5577 -31 36.6 17 -31 37 17.4 -31 38 17.4375 -31 40 17.4584 -31 42 17.5381 -31 42.6479 18 -31 43 18.3521 -31 44 18.4718 -31 44.5561 19 -31 47 21.4432 -31 47.459 22 -31 47.6008 24 -31 47.61 26 -31 47.5897 27 -31 47.4468 29 -31 47 29.5319 -31 44.5253 32 -31 44 32.4825 -31 43 32.5791 -31 42 32.6999 -31 41.6999 33 -31 41 33.4577 -31 40 33.4917 -31 38 33.5216 -31 35 33.6321 -31 34.6321 34 -31 34 34.4611 -31 31 34.5467 -31 30 34.6771 -31 29 34.7582 -31 28.7582 35 -31 28 35.4752 -31 25 35.5912 -31 23 35.5908 -31 22 35.5302 -31 13 35.5356 -31 12 35.5799 -31 11.6342 35.9458 -31 11.6658 35.7782 -31 11.7143 35.6403 -31 11.8176 35.2546 -31 11.8678 35.2102 -31 11.9555 35.1854 -31 12.7796 34.81 -31 12.9175 34.8099 -31 13.7417 34.7834 -31 21.4382 34.7834 -31 21.5079 34.7913 -31 22.2624 34.8879 -31 22.4003 34.8924 -31 22.5382 34.8936 -31 23.3623 35.081 -31 23.5002 35.0856 -31 24.3244 35.2076 -31 24.4623 35.2024 -31 25.2864 35.1595 -31 26.2485 35.0259 -31 26.3864 35.004 -31 27.2106 34.8513 -31 27.3485 34.8288 -31 28.4973 34.6782 -31 28.5609 34.6639 -31 29.1347 34.5625 -31 30.1348 34.2809 -31 30.2346 34.2587 -31 31.0588 33.8671 -31 31.1967 33.8466 -31 31.9571 33.7188 -31 32.0209 33.7063 -31 32.9829 33.5482 -31 33.945 33.3623 -31 34.1261 33.3217 -31 35.0479 33.1422 -31 35.8837 33.0004 -31 36.007 32.9815 -31 36.8312 32.8943 -31 36.9691 32.8751 -31 37.7932 32.7755 -31 38.7496 32.7582 -31 38.7553 32.7575 -31 39.6258 32.8085 -31 39.7174 32.7979 -31 40.3436 32.7541 -31 40.4368 32.7436 -31 40.6794 32.7257 -31 40.8921 32.6665 -31 41.6415 32.5474 -31 41.6893 32.5267 -31 41.7794 32.4991 -31 42.6035 32.2609 -31 42.7414 32.2103 -31 43.5656 31.7977 -31 43.5754 31.792 -31 43.5787 31.7894 -31 44.5039 30.85 -31 44.5223 30.83 -31 44.5277 30.8249 -31 45.4837 29.8679 -31 45.4897 29.8612 -31 45.827 29.3719 -31 46.1643 28.9058 -31 46.4518 28.411 -31 46.5197 28.2531 -31 46.6592 27.9438 -31 46.8852 27.1196 -31 46.9452 26.9817 -31 46.9968 26.6804 -31 47.1274 26.0196 -31 47.1299 25.0576 -31 47.1045 24.8146 -31 46.9973 24.0955 -31 46.9436 23.9452 -31 46.767 23.1335 -31 46.7572 23.1123 -31 46.7074 22.9956 -31 46.5399 22.5796 -31 46.4518 22.3408 -31 46.366 22.1714 -31 45.6922 21.2093 -31 45.6685 21.1852 -31 45.5597 21.0714 -31 45.5189 21.0274 -31 45.4897 20.9949 -31 44.7795 20.2473 -31 44.626 20.1094 -31 44.5277 20.0135 -31 43.8127 19.2852 -31 43.7984 19.2739 -31 43.7035 19.187 -31 42.7414 18.6068 -31 42.6035 18.5495 -31 41.7889 18.3232 -31 41.7455 18.3149 -31 41.6415 18.2817 -31 41.5482 18.2682 -31 40.8173 18.1361 -31 40.6794 18.1078 -31 39.8553 18.0149 -31 39.7174 17.9926 -31 38.8932 18.1155 -31 38.7553 18.1034 -31 37.9311 18.0933 -31 36.9691 17.9639 -31 36.8312 17.939 -31 36.5971 17.892 -31 35.8691 17.7684 -31 35.4964 17.6909 -31 33.6934 17.3611 -31 33.0986 17.2842 -31 32.9829 17.2667 -31 32.8254 17.2486 -31 32.0209 17.1404 -31 31.0588 16.9601 -31 30.5206 16.6973 -31 30.0967 16.4753 -31 29.7981 16.399 -31 29.5162 16.3519 -31 28.1726 16.1133 -31 27.3485 15.9509 -31 27.2106 15.9289 -31 26.3864 15.7725 -31 26.2485 15.75 -31 25.9769 15.7007 -31 25.2864 15.5942 -31 24.3244 15.5552 -31 24.1014 15.5789 -31 23.3623 15.7207 -31 23.1837 15.7377 -31 22.4003 15.9328 -31 22.2449 15.9474 -31 21.4382 16.0631 -31 13.7417 16.0631 -31 12.7796 16.0379 -31 11.9525 15.437 -31 11.9324 15.4257 -31 11.8176 15.3705 -31 11.8113 15.3571 -31 11.7851 15.2991 -31 11.5572 14.4749 -31 11.5263 14.337 -31 
2
159
30.9 16.1704 -30.1 30.1655 16.0759 -30.1 30.1726 16.077 -30.1 31.0588 16.2862 -30.1 31.1346 16.2983 -30.1 31.7823 16.3921 -30.1 31.8364 16.399 -30.1 32.0209 16.4281 -30.1 32.0967 16.4416 -30.1 32.9829 16.5671 -30.1 34.9828 16.8895 -30.1 35.8691 17.0539 -30.1 36.907 17.2318 -30.1 37.7217 17.3514 -30.1 37.7932 17.3604 -30.1 37.7986 17.3613 -30.1 37.869 17.3747 -30.1 38.7553 17.4934 -30.1 38.8311 17.5053 -30.1 39.7174 17.5833 -30.1 40.6794 17.7386 -30.1 41.6415 17.9352 -30.1 41.7173 17.9544 -30.1 42.6035 18.237 -30.1 42.7947 18.3076 -30.1 42.8344 18.3232 -30.1 42.8705 18.3381 -30.1 43.5656 18.6036 -30.1 43.6414 18.6446 -30.1 44.5277 19.1928 -30.1 44.6518 19.2852 -30.1 44.7011 19.3264 -30.1 45.4897 20.0315 -30.1 45.7134 20.2473 -30.1 45.753 20.2936 -30.1 46.4518 21.025 -30.1 46.5844 21.2093 -30.1 47.0394 22.0956 -30.1 47.0809 22.1714 -30.1 47.0939 22.2037 -30.1 47.4138 22.9537 -30.1 47.4819 23.1335 -30.1 47.7339 24.0197 -30.1 47.7541 24.0955 -30.1 47.7806 24.9818 -30.1 47.7857 25.0576 -30.1 47.784 26.0196 -30.1 47.7094 26.9817 -30.1 47.4225 27.7956 -30.1 47.4138 27.8244 -30.1 47.3697 27.9438 -30.1 46.9405 28.9058 -30.1 46.894 28.9816 -30.1 46.4577 29.7461 -30.1 46.4518 29.7579 -30.1 46.3792 29.8679 -30.1 45.4897 30.8098 -30.1 45.4682 30.83 -30.1 44.6035 31.5504 -30.1 44.5277 31.61 -30.1 44.5225 31.6131 -30.1 44.2967 31.792 -30.1 43.6362 32.1754 -30.1 43.5656 32.2143 -30.1 42.6793 32.5396 -30.1 42.6035 32.5701 -30.1 42.5789 32.5765 -30.1 41.6927 32.8464 -30.1 41.6415 32.8593 -30.1 40.6794 33.0567 -30.1 39.7174 33.2175 -30.1 38.8311 33.32 -30.1 38.7553 33.3323 -30.1 37.869 33.448 -30.1 37.7932 33.4599 -30.1 36.907 33.5829 -30.1 36.8315 33.5949 -30.1 36.8312 33.5949 -30.1 35.9449 33.7293 -30.1 34.907 33.8961 -30.1 34.0208 34.0608 -30.1 31.0419 34.5358 -30.1 30.4006 34.6782 -30.1 30.1556 34.7257 -30.1 30.0967 34.7353 -30.1 29.2888 34.8797 -30.1 29.9 34.8061 -30.1 30.9 34.7145 -30.1 31 34.7015 -30.1 31.9 34.6358 -30.1 32 34.6326 -30.1 32.9 34.579 -30.1 33 34.5762 -30.1 33.9 34.5314 -30.1 34 34.5289 -30.1 34.8683 34.0461 -30.1 34.9315 34 -30.1 35 33.9315 -30.1 35.9 33.8159 -30.1 36 33.8117 -30.1 36.9 33.7241 -30.1 37 33.7205 -30.1 37.9 33.6513 -30.1 38 33.648 -30.1 38.9 33.5917 -30.1 39 33.5903 -30.1 39.9 33.5432 -30.1 40 33.5416 -30.1 41 33.4987 -30.1 41.7456 33.0458 -30.1 41.8156 33 -30.1 42 32.8156 -30.1 42.9 32.6478 -30.1 43.9 32.5296 -30.1 44 32.5199 -30.1 44.6071 32.0482 -30.1 44.6596 32 -30.1 47 29.6725 -30.1 47.464 29.0532 -30.1 47.5086 29 -30.1 47.6259 28.1 -30.1 47.6326 28 -30.1 47.8199 27.1 -30.1 47.8275 27 -30.1 47.8498 26 -30.1 47.8489 24 -30.1 47.6731 23.1 -30.1 47.666 23 -30.1 47.5369 22.1 -30.1 47.5298 22 -30.1 47.0459 21.3284 -30.1 47 21.2727 -30.1 44.7282 19 -30.1 44.0556 18.4773 -30.1 44 18.4245 -30.1 43.9 18.4125 -30.1 43 18.2789 -30.1 42.7211 18 -30.1 42 17.4966 -30.1 40 17.3937 -30.1 39.9 17.3929 -30.1 39 17.333 -30.1 38.9 17.3317 -30.1 38 17.2584 -30.1 37.9 17.2547 -30.1 37 17.1614 -30.1 36.8386 17 -30.1 36.06 16.5468 -30.1 36 16.5025 -30.1 35.9 16.5 -30.1 35 16.4604 -30.1 34.9 16.4578 -30.1 34 16.4108 -30.1 33.9 16.4079 -30.1 33 16.3512 -30.1 32.9 16.348 -30.1 32 16.2785 -30.1 31.9 16.2745 -30.1 31 16.1869 -30.1 
22
12.7796 35.4768 -30.1 12.7577 35.4813 -30.1 12.194 35.6403 -30.1 12.1477 35.6716 -30.1 12.9 35.6716 -30.1 13 35.6672 -30.1 22.9 35.6666 -30.1 23 35.6727 -30.1 25 35.6727 -30.1 25.9 35.6262 -30.1 26 35.6225 -30.1 26.9 35.5713 -30.1 28 35.5207 -30.1 28.8387 35.0475 -30.1 28.9145 35 -30.1 28.9833 34.9312 -30.1 26.2485 35.3749 -30.1 25.2864 35.5062 -30.1 24.3244 35.5424 -30.1 23.4381 35.5128 -30.1 22.4003 35.505 -30.1 21.514 35.4763 -30.1 
1
42
47.8526 26.9566 -29.2 47.8502 26.9817 -29.2 47.5249 27.9438 -29.2 47.4138 28.2177 -29.2 47.1165 28.9058 -29.2 46.535 29.8541 -29.2 46.5261 29.8679 -29.2 46.4518 29.9664 -29.2 46.4409 29.9789 -29.2 45.6677 30.83 -29.2 45.4897 30.9962 -29.2 44.5277 31.7521 -29.2 44.527 31.7526 -29.2 44.462 31.792 -29.2 43.5656 32.286 -29.2 42.6173 32.6677 -29.2 42.6035 32.6726 -29.2 42.5982 32.6742 -29.2 41.65 32.915 -29.2 41.6415 32.9173 -29.2 40.6794 33.1025 -29.2 36.2209 33.8149 -29.2 37 33.7392 -29.2 41 33.5032 -29.2 41.8352 33 -29.2 42 32.8352 -29.2 42.8 32.7162 -29.2 43 32.679 -29.2 43.8 32.5614 -29.2 44 32.5379 -29.2 44.5392 32.1048 -29.2 44.6741 32 -29.2 45 31.6741 -29.2 45.583 31.1349 -29.2 46 30.7206 -29.2 46.5348 30.1377 -29.2 47 29.6725 -29.2 47.4269 29.1376 -29.2 47.53 29 -29.2 47.6627 28 -29.2 47.8086 27.2 -29.2 47.8502 27 -29.2 
1
42
47.846 27 -28.3 47.8462 26.9967 -28.3 47.8462 26.9957 -28.3 47.8463 26.9948 -28.3 47.537 27.9438 -28.3 47.4138 28.2532 -28.3 47.1358 28.9058 -28.3 47.1061 28.9541 -28.3 46.5227 29.8679 -28.3 46.4518 29.9626 -28.3 45.7284 30.7867 -28.3 45.6891 30.83 -28.3 45.4897 31.015 -28.3 44.5277 31.7614 -28.3 44.4821 31.79 -28.3 44.4788 31.792 -28.3 43.5656 32.2998 -28.3 43.5173 32.3192 -28.3 42.6035 32.6492 -28.3 42.2531 32.75 -28.3 42.2048 32.7623 -28.3 41.6415 32.9189 -28.3 40.6794 33.0937 -28.3 36.2618 33.8111 -28.3 37 33.7394 -28.3 41 33.5032 -28.3 41.8369 33 -28.3 42 32.8369 -28.3 42.7 32.7166 -28.3 43 32.672 -28.3 43.7 32.5853 -28.3 44 32.5412 -28.3 44.6723 32 -28.3 45 31.6723 -28.3 45.7346 31 -28.3 46 30.7346 -28.3 46.6617 30 -28.3 47 29.6617 -28.3 47.384 29.2006 -28.3 47.5441 29 -28.3 47.6249 28.3 -28.3 47.6649 28 -28.3 
1
42
47.8356 27.0036 -27.4 47.8068 27.0921 -27.4 47.5562 27.9438 -27.4 47.542 27.9795 -27.4 47.4138 28.284 -27.4 47.1572 28.8312 -27.4 47.1255 28.9058 -27.4 47.055 29.0161 -27.4 46.5416 29.8679 -27.4 46.4518 29.9873 -27.4 45.7495 30.7305 -27.4 45.6621 30.83 -27.4 45.6391 30.8513 -27.4 45.4897 30.9856 -27.4 44.5277 31.7413 -27.4 44.4453 31.792 -27.4 44.3405 31.8503 -27.4 43.5656 32.2671 -27.4 42.6035 32.6154 -27.4 42.1877 32.7419 -27.4 41.6415 32.8999 -27.4 40.6794 33.0819 -27.4 39.7174 33.2565 -27.4 36.2593 33.8111 -27.4 37 33.7392 -27.4 38 33.6616 -27.4 41 33.5031 -27.4 41.8304 33 -27.4 42 32.8304 -27.4 43 32.651 -27.4 44 32.5311 -27.4 44.6687 32 -27.4 45 31.6687 -27.4 45.7254 31 -27.4 46 30.7254 -27.4 46.403 30.2949 -27.4 46.6665 30 -27.4 47 29.6665 -27.4 47.5456 29 -27.4 47.6263 28.4 -27.4 47.6725 28 -27.4 47.764 27.4 -27.4 
0
0
0
0
