31
0
0
0
0
0
0
0
0
0
0
0
0
0
0
0
0
0
0
0
0
0
0
0
1
31
11.6186 14.3991 -30.1 11.637 14.4749 -30.1 11.6495 14.5001 -30.1 11.8176 14.8731 -30.1 11.8934 14.9063 -30.1 12.7796 15.3327 -30.1 12.8554 15.333 -30.1 13.7417 15.3513 -30.1 21.514 15.3513 -30.1 22.4003 15.3012 -30.1 23.4381 15.2909 -30.1 24.3244 15.2577 -30.1 25.2864 15.2939 -30.1 26.2485 15.4251 -30.1 29.2105 15.8978 -30.1 29.9899 16.0444 -30.1 29.9454 16 -30.1 29.0758 15.5169 -30.1 29 15.4685 -30.1 27.9 15.4153 -30.1 26.9 15.3565 -30.1 26 15.2906 -30.1 25.9 15.2858 -30.1 25 15.2229 -30.1 23 15.2232 -30.1 22.9 15.2321 -30.1 13 15.2321 -30.1 12.7679 15 -30.1 12.0573 14.6029 -30.1 12 14.5624 -30.1 11.5556 14.118 -30.1 
5
19
11.5772 14.136 -29.2 12 14.5588 -29.2 12.7895 15 -29.2 13 15.2105 -29.2 25 15.2105 -29.2 29 15.463 -29.2 29.9131 15.9703 -29.2 26.2485 15.3848 -29.2 25.2864 15.2533 -29.2 24.3382 15.2172 -29.2 24.3244 15.2164 -29.2 23.3761 15.2164 -29.2 23.3623 15.2161 -29.2 12.7936 15.2161 -29.2 12.7796 15.2161 -29.2 11.8314 14.8003 -29.2 11.8176 14.7946 -29.2 11.6618 14.4792 -29.2 11.6595 14.4749 -29.2 
9
32 16.2602 -29.2 36 16.4966 -29.2 36.8643 17 -29.2 36.9688 17.1045 -29.2 36.845 17.0845 -29.2 36.8312 17.082 -29.2 35.8829 16.9291 -29.2 35.8691 16.9271 -29.2 31.2168 16.1835 -29.2 
42
38 17.2391 -29.2 39 17.3204 -29.2 42 17.492 -29.2 42.1458 17.5936 -29.2 42.7777 18 -29.2 43 18.2223 -29.2 43.8 18.3745 -29.2 44 18.4042 -29.2 44.7512 19 -29.2 45.1529 19.3982 -29.2 45.8054 20 -29.2 46.1492 20.3474 -29.2 46.7259 21 -29.2 47 21.2741 -29.2 47.1075 21.4234 -29.2 47.5554 22 -29.2 47.6903 23 -29.2 47.7294 23.2 -29.2 47.8619 24 -29.2 47.8619 24.0257 -29.2 47.6242 23.1335 -29.2 47.6215 23.1251 -29.2 47.4138 22.5804 -29.2 47.2515 22.1768 -29.2 47.2496 22.1714 -29.2 47.2414 22.1576 -29.2 46.7229 21.2093 -29.2 46.4518 20.8348 -29.2 45.957 20.2559 -29.2 45.9501 20.2473 -29.2 45.4897 19.8071 -29.2 44.872 19.2923 -29.2 44.8631 19.2852 -29.2 44.5277 19.0333 -29.2 43.5656 18.5126 -29.2 43.1142 18.3257 -29.2 43.1004 18.3208 -29.2 42.6035 18.1261 -29.2 41.6553 17.8859 -29.2 41.6415 17.8819 -29.2 40.6794 17.6974 -29.2 37.4453 17.1817 -29.2 
12
12.7796 35.5833 -29.2 12.5022 35.6403 -29.2 12.4218 35.6818 -29.2 25 35.6818 -29.2 28 35.5254 -29.2 28.9323 35 -29.2 28.9459 34.9863 -29.2 28.9461 34.9862 -29.2 28.947 34.9853 -29.2 26.2485 35.4152 -29.2 25.2864 35.5467 -29.2 24.3244 35.5833 -29.2 
4
34.9191 34.025 -29.2 34 34.5362 -29.2 31 34.719 -29.2 30.0585 34.8063 -29.2 
5
7
24.5883 15.2105 -28.3 25.2381 15.2515 -28.3 25.2864 15.2533 -28.3 26.2485 15.3854 -28.3 29.9108 15.9687 -28.3 29 15.4634 -28.3 25 15.2105 -28.3 
9
31.2693 16.1883 -28.3 32 16.2602 -28.3 33 16.3379 -28.3 36 16.4967 -28.3 36.8636 17 -28.3 36.9505 17.0869 -28.3 36.8312 17.0657 -28.3 36.7829 17.0579 -28.3 35.8691 16.9278 -28.3 
44
37.5507 17.1933 -28.3 38 17.2397 -28.3 39 17.3209 -28.3 42 17.492 -28.3 42.2369 17.6444 -28.3 42.7682 18 -28.3 43 18.2318 -28.3 43.7 18.3428 -28.3 44 18.3998 -28.3 44.7502 19 -28.3 45 19.2498 -28.3 45.8249 20 -28.3 46 20.1751 -28.3 46.2162 20.4198 -28.3 46.7138 21 -28.3 47 21.2862 -28.3 47.1679 21.5024 -28.3 47.5689 22 -28.3 47.6087 22.3 -28.3 47.6827 23 -28.3 47.8397 24 -28.3 47.8416 24.0307 -28.3 47.6064 23.1335 -28.3 47.4244 22.5799 -28.3 47.4138 22.5521 -28.3 47.4055 22.5316 -28.3 47.279 22.1714 -28.3 46.7411 21.2576 -28.3 46.7147 21.2093 -28.3 46.4518 20.8448 -28.3 46.4266 20.8153 -28.3 45.9691 20.2473 -28.3 45.4897 19.783 -28.3 45.4582 19.7568 -28.3 44.8707 19.2852 -28.3 44.5277 19.0307 -28.3 43.5656 18.5008 -28.3 43.5426 18.4913 -28.3 42.6288 18.1616 -28.3 42.6035 18.1517 -28.3 42.5552 18.1395 -28.3 41.6415 17.8784 -28.3 40.6794 17.6977 -28.3 37.7449 17.2277 -28.3 
10
12.7796 35.5833 -28.3 12.5022 35.6403 -28.3 12.4218 35.6818 -28.3 25 35.6818 -28.3 28 35.5249 -28.3 28.9316 35 -28.3 28.9471 34.9845 -28.3 26.2485 35.4146 -28.3 25.2864 35.5467 -28.3 24.3244 35.5833 -28.3 
4
34.9181 34.0251 -28.3 34 34.5358 -28.3 31 34.7194 -28.3 30.0615 34.8063 -28.3 
5
7
25 15.2105 -27.4 29 15.4636 -27.4 29.9099 15.9682 -27.4 26.2485 15.385 -27.4 25.2864 15.2531 -27.4 25.1761 15.2462 -27.4 24.7154 15.2105 -27.4 
8
31.2768 16.1885 -27.4 35.8691 16.9275 -27.4 36.8312 17.0628 -27.4 36.9468 17.0829 -27.4 36.8638 17 -27.4 36 16.4966 -27.4 33 16.3378 -27.4 32 16.2598 -27.4 
41
37.6191 17.2004 -27.4 38 17.2397 -27.4 39 17.3209 -27.4 42 17.4925 -27.4 42.3036 17.6957 -27.4 42.7413 18 -27.4 43 18.2587 -27.4 44 18.4107 -27.4 44.7447 19 -27.4 45 19.2553 -27.4 45.8148 20 -27.4 46 20.1852 -27.4 46.2843 20.5167 -27.4 46.7152 21 -27.4 47 21.2848 -27.4 47.572 22 -27.4 47.6143 22.4 -27.4 47.6902 23 -27.4 47.7515 23.4 -27.4 47.8283 23.9666 -27.4 47.6532 23.2438 -27.4 47.6243 23.1335 -27.4 47.4358 22.6451 -27.4 47.4138 22.5783 -27.4 47.3985 22.5348 -27.4 47.2515 22.1714 -27.4 46.7755 21.3196 -27.4 46.7106 21.2093 -27.4 46.4518 20.8481 -27.4 46.3966 20.7796 -27.4 45.9499 20.2473 -27.4 45.4897 19.8024 -27.4 44.8507 19.2852 -27.4 44.5277 19.0459 -27.4 44.4174 18.9851 -27.4 43.5656 18.5328 -27.4 42.6035 18.1848 -27.4 42.4932 18.1533 -27.4 41.6415 17.8848 -27.4 40.6794 17.6975 -27.4 37.7932 17.231 -27.4 
10
12.7796 35.5833 -27.4 12.5022 35.6403 -27.4 12.4218 35.6818 -27.4 25 35.6818 -27.4 28 35.5248 -27.4 28.931 35 -27.4 28.9471 34.9839 -27.4 26.2485 35.415 -27.4 25.2864 35.5469 -27.4 24.3244 35.5833 -27.4 
4
30.0623 34.8064 -27.4 31 34.7197 -27.4 34 34.5358 -27.4 34.9183 34.0247 -27.4 
7
10
26 15.338 -26.5 26.5 15.4184 -26.5 27 15.4553 -26.5 27.5 15.5356 -26.5 28 15.5656 -26.5 28.5 15.4391 -26.5 29 15.4637 -26.5 29.9106 15.9688 -26.5 26.2485 15.3846 -26.5 25.8101 15.3247 -26.5 
9
31.5 16.2101 -26.5 32 16.2594 -26.5 33 16.3374 -26.5 36 16.4965 -26.5 36.8644 17 -26.5 36.9466 17.0822 -26.5 36.8312 17.062 -26.5 35.8691 16.9273 -26.5 31.3548 16.2007 -26.5 
42
37.6236 17.2003 -26.5 40.6794 17.6974 -26.5 41.6415 17.8873 -26.5 42.4311 18.1112 -26.5 42.6035 18.1655 -26.5 42.6701 18.1896 -26.5 43.4598 18.4959 -26.5 43.5656 18.5342 -26.5 44.5277 19.032 -26.5 44.8727 19.2852 -26.5 45.4897 19.7928 -26.5 45.9584 20.2473 -26.5 46.4518 20.8411 -26.5 46.4981 20.9058 -26.5 46.7074 21.2093 -26.5 47.2346 22.1714 -26.5 47.384 22.5063 -26.5 47.4138 22.5798 -26.5 47.452 22.6787 -26.5 47.6411 23.1335 -26.5 47.6828 23.3059 -26.5 47.8166 23.9924 -26.5 47.7668 23.5 -26.5 47.5662 22 -26.5 47 21.2864 -26.5 46.7136 21 -26.5 46 20.1884 -26.5 45.8116 20 -26.5 45 19.2459 -26.5 44.7541 19 -26.5 44 18.4086 -26.5 43.5 18.3348 -26.5 43 18.3044 -26.5 42.8648 18.1691 -26.5 42.7445 18 -26.5 42.3647 17.7464 -26.5 42 17.4928 -26.5 40.5 17.4139 -26.5 40 17.5126 -26.5 39.5 17.4797 -26.5 39 17.3208 -26.5 38 17.2393 -26.5 
34
47.8252 26.8548 -26.5 47.8035 26.9817 -26.5 47.7528 27.1541 -26.5 47.5717 27.9438 -26.5 47.5457 28.0054 -26.5 47.4138 28.2772 -26.5 47.1319 28.795 -26.5 47.08 28.9058 -26.5 46.9761 29.0782 -26.5 46.5349 29.8679 -26.5 46.5184 29.8899 -26.5 46.4518 29.9834 -26.5 45.8191 30.6796 -26.5 45.677 30.83 -26.5 45.4897 31.0005 -26.5 44.5277 31.7507 -26.5 44.4589 31.792 -26.5 43.5656 32.2676 -26.5 43.3932 32.3301 -26.5 42.6474 32.6164 -26.5 43 32.5514 -26.5 43.5 32.5907 -26.5 44 32.5321 -26.5 44.676 32 -26.5 45 31.6761 -26.5 45.722 31 -26.5 46 30.722 -26.5 46.6667 30 -26.5 47 29.6667 -26.5 47.5374 29 -26.5 47.616 28.5 -26.5 47.6833 28 -26.5 47.7317 27.5 -26.5 47.808 27 -26.5 
15
24.3244 35.5833 -26.5 25.2864 35.5469 -26.5 26.2485 35.4153 -26.5 28.9473 34.9833 -26.5 28.9305 35 -26.5 28 35.5248 -26.5 26.5 35.6012 -26.5 26 35.5173 -26.5 25.5 35.5433 -26.5 25 35.6076 -26.5 22.5 35.6076 -26.5 22 35.6818 -26.5 12.4218 35.6818 -26.5 12.5022 35.6403 -26.5 12.7796 35.5833 -26.5 
5
30.2394 34.7776 -26.5 30.5 34.7658 -26.5 31 34.7197 -26.5 34 34.5358 -26.5 34.9184 34.0247 -26.5 
11
39.7174 33.2558 -26.5 41.6415 32.9031 -26.5 42.033 32.7966 -26.5 42 32.8075 -26.5 41.9156 32.9131 -26.5 41.8287 33 -26.5 41 33.5031 -26.5 38 33.6614 -26.5 37 33.7388 -26.5 36.5 33.7873 -26.5 36.3438 33.797 -26.5 
7
18
32.4 16.3621 -25.6 33 16.4089 -25.6 33.4 16.4734 -25.6 34 16.5115 -25.6 34.4 16.5761 -25.6 35 16.6075 -25.6 35.4 16.6714 -25.6 35.9394 16.6948 -25.6 35.9397 16.6948 -25.6 36 16.6974 -25.6 36.5188 16.9995 -25.6 36.5219 17 -25.6 36.9188 17.0539 -25.6 36.9467 17.0818 -25.6 36.8312 17.0617 -25.6 35.8691 16.9273 -25.6 31.9305 16.2934 -25.6 32 16.2979 -25.6 
11
41 17.5845 -25.6 41.4 17.4618 -25.6 42 17.4928 -25.6 42.7665 18 -25.6 42.8557 18.1196 -25.6 42.9727 18.2842 -25.6 42.6035 18.1398 -25.6 42.369 18.0733 -25.6 41.6415 17.8849 -25.6 40.6794 17.6972 -25.6 40.541 17.675 -25.6 
29
44 18.5472 -25.6 44.4599 18.9078 -25.6 44.6156 19 -25.6 44.86 19.1584 -25.6 45 19.2985 -25.6 45.4906 19.7584 -25.6 45.7579 20 -25.6 46 20.2435 -25.6 46.0003 20.2439 -25.6 46.4255 20.7341 -25.6 46.6441 21 -25.6 46.8254 21.3227 -25.6 47 21.4973 -25.6 47.3366 21.9227 -25.6 47.3781 22 -25.6 47.4615 22.6 -25.6 47.6522 23 -25.6 47.6845 23.3178 -25.6 47.6486 23.1335 -25.6 47.4138 22.5681 -25.6 47.2343 22.1714 -25.6 46.7128 21.2093 -25.6 46.4518 20.8353 -25.6 45.9641 20.2473 -25.6 45.4897 19.7781 -25.6 44.8888 19.2852 -25.6 44.5277 19.0261 -25.6 43.5656 18.5245 -25.6 43.5543 18.5201 -25.6 
36
47.7595 27.1397 -25.6 47.742 27.2162 -25.6 47.5613 27.9438 -25.6 47.4138 28.2406 -25.6 46.9193 29.1403 -25.6 46.528 29.8679 -25.6 46.4518 29.9758 -25.6 45.8867 30.6233 -25.6 45.6988 30.83 -25.6 45.6522 30.8726 -25.6 45.4897 31.027 -25.6 45.2552 31.2095 -25.6 44.5277 31.7539 -25.6 44.4626 31.792 -25.6 43.5656 32.2762 -25.6 43.51 32.2975 -25.6 44 32.336 -25.6 44.0204 32.3239 -25.6 44.4316 32 -25.6 44.6204 31.8112 -25.6 45 31.5749 -25.6 45.1882 31.4112 -25.6 45.6239 31 -25.6 46 30.619 -25.6 46.159 30.4358 -25.6 46.5561 30 -25.6 46.759 29.7971 -25.6 46.7592 29.7968 -25.6 46.8819 29.5982 -25.6 46.8824 29.5975 -25.6 47 29.4071 -25.6 47.0056 29.3971 -25.6 47.3243 29 -25.6 47.5078 28.6 -25.6 47.6021 28 -25.6 47.7149 27.6 -25.6 
4
12.7796 35.5833 -25.6 12.5891 35.6225 -25.6 22.4 35.6224 -25.6 22.6633 35.5833 -25.6 
10
30.843 34.6805 -25.6 31 34.6734 -25.6 31.4 34.6098 -25.6 32 34.5658 -25.6 32.4 34.5015 -25.6 33 34.4655 -25.6 33.4 34.4006 -25.6 34 34.3704 -25.6 34.3032 34.3215 -25.6 34.803 34.0434 -25.6 
15
39.7174 33.2559 -25.6 41.6415 32.9057 -25.6 41.9716 32.8244 -25.6 41.8313 33 -25.6 41 33.5031 -25.6 40.4 33.5291 -25.6 40 33.3919 -25.6 39.4 33.423 -25.6 39 33.4873 -25.6 38.4 33.525 -25.6 38 33.5892 -25.6 37.4 33.6357 -25.6 37.0002 33.6995 -25.6 37 33.6995 -25.6 36.9213 33.7044 -25.6 
0
0
