5
1
8
-0.792348 11 -0.170134 -0.775413 52 -0.170134 0 52.7754 -0.170134 54 52.8 -0.170134 54.8 52 -0.170134 54.7936 11 -0.170134 54 10.2064 -0.170134 0 10.2076 -0.170134 
1
8
0 10.0482 7.82987 -0.951798 11 7.82987 -0.931009 52 7.82987 0 52.931 7.82987 54 52.9664 7.82987 54.9664 52 7.82987 54.9535 11 7.82987 54 10.0465 7.82987 
3
16
0 10.0652 15.8299 -0.934793 11 15.8299 -0.922149 52 15.8299 0 52.9221 15.8299 20 52.8866 15.8299 54 52.9639 15.8299 54.9639 52 15.8299 54.9365 11 15.8299 54 10.0635 15.8299 23 10.3637 15.8299 22 10.3808 15.8299 17.8299 10.314 15.8299 16.8299 10.2792 15.8299 16 10.2416 15.8299 15.8299 10.2373 15.8299 15 10.2036 15.8299 
31
24 19.4148 15.8299 23.1987 21 15.8299 23.1429 21.1429 15.8299 23.1147 22 15.8299 23.2477 22.2477 15.8299 23.4297 22.6889 15.8299 23.5454 23 15.8299 24 23.582 15.8299 24.8734 23.8734 15.8299 25 23.9271 15.8299 25.837 23.837 15.8299 26 23.8536 15.8299 26.1634 23.8366 15.8299 26.9265 23.7091 15.8299 27 23.7014 15.8299 27.3883 23.605 15.8299 28 23.5233 15.8299 28.8884 23.0954 15.8299 29 23.0622 15.8299 29.051 23 15.8299 29 21.364 15.8299 28.959 21 15.8299 28.774 20.774 15.8299 28.2704 20 15.8299 27 19.1932 15.8299 26 18.575 15.8299 25 17.9751 15.8299 24.9982 17.9812 15.8299 24.9901 18 15.8299 24.9687 18.0313 15.8299 24.2754 19.2754 15.8299 
43
10.068 45.021 15.8299 10.0306 45 15.8299 10.1076 44.8924 15.8299 10.5829 44 15.8299 10.8997 43.2298 15.8299 11.1631 42.1701 15.8299 11.1845 42 15.8299 11.3097 41.1701 15.8299 11.377 40 15.8299 11.9133 39.1701 15.8299 11.9776 39.0651 15.8299 12 39.0494 15.8299 12.1291 39.007 15.8299 13 38.7805 15.8299 13.7962 38.9876 15.8299 13.8523 39 15.8299 14 39.0414 15.8299 14.0551 39.1219 15.8299 14.0911 39.1701 15.8299 14.657 40 15.8299 14.7381 40.1701 15.8299 15 40.9135 15.8299 15.0269 41 15.8299 15.0547 41.1701 15.8299 15.4457 42 15.8299 15.5188 42.1701 15.8299 15.5473 43.1701 15.8299 15.521 44 15.8299 15.4032 45 15.8299 15.3294 45.0813 15.8299 15 45.4229 15.8299 14.4229 46 15.8299 14.4074 46.1701 15.8299 14.3499 47 15.8299 14 47.3277 15.8299 13 47.329 15.8299 12.917 47.2688 15.8299 12.5573 47 15.8299 12 46.4427 15.8299 11 46.4104 15.8299 10.883 46.334 15.8299 10.4143 46 15.8299 10.4291 45.8299 15.8299 
2
238
0 10.0824 23.8299 -0.91754 11 23.8299 -0.932993 52 23.8299 0 52.933 23.8299 54 52.9636 23.8299 54.9636 52 23.8299 54.9145 11 23.8299 54 10.0855 23.8299 42.8299 10.2763 23.8299 41.8299 10.3254 23.8299 41 10.3849 23.8299 40.8299 10.3908 23.8299 40 10.4486 23.8299 39.8299 10.4556 23.8299 39 10.5185 23.8299 38.8299 10.5274 23.8299 38 10.6146 23.8299 37.8299 10.6193 23.8299 37 10.7481 23.8299 36.8299 10.7647 23.8299 36 10.7516 23.8299 35.8299 10.8069 23.8299 35.4692 10.9824 23.8299 35.4374 11 23.8299 36 11.5763 23.8299 36.7638 11.8652 23.8299 36.8383 12 23.8299 37 12.1681 23.8299 37.3331 12.3331 23.8299 38 12.171 23.8299 38.1145 12.1145 23.8299 39.6658 12.8278 23.8299 40 12.9233 23.8299 40.0933 13 23.8299 41 13.9286 23.8299 41.061 14 23.8299 41.1969 14.2395 23.8299 41.4976 15 23.8299 41.7205 15.7205 23.8299 41 15.8505 23.8299 40.9045 15.9045 23.8299 40 15.864 23.8299 39.8944 15.8944 23.8299 39.9242 16 23.8299 39.673 16.8299 23.8299 39.7234 17 23.8299 39.755 17.1701 23.8299 40.0053 18 23.8299 40.0061 18.0495 23.8299 40.0059 19 23.8299 40.2326 20 23.8299 40.3053 20.1701 23.8299 40.6383 21 23.8299 40.6952 21.1701 23.8299 40.6674 22 23.8299 40.6493 22.1701 23.8299 40.5868 23 23.8299 40.5545 23.1701 23.8299 40.41 24 23.8299 40.2526 24.8299 23.8299 40.2163 25 23.8299 40.0709 25.7666 23.8299 40 26.0566 23.8299 39.7669 26.8299 23.8299 39.6957 27 23.8299 39.6749 27.0288 23.8299 38.9617 27.8587 23.8299 38.8567 28 23.8299 38.1364 28.8299 23.8299 38.0713 28.9087 23.8299 38.0002 29 23.8299 38 29.0003 23.8299 37.9245 29.0822 23.8299 37.2755 29.8299 23.8299 37.1809 29.9443 23.8299 37.1376 30 23.8299 37 30.1586 23.8299 36.954 30.2085 23.8299 36.4147 30.8299 23.8299 36.2905 30.98 23.8299 36.275 31 23.8299 36 31.3169 23.8299 35.9739 31.3348 23.8299 35.3035 31.8299 23.8299 35.1594 31.9114 23.8299 35.0139 32 23.8299 35 32.0078 23.8299 33.8299 32.4647 23.8299 32.8299 32.813 23.8299 32 33.0454 23.8299 31 33.2073 23.8299 30.2841 33.2024 23.8299 30 33.1953 23.8299 29.3091 33.1642 23.8299 28 33.0652 23.8299 27 33.0132 23.8299 26.8761 33.0045 23.8299 26 32.9093 23.8299 25.1701 32.795 23.8299 25 32.7397 23.8299 24.8299 32.7578 23.8299 24 32.7728 23.8299 23.8299 32.7848 23.8299 23 32.771 23.8299 22.8299 32.7712 23.8299 22 32.6525 23.8299 21.8299 32.6752 23.8299 20.8299 32.8847 23.8299 20.7471 32.9083 23.8299 20.464 33 23.8299 20 33.1206 23.8299 19.4846 33.2299 23.8299 19 33.3196 23.8299 18.2833 33.4992 23.8299 18 33.5515 23.8299 17.2341 33.7919 23.8299 17.1989 33.8011 23.8299 17 33.8102 23.8299 16.7534 33.7534 23.8299 16.5857 34 23.8299 16.3758 34.6242 23.8299 16.0007 35.3626 23.8299 16 35.3646 23.8299 15.7423 35.7423 23.8299 15.6781 36 23.8299 15.5616 36.4384 23.8299 15.2139 37 23.8299 15 37.3027 23.8299 14.7985 37.432 23.8299 14.9724 37.6191 23.8299 14.7918 38 23.8299 14.7936 38.1701 23.8299 14.7181 39 23.8299 14.9741 39.1939 23.8299 15 39.2161 23.8299 15.08 39.364 23.8299 15.5946 40 23.8299 15.595 40.1701 23.8299 15.4564 42.1701 23.8299 15.4147 43 23.8299 15.4105 43.1701 23.8299 15.3724 44 23.8299 15.368 44.1701 23.8299 15.3146 45 23.8299 15.2666 45.0387 23.8299 15 45.2238 23.8299 14.2238 46 23.8299 14.1926 47 23.8299 14.1601 47.0294 23.8299 14 47.1616 23.8299 13 47.1683 23.8299 12.799 47 23.8299 12 46.201 23.8299 11 46.1962 23.8299 10.7821 46 23.8299 10 45.2179 23.8299 9.76096 45 23.8299 9.61625 42 23.8299 10 41.3846 23.8299 10.3846 41 23.8299 10.2958 40.1701 23.8299 10.2908 40 23.8299 10.2533 39.8299 23.8299 10.015 39.0524 23.8299 10 39.0236 23.8299 9.98942 39 23.8299 10 38.9681 23.8299 10.3965 38.1701 23.8299 10.5159 38 23.8299 10.2085 37.1701 23.8299 10.2442 37.0939 23.8299 10.303 37 23.8299 9.79572 35.706 23.8299 9.55491 35 23.8299 9.26829 34.2683 23.8299 9.91175 34 23.8299 9.42602 33.574 23.8299 9.6035 33 23.8299 9.80812 32.5317 23.8299 9.8434 32 23.8299 10.3261 31 23.8299 10.5192 30.2702 23.8299 10.5269 30 23.8299 10.1974 29.1974 23.8299 10.1219 29 23.8299 9.46673 27.3993 23.8299 9.31235 27 23.8299 9.22537 26.7912 23.8299 9.17013 26.6429 23.8299 9 26.2505 23.8299 8.51174 25 23.8299 8.51158 24.2976 23.8299 8.44528 24 23.8299 9 23.2688 23.8299 9.04343 23.2023 23.8299 9.06958 23.1701 23.8299 9.13763 23 23.8299 9.58518 22.1701 23.8299 9.66286 22.0511 23.8299 10 21.6785 23.8299 11.0101 20.1307 23.8299 11.0982 20 23.8299 11.6079 19.1701 23.8299 11.69 19.0582 23.8299 11.7359 19 23.8299 12.2519 18.2931 23.8299 12.5067 18 23.8299 13 17.4012 23.8299 13.1701 17.2996 23.8299 14 17.1618 23.8299 14.8299 17.1223 23.8299 15 17.1042 23.8299 15.1701 17.0155 23.8299 15.1901 17.0114 23.8299 15.2138 17 23.8299 15.6023 16.1945 23.8299 15.611 16 23.8299 15.6629 15.212 23.8299 15.7392 15 23.8299 16 14.684 23.8299 16.3655 14.3904 23.8299 16.7609 14 23.8299 16.1701 13.752 23.8299 14.1641 12.9931 23.8299 14 12.8297 23.8299 13.1701 12.5153 23.8299 13.1624 12.5085 23.8299 13 12.454 23.8299 12.5406 12 23.8299 12.3748 11 23.8299 12.2028 10.8602 23.8299 12.1701 10.8324 23.8299 12 10.7962 23.8299 11.8299 10.7572 23.8299 11 10.4566 23.8299 10 10.3335 23.8299 9 10.2591 23.8299 8 10.2106 23.8299 
59
17.3006 40.3006 23.8299 17.2611 40 23.8299 18 39.2326 23.8299 18.1628 39.1628 23.8299 18.6837 39 23.8299 19 38.9065 23.8299 19.2692 38.8949 23.8299 20 38.796 23.8299 20.5222 38.9799 23.8299 20.6618 39 23.8299 21 39.0798 23.8299 21.8299 39.482 23.8299 22 39.4605 23.8299 22.8299 39.8423 23.8299 23 39.8817 23.8299 23.2572 40 23.8299 23.8736 40.1966 23.8299 24 40.2547 23.8299 24.8299 40.4079 23.8299 25.0733 40.5198 23.8299 25.7436 41 23.8299 25.9031 41.1595 23.8299 26 41.1922 23.8299 26.8299 41.4428 23.8299 27 41.4812 23.8299 27.448 42 23.8299 27.4685 42.1701 23.8299 27.4681 43 23.8299 27.4467 43.1701 23.8299 27.3706 44.1701 23.8299 27.3322 45 23.8299 27.3218 45.1701 23.8299 27.2866 46.1701 23.8299 27.2774 47 23.8299 27 47.339 23.8299 26.2711 48.0682 23.8299 26 48.3544 23.8299 25.8299 48.3687 23.8299 25 48.4214 23.8299 24.4014 48 23.8299 24 47.5986 23.8299 23.8299 47.5723 23.8299 23 47.4752 23.8299 22.8853 47.3864 23.8299 22.4018 47 23.8299 22.0554 46.6536 23.8299 22 46.5589 23.8299 21.8502 46.4835 23.8299 21.2044 46 23.8299 21.0203 45.7189 23.8299 21 45.7037 23.8299 20.1701 45.2944 23.8299 20.0209 45.1395 23.8299 20 45.1249 23.8299 19.752 45 23.8299 19.2572 44.6873 23.8299 19.1701 44.6138 23.8299 19 44.3939 23.8299 18.562 44 23.8299 
1
225
0 10.0798 31.8299 -0.920151 11 31.8299 -0.933649 52 31.8299 0 52.9337 31.8299 54 52.9635 31.8299 54.9635 52 31.8299 54.912 11 31.8299 54 10.088 31.8299 46 10.228 31.8299 43 10.3473 31.8299 42.8299 10.3591 31.8299 42 10.4032 31.8299 41.8299 10.42 31.8299 41 10.4796 31.8299 40.4796 11 31.8299 41 11.5204 31.8299 41.8299 11.58 31.8299 42 11.5968 31.8299 42.0978 11.6742 31.8299 42.4912 12 31.8299 43 12.5088 31.8299 43.1071 12.6066 31.8299 43.4757 13 31.8299 44 13.5243 31.8299 44.0875 13.6314 31.8299 44.4101 14 31.8299 44.4313 14.1701 31.8299 44.4809 15 31.8299 44.5052 15.1701 31.8299 44.5494 16 31.8299 44.5337 16.1701 31.8299 44.5372 17 31.8299 44.5169 17.1701 31.8299 44.5146 18 31.8299 44.5003 18.1701 31.8299 44.4646 19 31.8299 44 19.4493 31.8299 43.8299 19.4649 31.8299 43 19.486 31.8299 42 19.515 31.8299 41.515 20 31.8299 41.5115 20.1701 31.8299 41.5179 23 31.8299 41.5141 23.1701 31.8299 41.5168 24 31.8299 41.5109 24.1701 31.8299 41.5111 25 31.8299 41.4228 26 31.8299 41 26.4991 31.8299 40.4991 27 31.8299 40.4801 27.1701 31.8299 40.4005 28 31.8299 40 28.4682 31.8299 39.4682 29 31.8299 39.3831 29.1077 31.8299 39 29.5765 31.8299 38.5765 30 31.8299 38.551 30.1701 31.8299 38.4461 31 31.8299 38 31.4678 31.8299 37.8299 31.5203 31.8299 37 31.7168 31.8299 36.7168 32 31.8299 36.5776 32.1347 31.8299 36 32.7572 31.8299 35.7572 33 31.8299 35.6225 33.1044 31.8299 35 33.5671 31.8299 34.8299 33.6092 31.8299 34 33.6862 31.8299 33.6862 34 31.8299 33 34.5004 31.8299 32 34.5111 31.8299 31 34.5065 31.8299 30 34.5297 31.8299 29.8299 34.5171 31.8299 29 34.4919 31.8299 28.8299 34.4805 31.8299 26 34.3709 31.8299 25.902 34.3006 31.8299 25.5026 34 31.8299 25 33.4974 31.8299 24.8299 33.4901 31.8299 24 33.4808 31.8299 23.8299 33.4904 31.8299 23 33.4784 31.8299 22.8299 33.4857 31.8299 22 33.5065 31.8299 21.8299 33.515 31.8299 21 33.5383 31.8299 20.5383 34 31.8299 20.4223 34.0796 31.8299 20 34.4101 31.8299 19.4101 35 31.8299 19 35.4969 31.8299 18.4969 36 31.8299 18.4776 36.1701 31.8299 18.4134 37 31.8299 19 37.5866 31.8299 19.2922 38 31.8299 20 38.7078 31.8299 21 38.7719 31.8299 21.0381 38.8125 31.8299 21.1944 39 31.8299 22 39.8056 31.8299 23 39.823 31.8299 23.1651 40 31.8299 24 40.8349 31.8299 25 40.8472 31.8299 25.1418 41 31.8299 26 41.8582 31.8299 27 41.867 31.8299 27.1236 42 31.8299 27.1071 47 31.8299 27 47.1116 31.8299 26 48.1133 31.8299 25 48.1183 31.8299 24.8695 48 31.8299 24 47.1305 31.8299 23 47.1354 31.8299 22.8524 47 31.8299 22 46.1476 31.8299 21.8387 46 31.8299 21 45.1613 31.8299 20 45.1638 31.8299 19.8192 45 31.8299 19 44.1808 31.8299 18 44.1802 31.8299 17.9602 44.1457 31.8299 17.7756 44 31.8299 17 43.2244 31.8299 16.6987 43 31.8299 16 42.3013 31.8299 15.3013 43 31.8299 15.2327 44 31.8299 15.1895 45 31.8299 15 45.1627 31.8299 14.1627 46 31.8299 14.1403 47 31.8299 14 47.1246 31.8299 13 47.1252 31.8299 12.8568 47 31.8299 12 46.1432 31.8299 11 46.1433 31.8299 10.836 46 31.8299 10 45.164 31.8299 9.81212 45 31.8299 9.76979 44 31.8299 9.70284 43 31.8299 9.58105 42 31.8299 9.29777 41 31.8299 9 40.7022 31.8299 8.82987 40.6327 31.8299 8 40.5137 31.8299 7.93107 40.462 31.8299 7.41177 40 31.8299 7.10121 39.6895 31.8299 7 39.6417 31.8299 6.89054 39.5193 31.8299 6.3753 39 31.8299 6.3815 38.1701 31.8299 6.43106 37.1701 31.8299 6.42814 37 31.8299 6.42931 36.1701 31.8299 6.41436 36 31.8299 6 35.5857 31.8299 5.91974 35.4653 31.8299 5.55958 35 31.8299 5.50448 34.1701 31.8299 5.49733 34 31.8299 5.58474 33.858 31.8299 6 33.0731 31.8299 6.07306 33 31.8299 6.22462 32.1701 31.8299 6.23983 32 31.8299 6.34233 31.1701 31.8299 6.3546 31 31.8299 6.40249 30.1701 31.8299 6.47413 30 31.8299 6.51707 29.9123 31.8299 7 29.347 31.8299 7.26459 29.0825 31.8299 7.29448 29 31.8299 7.45929 28 31.8299 7 27.5407 31.8299 6.92624 27.4301 31.8299 6.5921 27 31.8299 6.55949 26 31.8299 6.57554 25.1701 31.8299 6.57236 25 31.8299 6.60359 24.1701 31.8299 6.6133 24 31.8299 6.63492 23.1701 31.8299 6.6423 23 31.8299 6.70849 22.9069 31.8299 7 22.5122 31.8299 7.51218 22 31.8299 7.54922 21.1701 31.8299 7.56059 21 31.8299 8 20.4799 31.8299 8.47991 20 31.8299 8.57777 19.8868 31.8299 9.45379 19 31.8299 10 18.4932 31.8299 10.4932 18 31.8299 11 17.5414 31.8299 11.5414 17 31.8299 12 16.5846 31.8299 12.5846 16 31.8299 12.669 15.9293 31.8299 13 15.6288 31.8299 13.6288 15 31.8299 13.5223 14.1701 31.8299 13.5267 14 31.8299 13 13.4733 31.8299 12.8299 13.4606 31.8299 12 13.3645 31.8299 11.9498 13.3109 31.8299 11.6903 13 31.8299 11.6645 12 31.8299 11 11.3355 31.8299 10.9545 11.2802 31.8299 10.7304 11 31.8299 10 10.2696 31.8299 9 10.2145 31.8299 
