5
0
0
1
21
17.0701 23.2453 -39.0614 17.9364 23.3571 -39.0614 18 23.3864 -39.0614 18.5162 24 -39.0614 18.5867 24.8936 -39.0614 18.58 25 -39.0614 18 25.6919 -39.0614 17.541 25.8834 -39.0614 17.4134 26 -39.0614 17.1305 26.251 -39.0614 17.3675 25.9191 -39.0614 17.7068 25.5326 -39.0614 17.8496 25.0504 -39.0614 17.9784 24.6961 -39.0614 18.0135 24.5882 -39.0614 17.8652 24.2093 -39.0614 17.8255 24.1431 -39.0614 17.7729 23.9765 -39.0614 17.6123 23.6439 -39.0614 17.3675 23.4457 -39.0614 17.1936 23.3156 -39.0614 
0
2
15
21.2769 22.2769 -37.2614 21.1169 22.5854 -37.2614 21.145 22.5881 -37.2614 21.2583 22.6995 -37.2614 21.2626 22.7067 -37.2614 21.4432 22.9978 -37.2614 21.4394 23.0119 -37.2614 21.3043 23.6439 -37.2614 22.0893 24.0136 -37.2614 22.2277 23.6439 -37.2614 22.4368 23.047 -37.2614 22.74 22.6995 -37.2614 22.7404 22.698 -37.2614 22.7035 22.7035 -37.2614 22 22.4302 -37.2614 
15
21.145 23.6856 -37.2614 20.7417 24.1849 -37.2614 20.7759 24.5882 -37.2614 20.2006 25.1092 -37.2614 19.8711 25.5326 -37.2614 20.2006 25.8229 -37.2614 20.557 26.078 -37.2614 21.145 26.1966 -37.2614 21.481 26.2591 -37.2614 22.0516 25.6206 -37.2614 22.0893 25.6554 -37.2614 22.1656 25.5326 -37.2614 22.1656 25.4446 -37.2614 22.0893 25.2351 -37.2614 21.8425 24.5882 -37.2614 
