0

5
0 
0 
0 
1 0 
0 
1
3 0 0 -38.1614
0 
1
40
18.4004 23.0506 -38.1614 18.4937 23.1614 -38.1614 18.9318 23.2825 -38.1614 19 23.3835 -38.1614 19.5319 24 -38.1614 19.6198 24.7206 -38.1614 19.6487 25 -38.1614 19.559 25.7542 -38.1614 19.5247 26 -38.1614 19.7079 26.2995 -38.1614 20 26.5939 -38.1614 20.7039 26.6837 -38.1614 21 26.7352 -38.1614 21.5894 26.9527 -38.1614 21.6792 27 -38.1614 21.8039 27.3299 -38.1614 21.145 27.0164 -38.1614 20.6328 26.9092 -38.1614 20.2006 26.8507 -38.1614 19.6879 26.9087 -38.1614 19.2562 27.2359 -38.1614 19.1556 27.3057 -38.1614 19.1592 27.3689 -38.1614 19 27.2052 -38.1614 18.8488 27 -38.1614 18.632 26.8135 -38.1614 18 26.341 -38.1614 17.8135 26.507 -38.1614 17.8332 26.477 -38.1614 18.2936 25.9765 -38.1614 18.3118 25.9637 -38.1614 18.3638 25.9765 -38.1614 18.7981 25.5689 -38.1614 18.8327 25.5326 -38.1614 19.2562 24.6737 -38.1614 19.2693 24.6493 -38.1614 19.3168 24.5882 -38.1614 18.8863 23.6439 -38.1614 18.3118 23.099 -38.1614 18.1783 23.0013 -38.1614 
