32
0
1
4
0 36.221 -35.621 12.7 36.221 -35.621 12.7 35.621 -35.621 0 35.621 -35.621 
1
4
0 36.521 -35.321 12.7 36.521 -35.321 12.7 35.321 -35.321 0 35.321 -35.321 
1
4
0 36.821 -35.021 12.7 36.821 -35.021 12.7 35.021 -35.021 0 35.021 -35.021 
1
4
0 37.121 -34.721 12.7 37.121 -34.721 12.7 34.721 -34.721 0 34.721 -34.721 
1
4
0 37.421 -34.421 12.7 37.421 -34.421 12.7 34.421 -34.421 0 34.421 -34.421 
1
4
0 37.721 -34.121 12.7 37.721 -34.121 12.7 34.121 -34.121 0 34.121 -34.121 
1
4
0 38.021 -33.821 12.7 38.021 -33.821 12.7 33.821 -33.821 0 33.821 -33.821 
1
4
0 38.321 -33.521 12.7 38.321 -33.521 12.7 33.521 -33.521 0 33.521 -33.521 
1
4
0 38.621 -33.221 12.7 38.621 -33.221 12.7 33.221 -33.221 0 33.221 -33.221 
1
4
0 38.921 -32.921 12.7 38.921 -32.921 12.7 32.921 -32.921 0 32.921 -32.921 
1
4
0 39.221 -32.621 12.7 39.221 -32.621 12.7 32.621 -32.621 0 32.621 -32.621 
1
4
0 39.521 -32.321 12.7 39.521 -32.321 12.7 32.321 -32.321 0 32.321 -32.321 
1
4
0 39.821 -32.021 12.7 39.821 -32.021 12.7 32.021 -32.021 0 32.021 -32.021 
1
4
0 40.121 -31.721 12.7 40.121 -31.721 12.7 31.721 -31.721 0 31.721 -31.721 
1
4
0 40.421 -31.421 12.7 40.421 -31.421 12.7 31.421 -31.421 0 31.421 -31.421 
1
4
0 40.721 -31.121 12.7 40.721 -31.121 12.7 31.121 -31.121 0 31.121 -31.121 
1
4
0 41.021 -30.821 12.7 41.021 -30.821 12.7 30.821 -30.821 0 30.821 -30.821 
1
4
0 41.321 -30.521 12.7 41.321 -30.521 12.7 30.521 -30.521 0 30.521 -30.521 
1
4
0 41.621 -30.221 12.7 41.621 -30.221 12.7 30.221 -30.221 0 30.221 -30.221 
1
4
0 41.921 -29.921 12.7 41.921 -29.921 12.7 29.921 -29.921 0 29.921 -29.921 
1
4
0 42.221 -29.621 12.7 42.221 -29.621 12.7 29.621 -29.621 0 29.621 -29.621 
1
4
0 42.521 -29.321 12.7 42.521 -29.321 12.7 29.321 -29.321 0 29.321 -29.321 
1
4
0 42.8211 -29.021 12.7 42.8211 -29.021 12.7 29.021 -29.021 0 29.021 -29.021 
1
4
0 43.1211 -28.721 12.7 43.1211 -28.721 12.7 28.721 -28.721 0 28.721 -28.721 
1
4
0 43.4211 -28.421 12.7 43.4211 -28.421 12.7 28.421 -28.421 0 28.421 -28.421 
1
4
0 43.7211 -28.121 12.7 43.7211 -28.121 12.7 28.121 -28.121 0 28.121 -28.121 
1
4
0 44.0211 -27.821 12.7 44.0211 -27.821 12.7 27.821 -27.821 0 27.821 -27.821 
1
4
0 44.3211 -27.521 12.7 44.3211 -27.521 12.7 27.521 -27.521 0 27.521 -27.521 
1
4
0 44.6211 -27.221 12.7 44.6211 -27.221 12.7 27.221 -27.221 0 27.221 -27.221 
16
4
0 29.166 -26.921 0 28.0831 -26.921 12.7 28.0831 -26.921 12.7 29.166 -26.921 
4
0 26.9606 -26.921 0 28.0435 -26.921 12.7 28.0435 -26.921 12.7 26.9606 -26.921 
4
0 29.2056 -26.921 0 30.2886 -26.921 12.7 30.2886 -26.921 12.7 29.2056 -26.921 
4
0 31.4111 -26.921 12.7 31.4111 -26.921 12.7 30.3282 -26.921 0 30.3282 -26.921 
4
0 31.4507 -26.921 12.7 31.4507 -26.921 12.7 32.5336 -26.921 0 32.5336 -26.921 
4
0 32.5732 -26.921 0 33.6562 -26.921 12.7 33.6562 -26.921 12.7 32.5732 -26.921 
4
0 33.6958 -26.921 12.7 33.6958 -26.921 12.7 34.7787 -26.921 0 34.7787 -26.921 
4
0 34.8183 -26.921 12.7 34.8183 -26.921 12.7 35.9012 -26.921 0 35.9012 -26.921 
4
0 35.9408 -26.921 0 37.0238 -26.921 12.7 37.0238 -26.921 12.7 35.9408 -26.921 
4
0 37.0634 -26.921 0 38.1463 -26.921 12.7 38.1463 -26.921 12.7 37.0634 -26.921 
4
0 38.1859 -26.921 12.7 38.1859 -26.921 12.7 39.2688 -26.921 0 39.2688 -26.921 
4
0 39.3084 -26.921 0 40.3914 -26.921 12.7 40.3914 -26.921 12.7 39.3084 -26.921 
4
0 40.431 -26.921 0 41.5139 -26.921 12.7 41.5139 -26.921 12.7 40.431 -26.921 
4
0 44.8815 -26.921 12.7 44.8815 -26.921 12.7 43.7985 -26.921 0 43.7985 -26.921 
4
0 42.6364 -26.921 0 41.5535 -26.921 12.7 41.5535 -26.921 12.7 42.6364 -26.921 
4
0 43.7589 -26.921 0 42.676 -26.921 12.7 42.676 -26.921 12.7 43.7589 -26.921 
16
4
0 28.8661 -26.621 0 28.3831 -26.621 12.7 28.3831 -26.621 12.7 28.8661 -26.621 
4
0 27.2605 -26.621 0 27.7435 -26.621 12.7 27.7435 -26.621 12.7 27.2605 -26.621 
4
0 29.5056 -26.621 0 29.9886 -26.621 12.7 29.9886 -26.621 12.7 29.5056 -26.621 
4
0 31.1111 -26.621 12.7 31.1111 -26.621 12.7 30.6281 -26.621 0 30.6281 -26.621 
4
0 31.7507 -26.621 12.7 31.7507 -26.621 12.7 32.2337 -26.621 0 32.2337 -26.621 
4
0 32.8732 -26.621 0 33.3562 -26.621 12.7 33.3562 -26.621 12.7 32.8732 -26.621 
4
0 33.9957 -26.621 12.7 33.9957 -26.621 12.7 34.4787 -26.621 0 34.4787 -26.621 
4
0 35.1183 -26.621 12.7 35.1183 -26.621 12.7 35.6013 -26.621 0 35.6013 -26.621 
4
0 36.2408 -26.621 0 36.7238 -26.621 12.7 36.7238 -26.621 12.7 36.2408 -26.621 
4
0 37.3633 -26.621 0 37.8463 -26.621 12.7 37.8463 -26.621 12.7 37.3633 -26.621 
4
0 38.4859 -26.621 12.7 38.4859 -26.621 12.7 38.9689 -26.621 0 38.9689 -26.621 
4
0 39.6084 -26.621 0 40.0914 -26.621 12.7 40.0914 -26.621 12.7 39.6084 -26.621 
4
0 40.7309 -26.621 0 41.2139 -26.621 12.7 41.2139 -26.621 12.7 40.7309 -26.621 
4
0 44.5815 -26.621 12.7 44.5815 -26.621 12.7 44.0985 -26.621 0 44.0985 -26.621 
4
0 42.3365 -26.621 0 41.8535 -26.621 12.7 41.8535 -26.621 12.7 42.3365 -26.621 
4
0 43.459 -26.621 0 42.976 -26.621 12.7 42.976 -26.621 12.7 43.459 -26.621 
