156
0 1 1 2 2 3 3 4 4 5 5 6 6 7 7 8 8 9 9 10 10 11 11 12 12 13 13 14 14 15 15 16 16 17 17 18 18 19 19 20 20 21 21 22 22 23 23 24 24 25 25 26 26 27 27 28 28 29 28 30 28 30 28 31 28 32 28 33 28 34 28 35 28 36 28 37 28 38 28 39 28 40 28 41 28 42 28 42 28 43 28 44 29 45 29 45 30 46 30 46 31 47 31 47 32 48 32 48 33 49 33 49 34 50 34 50 35 51 35 51 36 52 36 52 37 53 37 53 38 54 38 54 39 55 39 55 40 56 40 56 41 57 41 57 42 58 42 58 43 59 43 59 44 60 44 60 
32
0 
1 0 
1 1 
1 2 
1 3 
1 4 
1 5 
1 6 
1 7 
1 8 
1 9 
1 10 
1 11 
1 12 
1 13 
1 14 
1 15 
1 16 
1 17 
1 18 
1 19 
1 20 
1 21 
1 22 
1 23 
1 24 
1 25 
1 26 
1 27 
1 28 
16 29 30 31 32 33 34 35 36 37 38 39 40 41 42 43 44 
16 45 46 47 48 49 50 51 52 53 54 55 56 57 58 59 60 
61
1 0 0 -35.621
1 1 
1
4
0 35.621 -35.621 12.7 35.621 -35.621 12.7 36.221 -35.621 0 36.221 -35.621 
2 1 0 -35.321
2 0 2 
1
4
0 35.321 -35.321 12.7 35.321 -35.321 12.7 36.521 -35.321 0 36.521 -35.321 
3 2 0 -35.021
2 1 3 
1
4
0 35.021 -35.021 12.7 35.021 -35.021 12.7 36.821 -35.021 0 36.821 -35.021 
4 3 0 -34.721
2 2 4 
1
4
0 34.721 -34.721 12.7 34.721 -34.721 12.7 37.121 -34.721 0 37.121 -34.721 
5 4 0 -34.421
2 3 5 
1
4
0 34.421 -34.421 12.7 34.421 -34.421 12.7 37.421 -34.421 0 37.421 -34.421 
6 5 0 -34.121
2 4 6 
1
4
0 34.121 -34.121 12.7 34.121 -34.121 12.7 37.721 -34.121 0 37.721 -34.121 
7 6 0 -33.821
2 5 7 
1
4
0 33.821 -33.821 12.7 33.821 -33.821 12.7 38.021 -33.821 0 38.021 -33.821 
8 7 0 -33.521
2 6 8 
1
4
0 33.521 -33.521 12.7 33.521 -33.521 12.7 38.321 -33.521 0 38.321 -33.521 
9 8 0 -33.221
2 7 9 
1
4
0 33.221 -33.221 12.7 33.221 -33.221 12.7 38.621 -33.221 0 38.621 -33.221 
10 9 0 -32.921
2 8 10 
1
4
0 32.921 -32.921 12.7 32.921 -32.921 12.7 38.921 -32.921 0 38.921 -32.921 
11 10 0 -32.621
2 9 11 
1
4
0 32.621 -32.621 12.7 32.621 -32.621 12.7 39.221 -32.621 0 39.221 -32.621 
12 11 0 -32.321
2 10 12 
1
4
0 32.321 -32.321 12.7 32.321 -32.321 12.7 39.521 -32.321 0 39.521 -32.321 
13 12 0 -32.021
2 11 13 
1
4
0 32.021 -32.021 12.7 32.021 -32.021 12.7 39.821 -32.021 0 39.821 -32.021 
14 13 0 -31.721
2 12 14 
1
4
0 31.721 -31.721 12.7 31.721 -31.721 12.7 40.121 -31.721 0 40.121 -31.721 
15 14 0 -31.421
2 13 15 
1
4
0 31.421 -31.421 12.7 31.421 -31.421 12.7 40.421 -31.421 0 40.421 -31.421 
16 15 0 -31.121
2 14 16 
1
4
0 31.121 -31.121 12.7 31.121 -31.121 12.7 40.721 -31.121 0 40.721 -31.121 
17 16 0 -30.821
2 15 17 
1
4
0 30.821 -30.821 12.7 30.821 -30.821 12.7 41.021 -30.821 0 41.021 -30.821 
18 17 0 -30.521
2 16 18 
1
4
0 30.521 -30.521 12.7 30.521 -30.521 12.7 41.321 -30.521 0 41.321 -30.521 
19 18 0 -30.221
2 17 19 
1
4
0 30.221 -30.221 12.7 30.221 -30.221 12.7 41.621 -30.221 0 41.621 -30.221 
20 19 0 -29.921
2 18 20 
1
4
0 29.921 -29.921 12.7 29.921 -29.921 12.7 41.921 -29.921 0 41.921 -29.921 
21 20 0 -29.621
2 19 21 
1
4
0 29.621 -29.621 12.7 29.621 -29.621 12.7 42.221 -29.621 0 42.221 -29.621 
22 21 0 -29.321
2 20 22 
1
4
0 29.321 -29.321 12.7 29.321 -29.321 12.7 42.521 -29.321 0 42.521 -29.321 
23 22 0 -29.021
2 21 23 
1
4
0 29.021 -29.021 12.7 29.021 -29.021 12.7 42.8211 -29.021 0 42.8211 -29.021 
24 23 0 -28.721
2 22 24 
1
4
0 28.721 -28.721 12.7 28.721 -28.721 12.7 43.1211 -28.721 0 43.1211 -28.721 
25 24 0 -28.421
2 23 25 
1
4
0 28.421 -28.421 12.7 28.421 -28.421 12.7 43.4211 -28.421 0 43.4211 -28.421 
26 25 0 -28.121
2 24 26 
1
4
0 28.121 -28.121 12.7 28.121 -28.121 12.7 43.7211 -28.121 0 43.7211 -28.121 
27 26 0 -27.821
2 25 27 
1
4
0 27.821 -27.821 12.7 27.821 -27.821 12.7 44.0211 -27.821 0 44.0211 -27.821 
28 27 0 -27.521
2 26 28 
1
4
0 27.521 -27.521 12.7 27.521 -27.521 12.7 44.3211 -27.521 0 44.3211 -27.521 
29 28 0 -27.221
17 27 29 30 31 32 33 34 35 36 37 38 39 40 41 42 43 44 
1
4
0 27.221 -27.221 12.7 27.221 -27.221 12.7 44.6211 -27.221 0 44.6211 -27.221 
30 29 0 -26.921
2 28 45 
1
4
0 29.166 -26.921 0 28.0831 -26.921 12.7 28.0831 -26.921 12.7 29.166 -26.921 
30 30 0 -26.921
2 28 46 
1
4
12.7 26.9606 -26.921 12.7 28.0435 -26.921 0 28.0435 -26.921 0 26.9606 -26.921 
30 31 0 -26.921
2 28 47 
1
4
12.7 29.2056 -26.921 12.7 30.2886 -26.921 0 30.2886 -26.921 0 29.2056 -26.921 
30 32 0 -26.921
2 28 48 
1
4
0 30.3282 -26.921 12.7 30.3282 -26.921 12.7 31.4111 -26.921 0 31.4111 -26.921 
30 33 0 -26.921
2 28 49 
1
4
0 31.4507 -26.921 12.7 31.4507 -26.921 12.7 32.5336 -26.921 0 32.5336 -26.921 
30 34 0 -26.921
2 28 50 
1
4
12.7 32.5732 -26.921 12.7 33.6562 -26.921 0 33.6562 -26.921 0 32.5732 -26.921 
30 35 0 -26.921
2 28 51 
1
4
0 33.6958 -26.921 12.7 33.6958 -26.921 12.7 34.7787 -26.921 0 34.7787 -26.921 
30 36 0 -26.921
2 28 52 
1
4
0 34.8183 -26.921 12.7 34.8183 -26.921 12.7 35.9012 -26.921 0 35.9012 -26.921 
30 37 0 -26.921
2 28 53 
1
4
12.7 35.9408 -26.921 12.7 37.0238 -26.921 0 37.0238 -26.921 0 35.9408 -26.921 
30 38 0 -26.921
2 28 54 
1
4
12.7 37.0634 -26.921 12.7 38.1463 -26.921 0 38.1463 -26.921 0 37.0634 -26.921 
30 39 0 -26.921
2 28 55 
1
4
0 38.1859 -26.921 12.7 38.1859 -26.921 12.7 39.2688 -26.921 0 39.2688 -26.921 
30 40 0 -26.921
2 28 56 
1
4
12.7 39.3084 -26.921 12.7 40.3914 -26.921 0 40.3914 -26.921 0 39.3084 -26.921 
30 41 0 -26.921
2 28 57 
1
4
12.7 40.431 -26.921 12.7 41.5139 -26.921 0 41.5139 -26.921 0 40.431 -26.921 
30 42 0 -26.921
2 28 58 
1
4
0 43.7985 -26.921 12.7 43.7985 -26.921 12.7 44.8815 -26.921 0 44.8815 -26.921 
30 43 0 -26.921
2 28 59 
1
4
0 42.6364 -26.921 0 41.5535 -26.921 12.7 41.5535 -26.921 12.7 42.6364 -26.921 
30 44 0 -26.921
2 28 60 
1
4
0 43.7589 -26.921 0 42.676 -26.921 12.7 42.676 -26.921 12.7 43.7589 -26.921 
31 45 0 -26.621
1 29 
1
4
0 28.8661 -26.621 0 28.3831 -26.621 12.7 28.3831 -26.621 12.7 28.8661 -26.621 
31 46 0 -26.621
1 30 
1
4
12.7 27.2605 -26.621 12.7 27.7435 -26.621 0 27.7435 -26.621 0 27.2605 -26.621 
31 47 0 -26.621
1 31 
1
4
12.7 29.5056 -26.621 12.7 29.9886 -26.621 0 29.9886 -26.621 0 29.5056 -26.621 
31 48 0 -26.621
1 32 
1
4
0 30.6281 -26.621 12.7 30.6281 -26.621 12.7 31.1111 -26.621 0 31.1111 -26.621 
31 49 0 -26.621
1 33 
1
4
0 31.7507 -26.621 12.7 31.7507 -26.621 12.7 32.2337 -26.621 0 32.2337 -26.621 
31 50 0 -26.621
1 34 
1
4
12.7 32.8732 -26.621 12.7 33.3562 -26.621 0 33.3562 -26.621 0 32.8732 -26.621 
31 51 0 -26.621
1 35 
1
4
0 33.9957 -26.621 12.7 33.9957 -26.621 12.7 34.4787 -26.621 0 34.4787 -26.621 
31 52 0 -26.621
1 36 
1
4
0 35.1183 -26.621 12.7 35.1183 -26.621 12.7 35.6013 -26.621 0 35.6013 -26.621 
31 53 0 -26.621
1 37 
1
4
12.7 36.2408 -26.621 12.7 36.7238 -26.621 0 36.7238 -26.621 0 36.2408 -26.621 
31 54 0 -26.621
1 38 
1
4
12.7 37.3633 -26.621 12.7 37.8463 -26.621 0 37.8463 -26.621 0 37.3633 -26.621 
31 55 0 -26.621
1 39 
1
4
0 38.4859 -26.621 12.7 38.4859 -26.621 12.7 38.9689 -26.621 0 38.9689 -26.621 
31 56 0 -26.621
1 40 
1
4
12.7 39.6084 -26.621 12.7 40.0914 -26.621 0 40.0914 -26.621 0 39.6084 -26.621 
31 57 0 -26.621
1 41 
1
4
12.7 40.7309 -26.621 12.7 41.2139 -26.621 0 41.2139 -26.621 0 40.7309 -26.621 
31 58 0 -26.621
1 42 
1
4
0 44.0985 -26.621 12.7 44.0985 -26.621 12.7 44.5815 -26.621 0 44.5815 -26.621 
31 59 0 -26.621
1 43 
1
4
0 42.3365 -26.621 0 41.8535 -26.621 12.7 41.8535 -26.621 12.7 42.3365 -26.621 
31 60 0 -26.621
1 44 
1
4
0 43.459 -26.621 0 42.976 -26.621 12.7 42.976 -26.621 12.7 43.459 -26.621 
