34
0
0
0
0
0
0
0
0
0
0
0
0
0
0
0
0
0
0
0
0
0
0
0
0
0
1
35
30.213 11.7885 -28.3 29.7956 12.1577 -28.3 29.3054 12.4449 -28.3 29.1505 12.6656 -28.3 29.3054 12.9299 -28.3 29.3663 13.122 -28.3 29.3728 13.1581 -28.3 29.583 13.5787 -28.3 29.5918 13.6101 -28.3 30.0574 14.4756 -28.3 30.0597 14.5546 -28.3 30.2499 14.8446 -28.3 30.5053 15.4317 -28.3 30.5269 15.4991 -28.3 30.9306 16.3763 -28.3 30.966 16.4437 -28.3 30.9734 16.4546 -28.3 31.4594 17.3317 -28.3 31.4962 17.3882 -28.3 31.8314 17.8761 -28.3 31.661 17.3 -28.3 31.5843 17 -28.3 31 16.1952 -28.3 30.8048 16 -28.3 30.6153 15 -28.3 30.2558 14.3 -28.3 30.2214 14 -28.3 30.4862 13.3 -28.3 30.4703 13 -28.3 30.4448 12 -28.3 30.8928 11.5521 -28.3 30.3173 11.7008 -28.3 30.259 11.7211 -28.3 30.2499 11.7372 -28.3 30.2474 11.7467 -28.3 
1
26
33.0791 19.2191 -27.4 32.6074 18.7196 -27.4 32.8789 19 -27.4 33 19.121 -27.4 33.4 19.247 -27.4 34 19.4562 -27.4 34.2068 19.6633 -27.4 34.5548 20 -27.4 35 20.4452 -27.4 35.5059 21 -27.4 35.5134 22.4 -27.4 35.2122 23 -27.4 35.2142 23.4 -27.4 35.2043 23.6571 -27.4 35.0129 23.0552 -27.4 35.008 23.0323 -27.4 35.0189 22.1107 -27.4 34.9724 21.663 -27.4 34.9093 21.1662 -27.4 34.9064 21.1626 -27.4 34.0962 20.2217 -27.4 34.0279 20.1561 -27.4 33.1553 19.2942 -27.4 33.1324 19.2731 -27.4 33.0834 19.2237 -27.4 33.0792 19.2192 -27.4 
4
24
19.0282 44.9174 -26.5 19.1108 45 -26.5 20 45.7563 -26.5 20.2437 46 -26.5 21 46.6566 -26.5 21.3434 47 -26.5 22 47.5013 -26.5 23.5 47.651 -26.5 24 47.7108 -26.5 24.3536 47.7436 -26.5 23.6627 47.6406 -26.5 23.6384 47.6355 -26.5 23.5451 47.6123 -26.5 22.7155 47.3796 -26.5 22.6939 47.3731 -26.5 21.771 46.9232 -26.5 21.7494 46.9144 -26.5 21.7475 46.9134 -26.5 21.2384 46.6678 -26.5 20.8049 46.4007 -26.5 20.7924 46.3916 -26.5 19.9842 45.7233 -26.5 19.8695 45.6325 -26.5 19.8604 45.6257 -26.5 
28
31 47.7486 -26.5 31.5 47.7073 -26.5 33 47.5451 -26.5 33.7621 47 -26.5 34 46.7621 -26.5 34.5 46.6653 -26.5 35 46.555 -26.5 35.6511 46 -26.5 36 45.6511 -26.5 36.3061 45.3133 -26.5 36.6002 45 -26.5 36.8554 44.0611 -26.5 36.3821 44.7788 -26.5 36.375 44.7868 -26.5 35.9169 45.3148 -26.5 35.4723 45.7097 -26.5 35.4564 45.7233 -26.5 34.9724 46.0972 -26.5 34.9508 46.111 -26.5 34.1127 46.6678 -26.5 34.0279 46.7185 -26.5 34.0063 46.7288 -26.5 32.1605 47.533 -26.5 32.1389 47.541 -26.5 32.1173 47.546 -26.5 31.1728 47.7073 -26.5 30.4548 47.8116 -26.5 30.5 47.8075 -26.5 
19
33.0652 19.0926 -26.5 33.5 19.2442 -26.5 34 19.4324 -26.5 34.5858 20 -26.5 35 20.4142 -26.5 35.5363 21 -26.5 35.5409 22 -26.5 35.2899 22.5 -26.5 35.243 22.5684 -26.5 35.1505 22.1323 -26.5 35.1507 22.1107 -26.5 35.0622 21.1662 -26.5 34.9724 21.0224 -26.5 34.9709 21.0204 -26.5 34.2714 20.2217 -26.5 34.0279 19.9817 -26.5 34.0075 19.9615 -26.5 33.0845 19.113 -26.5 33.0834 19.1119 -26.5 
36
37.8784 30.0512 -26.5 38.0407 30.6112 -26.5 38.0481 30.6328 -26.5 38.4038 31.5557 -26.5 38.4113 31.5773 -26.5 38.7469 32.3103 -26.5 38.8296 32.5002 -26.5 39.1099 33.4447 -26.5 39.1151 33.4663 -26.5 39.3156 34.3892 -26.5 39.3192 34.4108 -26.5 39.5384 35.3337 -26.5 39.5385 35.3553 -26.5 39.5037 36.2782 -26.5 39.446 37.2227 -26.5 39.4433 37.2443 -26.5 39.3559 38.1672 -26.5 39.3507 38.1888 -26.5 39.098 38.7446 -26.5 39.5406 38 -26.5 39.5685 37.5 -26.5 39.582 37 -26.5 39.6047 36.5 -26.5 39.6328 35.5 -26.5 39.6362 35 -26.5 39.5894 34.5 -26.5 39.5565 34 -26.5 39.302 33.5 -26.5 39.2823 33 -26.5 39.2445 32.9204 -26.5 39 32.5947 -26.5 38.8257 32.4205 -26.5 38.6872 32 -26.5 38.6126 31.5 -26.5 38.5541 31 -26.5 38 30.1728 -26.5 
8
30
12.6 28.5736 -25.6 12 28.6168 -25.6 11.8735 28.6862 -25.6 11.4995 29 -25.6 11.6989 29.6 -25.6 11.6795 29.652 -25.6 12.3044 29.0202 -25.6 12.3705 28.9911 -25.6 13.2489 28.8311 -25.6 13.3147 28.78 -25.6 13.3662 28.7222 -25.6 13.7603 27.8438 -25.6 13.7554 27.7777 -25.6 13.4461 26.8332 -25.6 13.7878 25.9548 -25.6 13.8103 25.8887 -25.6 13.8541 24.9442 -25.6 14.1529 24.0658 -25.6 14.167 24.0166 -25.6 14.0904 24.0931 -25.6 14 24.373 -25.6 13.9495 24.4932 -25.6 13.6284 25 -25.6 13.5619 26 -25.6 13.5088 26.6 -25.6 13.336 27 -25.6 13.3925 27.6 -25.6 13.4212 28 -25.6 13.1783 28.2429 -25.6 13 28.579 -25.6 
30
11.6665 29.6867 -25.6 11.5493 30 -25.6 11.4085 30.6 -25.6 11.6049 31 -25.6 11.6845 31.1394 -25.6 12 31.5068 -25.6 12.2326 31.7394 -25.6 12.3856 32 -25.6 12.4517 32.6 -25.6 12.6472 33 -25.6 12.6987 33.0818 -25.6 13 33.4514 -25.6 13.2303 33.6818 -25.6 13.4652 34 -25.6 13.6303 34.1556 -25.6 14 34.5257 -25.6 14.5034 34.4921 -25.6 14.366 34.3892 -25.6 14.2878 34.3384 -25.6 14.1934 34.2514 -25.6 13.4306 33.4447 -25.6 13.3355 33.248 -25.6 13.2489 33.1012 -25.6 12.9613 32.5002 -25.6 12.5382 31.7204 -25.6 12.4628 31.5557 -25.6 12.3864 31.4516 -25.6 12.3044 31.3501 -25.6 11.8327 30.6112 -25.6 11.6731 29.7709 -25.6 
25
14.3917 20.2022 -25.6 14.3632 20.2217 -25.6 14.3256 20.2654 -25.6 14.1934 20.3899 -25.6 13.6596 21.1332 -25.6 13.6632 21 -25.6 13.9958 20.6027 -25.6 14 20.5966 -25.6 14.1536 20.2027 -25.6 14.3563 20 -25.6 15 19.4661 -25.6 16 19.4345 -25.6 16.6 19.4485 -25.6 17 19.4475 -25.6 17.6 19.4354 -25.6 18 19.4345 -25.6 18.6804 19.4163 -25.6 18.0375 19.547 -25.6 17.9714 19.5616 -25.6 17.093 19.5952 -25.6 17.0269 19.6031 -25.6 16.1485 19.5757 -25.6 16.0824 19.572 -25.6 15.204 19.6575 -25.6 15.1379 19.6699 -25.6 
13
14.1648 23.9336 -25.6 14.1657 23.9426 -25.6 14.0932 23.7086 -25.6 14.0719 23.6873 -25.6 14.0704 23.6857 -25.6 14 23.6154 -25.6 13.688 23.1086 -25.6 13.6422 23 -25.6 13.456 22.6 -25.6 13.4196 22 -25.6 13.6474 21.6 -25.6 13.652 21.4257 -25.6 13.7157 22.1107 -25.6 
23
22.4772 12.6656 -25.6 22.4892 13.544 -25.6 22.4998 13.6101 -25.6 22.4973 13.6895 -25.6 22.4358 14.5546 -25.6 22.4318 14.5784 -25.6 22.4241 14.6207 -25.6 22.2363 15.4991 -25.6 22.2136 15.5653 -25.6 22.1948 15.6337 -25.6 22.2018 15.6 -25.6 22.3049 15 -25.6 22.3414 14.6 -25.6 22.3724 14 -25.6 22.375 13 -25.6 22 12.625 -25.6 21.7517 12.2649 -25.6 21.5754 12 -25.6 21.0996 11.5242 -25.6 21.7494 11.6931 -25.6 21.7601 11.6983 -25.6 21.8033 11.7211 -25.6 21.8536 11.7872 -25.6 
14
22.0848 16.0344 -25.6 22.0127 16.1065 -25.6 22 16.1534 -25.6 21.8971 16.5065 -25.6 21.5747 17 -25.6 21.5439 17.6 -25.6 21.4884 18 -25.6 21.4134 18.4879 -25.6 21.4804 18.3988 -25.6 21.5188 18.3327 -25.6 21.7071 17.4543 -25.6 21.722 17.3882 -25.6 21.9507 16.5098 -25.6 21.9723 16.4437 -25.6 
15
33.6 19.2699 -25.6 33.1182 19.0887 -25.6 34.0279 19.9209 -25.6 34.3366 20.2217 -25.6 34.9236 20.9355 -25.6 34.9724 20.9911 -25.6 34.9789 21.0016 -25.6 35.0783 21.1662 -25.6 35.0845 21.2323 -25.6 35.3499 21.9933 -25.6 35.3426 21 -25.6 35.3232 20.9754 -25.6 35 20.6204 -25.6 34.3782 20 -25.6 34 19.6332 -25.6 
21
34.2648 46.6717 -25.6 34.1059 46.7761 -25.6 34.6 46.6671 -25.6 35 46.3952 -25.6 35.0702 46.3439 -25.6 35.4755 46 -25.6 35.6702 45.8053 -25.6 36 45.5223 -25.6 36.0976 45.4053 -25.6 36.4649 45 -25.6 36.7178 44.6 -25.6 36.8101 44.2635 -25.6 36.5429 44.7283 -25.6 36.5096 44.7788 -25.6 36.4768 44.8166 -25.6 35.9169 45.5045 -25.6 35.6702 45.695 -25.6 35.6383 45.7233 -25.6 35.6041 45.7498 -25.6 34.3309 46.6282 -25.6 34.2712 46.6678 -25.6 
0
0
0
0
0
