116
0 1 0 1 1 2 1 2 2 3 2 3 3 4 3 4 4 5 4 5 5 6 5 6 6 7 6 7 7 8 7 8 8 9 8 9 9 10 9 10 10 11 10 11 11 12 11 12 12 13 12 13 13 14 13 14 14 15 14 15 15 16 15 16 16 17 16 17 17 18 17 18 18 19 18 19 19 20 19 20 20 21 20 21 21 22 21 22 22 23 22 23 23 24 23 24 24 25 24 25 25 26 25 26 25 27 25 27 25 28 25 28 26 29 26 29 
32
1 0 
1 1 
1 2 
1 3 
1 4 
1 5 
1 6 
1 7 
1 8 
1 9 
1 10 
1 11 
1 12 
1 13 
1 14 
1 15 
1 16 
1 17 
1 18 
1 19 
1 20 
1 21 
1 22 
1 23 
1 24 
1 25 
3 26 27 28 
1 29 
0 
0 
0 
0 
30
0 0 0 -50.8
1 1 
1
6
3.1106e-015 11.1799 -50.8 0.025816 11.1573 -50.8 0.97032 11.0841 -50.8 50.8 11.0846 -50.8 50.8 50.8 -50.8 3.24211e-007 50.8 -50.8 
1 1 0 -49.9
2 0 2 
1
6
3.05549e-015 11.1808 -49.9 0.025816 11.1581 -49.9 0.97032 11.0849 -49.9 50.8 11.0854 -49.9 50.8 50.8 -49.9 3.05549e-015 50.8 -49.9 
2 2 0 -49
2 1 3 
1
6
3.00038e-015 11.1816 -49 0.025816 11.159 -49 0.97032 11.0857 -49 50.8 11.0861 -49 50.8 50.8 -49 3.00038e-015 50.8 -49 
3 3 0 -48.1
2 2 4 
1
6
2.94527e-015 11.1826 -48.1 0.025816 11.1599 -48.1 0.97032 11.0866 -48.1 50.8 11.087 -48.1 50.8 50.8 -48.1 2.94527e-015 50.8 -48.1 
4 4 0 -47.2
2 3 5 
1
6
2.89017e-015 11.1835 -47.2 0.025816 11.161 -47.2 0.97032 11.0876 -47.2 50.8 11.0878 -47.2 50.8 50.8 -47.2 2.89016e-015 50.8 -47.2 
5 5 0 -46.3
2 4 6 
1
6
2.83506e-015 11.1845 -46.3 0.025816 11.1619 -46.3 0.97032 11.0885 -46.3 50.8 11.0886 -46.3 50.8 50.8 -46.3 2.83505e-015 50.8 -46.3 
6 6 0 -45.4
2 5 7 
1
6
2.77995e-015 11.1856 -45.4 0.025816 11.163 -45.4 0.97032 11.0896 -45.4 50.8 11.0895 -45.4 50.8 50.8 -45.4 2.77995e-015 50.8 -45.4 
7 7 0 -44.5
2 6 8 
1
6
2.72483e-015 11.1867 -44.5 0.025816 11.1641 -44.5 0.97032 11.0906 -44.5 50.8 11.0902 -44.5 50.8 50.8 -44.5 2.72484e-015 50.8 -44.5 
8 8 0 -43.6
2 7 9 
1
6
2.66973e-015 11.1878 -43.6 0.025816 11.1652 -43.6 0.97032 11.0917 -43.6 50.8 11.0911 -43.6 50.8 50.8 -43.6 2.66973e-015 50.8 -43.6 
9 9 0 -42.7
2 8 10 
1
6
2.61462e-015 11.1889 -42.7 0.025816 11.1663 -42.7 0.97032 11.0928 -42.7 50.8 11.0919 -42.7 50.8 50.8 -42.7 2.61462e-015 50.8 -42.7 
10 10 0 -41.8
2 9 11 
1
6
2.55952e-015 11.19 -41.8 0.025816 11.1674 -41.8 0.97032 11.0939 -41.8 50.8 11.0927 -41.8 50.8 50.8 -41.8 2.55951e-015 50.8 -41.8 
11 11 0 -40.9
2 10 12 
1
6
2.50441e-015 11.1912 -40.9 0.025816 11.1686 -40.9 0.97032 11.0951 -40.9 50.8 11.0936 -40.9 50.8 50.8 -40.9 2.5044e-015 50.8 -40.9 
12 12 0 -40
2 11 13 
1
6
2.44929e-015 11.1923 -40 0.025816 11.1698 -40 0.97032 11.0963 -40 50.8 11.0944 -40 50.8 50.8 -40 2.44929e-015 50.8 -40 
13 13 0 -39.1
2 12 14 
1
6
2.39419e-015 11.1934 -39.1 0.025816 11.171 -39.1 0.97032 11.0975 -39.1 50.8 11.0952 -39.1 50.8 50.8 -39.1 2.39418e-015 50.8 -39.1 
14 14 0 -38.2
2 13 15 
1
6
2.33907e-015 11.1947 -38.2 0.025816 11.1721 -38.2 0.97032 11.0987 -38.2 50.8 11.0959 -38.2 50.8 50.8 -38.2 2.33907e-015 50.8 -38.2 
15 15 0 -37.3
2 14 16 
1
6
2.28396e-015 11.1958 -37.3 0.025816 11.1733 -37.3 0.97032 11.0999 -37.3 50.8 11.0966 -37.3 50.8 50.8 -37.3 2.28396e-015 50.8 -37.3 
16 16 0 -36.4
2 15 17 
1
6
2.22886e-015 11.1969 -36.4 0.025816 11.1745 -36.4 0.97032 11.101 -36.4 50.8 11.0973 -36.4 50.8 50.8 -36.4 2.22886e-015 50.8 -36.4 
17 17 0 -35.5
2 16 18 
3
6
2.17375e-015 11.1981 -35.5 0.025816 11.1756 -35.5 0.97032 11.1022 -35.5 50.8 11.098 -35.5 50.8 50.8 -35.5 2.17375e-015 50.8 -35.5 
34
28.0368 29.6667 -35.5 28.0738 29.9538 -35.5 28.1179 30.6112 -35.5 27.9317 31.0404 -35.5 27.7188 31.4908 -35.5 27.677 31.5557 -35.5 28.0083 32.1476 -35.5 28.1231 32.5002 -35.5 28.0957 32.7654 -35.5 28.3609 32.8152 -35.5 28.8442 32.9614 -35.5 29.3054 32.9376 -35.5 29.6871 32.8819 -35.5 29.5916 32.648 -35.5 29.5114 32.5002 -35.5 29.6101 32.2725 -35.5 30.1208 31.9791 -35.5 30.2147 31.5557 -35.5 30.2252 31.5473 -35.5 30.2499 31.4906 -35.5 30.3898 31.1239 -35.5 30.5045 30.6112 -35.5 30.4994 30.1878 -35.5 30.4196 29.6667 -35.5 30.3176 29.2433 -35.5 30.2788 29.153 -35.5 30.2499 29.0797 -35.5 29.6152 28.7222 -35.5 29.5411 28.7013 -35.5 29.3054 28.5389 -35.5 28.3709 28.7144 -35.5 28.3609 28.713 -35.5 28.3528 28.7222 -35.5 28.3479 28.7352 -35.5 
46
26.0909 35.7147 -35.5 26.0646 36.2782 -35.5 26.0944 36.6557 -35.5 26.039 37.2227 -35.5 26.0532 37.6414 -35.5 26.0522 38.1672 -35.5 26.1182 38.5209 -35.5 26.2116 39.1117 -35.5 26.2823 39.3013 -35.5 26.4719 39.626 -35.5 26.6708 39.8573 -35.5 26.9151 40.0562 -35.5 27.1435 40.3291 -35.5 27.4164 40.6816 -35.5 27.6515 40.7656 -35.5 28.176 41.0007 -35.5 28.3288 41.0328 -35.5 28.3609 41.0463 -35.5 28.7657 41.0007 -35.5 29.3054 40.9063 -35.5 29.5505 40.7556 -35.5 30.2499 40.374 -35.5 30.4977 40.0562 -35.5 30.8439 39.4622 -35.5 31.0971 39.1117 -35.5 31.1944 38.9544 -35.5 31.5718 38.1672 -35.5 31.7478 37.6138 -35.5 31.8462 37.2227 -35.5 31.7218 36.2782 -35.5 31.5466 35.926 -35.5 31.3732 35.3337 -35.5 31.3104 35.2177 -35.5 31.1944 35.0511 -35.5 30.8149 34.7687 -35.5 30.2499 34.5172 -35.5 30.1364 34.5027 -35.5 29.3947 34.3892 -35.5 29.3146 34.38 -35.5 29.3054 34.3775 -35.5 28.3609 34.2982 -35.5 27.5473 34.2583 -35.5 27.4164 34.2839 -35.5 27.1902 34.3892 -35.5 26.4719 34.9179 -35.5 26.1745 35.3337 -35.5 
18 18 0 -34.6
2 17 19 
2
93
2.11864e-015 11.6519 -34.6 2.11864e-015 11.1991 -34.6 0.025816 11.1766 -34.6 0.97032 11.1033 -34.6 50.8 11.0987 -34.6 50.8 11.6491 -34.6 31 11.7443 -34.6 30.7443 12 -34.6 30.8105 16 -34.6 31.7728 16.9522 -34.6 31.8236 17 -34.6 31.8577 18 -34.6 33 19.1379 -34.6 34 19.1646 -34.6 34.7647 19.9446 -34.6 34.8154 20 -34.6 35.7383 20.9436 -34.6 35.7873 21 -34.6 35.7588 24 -34.6 35.0416 24.7378 -34.6 35 24.7868 -34.6 34.7868 25 -34.6 35.7933 26 -34.6 36.7912 27 -34.6 36.8094 28 -34.6 37.8039 29 -34.6 37.8218 30 -34.6 38.7581 30.9463 -34.6 38.8085 31 -34.6 38.829 32 -34.6 39.7584 32.9447 -34.6 39.8089 33 -34.6 39.8205 38 -34.6 39.0426 38.8067 -34.6 39 38.8562 -34.6 38.8562 39 -34.6 38.8271 41 -34.6 38.044 41.8061 -34.6 38 41.8557 -34.6 37.8557 42 -34.6 37.838 43 -34.6 37.0479 43.7989 -34.6 37 43.849 -34.6 36.849 44 -34.6 36.8209 45 -34.6 35 46.8106 -34.6 34 46.8307 -34.6 33.0551 47.7612 -34.6 33 47.8118 -34.6 22 47.8022 -34.6 21.234 47.0473 -34.6 21.1833 47 -34.6 20.2238 46.0485 -34.6 20.173 46 -34.6 17.2315 43.0533 -34.6 17.1807 43 -34.6 17.1615 42 -34.6 16.2335 41.0557 -34.6 16.1828 41 -34.6 16.1751 40 -34.6 15.248 39.0558 -34.6 15.1979 39 -34.6 15.1956 35 -34.6 15 34.8044 -34.6 14 34.7791 -34.6 13.2925 34.0524 -34.6 13.2481 34 -34.6 12.3065 33.0466 -34.6 12.2652 33 -34.6 12.2616 32 -34.6 11.3141 31.0435 -34.6 11.2747 31 -34.6 11.2702 29 -34.6 11.9613 28.2985 -34.6 12 28.2553 -34.6 13 28.2385 -34.6 13.2385 28 -34.6 13.2559 21 -34.6 13.9577 20.2933 -34.6 14 20.249 -34.6 15 19.2469 -34.6 20 19.2063 -34.6 20.9464 18.2768 -34.6 21 18.2296 -34.6 21.2296 18 -34.6 21.2302 14 -34.6 21.956 13.2594 -34.6 22 13.2101 -34.6 22.2101 13 -34.6 21.2773 12.0527 -34.6 21.2302 12 -34.6 21 11.7698 -34.6 17.9955 11.7242 -34.6 
89
23.6384 35.7416 -34.6 23.4557 36.2782 -34.6 23.4306 36.486 -34.6 23.3748 37.2227 -34.6 23.4191 38.1672 -34.6 23.474 38.3316 -34.6 23.6384 39.0527 -34.6 23.655 39.1117 -34.6 23.8849 39.8097 -34.6 23.9552 40.0562 -34.6 24.1584 40.4807 -34.6 24.3533 41.0007 -34.6 24.5829 41.3035 -34.6 25.1127 41.9452 -34.6 25.5274 42.1963 -34.6 25.9612 42.379 -34.6 26.371 42.5691 -34.6 26.4719 42.618 -34.6 27.3266 42.8136 -34.6 27.4164 42.8365 -34.6 27.8055 42.8897 -34.6 28.2747 42.9415 -34.6 29.1377 43.0034 -34.6 29.3054 43.0076 -34.6 30.2178 42.8897 -34.6 30.2499 42.8844 -34.6 30.7601 42.6718 -34.6 31.1944 42.5118 -34.6 31.3184 42.4554 -34.6 31.6299 42.3241 -34.6 32.0924 42.1133 -34.6 32.1389 42.0937 -34.6 32.3377 41.9452 -34.6 32.8868 41.1973 -34.6 33.0094 41.0205 -34.6 33.0225 41.0007 -34.6 33.0834 40.8752 -34.6 33.4523 40.0562 -34.6 33.6698 39.4698 -34.6 33.7909 39.1117 -34.6 33.9063 38.1672 -34.6 33.9387 37.3246 -34.6 33.9519 37.2227 -34.6 33.8956 36.4556 -34.6 33.8764 36.2782 -34.6 33.8314 36.0817 -34.6 33.6406 35.3337 -34.6 33.2571 34.3892 -34.6 33.0834 34.1005 -34.6 32.5421 33.4447 -34.6 32.1389 33.0177 -34.6 31.2098 32.5002 -34.6 31.1944 32.4921 -34.6 30.5265 32.2236 -34.6 30.6582 31.5557 -34.6 30.7064 31.4903 -34.6 30.5269 31.101 -34.6 30.7138 30.6112 -34.6 30.6285 30.2323 -34.6 30.6216 29.6667 -34.6 30.459 29.2878 -34.6 30.3227 28.7222 -34.6 30.2936 28.696 -34.6 30.2499 28.6459 -34.6 29.6843 28.2561 -34.6 29.3054 27.8831 -34.6 28.7801 27.7777 -34.6 28.6919 27.7568 -34.6 28.3609 27.5914 -34.6 27.4195 27.7777 -34.6 27.4709 28.6677 -34.6 27.4608 28.6814 -34.6 27.4251 28.7222 -34.6 27.4164 28.7477 -34.6 27.2951 29.0475 -34.6 27.2436 29.2878 -34.6 27.2302 29.6667 -34.6 27.2598 30.2323 -34.6 27.0623 30.6112 -34.6 26.8534 31.1768 -34.6 26.496 31.5557 -34.6 26.4719 31.6891 -34.6 26.0397 32.5002 -34.6 25.5274 32.905 -34.6 24.9982 33.4447 -34.6 24.5829 34.0146 -34.6 24.355 34.3892 -34.6 24.0482 34.9239 -34.6 23.8034 35.3337 -34.6 
19 19 0 -33.7
2 18 20 
2
91
12 28.8506 -33.7 13 28.8324 -33.7 13.8324 28 -33.7 13.8512 21 -33.7 14 20.8438 -33.7 15 19.8415 -33.7 20 19.7966 -33.7 20.7966 19 -33.7 20.9321 18.8807 -33.7 21 18.823 -33.7 21.823 18 -33.7 21.8231 14 -33.7 21.9419 13.8671 -33.7 22 13.7997 -33.7 22.7997 13 -33.7 22 12.2003 -33.7 21.8811 12.0674 -33.7 21.8228 12 -33.7 21.0506 11.2279 -33.7 22.6939 11.2624 -33.7 23.6384 11.2751 -33.7 30.9491 11.2015 -33.7 30.1506 12 -33.7 30.2218 16 -33.7 31 16.7782 -33.7 31.2356 17 -33.7 31.2595 17.7 -33.7 31.276 18 -33.7 32.1835 18.9044 -33.7 32.2837 19 -33.7 33 19.7163 -33.7 33.7 19.735 -33.7 34 19.7498 -33.7 34.2278 20 -33.7 35 20.7722 -33.7 35.1311 20.923 -33.7 35.1962 21 -33.7 35.1657 24 -33.7 35 24.1949 -33.7 34.1949 25 -33.7 35 25.8051 -33.7 35.2024 26 -33.7 36.2008 27 -33.7 36.2216 28 -33.7 37.1427 28.925 -33.7 37.2136 29 -33.7 37.2322 30 -33.7 38 30.7678 -33.7 38.2189 31 -33.7 38.2419 32 -33.7 39 32.7581 -33.7 39.1462 32.9184 -33.7 39.2184 33 -33.7 39.2301 38 -33.7 39 38.2683 -33.7 38.2683 39 -33.7 38.2383 41 -33.7 38 41.2707 -33.7 37.2707 42 -33.7 37.2499 43 -33.7 37 43.2629 -33.7 36.2629 44 -33.7 36.2314 45 -33.7 35.2278 46 -33.7 35 46.22 -33.7 34 46.2421 -33.7 33.2421 47 -33.7 33 47.2211 -33.7 22 47.2109 -33.7 21.7728 47 -33.7 21 46.2272 -33.7 20.7615 46 -33.7 19.7557 45 -33.7 18 43.2426 -33.7 17.7695 43 -33.7 17.7479 42 -33.7 17 41.2521 -33.7 16.7724 41 -33.7 16.7628 40 -33.7 16 39.2372 -33.7 15.788 39 -33.7 15.7858 35 -33.7 15 34.2142 -33.7 14 34.1855 -33.7 13.8435 34 -33.7 13 33.1565 -33.7 12.862 33 -33.7 12.8583 32 -33.7 12 31.1417 -33.7 11.8715 31 -33.7 11.8669 29 -33.7 
108
24.4193 30.6112 -33.7 23.6384 30.8684 -33.7 23.1913 31.0583 -33.7 22.6939 31.2215 -33.7 22.1348 31.5557 -33.7 22.2315 32.0181 -33.7 22.0948 32.5002 -33.7 22.2742 32.9199 -33.7 22.268 33.4447 -33.7 22.2193 33.9193 -33.7 22.1115 34.3892 -33.7 21.8894 35.1937 -33.7 21.8688 35.2598 -33.7 21.8446 35.3337 -33.7 21.7494 35.8411 -33.7 21.6829 36.2782 -33.7 21.5954 37.2227 -33.7 21.5969 37.3751 -33.7 21.6557 38.1672 -33.7 21.7494 38.5435 -33.7 21.9022 39.1117 -33.7 21.9942 39.3565 -33.7 22.2417 40.0562 -33.7 22.3187 40.4314 -33.7 22.554 41.0007 -33.7 22.6939 41.2238 -33.7 23.1159 41.9452 -33.7 23.6384 42.4707 -33.7 24.2271 42.8897 -33.7 24.5829 43.0704 -33.7 24.8558 43.1627 -33.7 25.3792 43.3861 -33.7 25.5274 43.4522 -33.7 26.185 43.5896 -33.7 26.4719 43.6734 -33.7 27.3221 43.7814 -33.7 27.4164 43.7966 -33.7 28.3206 43.8617 -33.7 28.3609 43.8638 -33.7 29.2428 43.8801 -33.7 29.3054 43.879 -33.7 30.2499 43.7893 -33.7 30.74 43.6562 -33.7 31.1944 43.5051 -33.7 31.5231 43.3798 -33.7 31.9617 43.2241 -33.7 32.1323 43.1541 -33.7 32.1389 43.1516 -33.7 32.6558 42.8398 -33.7 33.0834 42.5302 -33.7 33.1435 42.4621 -33.7 33.3303 42.2796 -33.7 33.6038 41.9452 -33.7 34.0279 41.2474 -33.7 34.0825 41.1659 -33.7 34.5617 40.3906 -33.7 34.761 40.0562 -33.7 34.9724 39.485 -33.7 35.0431 39.2644 -33.7 35.1103 39.1117 -33.7 35.1759 38.9082 -33.7 35.3319 38.1672 -33.7 35.3926 37.747 -33.7 35.4098 37.2227 -33.7 35.4118 36.7833 -33.7 35.3359 36.2782 -33.7 35.2488 36.0018 -33.7 35.053 35.3337 -33.7 34.9724 35.1489 -33.7 34.8135 34.7304 -33.7 34.6915 34.3892 -33.7 34.2741 33.4447 -33.7 34.0279 32.943 -33.7 33.7276 32.5002 -33.7 33.0834 31.745 -33.7 32.891 31.5557 -33.7 32.5035 31.1911 -33.7 32.1389 30.7737 -33.7 31.7819 30.6112 -33.7 31.3681 30.4375 -33.7 31.1944 30.2775 -33.7 31.0999 30.0182 -33.7 31.0208 29.6667 -33.7 30.893 29.3977 -33.7 30.827 29.3323 -33.7 30.5652 28.7222 -33.7 30.2967 28.5822 -33.7 30.2499 28.54 -33.7 29.6765 27.9721 -33.7 29.4033 27.7777 -33.7 29.3421 27.7313 -33.7 29.3054 27.6928 -33.7 28.971 27.6833 -33.7 28.3609 27.3784 -33.7 28.0265 27.2375 -33.7 27.4164 27.1071 -33.7 27.2448 26.9696 -33.7 26.6228 27.4678 -33.7 26.4719 27.0258 -33.7 25.9083 27.7777 -33.7 25.7399 28.5097 -33.7 26.4719 28.6972 -33.7 26.4733 28.6999 -33.7 26.4871 28.7222 -33.7 26.4719 28.802 -33.7 25.5821 29.6667 -33.7 25.5274 29.692 -33.7 24.5829 30.5421 -33.7 
20 20 0 -32.8
2 19 21 
2
103
12 28.8365 -32.8 13 28.8131 -32.8 13.8131 28 -32.8 13.8362 21 -32.8 14 20.8269 -32.8 15 19.8245 -32.8 20 19.7657 -32.8 20.7657 19 -32.8 20.9467 18.846 -32.8 21 18.8028 -32.8 21.8028 18 -32.8 21.801 14 -32.8 21.9559 13.8204 -32.8 22 13.7667 -32.8 22.7667 13 -32.8 22 12.2333 -32.8 21.8445 12.0537 -32.8 21.7998 12 -32.8 21.0515 11.2517 -32.8 22.404 11.2922 -32.8 22.6939 11.3062 -32.8 23.3485 11.3189 -32.8 23.6384 11.331 -32.8 24.5829 11.3368 -32.8 25.2375 11.3288 -32.8 26.182 11.3063 -32.8 26.4719 11.2946 -32.8 27.4164 11.2722 -32.8 30.9484 11.2226 -32.8 30.1709 12 -32.8 30.2586 16 -32.8 31 16.7414 -32.8 31.2755 17 -32.8 31.3195 17.8 -32.8 31.3361 18 -32.8 32 18.6639 -32.8 32.3534 19 -32.8 33 19.6466 -32.8 33.8 19.6859 -32.8 34 19.7027 -32.8 34.2669 20 -32.8 35 20.7331 -32.8 35.2243 21 -32.8 35.1881 24 -32.8 35 24.221 -32.8 34.221 25 -32.8 35 25.779 -32.8 35.2318 26 -32.8 36.232 27 -32.8 36.2615 28 -32.8 37 28.7385 -32.8 37.2459 29 -32.8 37.2659 30 -32.8 38 30.7341 -32.8 38.2515 31 -32.8 38.2817 32 -32.8 39 32.7183 -32.8 39.2485 33 -32.8 39.2608 38 -32.8 39.0587 38.2374 -32.8 39 38.3083 -32.8 38.3083 39 -32.8 38.2735 41 -32.8 38.0621 41.2445 -32.8 38 41.3185 -32.8 37.3185 42 -32.8 37.2962 42.8 -32.8 37.2875 43 -32.8 37 43.3069 -32.8 36.3069 44 -32.8 36.2753 44.8 -32.8 36.2637 45 -32.8 35.2598 46 -32.8 35 46.2489 -32.8 34 46.2781 -32.8 33.2781 47 -32.8 33 47.2508 -32.8 22 47.238 -32.8 21.7394 47 -32.8 21 46.2606 -32.8 20.7241 46 -32.8 20 45.2759 -32.8 19.7143 45 -32.8 18 43.2837 -32.8 17.7331 43 -32.8 17.7049 42 -32.8 17 41.2951 -32.8 16.7984 41.0681 -32.8 16.7402 41 -32.8 16.7253 40 -32.8 16 39.2747 -32.8 15.7569 39 -32.8 15.7403 36 -32.8 15.7559 35 -32.8 15 34.2441 -32.8 14 34.2051 -32.8 13.8295 34 -32.8 13 33.1705 -32.8 12.8523 33 -32.8 12.848 32 -32.8 12 31.152 -32.8 11.8609 31 -32.8 11.8565 29 -32.8 
125
22.3013 26.8332 -32.8 21.7494 27.7352 -32.8 21.726 27.7777 -32.8 20.8374 28.7222 -32.8 20.8049 28.741 -32.8 19.9749 29.6667 -32.8 19.8604 29.8775 -32.8 19.6457 30.6112 -32.8 19.6429 30.8287 -32.8 19.5808 31.5557 -32.8 19.827 32.4668 -32.8 19.8395 32.4959 -32.8 19.8415 32.5002 -32.8 19.8604 32.547 -32.8 20.1228 32.9771 -32.8 20.3164 33.4447 -32.8 20.3609 33.9452 -32.8 20.3258 34.3892 -32.8 20.1845 35.0096 -32.8 20.1437 35.3337 -32.8 20.1347 35.9925 -32.8 20.1113 36.2782 -32.8 20.069 36.9852 -32.8 20.0466 37.2227 -32.8 20.08 37.8871 -32.8 20.0847 38.1672 -32.8 20.1455 38.4523 -32.8 20.3172 39.1117 -32.8 20.3739 39.5427 -32.8 20.4881 40.0562 -32.8 20.5581 40.303 -32.8 20.7155 41.0007 -32.8 20.8049 41.1824 -32.8 21.2145 41.9452 -32.8 21.7494 42.5086 -32.8 22.132 42.8897 -32.8 22.6939 43.3371 -32.8 23.4139 43.8343 -32.8 23.6384 43.9551 -32.8 24.5829 44.3318 -32.8 25.5274 44.6134 -32.8 26.4296 44.7547 -32.8 26.4719 44.7621 -32.8 27.4164 44.8152 -32.8 28.2781 44.844 -32.8 28.3609 44.8423 -32.8 29.2685 44.8071 -32.8 29.3054 44.8039 -32.8 30.2499 44.6873 -32.8 30.7182 44.5837 -32.8 31.1944 44.4645 -32.8 32.1389 44.1315 -32.8 32.7312 43.8343 -32.8 32.7373 43.831 -32.8 33.0834 43.6376 -32.8 33.2502 43.4881 -32.8 33.6125 43.1796 -32.8 33.9373 42.8897 -32.8 34.0279 42.7861 -32.8 34.0857 42.7148 -32.8 34.4963 42.2351 -32.8 34.7306 41.9452 -32.8 34.9724 41.5435 -32.8 35.2605 41.0007 -32.8 35.4716 40.5015 -32.8 35.5132 40.4177 -32.8 35.6999 40.0562 -32.8 35.9169 39.5594 -32.8 36.0084 39.3285 -32.8 36.0677 39.1117 -32.8 36.2568 38.4571 -32.8 36.3618 38.1672 -32.8 36.4376 37.76 -32.8 36.5107 37.2227 -32.8 36.5485 36.7577 -32.8 36.5639 36.2782 -32.8 36.5054 35.9074 -32.8 36.3835 35.3337 -32.8 36.3161 35.11 -32.8 36.2068 34.8215 -32.8 36.1874 34.7553 -32.8 36.0523 34.3892 -32.8 35.9169 34.09 -32.8 35.7959 33.8878 -32.8 35.5602 33.4447 -32.8 35.2165 32.7443 -32.8 35.0868 32.5002 -32.8 34.9724 32.3055 -32.8 34.5032 31.5557 -32.8 34.3732 31.3747 -32.8 34.3178 31.3029 -32.8 34.2398 31.1941 -32.8 34.0279 30.9187 -32.8 33.7534 30.6112 -32.8 33.0834 29.7738 -32.8 32.9813 29.6667 -32.8 32.6233 29.388 -32.8 32.4288 29.2236 -32.8 32.416 29.2123 -32.8 32.1389 28.9482 -32.8 31.737 28.7222 -32.8 31.1944 28.4911 -32.8 30.8988 28.4266 -32.8 30.6912 28.3274 -32.8 30.2499 28.0973 -32.8 29.8008 27.7777 -32.8 29.7151 27.6968 -32.8 29.5953 27.606 -32.8 29.3054 27.4897 -32.8 29.0155 27.4719 -32.8 28.3609 27.4533 -32.8 27.7063 27.1774 -32.8 27.4164 27.0384 -32.8 27.1605 26.8332 -32.8 27.0805 26.7511 -32.8 26.7618 26.5023 -32.8 26.4719 26.342 -32.8 25.8173 26.3041 -32.8 25.5274 25.9976 -32.8 25.3205 26.0956 -32.8 24.5829 25.9839 -32.8 24.4352 26.0364 -32.8 23.6384 25.9127 -32.8 23.5922 25.9349 -32.8 22.6939 26.3187 -32.8 
21 21 0 -31.9
2 20 22 
3
129
12 28.8212 -31.9 13 28.7907 -31.9 13.7907 28 -31.9 13.8167 21 -31.9 14 20.8055 -31.9 15 19.8041 -31.9 18 19.7421 -31.9 20 19.7285 -31.9 20.7285 19 -31.9 20.9683 18.8057 -31.9 21 18.7816 -31.9 21.7816 18 -31.9 21.7768 14 -31.9 21.9753 13.7584 -31.9 22 13.7261 -31.9 22.7261 13 -31.9 22 12.2739 -31.9 21.7991 12.0322 -31.9 21.7737 12 -31.9 21.053 11.2792 -31.9 21.504 11.2973 -31.9 22.4485 11.3461 -31.9 22.6939 11.3674 -31.9 23.393 11.3965 -31.9 23.6384 11.4227 -31.9 24.3375 11.4299 -31.9 24.5829 11.4373 -31.9 25.282 11.4186 -31.9 25.5274 11.4025 -31.9 26.2265 11.3742 -31.9 26.4719 11.3554 -31.9 27.171 11.3345 -31.9 27.4164 11.3226 -31.9 28.1155 11.3071 -31.9 28.3609 11.2979 -31.9 30.9462 11.251 -31.9 30.1972 12 -31.9 30.3029 15.9 -31.9 30.3097 16 -31.9 31 16.6903 -31.9 31.2902 16.9613 -31.9 31.3302 17 -31.9 31.4047 17.9 -31.9 31.4207 18 -31.9 32 18.5793 -31.9 32.3877 18.9441 -31.9 33 19.5564 -31.9 33.9 19.6318 -31.9 34 19.6463 -31.9 34.314 20 -31.9 35 20.686 -31.9 35.2588 21 -31.9 35.2179 24 -31.9 35.026 24.2253 -31.9 35 24.2546 -31.9 34.2546 25 -31.9 35 25.7454 -31.9 35.2689 26 -31.9 36.2713 27 -31.9 36.3079 27.9 -31.9 36.3149 28 -31.9 37 28.6851 -31.9 37.2905 29 -31.9 37.3105 30 -31.9 38 30.6895 -31.9 38.2564 30.9625 -31.9 38.29 31 -31.9 38.326 32 -31.9 39 32.674 -31.9 39.2845 33 -31.9 39.3246 36 -31.9 39.298 38 -31.9 39.0339 38.3193 -31.9 39 38.3636 -31.9 38.3636 39 -31.9 38.3411 39.9 -31.9 38.3363 40 -31.9 38.3189 40.9 -31.9 38.3152 41 -31.9 38.0359 41.3333 -31.9 38 41.3786 -31.9 37.3786 42 -31.9 37.3396 42.9 -31.9 37.3324 43 -31.9 37.0382 43.3176 -31.9 37 43.3601 -31.9 36.3601 44 -31.9 36.3081 44.9 -31.9 36.3001 45 -31.9 35.298 46 -31.9 35 46.2811 -31.9 34.9 46.2867 -31.9 34 46.3222 -31.9 33.3222 47 -31.9 33 47.2872 -31.9 26 47.3461 -31.9 22 47.2693 -31.9 21.6988 47 -31.9 21 46.3012 -31.9 20.6753 46 -31.9 20 45.3247 -31.9 19.661 45 -31.9 18 43.3396 -31.9 17.6851 43 -31.9 17.6804 42.9 -31.9 17.6509 42 -31.9 17 41.3491 -31.9 16.7383 41.0426 -31.9 16.7037 41 -31.9 16.6838 40 -31.9 16 39.3162 -31.9 15.7521 39.0371 -31.9 15.721 39 -31.9 15.7178 38.9 -31.9 15.6944 37 -31.9 15.6994 36 -31.9 15.723 35 -31.9 15 34.277 -31.9 14.9 34.2699 -31.9 14 34.2262 -31.9 13.8352 34.0251 -31.9 13.8155 34 -31.9 13 33.1845 -31.9 12.8425 33 -31.9 12.8367 32 -31.9 12 31.1633 -31.9 11.8637 31.0175 -31.9 11.8464 31 -31.9 11.8436 29 -31.9 
142
21.7494 23.9727 -31.9 21.5379 23.9997 -31.9 20.8049 24.1898 -31.9 20.0903 24.7143 -31.9 19.8604 24.8104 -31.9 19.8001 24.9442 -31.9 19.779 25.0256 -31.9 19.4892 25.8887 -31.9 19.3668 26.3823 -31.9 19.1961 26.7996 -31.9 19.181 26.8332 -31.9 18.9472 27.7446 -31.9 18.936 27.7777 -31.9 18.9159 27.8256 -31.9 18.6909 28.7222 -31.9 18.6406 28.9975 -31.9 18.466 29.6667 -31.9 18.3882 30.1157 -31.9 18.2905 30.6112 -31.9 18.3545 30.9607 -31.9 18.372 31.5557 -31.9 18.6573 32.2416 -31.9 18.7422 32.4755 -31.9 18.7517 32.5002 -31.9 18.9429 33.1589 -31.9 19.0548 33.4447 -31.9 18.9159 34.0079 -31.9 18.8497 34.3009 -31.9 18.8396 34.3892 -31.9 18.8276 34.425 -31.9 18.6705 34.9331 -31.9 18.6055 35.1027 -31.9 18.5239 35.3337 -31.9 18.3755 35.8145 -31.9 18.3268 36.2782 -31.9 18.3483 36.7309 -31.9 18.4067 37.2227 -31.9 18.4829 37.7342 -31.9 18.5832 38.1672 -31.9 18.6758 38.4073 -31.9 18.7914 39.1117 -31.9 18.9159 39.7873 -31.9 18.9491 39.9238 -31.9 18.9731 40.0562 -31.9 19.137 40.4894 -31.9 19.2823 41.0007 -31.9 19.5921 41.6769 -31.9 19.7324 41.9452 -31.9 19.8604 42.1318 -31.9 20.5092 42.8897 -31.9 20.8049 43.1669 -31.9 21.5916 43.8343 -31.9 21.7494 43.9474 -31.9 22.6939 44.559 -31.9 23.1068 44.7788 -31.9 23.3778 44.9016 -31.9 23.393 44.9088 -31.9 23.6384 45.0053 -31.9 24.3375 45.2384 -31.9 24.5829 45.3053 -31.9 25.5274 45.5369 -31.9 26.3493 45.6729 -31.9 26.4719 45.691 -31.9 27.4164 45.7367 -31.9 28.291 45.7084 -31.9 28.3609 45.707 -31.9 29.8104 45.5833 -31.9 30.2499 45.5379 -31.9 31.1944 45.3514 -31.9 32.1389 45.0313 -31.9 32.6863 44.7788 -31.9 33.0834 44.5789 -31.9 34.0065 43.9052 -31.9 34.0279 43.89 -31.9 34.0964 43.8343 -31.9 34.9724 43.0454 -31.9 35.1127 42.8897 -31.9 35.6237 42.1906 -31.9 35.8134 41.9452 -31.9 35.9169 41.7414 -31.9 36.2287 41.0007 -31.9 36.5201 40.0562 -31.9 36.6696 39.4438 -31.9 36.7604 39.1117 -31.9 37.0072 38.4126 -31.9 37.0849 38.1672 -31.9 37.2157 37.4681 -31.9 37.2883 37.2227 -31.9 37.3202 36.9176 -31.9 37.3733 36.2782 -31.9 37.3617 35.9903 -31.9 37.284 35.3337 -31.9 37.2503 35.1836 -31.9 37.1069 34.6441 -31.9 37.0849 34.5488 -31.9 37.0414 34.3892 -31.9 36.8615 33.8571 -31.9 36.8382 33.7931 -31.9 36.6936 33.4447 -31.9 36.5364 33.1746 -31.9 36.1925 32.5002 -31.9 36.168 32.4628 -31.9 36.1623 32.4527 -31.9 36.0312 32.2447 -31.9 35.9169 32.0295 -31.9 35.6353 31.5557 -31.9 35.2178 30.9318 -31.9 35.0183 30.6112 -31.9 34.9724 30.5476 -31.9 34.7933 30.3327 -31.9 34.3364 29.6667 -31.9 34.3048 29.6265 -31.9 34.1137 29.3797 -31.9 34.0279 29.2653 -31.9 33.4253 28.7222 -31.9 33.0834 28.4689 -31.9 32.193 27.7777 -31.9 32.1855 27.7727 -31.9 32.1389 27.7466 -31.9 31.1944 27.4847 -31.9 30.4953 27.3531 -31.9 30.2499 27.2033 -31.9 29.4355 26.927 -31.9 29.3054 26.8748 -31.9 28.8078 26.8332 -31.9 28.4585 26.7356 -31.9 28.3609 26.6524 -31.9 28.1811 26.6534 -31.9 27.4164 26.1452 -31.9 26.7806 25.8887 -31.9 26.6531 25.7075 -31.9 26.4719 25.7179 -31.9 25.7994 25.2162 -31.9 25.5274 24.9814 -31.9 25.4645 24.9442 -31.9 24.7244 24.3747 -31.9 24.5829 24.2714 -31.9 23.6765 23.9997 -31.9 23.6475 23.9919 -31.9 22.7249 23.9723 -31.9 22.6939 23.969 -31.9 22.6513 23.9571 -31.9 
26
26.6865 19.2772 -31.9 26.7248 19.9688 -31.9 26.7877 20.2217 -31.9 26.9958 20.6423 -31.9 27.4064 21.1662 -31.9 27.4106 21.172 -31.9 27.4164 21.184 -31.9 28.2469 21.2802 -31.9 28.3609 21.3251 -31.9 28.6169 21.1662 -31.9 29.3054 20.9798 -31.9 30.2499 20.3384 -31.9 30.389 20.2217 -31.9 30.2939 20.1777 -31.9 30.2499 20.1091 -31.9 29.737 19.7901 -31.9 29.711 19.2772 -31.9 29.3054 19.034 -31.9 28.7218 18.9163 -31.9 28.3609 18.3472 -31.9 28.3434 18.3502 -31.9 28.2972 18.3327 -31.9 27.4868 18.2623 -31.9 27.4164 18.2164 -31.9 27.0564 18.3327 -31.9 26.9726 18.7765 -31.9 
22 22 0 -31
2 21 23 
2
107
13 28.7677 -31 13.7677 28 -31 13.791 21 -31 14 20.7774 -31 15 19.7784 -31 18 19.6976 -31 20 19.6832 -31 20.6832 19 -31 21 18.7589 -31 21.7589 18 -31 21.7535 14 -31 22 13.6779 -31 22.6779 13 -31 22 12.3221 -31 21.746 12 -31 21.0556 11.3096 -31 21.5485 11.3396 -31 22.493 11.4207 -31 22.6939 11.451 -31 23.4375 11.5302 -31 23.6384 11.5877 -31 24.0841 11.6194 -31 24.5829 11.6345 -31 24.8581 11.6049 -31 25.5274 11.5609 -31 25.7283 11.52 -31 26.4719 11.4632 -31 27.2155 11.427 -31 27.4164 11.4061 -31 28.16 11.3783 -31 28.3609 11.3639 -31 29.1045 11.3418 -31 29.3054 11.331 -31 30.049 11.3127 -31 30.2499 11.3044 -31 30.9417 11.2909 -31 30.2325 12 -31 30.2741 14 -31 30.3182 15 -31 30.3865 16 -31 31 16.6135 -31 31.3994 17 -31 31.5589 18 -31 33 19.4414 -31 34 19.5858 -31 34.3698 20 -31 35 20.6302 -31 35.2978 21 -31 35.26 24 -31 35 24.2933 -31 34.2933 25 -31 35 25.7067 -31 35.3116 26 -31 36.3137 27 -31 36.3835 28 -31 37 28.6165 -31 37.3494 29 -31 37.3749 30 -31 38 30.6251 -31 38.3354 31 -31 38.3751 32 -31 39 32.6249 -31 39.3202 33 -31 39.3697 36 -31 39.3633 37 -31 39.3388 38 -31 39 38.4431 -31 38.4431 39 -31 38.3586 41 -31 38 41.4535 -31 37.4535 42 -31 37.3821 43 -31 37 43.4254 -31 36.4254 44 -31 36.3447 45 -31 35.3449 46 -31 35 46.3195 -31 34 46.3757 -31 33.3757 47 -31 33 47.3314 -31 26 47.4091 -31 22 47.3064 -31 21.6516 47 -31 21 46.3484 -31 20.6166 46 -31 20 45.3834 -31 19.5938 45 -31 18 43.4085 -31 17.6207 43 -31 17.5737 42 -31 17 41.4263 -31 16.6541 41 -31 16.6287 40 -31 16 39.3713 -31 15.6889 39 -31 15.6563 38 -31 15.6489 37 -31 15.6781 35 -31 15 34.3219 -31 14 34.2506 -31 13.8028 34 -31 13 33.1972 -31 12.833 33 -31 12.8245 32 -31 11.8272 31 -31 11.8233 29 -31 12 28.797 -31 
191
18.9159 22.1969 -31 18.225 23.0552 -31 17.9714 23.7481 -31 17.926 23.9432 -31 17.9191 23.9997 -31 17.7883 24.7463 -31 17.7884 24.9442 -31 17.7158 25.6878 -31 17.7305 26.6323 -31 17.663 26.8332 -31 17.6048 27.1491 -31 17.5422 27.7777 -31 17.5579 28.0745 -31 17.5329 28.7222 -31 17.5565 28.9889 -31 17.4912 29.6667 -31 17.4876 29.9385 -31 17.4112 30.6112 -31 17.4535 30.8121 -31 17.5775 31.5557 -31 17.6261 31.7566 -31 17.8516 32.5002 -31 17.9714 33.2839 -31 18.0031 33.4447 -31 17.9714 33.7481 -31 17.9176 34.3892 -31 17.8305 34.6907 -31 17.6954 35.1328 -31 17.6489 35.3337 -31 17.381 36.0773 -31 17.2662 36.7003 -31 17.2442 37.2227 -31 17.3142 37.4765 -31 17.4717 38.1672 -31 17.5057 38.2343 -31 17.5608 38.3681 -31 17.7968 39.1117 -31 17.9714 39.8123 -31 18.043 40.0562 -31 18.1384 40.3322 -31 18.3559 41.0007 -31 18.6794 41.7087 -31 18.7465 41.8699 -31 18.7762 41.9452 -31 18.9159 42.1821 -31 19.3954 42.8897 -31 19.5839 43.1015 -31 19.8604 43.3989 -31 20.3272 43.8343 -31 20.8049 44.2133 -31 21.5874 44.7788 -31 21.7494 44.8852 -31 21.9773 45.0067 -31 22.6939 45.4042 -31 23.5184 45.7233 -31 23.6384 45.7636 -31 24.5829 45.9982 -31 25.5274 46.2124 -31 25.7981 46.2468 -31 26.4719 46.353 -31 26.7448 46.354 -31 27.4164 46.3801 -31 28.5981 46.338 -31 29.3054 46.2906 -31 29.5101 46.2733 -31 30.2499 46.2243 -31 30.4508 46.1953 -31 31.1944 46.07 -31 31.3953 46.0164 -31 32.1389 45.783 -31 32.2732 45.7233 -31 32.399 45.6621 -31 33.0834 45.3418 -31 33.6534 44.9797 -31 33.9775 44.7788 -31 34.0279 44.743 -31 34.9724 43.9728 -31 35.1094 43.8343 -31 35.7789 43.0906 -31 35.9169 42.9308 -31 35.9464 42.8897 -31 36.4149 42.1461 -31 36.5354 41.9452 -31 36.8615 41.1923 -31 36.9351 41.0007 -31 37.1323 40.2571 -31 37.1911 40.0562 -31 37.3493 39.3126 -31 37.711 38.1672 -31 37.806 37.8441 -31 37.9219 37.4236 -31 37.9607 37.2227 -31 37.9855 37.0218 -31 38.0638 36.2782 -31 38.05 36.0773 -31 38.0241 35.3337 -31 37.9977 35.1328 -31 37.8558 34.3892 -31 37.806 34.2062 -31 37.7517 34.0511 -31 37.5616 33.4447 -31 37.5063 33.3228 -31 37.474 33.2438 -31 37.0018 32.2993 -31 36.9176 32.1489 -31 36.5447 31.5557 -31 36.1178 30.8526 -31 35.9809 30.6112 -31 35.9169 30.4781 -31 35.8215 30.3 -31 35.2757 29.5324 -31 35.1733 29.4105 -31 35.1149 29.3439 -31 34.9724 29.207 -31 34.5953 28.7222 -31 34.4888 28.5905 -31 34.2288 28.3125 -31 34.1584 28.2434 -31 34.0279 28.1327 -31 33.5557 27.7777 -31 33.4085 27.6756 -31 33.2843 27.5959 -31 33.091 27.4971 -31 33.0834 27.4935 -31 32.1389 26.9726 -31 31.6274 26.8332 -31 31.1944 26.6294 -31 30.4894 25.8887 -31 30.4662 25.6724 -31 30.4136 24.9442 -31 30.4394 24.7547 -31 30.4241 23.9997 -31 30.51 23.7396 -31 30.6002 23.0552 -31 31.1944 22.2159 -31 31.2808 22.1107 -31 32.1389 21.3545 -31 32.2846 21.1662 -31 32.2995 21.0056 -31 32.4432 20.6239 -31 32.6223 20.2217 -31 32.5479 20.1486 -31 32.3398 19.7826 -31 32.2216 19.6549 -31 32.1389 19.4948 -31 31.9442 19.2772 -31 31.801 19.1926 -31 31.3953 18.9402 -31 31.2628 18.8239 -31 31.1944 18.7607 -31 30.4818 18.3327 -31 30.2499 18.161 -31 29.7562 17.839 -31 29.3054 17.5646 -31 29.0246 17.3882 -31 28.5618 17.1211 -31 28.3609 17 -31 27.5623 16.569 -31 27.3073 16.4437 -31 26.6176 16.0769 -31 26.4719 16.0056 -31 25.9822 15.8978 -31 25.5274 15.9509 -31 25.1861 16.4396 -31 25.1825 16.4437 -31 25.1819 16.7856 -31 25.0467 17.3882 -31 25.0479 17.7286 -31 25.0196 18.3327 -31 25.0094 18.6872 -31 25.0019 19.2772 -31 25.0078 19.6235 -31 25.0581 20.2217 -31 25.02 20.6159 -31 25.0288 21.1662 -31 24.9191 21.6958 -31 24.9658 22.1107 -31 24.5829 22.6579 -31 24.0163 22.6773 -31 23.6384 22.8995 -31 22.9469 22.8022 -31 22.6939 22.8214 -31 22.3431 22.7204 -31 21.7494 22.5301 -31 21.0339 22.2682 -31 20.8049 22.1897 -31 20.3923 22.1107 -31 19.9551 22.0419 -31 19.8604 22.0161 -31 19.2024 22.1107 -31 19.0598 22.1405 -31 
23 23 0 -30.1
2 22 24 
1
367
12 28.7677 -30.1 12.1 28.7648 -30.1 13 28.7232 -30.1 13.7232 28 -30.1 13.7125 27 -30.1 13.7203 26.1 -30.1 13.7197 26 -30.1 13.7295 25 -30.1 13.7514 24 -30.1 13.7519 21 -30.1 14 20.7367 -30.1 15 19.7397 -30.1 18 19.6471 -30.1 20 19.635 -30.1 20.9 19.6525 -30.1 21 19.5491 -30.1 21.5491 19 -30.1 21.5842 18.9759 -30.1 21.6601 18.9 -30.1 21.7256 18 -30.1 21.7369 17.1 -30.1 21.7365 16.9 -30.1 21.7758 16.844 -30.1 22 16.5412 -30.1 22.5412 16 -30.1 22.5358 14 -30.1 22.5722 13.9678 -30.1 22.64 13.9 -30.1 22.6336 13 -30.1 22 12.3664 -30.1 21.7181 12 -30.1 21.0594 11.3413 -30.1 21.593 11.3857 -30.1 21.7494 11.4028 -30.1 22.5375 11.5214 -30.1 22.6939 11.5579 -30.1 23.2329 11.7121 -30.1 23.2531 11.7211 -30.1 23.3631 11.8775 -30.1 23.413 11.9524 -30.1 24.4377 12.6656 -30.1 24.4626 12.7859 -30.1 24.421 13.6101 -30.1 24.4411 13.7519 -30.1 24.411 13.8635 -30.1 24.1023 14.5546 -30.1 24.1261 15.6588 -30.1 24.0883 16.4437 -30.1 24.0884 16.6032 -30.1 24.1049 17.3882 -30.1 24.1026 17.5515 -30.1 24.1326 18.3327 -30.1 24.0794 18.5801 -30.1 24.0317 19.2772 -30.1 23.9521 19.6655 -30.1 23.9029 20.2217 -30.1 23.6384 21.1077 -30.1 23.6103 21.1662 -30.1 23.407 21.4329 -30.1 22.6939 21.7502 -30.1 22.4786 21.7634 -30.1 21.7494 21.6128 -30.1 20.8049 21.2913 -30.1 20.3449 21.1662 -30.1 20.0151 21.0925 -30.1 19.8604 21.0621 -30.1 19.0063 21.1054 -30.1 18.9159 21.1066 -30.1 18.7363 21.1662 -30.1 18.6272 21.2156 -30.1 17.9714 21.5958 -30.1 17.815 21.7308 -30.1 17.6789 21.8858 -30.1 17.463 22.1107 -30.1 17.0716 22.9884 -30.1 17.04 23.0552 -30.1 16.959 23.9143 -30.1 16.9678 23.9997 -30.1 16.9281 24.0985 -30.1 16.927 24.9442 -30.1 16.9006 25.0705 -30.1 16.9355 25.8887 -30.1 16.8064 26.1488 -30.1 16.8717 26.3282 -30.1 16.7123 26.8332 -30.1 16.5449 27.6213 -30.1 16.5452 27.7777 -30.1 16.5851 28.5658 -30.1 16.5529 28.7222 -30.1 16.5725 28.8959 -30.1 16.679 29.6667 -30.1 16.6924 29.7041 -30.1 16.7308 29.8231 -30.1 16.7665 30.6112 -30.1 16.8038 30.7676 -30.1 16.9523 31.5557 -30.1 17.0269 31.897 -30.1 17.173 32.5002 -30.1 17.2223 32.6661 -30.1 17.3338 33.4447 -30.1 17.325 33.6329 -30.1 17.253 34.3892 -30.1 17.0269 35.3053 -30.1 17.0257 35.3109 -30.1 17.0202 35.3337 -30.1 16.9812 35.6363 -30.1 16.908 36.1218 -30.1 16.8911 36.2782 -30.1 16.6964 37.0663 -30.1 16.6277 37.2227 -30.1 16.7872 38.0108 -30.1 16.8152 38.1672 -30.1 16.8618 38.3236 -30.1 17.1872 39.1117 -30.1 17.2366 39.2915 -30.1 17.4288 40.0562 -30.1 17.6989 41.0007 -30.1 17.7558 41.1571 -30.1 17.9714 41.7928 -30.1 18.0315 41.9452 -30.1 18.1319 42.1016 -30.1 18.599 42.8897 -30.1 18.7286 43.0461 -30.1 18.9159 43.2832 -30.1 19.4377 43.8343 -30.1 19.704 44.0767 -30.1 19.8604 44.2244 -30.1 20.5601 44.7748 -30.1 20.5649 44.7788 -30.1 20.8049 44.9551 -30.1 21.7494 45.5783 -30.1 22.03 45.7233 -30.1 22.5375 45.9604 -30.1 22.6939 46.0285 -30.1 23.6384 46.3402 -30.1 24.5829 46.5854 -30.1 24.9471 46.6678 -30.1 25.371 46.7564 -30.1 25.5274 46.7837 -30.1 26.3155 46.8683 -30.1 26.4719 46.8804 -30.1 27.4164 46.8754 -30.1 29.3054 46.8248 -30.1 30.2499 46.752 -30.1 31.1944 46.62 -30.1 32.1389 46.3691 -30.1 32.2953 46.3058 -30.1 33.0834 45.9503 -30.1 33.4685 45.7233 -30.1 34.0279 45.3727 -30.1 34.8586 44.7788 -30.1 34.9724 44.6849 -30.1 35.8071 43.8343 -30.1 35.9169 43.7048 -30.1 36.3876 43.0461 -30.1 36.4898 42.8897 -30.1 36.8615 42.2665 -30.1 37.0326 41.9452 -30.1 37.3952 41.0007 -30.1 37.626 40.2126 -30.1 37.6819 40.0562 -30.1 37.8448 39.544 -30.1 37.9371 39.2681 -30.1 37.996 39.1117 -30.1 38.029 38.9553 -30.1 38.2431 38.1672 -30.1 38.3952 37.3791 -30.1 38.4228 37.2227 -30.1 38.5393 36.2782 -30.1 38.4738 35.3337 -30.1 38.4399 35.1773 -30.1 38.3361 34.3892 -30.1 38.3009 34.2328 -30.1 38.0836 33.4447 -30.1 38.0327 33.2883 -30.1 37.806 32.6826 -30.1 37.7315 32.5002 -30.1 37.6794 32.3855 -30.1 37.6617 32.3438 -30.1 37.2749 31.5557 -30.1 37.2118 31.3993 -30.1 36.9602 30.8945 -30.1 36.8615 30.7036 -30.1 36.8102 30.6112 -30.1 36.3921 29.6667 -30.1 36.372 29.6296 -30.1 36.0733 29.1027 -30.1 36.0093 28.9834 -30.1 35.9169 28.8177 -30.1 35.8331 28.7222 -30.1 35.6877 28.6105 -30.1 35.0795 28.049 -30.1 34.9724 27.9322 -30.1 34.8151 27.7777 -30.1 34.6962 27.6952 -30.1 34.1843 27.2946 -30.1 34.094 27.2207 -30.1 34.0279 27.1598 -30.1 33.2696 26.7736 -30.1 33.2398 26.7595 -30.1 33.1251 26.6628 -30.1 33.0834 26.6297 -30.1 32.5701 26.3123 -30.1 32.1389 26.0654 -30.1 31.9011 25.8887 -30.1 31.7959 24.9442 -30.1 32.0396 24.1483 -30.1 32.0788 23.9997 -30.1 32.1389 23.8717 -30.1 32.4082 23.1486 -30.1 32.4455 23.0552 -30.1 32.8837 22.3221 -30.1 33.017 22.1107 -30.1 33.0834 22.0223 -30.1 33.5218 21.3226 -30.1 33.5779 21.1662 -30.1 33.5302 21.1053 -30.1 33.475 21.0098 -30.1 33.3965 20.2217 -30.1 33.2953 20.1049 -30.1 33.0834 19.818 -30.1 32.6197 19.3168 -30.1 32.5803 19.2772 -30.1 32.4633 19.1524 -30.1 32.1389 18.8207 -30.1 31.619 18.3643 -30.1 31.5904 18.3327 -30.1 31.4806 18.1763 -30.1 31.4482 18.1341 -30.1 31.1944 17.8701 -30.1 30.5813 17.3882 -30.1 30.5466 17.3597 -30.1 30.4063 17.2535 -30.1 30.2981 17.1257 -30.1 30.2499 17.0733 -30.1 29.3306 16.4437 -30.1 29.3054 16.4237 -30.1 28.7474 16.0655 -30.1 27.8515 15.4991 -30.1 27.4811 15.198 -30.1 26.6368 14.5546 -30.1 26.4719 14.3887 -30.1 25.7122 13.6101 -30.1 25.6335 13.504 -30.1 25.5274 13.3513 -30.1 24.9298 13.2632 -30.1 24.8574 12.6656 -30.1 24.9819 12.5257 -30.1 25.5274 12.2299 -30.1 26.0685 11.8022 -30.1 26.2454 11.7211 -30.1 26.4719 11.6748 -30.1 26.6944 11.6382 -30.1 27.4164 11.5629 -30.1 27.5728 11.542 -30.1 28.3609 11.4853 -30.1 29.149 11.4429 -30.1 29.3054 11.4219 -30.1 30.0935 11.3894 -30.1 30.2499 11.3762 -30.1 30.9353 11.3526 -30.1 30.2879 12 -30.1 30.3119 13.1 -30.1 30.3503 14.1 -30.1 30.4168 15.1 -30.1 30.5207 16 -30.1 31 16.4793 -30.1 31.0399 16.518 -30.1 31.4996 17 -30.1 31.5155 17.1 -30.1 31.6958 18 -30.1 32.0559 18.3601 -30.1 32.6661 19 -30.1 33 19.3339 -30.1 33.1 19.3483 -30.1 34 19.543 -30.1 34.037 19.5844 -30.1 34.4285 20 -30.1 35 20.5715 -30.1 35.342 21 -30.1 35.3172 24 -30.1 35.2911 24.0293 -30.1 35 24.3776 -30.1 34.3776 25 -30.1 35 25.6224 -30.1 35.0312 25.6517 -30.1 35.3586 26 -30.1 36.3677 27 -30.1 36.3747 27.1 -30.1 36.466 28 -30.1 37 28.534 -30.1 37.4148 29 -30.1 37.4174 29.1 -30.1 37.4531 30 -30.1 38 30.547 -30.1 38.0335 30.5845 -30.1 38.3785 31 -30.1 38.3825 31.1 -30.1 38.4358 32 -30.1 39 32.5642 -30.1 39.032 32.6017 -30.1 39.3494 33 -30.1 39.377 34.1 -30.1 39.4025 35 -30.1 39.426 36 -30.1 39.4254 36.1 -30.1 39.3886 38 -30.1 39.3547 38.0443 -30.1 39 38.5505 -30.1 38.5505 39 -30.1 38.5457 39.1 -30.1 38.4696 40 -30.1 38.4659 40.1 -30.1 38.4085 41 -30.1 38.3726 41.0453 -30.1 38 41.5409 -30.1 37.5409 42 -30.1 37.5337 42.1 -30.1 37.4399 43 -30.1 37.4017 43.0425 -30.1 37 43.5111 -30.1 36.5111 44 -30.1 36.503 44.1 -30.1 36.3934 45 -30.1 35.3958 46 -30.1 35 46.3676 -30.1 34.1 46.4398 -30.1 34 46.4454 -30.1 33.4454 47 -30.1 33.4079 47.0331 -30.1 33 47.3783 -30.1 26 47.4893 -30.1 22 47.3491 -30.1 21.9652 47.3184 -30.1 21.5892 47 -30.1 21 46.4108 -30.1 20.5381 46 -30.1 20 45.4619 -30.1 19.5069 45 -30.1 18 43.4917 -30.1 17.5527 43 -30.1 17.4708 42.1 -30.1 17.4662 42 -30.1 17 41.5339 -30.1 16.9654 41.4912 -30.1 16.5875 41 -30.1 16.5497 40.1 -30.1 16.5472 40 -30.1 16 39.4528 -30.1 15.9689 39.4157 -30.1 15.6446 39 -30.1 15.5938 37.1 -30.1 15.593 37 -30.1 15.6277 36.1 -30.1 15.6339 35.1 -30.1 15.636 35 -30.1 15 34.364 -30.1 14.1 34.2783 -30.1 14 34.2711 -30.1 13.9803 34.2461 -30.1 13.7946 34 -30.1 13 33.2054 -30.1 12.9833 33.1857 -30.1 12.8072 33 -30.1 12.7957 32 -30.1 11.8034 31 -30.1 11.7981 29 -30.1 
24 24 0 -29.2
2 23 25 
1
355
12 28.7359 -29.2 12.2 28.7266 -29.2 13 28.6692 -29.2 13.6692 28 -29.2 13.6499 27 -29.2 13.6645 26 -29.2 13.69 25.2 -29.2 13.6966 24.8 -29.2 13.7864 24.6749 -29.2 14 24.4151 -29.2 14.4151 24 -29.2 14 23.5849 -29.2 13.9498 23.5079 -29.2 13.7041 23.2 -29.2 13.7021 21 -29.2 13.7526 20.9464 -29.2 14 20.6722 -29.2 14.7258 19.9471 -29.2 15 19.686 -29.2 18 19.5934 -29.2 19 19.5773 -29.2 20 19.5724 -29.2 21 19.6032 -29.2 21.6032 19 -29.2 21.6707 18 -29.2 21.6935 17.2 -29.2 21.696 17 -29.2 21.7491 16.9282 -29.2 22 16.6046 -29.2 22.6046 16 -29.2 22.5804 13 -29.2 22 12.4196 -29.2 21.943 12.3454 -29.2 21.6896 12 -29.2 21.0647 11.3749 -29.2 21.6375 11.4376 -29.2 21.7494 11.4536 -29.2 22.582 11.6484 -29.2 22.6939 11.6867 -29.2 22.7712 11.7211 -29.2 22.8012 11.7466 -29.2 22.8472 11.833 -29.2 23.4327 12.6656 -29.2 23.5011 13.6101 -29.2 23.5448 14.4427 -29.2 23.553 14.5546 -29.2 23.5735 15.3872 -29.2 23.5816 15.4991 -29.2 23.5896 16.3318 -29.2 23.5924 16.4437 -29.2 23.5923 17.2763 -29.2 23.5765 17.3882 -29.2 23.5623 18.2208 -29.2 23.2999 19.1653 -29.2 23.258 19.2772 -29.2 23.0285 19.7414 -29.2 22.8125 20.2217 -29.2 22.6939 20.3915 -29.2 22.5892 20.516 -29.2 22.582 20.5206 -29.2 21.7494 20.8819 -29.2 21.6375 20.8811 -29.2 20.8049 20.6617 -29.2 19.9723 20.498 -29.2 19.8604 20.4777 -29.2 18.9159 20.4906 -29.2 18.804 20.5076 -29.2 17.9714 20.7185 -29.2 17.8595 20.7543 -29.2 17.1794 21.1662 -29.2 17.0269 21.3097 -29.2 16.7731 21.6336 -29.2 16.423 22.1107 -29.2 16.3084 22.5969 -29.2 16.1764 23.0552 -29.2 16.219 23.3335 -29.2 16.2873 23.9997 -29.2 16.0824 24.4794 -29.2 16.0206 24.5992 -29.2 15.9129 24.8323 -29.2 15.8744 24.9442 -29.2 15.6635 25.7768 -29.2 15.6263 25.8887 -29.2 15.9374 26.6882 -29.2 15.9312 26.8332 -29.2 15.9404 27.6357 -29.2 15.9837 27.7345 -29.2 16.008 27.7777 -29.2 15.9981 27.8307 -29.2 15.8666 28.6103 -29.2 15.8796 28.7222 -29.2 15.9545 29.6667 -29.2 15.972 29.7786 -29.2 16.2416 30.6112 -29.2 16.2866 30.7136 -29.2 16.2905 30.7231 -29.2 16.6758 32.3883 -29.2 16.7079 32.5002 -29.2 16.9323 33.3328 -29.2 16.9757 33.4447 -29.2 16.9516 34.2773 -29.2 16.9584 34.3892 -29.2 16.7579 35.2218 -29.2 16.751 35.3337 -29.2 16.6613 36.1663 -29.2 16.6203 36.2782 -29.2 16.2543 37.1108 -29.2 16.1838 37.2227 -29.2 16.2087 37.3799 -29.2 16.3496 38.1672 -29.2 16.869 39.9443 -29.2 16.9116 40.0562 -29.2 16.9457 40.1681 -29.2 16.9715 40.2633 -29.2 17.187 41.0007 -29.2 17.2077 41.0502 -29.2 17.2325 41.1126 -29.2 17.535 41.9452 -29.2 17.5929 42.0571 -29.2 17.9714 42.7548 -29.2 18.056 42.8897 -29.2 18.8376 43.8343 -29.2 18.9159 43.9166 -29.2 19.8277 44.7788 -29.2 19.8604 44.8068 -29.2 20.8049 45.5059 -29.2 21.1352 45.7233 -29.2 21.7494 46.1051 -29.2 22.6939 46.517 -29.2 23.1681 46.6678 -29.2 23.6384 46.8122 -29.2 24.471 47.0179 -29.2 24.5829 47.0425 -29.2 25.4155 47.1878 -29.2 25.5274 47.2053 -29.2 26.4719 47.2774 -29.2 27.4164 47.2802 -29.2 28.3609 47.2644 -29.2 29.3054 47.2303 -29.2 30.2499 47.1679 -29.2 31.1944 47.0361 -29.2 32.1389 46.8011 -29.2 32.4935 46.6678 -29.2 33.0834 46.4295 -29.2 33.1953 46.3692 -29.2 34.0279 45.877 -29.2 34.255 45.7233 -29.2 34.9524 45.2271 -29.2 34.9724 45.2123 -29.2 35.4572 44.7788 -29.2 35.9154 44.2957 -29.2 35.9169 44.2941 -29.2 35.9984 44.1838 -29.2 36.2806 43.8343 -29.2 36.8248 43.0016 -29.2 36.8615 42.9433 -29.2 36.8927 42.8897 -29.2 37.331 42.0571 -29.2 37.3877 41.9452 -29.2 37.7436 41.0007 -29.2 38.0766 40.0562 -29.2 38.4323 39.1117 -29.2 38.6078 38.2791 -29.2 38.6337 38.1672 -29.2 38.7981 37.2227 -29.2 38.806 37.1108 -29.2 38.9044 36.2782 -29.2 38.8378 35.3337 -29.2 38.8155 35.2218 -29.2 38.6358 34.3892 -29.2 38.4228 33.4447 -29.2 38.3905 33.3328 -29.2 38.1199 32.5002 -29.2 38.0816 32.3883 -29.2 37.806 31.6973 -29.2 37.7117 31.4743 -29.2 37.3638 30.6112 -29.2 37.0112 29.6667 -29.2 36.958 29.5548 -29.2 36.8615 29.3496 -29.2 36.5251 28.7222 -29.2 36.5209 28.7165 -29.2 36.0288 28.1218 -29.2 35.9549 28.0156 -29.2 35.9169 27.9664 -29.2 35.7086 27.7777 -29.2 35.0843 27.2961 -29.2 34.9724 27.1957 -29.2 34.5293 26.8332 -29.2 34.4916 26.7955 -29.2 34.1398 26.478 -29.2 34.0825 26.4038 -29.2 34.0279 26.34 -29.2 33.4928 25.8887 -29.2 33.4771 25.6951 -29.2 33.4339 24.9442 -29.2 33.474 24.6999 -29.2 33.6664 23.6501 -29.2 33.7934 23.0552 -29.2 34.0279 22.3309 -29.2 34.0649 22.1721 -29.2 34.0663 22.1107 -29.2 34.2663 21.2781 -29.2 34.2571 21.1662 -29.2 34.1964 21.0734 -29.2 34.0279 20.7492 -29.2 33.7342 20.2408 -29.2 33.7178 20.2217 -29.2 33.6223 20.12 -29.2 33.0834 19.4984 -29.2 32.8735 19.2874 -29.2 32.8637 19.2772 -29.2 32.1389 18.5024 -29.2 31.9866 18.3342 -29.2 31.9854 18.3327 -29.2 31.324 17.3882 -29.2 31.2902 17.3267 -29.2 31.1944 17.1748 -29.2 30.6184 16.4941 -29.2 30.5902 16.4437 -29.2 30.5387 16.3318 -29.2 30.4755 16.2311 -29.2 30.2499 15.941 -29.2 29.7081 15.4991 -29.2 29.6336 15.4251 -29.2 29.4173 15.2404 -29.2 29.3924 15.2024 -29.2 29.3054 15.0883 -29.2 28.6544 14.5546 -29.2 28.3942 14.2631 -29.2 28.3609 14.2282 -29.2 27.7942 13.6101 -29.2 27.4848 13.1826 -29.2 27.0951 12.6656 -29.2 27.4164 12.2923 -29.2 28.243 11.839 -29.2 28.4068 11.7211 -29.2 28.5766 11.691 -29.2 29.3054 11.5932 -29.2 29.4173 11.5744 -29.2 30.9165 11.4477 -29.2 30.3642 12 -29.2 30.3979 13.2 -29.2 30.4537 14.2 -29.2 30.5686 15.2 -29.2 30.721 16 -29.2 31 16.279 -29.2 31.1021 16.3862 -29.2 31.5514 17 -29.2 31.5915 17.2 -29.2 31.7961 18 -29.2 32 18.2039 -29.2 32.7497 19 -29.2 33 19.2503 -29.2 33.2 19.2936 -29.2 34 19.5062 -29.2 34.4754 20 -29.2 35 20.5246 -29.2 35.0694 20.6116 -29.2 35.3903 21 -29.2 35.3907 22 -29.2 35.3876 22.2 -29.2 35.3916 24 -29.2 35.3269 24.0774 -29.2 35 24.5232 -29.2 34.5232 25 -29.2 35 25.4768 -29.2 35.0728 25.5542 -29.2 35.4225 26 -29.2 36.4341 27 -29.2 36.4544 27.2 -29.2 36.5871 28 -29.2 37 28.4129 -29.2 37.0844 28.5079 -29.2 37.4907 29 -29.2 37.4987 29.2 -29.2 37.5686 30 -29.2 38 30.4314 -29.2 38.0767 30.5238 -29.2 38.431 31 -29.2 38.4428 31.2 -29.2 38.508 32 -29.2 39 32.492 -29.2 39.0705 32.5805 -29.2 39.3834 33 -29.2 39.4235 34.2 -29.2 39.4648 35 -29.2 39.4893 36 -29.2 39.4693 37.2 -29.2 39.4387 38 -29.2 39.3599 38.1125 -29.2 39 38.6682 -29.2 38.6682 39 -29.2 38.6513 39.2 -29.2 38.5437 40 -29.2 38.531 40.2 -29.2 38.4593 41 -29.2 38.3765 41.1101 -29.2 38 41.6385 -29.2 37.6385 42 -29.2 37.6177 42.2 -29.2 37.4983 43 -29.2 37.409 43.1041 -29.2 37 43.6015 -29.2 36.6015 44 -29.2 36.5771 44.2 -29.2 36.4478 45 -29.2 35.4571 46 -29.2 35 46.4222 -29.2 34.2 46.5143 -29.2 34 46.5303 -29.2 33.5303 47 -29.2 33.4397 47.0767 -29.2 33 47.4273 -29.2 32.2 47.4806 -29.2 26 47.5834 -29.2 25 47.544 -29.2 24 47.5004 -29.2 23.2 47.4564 -29.2 23 47.4482 -29.2 22.2 47.4037 -29.2 22 47.3958 -29.2 21.9165 47.325 -29.2 21.5181 47 -29.2 21 46.4819 -29.2 20.4496 46 -29.2 20 45.5504 -29.2 19.4027 45 -29.2 18 43.5877 -29.2 17.4779 43 -29.2 17.3508 42.2 -29.2 17.3326 42 -29.2 17 41.6674 -29.2 16.916 41.5582 -29.2 16.5133 41 -29.2 16.4543 40.2 -29.2 16.4459 40 -29.2 16 39.5541 -29.2 15.5751 39 -29.2 15.5123 37 -29.2 15.5657 36.2 -29.2 15.6104 35.2 -29.2 15.6116 35 -29.2 15 34.3884 -29.2 14.2 34.3002 -29.2 14 34.2812 -29.2 13.9587 34.2265 -29.2 13.7617 34 -29.2 13 33.2383 -29.2 12.7729 33 -29.2 12.7573 32 -29.2 12 31.2427 -29.2 11.7655 31 -29.2 11.7565 29 -29.2 11.7974 28.9529 -29.2 
25 25 0 -28.3
4 24 26 27 28 
1
345
12 28.6998 -28.3 12.3 28.6782 -28.3 13 28.607 -28.3 13.607 28 -28.3 13.5675 27.3 -28.3 13.5611 27 -28.3 13.5828 26.3 -28.3 13.5876 26 -28.3 13.628 25 -28.3 13.7229 24.8845 -28.3 14 24.5129 -28.3 14.5129 24 -28.3 14 23.4871 -28.3 13.9079 23.3716 -28.3 13.6459 23 -28.3 13.6309 22 -28.3 13.6369 21 -28.3 13.7297 20.8972 -28.3 14 20.5775 -28.3 14.5775 20 -28.3 14.6804 19.9021 -28.3 15 19.6108 -28.3 16.3 19.5688 -28.3 17 19.5679 -28.3 17.3 19.5577 -28.3 18 19.5227 -28.3 20 19.5064 -28.3 21 19.5396 -28.3 21.5396 19 -28.3 21.5961 18 -28.3 21.628 17.3 -28.3 21.6366 17 -28.3 21.7306 16.8786 -28.3 22 16.5514 -28.3 22.5514 16 -28.3 22.5559 15.3 -28.3 22.5536 15 -28.3 22.5353 14.3 -28.3 22.5323 14 -28.3 22.5118 13.3 -28.3 22.5089 13 -28.3 22 12.4911 -28.3 21.905 12.3616 -28.3 21.6555 12 -28.3 21.07 11.4145 -28.3 21.682 11.5022 -28.3 21.7494 11.5149 -28.3 22.3305 11.7113 -28.3 22.3535 11.7211 -28.3 22.3979 11.7664 -28.3 22.6939 11.9665 -28.3 23.0548 12.6435 -28.3 23.0639 12.6656 -28.3 23.1292 13.5427 -28.3 23.1365 13.6101 -28.3 23.2005 14.4872 -28.3 23.2038 14.5546 -28.3 23.2668 15.4317 -28.3 23.2666 15.4991 -28.3 23.2887 16.3763 -28.3 23.2774 16.4437 -28.3 23.1538 17.3208 -28.3 23.064 17.6139 -28.3 22.861 18.3327 -28.3 22.6939 18.7809 -28.3 22.6265 18.94 -28.3 22.6218 18.9488 -28.3 22.4815 19.2772 -28.3 21.7494 20.2009 -28.3 20.8995 20.2256 -28.3 20.8049 20.225 -28.3 19.9278 20.0705 -28.3 19.8604 20.0654 -28.3 19.793 20.0642 -28.3 18.9159 20.0793 -28.3 18.8485 20.0865 -28.3 17.9714 20.2103 -28.3 17.8613 20.2363 -28.3 17.0269 20.5025 -28.3 16.9486 20.5133 -28.3 16.0824 20.998 -28.3 16.015 21.0309 -28.3 15.9663 21.0802 -28.3 15.8716 21.1662 -28.3 15.7881 21.3765 -28.3 15.3935 22.1107 -28.3 15.4088 22.277 -28.3 15.3979 23.0552 -28.3 15.4038 23.2038 -28.3 15.4945 23.9997 -28.3 15.3384 24.4967 -28.3 15.1844 24.9442 -28.3 14.924 25.8213 -28.3 14.9115 25.8887 -28.3 14.7736 26.7658 -28.3 14.7516 26.8332 -28.3 15.0509 27.3152 -28.3 15.1379 27.4638 -28.3 15.3147 27.7777 -28.3 15.342 27.8947 -28.3 15.4384 28.7222 -28.3 15.441 28.8319 -28.3 15.5017 29.6667 -28.3 15.5097 29.758 -28.3 15.6434 30.6112 -28.3 15.9911 31.392 -28.3 16.0582 31.5315 -28.3 16.0649 31.5501 -28.3 16.0671 31.5557 -28.3 16.0824 31.5826 -28.3 16.112 31.6562 -28.3 16.354 32.5002 -28.3 16.3646 32.5306 -28.3 16.3796 32.5676 -28.3 16.72 33.4447 -28.3 16.7735 34.3218 -28.3 16.7883 34.3892 -28.3 16.7343 35.2663 -28.3 16.7427 35.3337 -28.3 16.4214 36.2108 -28.3 16.3663 36.2782 -28.3 16.0824 36.6911 -28.3 16.0681 36.7157 -28.3 15.8266 37.1553 -28.3 15.8101 37.2227 -28.3 15.9306 38.0998 -28.3 15.9276 38.1672 -28.3 15.937 38.2346 -28.3 15.9813 38.3786 -28.3 16.1903 39.1117 -28.3 16.2115 39.1429 -28.3 16.2345 39.1791 -28.3 16.5689 40.0562 -28.3 16.8359 40.9333 -28.3 16.8549 41.0007 -28.3 17.0269 41.4583 -28.3 17.2204 41.9452 -28.3 17.2571 42.0126 -28.3 17.7107 42.8897 -28.3 17.9714 43.2669 -28.3 18.4218 43.8136 -28.3 18.4377 43.8343 -28.3 18.4892 43.8916 -28.3 18.9159 44.3392 -28.3 19.3787 44.7788 -28.3 19.4353 44.825 -28.3 19.8604 45.189 -28.3 20.6237 45.7517 -28.3 20.8049 45.8793 -28.3 21.7494 46.4705 -28.3 22.1944 46.6678 -28.3 22.6939 46.8696 -28.3 23.6384 47.1592 -28.3 24.5829 47.3673 -28.3 25.5274 47.5148 -28.3 26.4719 47.5799 -28.3 27.4164 47.5907 -28.3 29.3054 47.5474 -28.3 29.4219 47.5387 -28.3 30.2499 47.4919 -28.3 30.3173 47.4804 -28.3 31.1944 47.3541 -28.3 32.1389 47.1236 -28.3 33.0834 46.7653 -28.3 33.2824 46.6678 -28.3 34.0069 46.2776 -28.3 34.0279 46.2667 -28.3 34.0953 46.2237 -28.3 34.8358 45.7233 -28.3 34.9724 45.6223 -28.3 35.9169 44.793 -28.3 35.9297 44.7788 -28.3 36.5783 43.9017 -28.3 36.6236 43.8343 -28.3 36.8615 43.4564 -28.3 37.1525 42.9571 -28.3 37.19 42.8897 -28.3 37.6343 42.0126 -28.3 37.6666 41.9452 -28.3 37.806 41.5752 -28.3 38.0154 41.0007 -28.3 38.0447 40.9333 -28.3 38.3628 40.0562 -28.3 38.6957 39.1791 -28.3 38.7143 39.1117 -28.3 38.9118 38.2346 -28.3 38.9282 38.1672 -28.3 38.9366 38.0998 -28.3 39.0799 37.2227 -28.3 39.1463 36.2782 -28.3 39.1462 36.2108 -28.3 39.0889 35.3337 -28.3 39.0776 35.2663 -28.3 38.9029 34.3892 -28.3 38.6843 33.4447 -28.3 38.6632 33.3773 -28.3 38.4098 32.5002 -28.3 38.0631 31.4883 -28.3 37.7213 30.6112 -28.3 37.6924 30.5438 -28.3 37.3554 29.6667 -28.3 36.9065 28.7222 -28.3 36.8897 28.6898 -28.3 36.8615 28.6452 -28.3 36.2819 27.8127 -28.3 36.2603 27.7777 -28.3 36.2145 27.7231 -28.3 35.9169 27.3911 -28.3 35.3111 26.846 -28.3 35.3008 26.8332 -28.3 35.2522 26.7658 -28.3 35.2382 26.748 -28.3 34.9724 26.4587 -28.3 34.5321 25.8887 -28.3 34.5229 25.8348 -28.3 34.5212 25.8213 -28.3 34.4914 24.9442 -28.3 34.5948 24.0671 -28.3 34.6248 23.9997 -28.3 34.5993 23.9258 -28.3 34.6269 23.0552 -28.3 34.6473 22.1107 -28.3 34.639 22.0433 -28.3 34.567 21.1662 -28.3 34.5089 21.0988 -28.3 34.4889 21.0703 -28.3 34.0279 20.3664 -28.3 33.9036 20.2217 -28.3 33.1508 19.4199 -28.3 33.0834 19.3533 -28.3 33.0065 19.2736 -28.3 32.1461 18.3441 -28.3 32.1389 18.3363 -28.3 32.1359 18.3327 -28.3 32.1293 18.3216 -28.3 32.0987 18.2653 -28.3 32.0266 18.1604 -28.3 32.8132 19 -28.3 33 19.1868 -28.3 33.3 19.2666 -28.3 34 19.4869 -28.3 34.1456 19.6375 -28.3 35 20.4924 -28.3 35.1203 20.638 -28.3 35.4451 21 -28.3 35.4601 24 -28.3 35.3375 24.1672 -28.3 35 24.7438 -28.3 34.7438 25 -28.3 35 25.2562 -28.3 35.1312 25.4233 -28.3 35.5007 26 -28.3 36.1348 26.6305 -28.3 36.4902 27 -28.3 36.54 27.3 -28.3 36.678 28 -28.3 37 28.322 -28.3 37.5508 29 -28.3 37.577 29.3 -28.3 37.6699 30 -28.3 38 30.3301 -28.3 38.4884 31 -28.3 38.5129 31.3 -28.3 38.5827 32 -28.3 39 32.4173 -28.3 39.4257 33 -28.3 39.46 34 -28.3 39.5161 35 -28.3 39.5335 36 -28.3 39.5269 37 -28.3 39.4969 38 -28.3 39.362 38.2084 -28.3 39 38.7951 -28.3 38.7951 39 -28.3 38.7547 39.3 -28.3 38.6247 40 -28.3 38.5979 40.3 -28.3 38.512 41 -28.3 38.3709 41.1982 -28.3 38 41.7462 -28.3 37.7462 42 -28.3 37.7014 42.3 -28.3 37.5662 43 -28.3 37.4128 43.1865 -28.3 37 43.7084 -28.3 36.7084 44 -28.3 36.6599 44.3 -28.3 36.5075 45 -28.3 36 45.5246 -28.3 35.5246 46 -28.3 35.3833 46.1303 -28.3 35 46.4712 -28.3 34.3 46.5793 -28.3 34 46.6138 -28.3 33.6138 47 -28.3 33.4489 47.1315 -28.3 33 47.4743 -28.3 32.3 47.5369 -28.3 31.3 47.6115 -28.3 30.3 47.6617 -28.3 27 47.703 -28.3 26 47.69 -28.3 25 47.6408 -28.3 24.3 47.5934 -28.3 24 47.5796 -28.3 23.3 47.5237 -28.3 23 47.5071 -28.3 22.3 47.4542 -28.3 22 47.4375 -28.3 21.8506 47.3156 -28.3 21.4454 47 -28.3 21 46.5546 -28.3 20.3676 46 -28.3 20 45.6324 -28.3 19.2973 45 -28.3 18 43.6972 -28.3 17.8383 43.5144 -28.3 17.4036 43 -28.3 17.2453 42.3 -28.3 17.1976 42 -28.3 17 41.8024 -28.3 16.849 41.593 -28.3 16.4514 41 -28.3 16.3734 40.3 -28.3 16.3513 40 -28.3 16 39.6487 -28.3 15.5082 39 -28.3 15.4692 38.3 -28.3 15.435 37 -28.3 15.5022 36 -28.3 15.5991 35.3 -28.3 15.613 35 -28.3 15 34.387 -28.3 14.3 34.3462 -28.3 14 34.3131 -28.3 13.9261 34.2282 -28.3 13.7063 34 -28.3 13 33.2937 -28.3 12.7252 33 -28.3 12.7041 32 -28.3 12 31.2959 -28.3 11.7101 31 -28.3 11.6857 30 -28.3 11.6951 29 -28.3 11.7711 28.9186 -28.3 
26 26 0 -27.4
2 25 29 
1
163
13.5195 28 -27.4 13.4769 27.4 -27.4 13.4543 27 -27.4 13.4909 26.4 -27.4 13.5032 26 -27.4 13.554 25 -27.4 13.7123 24.7876 -27.4 14 24.3436 -27.4 14.3436 24 -27.4 14 23.6564 -27.4 13.8503 23.4441 -27.4 13.5765 23 -27.4 13.5491 22.4 -27.4 13.5423 22 -27.4 13.5543 21.4 -27.4 13.5563 21 -27.4 14 20.4668 -27.4 14.4668 20 -27.4 14.6495 19.8335 -27.4 15 19.5266 -27.4 16 19.4938 -27.4 16.4 19.4932 -27.4 17 19.5083 -27.4 18 19.4557 -27.4 18.4 19.45 -27.4 19 19.4317 -27.4 19.4 19.4321 -27.4 20.4 19.4574 -27.4 21 19.4433 -27.4 21.4433 19 -27.4 21.495 18.4 -27.4 21.5661 17 -27.4 21.72 16.813 -27.4 22 16.4319 -27.4 22.4319 16 -27.4 22.491 15.4 -27.4 22.5059 14.4 -27.4 22.4955 14 -27.4 22.4578 13 -27.4 22 12.5422 -27.4 21.6231 12 -27.4 21.081 11.4579 -27.4 21.7265 11.5795 -27.4 21.7494 11.5847 -27.4 22.0633 11.7193 -27.4 22.067 11.7211 -27.4 22.0844 11.744 -27.4 22.0947 11.7568 -27.4 22.6939 12.3679 -27.4 22.8176 12.6656 -27.4 22.8212 12.6885 -27.4 22.9204 13.6101 -27.4 22.9654 14.5317 -27.4 22.9649 14.5546 -27.4 22.9626 15.4762 -27.4 22.9589 15.4991 -27.4 22.9363 15.6082 -27.4 22.7972 16.4437 -27.4 22.6834 16.8116 -27.4 22.4889 17.3882 -27.4 22.164 18.3098 -27.4 22.1582 18.3327 -27.4 21.7494 19.1556 -27.4 21.7486 19.1575 -27.4 21.6861 19.2543 -27.4 21.6728 19.2772 -27.4 20.8049 19.8401 -27.4 20.782 19.8397 -27.4 19.8604 19.7704 -27.4 19.8375 19.7704 -27.4 18.9159 19.7528 -27.4 18.893 19.7579 -27.4 17.9485 19.8588 -27.4 17.0269 20.05 -27.4 17.004 20.0487 -27.4 16.0824 20.1134 -27.4 16.0595 20.1177 -27.4 16.0247 20.1281 -27.4 15.7385 20.2217 -27.4 15.1379 20.5263 -27.4 15.115 20.5534 -27.4 14.631 21.1662 -27.4 14.6278 21.209 -27.4 14.5268 22.1107 -27.4 14.5335 22.1352 -27.4 14.694 23.0552 -27.4 14.6949 23.0626 -27.4 14.6965 23.0781 -27.4 14.6805 23.9997 -27.4 14.493 24.9213 -27.4 14.4856 24.9442 -27.4 14.4751 25.0176 -27.4 14.3128 25.8887 -27.4 14.1934 26.3016 -27.4 14.1873 26.3255 -27.4 14.0381 26.8103 -27.4 14.0303 26.8332 -27.4 14.0375 26.8561 -27.4 14.1934 27.2169 -27.4 14.4881 27.7777 -27.4 14.4941 27.8088 -27.4 14.7693 28.7222 -27.4 14.7225 28.8276 -27.4 14.5035 29.6667 -27.4 14.5161 29.7378 -27.4 14.729 30.6112 -27.4 15.1379 31.3239 -27.4 15.2317 31.5557 -27.4 15.2547 31.6014 -27.4 15.8679 32.5909 -27.4 16.0824 32.9763 -27.4 16.2723 33.4447 -27.4 16.2851 33.4781 -27.4 16.4842 34.3892 -27.4 16.4852 34.4204 -27.4 16.5985 35.3337 -27.4 16.0824 35.9738 -27.4 16.0771 35.9796 -27.4 15.8814 36.2553 -27.4 15.8771 36.2782 -27.4 15.6451 37.2227 -27.4 15.6032 38.1443 -27.4 15.6025 38.1672 -27.4 15.7313 39.0888 -27.4 15.7333 39.1117 -27.4 15.7473 39.1288 -27.4 16.0824 39.5558 -27.4 16.3967 40.0504 -27.4 16.401 40.0562 -27.4 16.6603 40.9778 -27.4 16.6658 41.0007 -27.4 17.0043 41.9224 -27.4 17.0152 41.9452 -27.4 17.0158 41.9467 -27.4 17 41.931 -27.4 16.7728 41.5921 -27.4 16.4042 41 -27.4 16.2951 40 -27.4 16 39.7049 -27.4 15.4758 39 -27.4 15.4167 38.4 -27.4 15.3944 38 -27.4 15.4072 37.4 -27.4 15.3989 37 -27.4 15.4587 36 -27.4 15.4879 35.4 -27.4 15.5433 35 -27.4 15 34.4567 -27.4 14 34.4006 -27.4 13.6157 34 -27.4 13 33.3843 -27.4 12.8833 33.2587 -27.4 12.6537 33 -27.4 12.6306 32.4 -27.4 12.6213 32 -27.4 11.6309 31 -27.4 11.5955 30.4 -27.4 11.5842 30 -27.4 11.5976 29 -27.4 11.7284 28.875 -27.4 12 28.6326 -27.4 12.4 28.5918 -27.4 13 28.5195 -27.4 
26 27 0 -27.4
1 25 
1
108
17.3514 43 -27.4 17.1595 42.4 -27.4 17.087 42.0797 -27.4 17.5176 42.8716 -27.4 17.526 42.8897 -27.4 17.9714 43.5497 -27.4 18.1893 43.8343 -27.4 18.9159 44.6415 -27.4 19.0626 44.7788 -27.4 19.0639 44.78 -27.4 19.8375 45.4114 -27.4 19.8604 45.4309 -27.4 20.2508 45.721 -27.4 20.2536 45.7233 -27.4 20.2737 45.7399 -27.4 20.8049 46.1277 -27.4 21.6569 46.6678 -27.4 21.6695 46.6739 -27.4 21.7494 46.7205 -27.4 22.671 47.0924 -27.4 22.6939 47.1036 -27.4 23.6155 47.3807 -27.4 23.6384 47.387 -27.4 24.5829 47.5955 -27.4 25.5045 47.7312 -27.4 25.5274 47.7335 -27.4 26.4719 47.8011 -27.4 27.4164 47.8197 -27.4 28.3609 47.8114 -27.4 29.2825 47.7961 -27.4 29.3054 47.7954 -27.4 30.2499 47.7121 -27.4 30.2728 47.7088 -27.4 31.2173 47.5502 -27.4 32.1389 47.3347 -27.4 33.0605 46.9936 -27.4 33.1063 46.9737 -27.4 33.7433 46.6678 -27.4 34.0279 46.521 -27.4 34.0508 46.5059 -27.4 34.9724 45.9168 -27.4 35.2269 45.7233 -27.4 35.9059 45.1414 -27.4 35.9169 45.1316 -27.4 35.9283 45.1185 -27.4 36.2329 44.7788 -27.4 36.8652 43.8383 -27.4 36.8678 43.8343 -27.4 36.8815 43.8114 -27.4 37.3944 42.8897 -27.4 37.8005 42.0408 -27.4 37.806 42.0253 -27.4 37.8088 42.0179 -27.4 37.8419 41.9452 -27.4 37.8544 41.9223 -27.4 38.2016 41.0007 -27.4 38.2085 40.9778 -27.4 38.6094 40.0562 -27.4 38.7497 39.5468 -27.4 38.7549 39.5239 -27.4 38.8586 39.1303 -27.4 38.8085 39.4 -27.4 38.6754 40 -27.4 38.5504 41 -27.4 38.3385 41.3132 -27.4 38 41.8296 -27.4 37.8296 42 -27.4 37.7523 42.4 -27.4 37.6191 43 -27.4 37.3832 43.2982 -27.4 37 43.8125 -27.4 36.8125 44 -27.4 36.7255 44.4 -27.4 36.5641 45 -27.4 36 45.595 -27.4 35.595 46 -27.4 35.376 46.1948 -27.4 35 46.5168 -27.4 34.4 46.6329 -27.4 34 46.6947 -27.4 33.6947 47 -27.4 33.4382 47.1959 -27.4 33 47.5139 -27.4 32.4 47.5804 -27.4 30.4 47.7522 -27.4 29.4 47.8074 -27.4 29 47.8154 -27.4 27 47.8252 -27.4 26.4 47.8055 -27.4 26 47.7989 -27.4 25.4 47.7571 -27.4 25 47.7361 -27.4 24.4 47.6805 -27.4 24 47.6534 -27.4 23.4 47.5916 -27.4 23 47.5597 -27.4 22.4 47.503 -27.4 22 47.4727 -27.4 21.3827 47 -27.4 21 46.6173 -27.4 20.2955 46 -27.4 20 45.7045 -27.4 19.7049 45.4409 -27.4 19.1865 45 -27.4 18.7061 44.5184 -27.4 18.2114 44 -27.4 18 43.7886 -27.4 17.7516 43.4946 -27.4 
26 28 0 -27.4
1 25 
1
61
36 26.4266 -27.4 36.5526 27 -27.4 36.6314 27.4 -27.4 36.7723 28 -27.4 37 28.2277 -27.4 37.2277 28.5097 -27.4 37.5875 29 -27.4 37.6406 29.4 -27.4 37.7596 30 -27.4 38 30.2404 -27.4 38.2032 30.5212 -27.4 38.5238 31 -27.4 38.5637 31.4 -27.4 38.6339 32 -27.4 39 32.3661 -27.4 39.1762 32.6092 -27.4 39.4696 33 -27.4 39.5065 34 -27.4 39.5691 35 -27.4 39.5749 35.4 -27.4 39.5695 36.4 -27.4 39.5286 38 -27.4 39.3218 38.3352 -27.4 39 38.8828 -27.4 38.8996 38.9832 -27.4 39.0983 38.1672 -27.4 39.1004 38.1443 -27.4 39.2158 37.2227 -27.4 39.2821 36.2782 -27.4 39.283 36.2553 -27.4 39.2817 35.3337 -27.4 39.2763 35.3108 -27.4 39.122 34.3892 -27.4 39.1171 34.3663 -27.4 38.8936 33.4447 -27.4 38.6007 32.5002 -27.4 38.5987 32.4955 -27.4 38.5903 32.4773 -27.4 38.27 31.5557 -27.4 38.2612 31.5328 -27.4 37.9436 30.6112 -27.4 37.9378 30.5914 -27.4 37.806 30.2684 -27.4 37.5503 29.6698 -27.4 37.5493 29.6667 -27.4 37.1021 28.7222 -27.4 37.0911 28.7036 -27.4 36.8615 28.2609 -27.4 36.5627 27.7777 -27.4 36.543 27.7548 -27.4 35.9169 27.0076 -27.4 35.7766 26.8332 -27.4 35.7761 26.8326 -27.4 35.7592 26.8103 -27.4 35.0939 25.8887 -27.4 35.0891 25.8658 -27.4 34.9724 25.1198 -27.4 34.9618 25.0374 -27.4 35 25.0756 -27.4 35.2112 25.4051 -27.4 35.5734 26 -27.4 
27 29 0 -26.5
1 26 
1
143
13.4402 28 -26.5 13.3932 27.5 -26.5 13.3576 27 -26.5 13.4019 26.5 -26.5 13.4928 25 -26.5 14 24.2076 -26.5 14.2076 24 -26.5 14 23.7924 -26.5 13.5118 23 -26.5 13.4815 22.5 -26.5 13.4586 22 -26.5 13.4818 21 -26.5 14 20.3768 -26.5 14.3768 20 -26.5 14.6689 19.7442 -26.5 15 19.4713 -26.5 16 19.4401 -26.5 17 19.4644 -26.5 17.5 19.4372 -26.5 19 19.3991 -26.5 19.5 19.4093 -26.5 20.5 19.386 -26.5 21 19.3258 -26.5 21.3258 19 -26.5 21.4027 18.5 -26.5 21.4457 18 -26.5 21.4979 17 -26.5 21.7312 16.6825 -26.5 22 16.2712 -26.5 22.2712 16 -26.5 22.3571 15.5 -26.5 22.4063 15 -26.5 22.4321 14.5 -26.5 22.4424 14 -26.5 22.4419 13.5 -26.5 22.4202 13 -26.5 22 12.5798 -26.5 21.5978 12 -26.5 21.0921 11.4943 -26.5 21.7494 11.645 -26.5 21.7568 11.6481 -26.5 21.9064 11.7211 -26.5 22.6086 12.644 -26.5 22.6258 12.6656 -26.5 22.7711 13.5885 -26.5 22.7734 13.6101 -26.5 22.7745 13.6317 -26.5 22.7545 14.5546 -26.5 22.7545 14.5762 -26.5 22.6939 14.947 -26.5 22.5935 15.4991 -26.5 22.5872 15.5264 -26.5 22.2725 16.4437 -26.5 22.2698 16.4523 -26.5 21.9636 17.3882 -26.5 21.956 17.4098 -26.5 21.7263 18.3327 -26.5 21.7182 18.352 -26.5 21.7168 18.3543 -26.5 21.1804 19.2772 -26.5 20.8049 19.5246 -26.5 19.882 19.5095 -26.5 19.8604 19.5079 -26.5 18.9375 19.5059 -26.5 18.9159 19.5055 -26.5 17.993 19.7088 -26.5 17.0485 19.8215 -26.5 17.0269 19.826 -26.5 16.104 19.7735 -26.5 16.0824 19.775 -26.5 15.1595 19.9472 -26.5 15.1379 19.9537 -26.5 14.7465 20.2217 -26.5 14.215 20.8394 -26.5 14.1934 20.8662 -26.5 14.0106 21.1662 -26.5 13.9471 22.1107 -26.5 14.1718 23.0552 -26.5 14.2052 23.3542 -26.5 14.2672 23.9781 -26.5 14.2668 23.9997 -26.5 14.2624 24.0213 -26.5 14.2536 24.0485 -26.5 14.1934 24.272 -26.5 14.0018 24.9442 -26.5 13.9981 24.9756 -26.5 13.9495 25.8887 -26.5 13.9469 25.8989 -26.5 13.9434 25.9103 -26.5 13.6283 26.8332 -26.5 13.9183 27.7561 -26.5 13.9273 27.7777 -26.5 13.9395 27.8595 -26.5 14.0029 28.7222 -26.5 13.2489 29.5742 -26.5 13.0831 29.6667 -26.5 13.0109 30.6112 -26.5 13.2489 30.9449 -26.5 13.6235 31.5557 -26.5 14.1934 32.5943 -26.5 14.7923 33.4447 -26.5 15.1379 33.8195 -26.5 15.2064 33.9144 -26.5 15.6448 34.3892 -26.5 15.651 34.4701 -26.5 15.8828 35.3337 -26.5 15.8691 35.3488 -26.5 15.8645 35.3553 -26.5 15.6917 36.2782 -26.5 15.4554 37.2227 -26.5 15.4544 37.2443 -26.5 15.4263 38.1672 -26.5 15.4293 38.1888 -26.5 15.5044 39.0402 -26.5 15.4761 39 -26.5 15.4361 38.5 -26.5 15.3869 38 -26.5 15.3792 37.5 -26.5 15.4008 36.5 -26.5 15.4283 36 -26.5 15.4988 35.5 -26.5 15.5231 35 -26.5 15.2476 34.7749 -26.5 15 34.5274 -26.5 14.5 34.5608 -26.5 14 34.5336 -26.5 13.7845 34.3084 -26.5 13 33.5236 -26.5 12.8087 33.3081 -26.5 12.5576 33 -26.5 12.5025 32.5 -26.5 12.4832 32 -26.5 12 31.5168 -26.5 11.7957 31.3062 -26.5 11.5328 31 -26.5 11.6502 30.5 -26.5 11.6207 30 -26.5 11.4546 29.5 -26.5 11.462 29 -26.5 11.6883 28.798 -26.5 12 28.5365 -26.5 12.5 28.4762 -26.5 13 28.4402 -26.5 
