35
0
0
0
0
0
0
0
0
0
0
0
0
0
0
0
0
0
0
0
0
0
0
0
0
1
21
30.1099 37.8049 -29.2 30.3051 38 -29.2 31 38.7633 -29.2 31.8837 39.641 -29.2 32 39.773 -29.2 32.0681 39.841 -29.2 32.4819 40 -29.2 32.868 40.2013 -29.2 33 40.3103 -29.2 33.8 40.7859 -29.2 33.9423 40.8159 -29.2 33.9427 40.816 -29.2 33.3039 40.4475 -29.2 32.9869 40.2585 -29.2 32.9833 40.2562 -29.2 32.0261 39.586 -29.2 32.0213 39.5813 -29.2 31.911 39.4854 -29.2 31.9064 39.4806 -29.2 31.0592 38.5552 -29.2 31.0313 38.5234 -29.2 
3
33
25.295 34.0974 -28.3 25.7291 34.6752 -28.3 26.2156 35.5703 -28.3 26.2487 35.634 -28.3 26.249 35.6347 -28.3 26.2503 35.6372 -28.3 26.8207 36.5324 -28.3 26.8647 36.5993 -28.3 27.211 36.9256 -28.3 27.2171 36.9299 -28.3 27.2779 36.9711 -28.3 28.1731 37.3861 -28.3 29.1351 37.5967 -28.3 29.1628 37.6073 -28.3 29.202 37.6237 -28.3 29.5965 37.7685 -28.3 29 37.6789 -28.3 28.7 37.6684 -28.3 28 37.413 -28.3 27.7677 37.239 -28.3 27.2309 37 -28.3 27.0677 36.8921 -28.3 27 36.8244 -28.3 26.8162 36.5921 -28.3 26.3777 36 -28.3 26.1162 35.5452 -28.3 26 35.4291 -28.3 25.8519 35.2452 -28.3 25.7058 35 -28.3 25.2669 34.3 -28.3 25.2057 34 -28.3 25.1918 33.9631 -28.3 25.2869 34.088 -28.3 
24
47.2936 33.6462 -28.3 47.277 33.7131 -28.3 47.2465 33.78 -28.3 46.7822 34.6752 -28.3 46.7636 34.7027 -28.3 46.4521 35.1883 -28.3 46.172 35.5978 -28.3 46.1416 35.6372 -28.3 46.0446 35.8229 -28.3 46.507 35.2437 -28.3 46.7261 35 -28.3 47 34.7261 -28.3 47.393 34.2191 -28.3 47.5557 34 -28.3 47.6515 33.3 -28.3 47.6763 33 -28.3 47.7523 32.3 -28.3 47.7722 32 -28.3 47.843 31.3 -28.3 47.8588 31.0907 -28.3 47.7694 31.789 -28.3 47.6045 32.6842 -28.3 47.5933 32.7511 -28.3 47.4141 33.2964 -28.3 
28
44.2447 39 -28.3 44.2688 38.9704 -28.3 43.5659 39.4358 -28.3 43.5271 39.468 -28.3 43.4602 39.5137 -28.3 42.6039 40.1616 -28.3 42.2922 40.4089 -28.3 42.2396 40.4475 -28.3 42.2253 40.456 -28.3 41.6418 40.8317 -28.3 41.5749 40.8594 -28.3 40.6798 41.1403 -28.3 40.6129 41.1689 -28.3 39.7177 41.5131 -28.3 39.6508 41.5332 -28.3 38.9354 41.7744 -28.3 39 41.7664 -28.3 39.7 41.6658 -28.3 41 41.5118 -28.3 41.8001 41 -28.3 42 40.8001 -28.3 42.7 40.6254 -28.3 43 40.5661 -28.3 43.7 40.5229 -28.3 44 40.473 -28.3 44.3419 40.1165 -28.3 44.4662 40 -28.3 44.1854 39.3 -28.3 
3
29
42.6345 22.2278 -27.4 43 22.3902 -27.4 43.3224 22.6278 -27.4 43.8623 23 -27.4 44 23.1377 -27.4 44.6 23.3196 -27.4 45 23.4183 -27.4 45.2464 23.642 -27.4 45.6619 24 -27.4 45.8464 24.3913 -27.4 46 24.545 -27.4 46.2356 24.7913 -27.4 46.4048 25 -27.4 46.4962 25.3548 -27.4 46.4928 25.3489 -27.4 46.4521 25.2849 -27.4 46.4013 25.2199 -27.4 46.2891 25.0546 -27.4 45.5682 24.3139 -27.4 45.49 24.2376 -27.4 45.3144 24.0926 -27.4 44.528 23.497 -27.4 43.9102 23.1305 -27.4 43.5648 22.9464 -27.4 43.437 22.8616 -27.4 42.6039 22.3521 -27.4 42.5524 22.308 -27.4 42.3473 22.1685 -27.4 42.1386 22.0355 -27.4 
19
47.0345 34.5463 -27.4 46.9676 34.6752 -27.4 46.9228 34.7451 -27.4 46.7223 35.0103 -27.4 46.7305 35 -27.4 46.8406 34.8898 -27.4 46.8408 34.8897 -27.4 47 34.7305 -27.4 47.3277 34.2897 -27.4 47.5522 34 -27.4 47.7724 32.4 -27.4 47.8287 31.8653 -27.4 47.819 31.9179 -27.4 47.7078 32.7511 -27.4 47.5361 33.5842 -27.4 47.5101 33.6633 -27.4 47.4929 33.7131 -27.4 47.4141 33.8796 -27.4 47.1169 34.3964 -27.4 
16
44.3234 40 -27.4 44.128 40.2037 -27.4 44 40.3995 -27.4 43.6 40.4241 -27.4 43 40.6436 -27.4 42.6 40.7434 -27.4 42.4594 40.7487 -27.4 42.475 40.7444 -27.4 42.6039 40.6613 -27.4 43.0992 40.4475 -27.4 43.3373 40.3032 -27.4 43.5659 40.1498 -27.4 44.1136 39.4854 -27.4 44.1175 39.4808 -27.4 44.3134 39.2356 -27.4 44.3794 39.4 -27.4 
0
0
2
43
11.8087 8.69973 -24.7 11.8182 8.71826 -24.7 12.4651 8.9395 -24.7 12.7802 9.07296 -24.7 13.4272 9.04232 -24.7 14.7043 9.0139 -24.7 15.3513 9.04149 -24.7 15.6664 9.04581 -24.7 16.3133 9.11663 -24.7 16.6284 9.131 -24.7 17.2754 9.22411 -24.7 17.5905 9.26233 -24.7 18.2374 9.46745 -24.7 18.5525 9.52956 -24.7 19.1995 9.56599 -24.7 19.216 9.57067 -24.7 19.5146 9.64735 -24.7 19.5515 9.66179 -24.7 19.6172 9.69584 -24.7 20.1616 9.96008 -24.7 20.4767 10.0783 -24.7 20.5581 10.119 -24.7 20.4961 10.021 -24.7 20.4833 10 -24.7 20 9.648 -24.7 19.7 9.53368 -24.7 19 9.46749 -24.7 18.3 9.38787 -24.7 18 9.25787 -24.7 17.3 9.19218 -24.7 17 9.13777 -24.7 16.8728 9.01061 -24.7 16.5728 8.96885 -24.7 16 8.63356 -24.7 15.3 8.62572 -24.7 15 8.60306 -24.7 13.3 8.61408 -24.7 13 8.62866 -24.7 12.3 8.63263 -24.7 12 8.6488 -24.7 11.6666 8.31539 -24.7 11.6668 8.31611 -24.7 11.7805 8.62737 -24.7 
53
23.2155 13 -24.7 23.1484 12.8779 -24.7 23.0505 12.6846 -24.7 23.122 12.863 -24.7 23.3628 13.3884 -24.7 23.42 13.51 -24.7 23.5037 13.8251 -24.7 23.7624 14.4721 -24.7 23.828 14.7872 -24.7 24.0177 15.4341 -24.7 24.0954 15.7492 -24.7 24.2169 16.0915 -24.7 24.3372 16.3962 -24.7 24.454 16.7113 -24.7 24.7597 17.3582 -24.7 24.9595 17.6733 -24.7 25.1803 18.0459 -24.7 25.2869 18.1984 -24.7 25.3602 18.3203 -24.7 25.4519 18.4458 -24.7 25.6409 18.6354 -24.7 26.1229 19.2298 -24.7 26.181 19.2823 -24.7 26.249 19.3364 -24.7 26.2951 19.3826 -24.7 26.5979 19.5974 -24.7 27.1987 20.1113 -24.7 27.211 20.1188 -24.7 28.1731 20.6172 -24.7 28.2951 20.695 -24.7 28 20.4813 -24.7 27.733 20.2142 -24.7 27.62 20 -24.7 27.4329 19.8241 -24.7 27 19.449 -24.7 26.6751 19.1241 -24.7 26.3974 19 -24.7 26.3752 18.9681 -24.7 26 18.5779 -24.7 25.6902 18.2681 -24.7 25.5934 18 -24.7 25.3902 17.7188 -24.7 25 17.2498 -24.7 24.7502 17 -24.7 24.6728 16.7 -24.7 24.5889 16 -24.7 24.4059 15.7 -24.7 24.3581 15 -24.7 24.3372 14.9477 -24.7 24 14.4505 -24.7 23.7972 14.2476 -24.7 23.7276 14 -24.7 23.5643 13.7 -24.7 
0
2
29
19 39.6998 -22.9 18.517 39.7975 -22.9 18.5525 39.786 -22.9 18.9796 39.5952 -22.9 19.4188 39.4234 -22.9 19.5146 39.3778 -22.9 20.4767 38.8987 -22.9 20.8432 38.6832 -22.9 21.0962 38.5234 -22.9 21.2824 38.3922 -22.9 21.4387 38.288 -22.9 21.8809 37.8693 -22.9 22.1929 37.5613 -22.9 22.3201 37.3678 -22.9 22.4008 37.2655 -22.9 22.6626 36.8449 -22.9 22.8001 36.5993 -22.9 22.9268 36.2653 -22.9 22.707 37 -22.9 22 37.8292 -22.9 21.9568 37.8706 -22.9 21.8274 38 -22.9 21.0568 38.6737 -22.9 21 38.7193 -22.9 20.917 38.7736 -22.9 20.292 39 -22.9 20.017 39.15 -22.9 20 39.16 -22.9 19.1 39.6589 -22.9 
19
24.4233 33.0091 -22.9 24.3249 32.9101 -22.9 23.9889 33.2867 -22.9 23.5467 33.2656 -22.9 23.5048 33.7131 -22.9 23.4238 34.1104 -22.9 23.3713 34.6752 -22.9 23.2264 35.198 -22.9 23.1547 35.6372 -22.9 22.9985 36.0764 -22.9 22.9672 36.1589 -22.9 23 36.1034 -22.9 23.0078 36.088 -22.9 23.0463 36 -22.9 23.0829 35.9 -22.9 23.5858 35 -22.9 23.6187 34.9 -22.9 23.6589 34 -22.9 24 33.6589 -22.9 
1
24
35.9287 17.2803 -22 36.0709 17.3582 -22 36.3821 17.5919 -22 36.8316 17.9691 -22 36.9408 18.0931 -22 37.2219 18.3203 -22 37.5871 18.8215 -22 37.7668 18.9759 -22 37.7936 19.0055 -22 38.1879 19.2823 -22 38.2301 19.3338 -22 38.547 19.7836 -22 38.5714 19.8016 -22 38.7557 19.9599 -22 39.322 20.7456 -22 39.43 21.1615 -22 39.5354 21 -22 39.5854 20 -22 39 19.3139 -22 38.6861 19 -22 38 18.4342 -22 37.5658 18 -22 37 17.4688 -22 36 17.2985 -22 
1
20
37.23 18 -21.1 37.1366 17.9551 -21.1 37.2303 18.027 -21.1 37.5934 18.3203 -21.1 37.8133 18.509 -21.1 38.7259 19.149 -21.1 38.7557 19.1663 -21.1 38.8811 19.2823 -21.1 39.2875 19.8456 -21.1 39.5138 20.2444 -21.1 39.5364 20.3316 -21.1 39.6384 20.1 -21.1 39.6434 20 -21.1 39.0585 19.2599 -21.1 39 19.1913 -21.1 38.9686 19.1599 -21.1 38.7101 19 -21.1 38.0686 18.553 -21.1 38 18.4964 -21.1 37.9566 18.453 -21.1 
0
