35
1
6
11.0883 1.00331 -50.8 11.0866 50.8 -50.8 50.8 50.8 -50.8 50.8 1.19665e-006 -50.8 11.1847 4.39906e-015 -50.8 11.1479 0.0412549 -50.8 
1
6
11.0893 1.00331 -49.9 11.0876 50.8 -49.9 50.8 50.8 -49.9 50.8 4.32112e-015 -49.9 11.1858 4.32112e-015 -49.9 11.1491 0.041255 -49.9 
1
6
11.0904 1.00331 -49 11.1503 0.041255 -49 11.1871 4.24319e-015 -49 50.8 4.24319e-015 -49 50.8 50.8 -49 11.0887 50.8 -49 
1
6
11.0916 1.00331 -48.1 11.1517 0.041255 -48.1 11.1885 4.16525e-015 -48.1 50.8 4.16525e-015 -48.1 50.8 50.8 -48.1 11.09 50.8 -48.1 
1
6
11.0928 1.00331 -47.2 11.1532 0.041255 -47.2 11.19 4.08731e-015 -47.2 50.8 4.08732e-015 -47.2 50.8 50.8 -47.2 11.0912 50.8 -47.2 
1
6
11.0943 1.00331 -46.3 11.1548 0.041255 -46.3 11.1916 4.00938e-015 -46.3 50.8 4.00938e-015 -46.3 50.8 50.8 -46.3 11.0926 50.8 -46.3 
1
6
11.096 1.00331 -45.4 11.1566 0.041255 -45.4 11.1933 3.93144e-015 -45.4 50.8 3.93144e-015 -45.4 50.8 50.8 -45.4 11.094 50.8 -45.4 
1
6
11.0977 1.00331 -44.5 11.1585 0.041255 -44.5 11.1951 3.8535e-015 -44.5 50.8 3.85351e-015 -44.5 50.8 50.8 -44.5 11.0955 50.8 -44.5 
1
6
11.0996 1.00331 -43.6 11.0971 50.8 -43.6 50.8 50.8 -43.6 50.8 3.77557e-015 -43.6 11.1971 3.77557e-015 -43.6 11.1604 0.041255 -43.6 
1
6
11.1015 1.00331 -42.7 11.0987 50.8 -42.7 50.8 50.8 -42.7 50.8 3.69764e-015 -42.7 11.1992 3.69763e-015 -42.7 11.1624 0.041255 -42.7 
1
6
11.1036 1.00331 -41.8 11.1006 50.8 -41.8 50.8 50.8 -41.8 50.8 3.6197e-015 -41.8 11.2013 3.6197e-015 -41.8 11.1647 0.041255 -41.8 
1
6
11.1058 1.00331 -40.9 11.167 0.041255 -40.9 11.2035 3.54176e-015 -40.9 50.8 3.54176e-015 -40.9 50.8 50.8 -40.9 11.1025 50.8 -40.9 
1
6
11.1082 1.00331 -40 11.1695 0.041255 -40 11.206 3.46382e-015 -40 50.8 3.46383e-015 -40 50.8 50.8 -40 11.1044 50.8 -40 
1
6
11.1107 1.00331 -39.1 11.1064 50.8 -39.1 50.8 50.8 -39.1 50.8 3.38589e-015 -39.1 11.2086 3.38589e-015 -39.1 11.1721 0.041255 -39.1 
1
6
11.1134 1.00331 -38.2 11.1748 0.041255 -38.2 11.2113 3.30796e-015 -38.2 50.8 3.30796e-015 -38.2 50.8 50.8 -38.2 11.1086 50.8 -38.2 
1
6
11.1163 1.00331 -37.3 11.1108 50.8 -37.3 50.8 50.8 -37.3 50.8 3.23002e-015 -37.3 11.2142 3.23001e-015 -37.3 11.1777 0.041255 -37.3 
1
6
11.1194 1.00331 -36.4 11.1132 50.8 -36.4 50.8 50.8 -36.4 50.8 3.15208e-015 -36.4 11.2172 3.15208e-015 -36.4 11.1807 0.041255 -36.4 
2
10
11.1226 1.00331 -35.5 11.3431 20.2444 -35.5 11.3485 25.0546 -35.5 11.3756 26.9787 -35.5 11.304 32.3215 -35.5 11.1156 50.8 -35.5 50.8 50.8 -35.5 50.8 3.07415e-015 -35.5 11.2202 3.07415e-015 -35.5 11.1839 0.041255 -35.5 
75
30.0972 30.1292 -35.5 29.7639 30.4937 -35.5 29.6629 30.827 -35.5 29.5675 31.2594 -35.5 29.6255 31.789 -35.5 29.9542 32.6081 -35.5 30.0134 32.7284 -35.5 30.0237 32.7511 -35.5 30.0972 32.8233 -35.5 30.1976 32.8515 -35.5 31.0592 33.0762 -35.5 31.3676 33.0595 -35.5 32.0213 32.9639 -35.5 32.3544 33.0842 -35.5 32.9833 32.8687 -35.5 33.5902 33.358 -35.5 33.5612 32.7511 -35.5 33.8409 32.6466 -35.5 33.9454 32.5193 -35.5 34.071 32.7511 -35.5 34.0256 32.8313 -35.5 34.0167 33.7131 -35.5 34.0139 33.7816 -35.5 34.117 34.6752 -35.5 34.4846 35.2144 -35.5 34.7934 35.6372 -35.5 34.9074 35.7395 -35.5 35.131 35.8608 -35.5 35.8695 36.0728 -35.5 36.7386 36.5063 -35.5 37.2715 36.5993 -35.5 37.7936 36.6499 -35.5 37.8532 36.6589 -35.5 38.7557 36.8603 -35.5 38.9346 36.7782 -35.5 39.7177 36.6068 -35.5 39.7302 36.5993 -35.5 40.2472 36.1667 -35.5 40.6798 35.9097 -35.5 40.9165 35.6372 -35.5 41.1322 35.1276 -35.5 41.3058 34.6752 -35.5 41.2632 34.2966 -35.5 41.3268 33.7131 -35.5 41.2275 33.2988 -35.5 41.1736 32.7511 -35.5 40.7345 31.8437 -35.5 40.7155 31.789 -35.5 40.6798 31.7344 -35.5 39.7281 30.827 -35.5 39.7177 30.8188 -35.5 39.7136 30.8229 -35.5 39.6965 30.827 -35.5 38.9752 31.0465 -35.5 38.7557 31.1019 -35.5 38.3805 31.4139 -35.5 37.9007 31.8961 -35.5 37.7936 32.1022 -35.5 37.5072 32.4646 -35.5 37.2893 32.7511 -35.5 37.1611 33.0806 -35.5 36.8316 33.3816 -35.5 36.3782 32.7511 -35.5 35.8695 32.1324 -35.5 35.4876 31.789 -35.5 34.9074 31.3292 -35.5 33.9478 30.8294 -35.5 33.9454 30.8296 -35.5 33.9432 30.827 -35.5 32.9833 30.5628 -35.5 32.5609 30.4045 -35.5 32.0213 30.1705 -35.5 31.1359 29.9416 -35.5 31.0592 29.9246 -35.5 30.2777 30.0455 -35.5 
2
164
11.126 1.00331 -34.6 11.295 16.0287 -34.6 11.312 16.3962 -34.6 11.3283 16.9907 -34.6 11.3475 17.3582 -34.6 11.3633 17.9528 -34.6 11.3826 18.3203 -34.6 11.3974 18.9148 -34.6 11.4172 19.2823 -34.6 11.4317 19.8769 -34.6 11.453 20.2444 -34.6 11.4635 20.8389 -34.6 11.4802 21.2064 -34.6 11.4942 22.1685 -34.6 11.4833 23.7251 -34.6 11.4718 24.0926 -34.6 11.4666 25.0546 -34.6 11.4793 25.6492 -34.6 11.4956 26.0167 -34.6 11.5059 26.6112 -34.6 11.5216 26.9787 -34.6 11.5256 27.9408 -34.6 11.5196 28.5353 -34.6 11.4975 29.4974 -34.6 11.4796 29.8649 -34.6 11.4626 30.4595 -34.6 11.4344 30.827 -34.6 11.4158 31.4215 -34.6 11.394 31.789 -34.6 11.3749 32.3836 -34.6 11.3488 32.7511 -34.6 11.3296 33.3456 -34.6 11.3074 33.7131 -34.6 11.2897 34.3077 -34.6 11.2718 34.6752 -34.6 11.2422 35.6372 -34.6 11.1181 50.8 -34.6 11.6697 50.8 -34.6 11.7177 42 -34.6 12 41.7177 -34.6 12.0391 41.68 -34.6 13 40.7223 -34.6 17 40.7163 -34.6 17.0395 40.679 -34.6 18 39.7231 -34.6 20 39.7133 -34.6 20.0381 39.6767 -34.6 21 38.7179 -34.6 21.0442 38.6802 -34.6 22 37.7383 -34.6 22.0504 37.6963 -34.6 23 36.7658 -34.6 23.0582 36.7192 -34.6 23.8073 36 -34.6 23.8564 34 -34.6 24 33.8564 -34.6 25 33.9056 -34.6 25.0944 34 -34.6 25.1334 35 -34.6 25.1819 35.0589 -34.6 26 35.9238 -34.6 26.0762 36 -34.6 26.1127 36.0458 -34.6 26.9225 36.9225 -34.6 26.936 37 -34.6 27 37.0774 -34.6 27.2344 37.2344 -34.6 28 37.9791 -34.6 29 37.9979 -34.6 30 37.9856 -34.6 30.0144 38 -34.6 30.0234 38.0073 -34.6 31 38.913 -34.6 32.0934 40 -34.6 32.1347 40.0391 -34.6 33 40.8906 -34.6 34 40.9314 -34.6 34.0686 41 -34.6 34.1026 41.0301 -34.6 35 41.8934 -34.6 36 41.9128 -34.6 36.0872 42 -34.6 36.1269 42.0317 -34.6 37 42.85 -34.6 37.0622 42.8 -34.6 37.9111 42 -34.6 38 41.9111 -34.6 41 41.8654 -34.6 41.0547 41.8168 -34.6 41.8986 41 -34.6 42 40.8986 -34.6 44 40.8391 -34.6 44.0541 40.7885 -34.6 44.8559 40 -34.6 44.9061 39 -34.6 45 38.9061 -34.6 45.9158 38 -34.6 45.9215 37 -34.6 45.9487 36 -34.6 46 35.9487 -34.6 46.0238 35.9212 -34.6 46.9019 35 -34.6 47 34.9019 -34.6 47.036 34.8595 -34.6 47.8563 34 -34.6 47.8197 27 -34.6 47.7689 26.9467 -34.6 46.8306 26 -34.6 46.8193 25 -34.6 46.7685 24.9451 -34.6 45 23.1615 -34.6 44 23.134 -34.6 43.866 23 -34.6 43.8174 22.9564 -34.6 42.8389 22 -34.6 42.7883 21.9547 -34.6 42 21.186 -34.6 40 21.1632 -34.6 39.8368 21 -34.6 39.7976 20 -34.6 39.7478 19.9567 -34.6 38.7718 19 -34.6 38.7245 18.9591 -34.6 37.7485 18 -34.6 37.7046 17.962 -34.6 37 17.2713 -34.6 36 17.2708 -34.6 35.7292 17 -34.6 35.689 16.9645 -34.6 35 16.2859 -34.6 34 16.2877 -34.6 33.9602 16.3241 -34.6 33.2771 17 -34.6 33.241 19 -34.6 33 19.241 -34.6 32.9506 19.2866 -34.6 32.2276 20 -34.6 32.198 21 -34.6 32 21.198 -34.6 30 21.2316 -34.6 29.7684 21 -34.6 29.7215 20.9586 -34.6 29 20.2515 -34.6 28 20.2526 -34.6 27.7474 20 -34.6 27.7037 19.9607 -34.6 25.7342 18 -34.6 24.7381 17 -34.6 24.725 15 -34.6 23.7291 14 -34.6 23.7288 13 -34.6 23.6887 12.9585 -34.6 20.7315 10 -34.6 20.6908 9.96109 -34.6 20 9.27411 -34.6 17 9.27279 -34.6 16.7272 9 -34.6 16.6874 8.96275 -34.6 16 8.28081 -34.6 12 8.28179 -34.6 11.7182 8 -34.6 11.6739 2.99621e-015 -34.6 11.2235 2.99621e-015 -34.6 11.1872 0.041255 -34.6 
95
31.0592 28.2832 -34.6 31.4835 28.3651 -34.6 32.9833 28.6944 -34.6 33.8903 28.8477 -34.6 33.9454 28.8588 -34.6 33.9941 28.8646 -34.6 34.216 28.9028 -34.6 34.9074 29.0422 -34.6 35.0379 29.0766 -34.6 35.0948 29.0902 -34.6 35.8695 28.9736 -34.6 36.7935 28.9409 -34.6 36.8316 28.9364 -34.6 36.8664 28.9258 -34.6 36.9007 28.9028 -34.6 37.7936 28.6363 -34.6 38.4177 28.5648 -34.6 38.7557 28.2399 -34.6 39.1936 27.9408 -34.6 39.5153 27.7384 -34.6 39.7177 27.5885 -34.6 40.3626 27.6236 -34.6 40.6798 27.7262 -34.6 41.018 27.9408 -34.6 41.6418 28.4313 -34.6 42.1281 28.9028 -34.6 42.6039 29.7321 -34.6 42.6622 29.8649 -34.6 42.7015 29.9625 -34.6 43.0307 30.827 -34.6 43.1839 31.407 -34.6 43.2607 31.789 -34.6 43.2742 32.4594 -34.6 43.3092 32.7511 -34.6 43.3173 33.0169 -34.6 43.2484 33.7131 -34.6 43.207 34.072 -34.6 43.1172 34.6752 -34.6 42.8489 35.3923 -34.6 42.7377 35.6372 -34.6 42.639 35.7763 -34.6 42.6039 35.831 -34.6 41.9965 36.5993 -34.6 41.6418 36.9467 -34.6 40.9227 37.5613 -34.6 40.6798 37.737 -34.6 40.2802 37.9609 -34.6 39.7177 38.2647 -34.6 39.3834 38.3648 -34.6 38.9659 38.5234 -34.6 38.7557 38.5815 -34.6 38.6746 38.5826 -34.6 37.7936 38.5493 -34.6 37.7582 38.5489 -34.6 37.325 38.5234 -34.6 36.8316 38.4849 -34.6 35.8695 38.0957 -34.6 34.978 37.5613 -34.6 34.9074 37.5153 -34.6 34.8846 37.4973 -34.6 33.9454 36.6643 -34.6 33.9077 36.5993 -34.6 33.5173 36.0047 -34.6 33.3171 35.6372 -34.6 32.9833 35.2138 -34.6 32.9472 35.1614 -34.6 32.8603 35.0427 -34.6 32.5725 34.6752 -34.6 32.5707 34.6736 -34.6 32.0213 34.1227 -34.6 31.4267 34.1344 -34.6 31.0592 34.0678 -34.6 30.6917 34.0091 -34.6 30.4132 33.9537 -34.6 30.0972 33.8771 -34.6 29.9024 33.7131 -34.6 29.2896 33.1186 -34.6 29.1952 33.0213 -34.6 29.1351 32.9633 -34.6 28.9695 32.7511 -34.6 28.7661 32.1565 -34.6 28.649 31.789 -34.6 28.5135 31.1945 -34.6 28.4883 31.1603 -34.6 28.1888 30.827 -34.6 28.192 30.7973 -34.6 28.1731 30.5369 -34.6 28.1347 29.8649 -34.6 28.1516 29.823 -34.6 28.1731 29.7669 -34.6 28.6498 28.9028 -34.6 29.1351 28.4672 -34.6 29.7129 28.325 -34.6 30.0972 28.1954 -34.6 30.3913 28.2153 -34.6 
2
166
11.1725 8.05001 -33.7 12 8.87753 -33.7 16 8.87686 -33.7 16.1319 9 -33.7 17 9.86804 -33.7 20 9.86938 -33.7 20.1369 10 -33.7 21.1403 11 -33.7 23 12.861 -33.7 23.1338 13 -33.7 23.1341 14 -33.7 24 14.8659 -33.7 24.1291 15 -33.7 24.1432 17 -33.7 25 17.8568 -33.7 25.1386 18 -33.7 27 19.863 -33.7 27.1526 20 -33.7 28 20.8474 -33.7 29 20.8465 -33.7 29.1746 21 -33.7 30 21.8254 -33.7 32 21.7941 -33.7 32.7941 21 -33.7 32.8254 20 -33.7 33 19.8391 -33.7 33.8391 19 -33.7 33.8763 17 -33.7 34 16.887 -33.7 35 16.8849 -33.7 35.1306 17 -33.7 36 17.8694 -33.7 37 17.8685 -33.7 37.1523 18 -33.7 38 18.8477 -33.7 38.1778 19 -33.7 39 19.8222 -33.7 39.206 20 -33.7 39.2465 21 -33.7 40 21.7535 -33.7 42 21.7765 -33.7 42.2515 22 -33.7 43 22.7485 -33.7 43.1862 22.9157 -33.7 43.2831 23 -33.7 44 23.7169 -33.7 44.3 23.7309 -33.7 45 23.7501 -33.7 45.166 23.9171 -33.7 45.2433 24 -33.7 46 24.7567 -33.7 46.2257 25 -33.7 46.2337 25.7 -33.7 46.2416 26 -33.7 47 26.7584 -33.7 47.2313 27 -33.7 47.2686 34 -33.7 47 34.3186 -33.7 46.3186 35 -33.7 46 35.3694 -33.7 45.3694 36 -33.7 45.3504 36.7 -33.7 45.3565 37 -33.7 45.3485 38 -33.7 45.1274 38.2143 -33.7 45 38.3332 -33.7 44.3332 39 -33.7 44.298 39.7 -33.7 44.2692 40 -33.7 44 40.2493 -33.7 42 40.3129 -33.7 41.3129 41 -33.7 41.1039 41.1858 -33.7 41 41.2739 -33.7 40 41.2993 -33.7 39 41.3161 -33.7 38 41.3278 -33.7 37.3278 42 -33.7 37.1101 42.175 -33.7 37 42.2603 -33.7 36.781 42.0853 -33.7 36.6693 42 -33.7 36 41.3307 -33.7 35 41.3105 -33.7 34.768 41.1052 -33.7 34.6458 41 -33.7 34 40.3542 -33.7 33.3 40.3257 -33.7 33 40.3066 -33.7 32.6753 40 -33.7 31 38.331 -33.7 30.7301 38.1119 -33.7 30.5869 38 -33.7 30 37.4131 -33.7 29.3 37.4217 -33.7 28.3 37.405 -33.7 28 37.3931 -33.7 27.5754 37 -33.7 27 36.4246 -33.7 26.7733 36.1401 -33.7 26.6679 36 -33.7 26 35.3321 -33.7 25.8134 35.1054 -33.7 25.7199 35 -33.7 25.7018 34.7 -33.7 25.6745 34 -33.7 25 33.3255 -33.7 24.3 33.291 -33.7 24 33.2706 -33.7 23.2706 34 -33.7 23.25 34.7 -33.7 23.2363 35 -33.7 23.213 36 -33.7 23 36.1689 -33.7 22.1689 37 -33.7 22 37.1397 -33.7 21.1397 38 -33.7 21 38.1197 -33.7 20.1197 39 -33.7 20 39.116 -33.7 18 39.1265 -33.7 17.1265 40 -33.7 17 40.1194 -33.7 13 40.127 -33.7 12.127 41 -33.7 12 41.1218 -33.7 11.1724 41.9494 -33.7 11.2362 36.5993 -33.7 11.2665 35.6372 -33.7 11.283 35.3317 -33.7 11.308 34.6752 -33.7 11.3328 34.3697 -33.7 11.3648 33.7131 -33.7 11.4004 33.4076 -33.7 11.4401 32.7511 -33.7 11.4928 32.4456 -33.7 11.5784 31.1325 -33.7 11.6315 30.827 -33.7 11.7158 30.2002 -33.7 11.8029 28.9696 -33.7 11.8182 28.606 -33.7 11.917 28.0396 -33.7 11.9409 27.9408 -33.7 11.9046 27.0651 -33.7 11.8978 26.9787 -33.7 11.8182 26.6945 -33.7 11.7855 26.2209 -33.7 11.7768 26.0167 -33.7 11.7416 25.4326 -33.7 11.7249 25.0546 -33.7 11.7347 24.0926 -33.7 11.7716 23.1305 -33.7 11.7783 22.1685 -33.7 11.7495 21.2064 -33.7 11.7088 20.7284 -33.7 11.6867 20.2444 -33.7 11.6394 19.9389 -33.7 11.6012 19.2823 -33.7 11.5568 18.9768 -33.7 11.5214 18.3203 -33.7 11.4797 18.0148 -33.7 11.4452 17.3582 -33.7 11.4113 17.0527 -33.7 11.3769 16.3962 -33.7 11.3525 16.0907 -33.7 11.3048 15.1286 -33.7 
99
28.1731 27.7086 -33.7 27.9373 27.9408 -33.7 27.3194 28.9028 -33.7 27.211 29.1679 -33.7 26.9145 29.8649 -33.7 26.9852 30.6012 -33.7 26.9182 30.827 -33.7 27.7704 31.789 -33.7 28.1731 32.5246 -33.7 28.1854 32.5718 -33.7 28.2425 32.7511 -33.7 28.5125 33.0905 -33.7 28.9019 33.7131 -33.7 29.1351 34.1467 -33.7 30.0972 34.7933 -33.7 30.1774 34.7554 -33.7 31.0592 34.8899 -33.7 31.2581 34.8741 -33.7 32.0213 35.0793 -33.7 32.024 35.0832 -33.7 32.4578 35.6372 -33.7 32.9194 36.5354 -33.7 32.9414 36.5993 -33.7 32.9833 36.6749 -33.7 33.1458 37.0505 -33.7 33.4312 37.5613 -33.7 33.722 37.8668 -33.7 33.8833 38.0196 -33.7 33.9454 38.0904 -33.7 34.5112 38.5234 -33.7 34.9074 38.7805 -33.7 35.8695 39.2732 -33.7 36.6857 39.4854 -33.7 36.7828 39.5066 -33.7 36.8316 39.515 -33.7 37.7563 39.508 -33.7 38.6647 39.4609 -33.7 38.7557 39.4596 -33.7 39.7177 39.1973 -33.7 40.6798 38.7421 -33.7 41.043 38.5234 -33.7 41.6418 38.0819 -33.7 42.2191 37.5613 -33.7 42.6039 37.1867 -33.7 43.144 36.5993 -33.7 43.5659 36.0077 -33.7 43.6328 35.9188 -33.7 43.8115 35.6372 -33.7 44.0264 35.1768 -33.7 44.2322 34.6752 -33.7 44.4352 33.8617 -33.7 44.4628 33.7131 -33.7 44.528 33.2555 -33.7 44.5867 32.7511 -33.7 44.5511 31.8214 -33.7 44.5492 31.789 -33.7 44.528 31.6771 -33.7 44.3395 30.827 -33.7 44.2121 30.4501 -33.7 44.0243 29.8649 -33.7 43.9628 29.7265 -33.7 43.8032 29.3349 -33.7 43.6415 28.9028 -33.7 43.5659 28.5517 -33.7 43.4712 28.2258 -33.7 43.3567 27.9408 -33.7 42.6299 27.0766 -33.7 42.6039 27.0489 -33.7 42.4887 26.9787 -33.7 41.6418 26.5681 -33.7 40.8825 26.2194 -33.7 40.8177 26.1916 -33.7 40.6798 26.129 -33.7 39.7177 25.661 -33.7 39.391 25.69 -33.7 38.7908 26.0167 -33.7 38.7808 26.0215 -33.7 38.7557 26.0373 -33.7 38.2032 26.9054 -33.7 38.1525 26.9787 -33.7 37.7936 27.3168 -33.7 37.2313 27.5411 -33.7 36.8316 27.6219 -33.7 36.5716 27.6808 -33.7 35.8695 27.5728 -33.7 35.5023 27.5736 -33.7 34.9074 27.6768 -33.7 34.6355 27.6689 -33.7 33.9454 27.5913 -33.7 33.524 27.5194 -33.7 32.9833 27.4103 -33.7 32.4156 27.3319 -33.7 32.0213 27.2503 -33.7 31.3271 27.1632 -33.7 31.0592 27.116 -33.7 30.2858 27.0754 -33.7 30.0972 27.0607 -33.7 29.1351 27.2001 -33.7 28.644 27.4699 -33.7 
2
199
11.186 8.05016 -32.8 12 8.86413 -32.8 16 8.86428 -32.8 16.147 9 -32.8 17 9.85303 -32.8 20 9.85433 -32.8 20.1543 10 -32.8 21 10.8457 -32.8 21.1589 11 -32.8 23 12.843 -32.8 23.1497 13 -32.8 23.1501 14 -32.8 24 14.8499 -32.8 24.1422 15 -32.8 24.1593 17 -32.8 25 17.8407 -32.8 25.1526 18 -32.8 27 19.8496 -32.8 27.1689 20 -32.8 28 20.8311 -32.8 29 20.8309 -32.8 29.1944 21 -32.8 30 21.8056 -32.8 31.2 21.8011 -32.8 32 21.7844 -32.8 32.7844 21 -32.8 32.8195 20 -32.8 33 19.8345 -32.8 33.8345 19 -32.8 33.8742 17 -32.8 33.9747 16.9082 -32.8 34 16.8843 -32.8 35 16.881 -32.8 35.1361 17 -32.8 36 17.8639 -32.8 37 17.8599 -32.8 37.1644 18 -32.8 38 18.8356 -32.8 38.1958 19 -32.8 39 19.8042 -32.8 39.1805 19.9577 -32.8 39.2317 20 -32.8 39.2665 20.8 -32.8 39.2806 21 -32.8 40 21.7194 -32.8 42 21.7452 -32.8 42.2248 21.9416 -32.8 42.2938 22 -32.8 43 22.7062 -32.8 43.2583 22.931 -32.8 43.3325 23 -32.8 44 23.6675 -32.8 44.2 23.6807 -32.8 45 23.7179 -32.8 45.2635 24 -32.8 46 24.7365 -32.8 46.1926 24.9425 -32.8 46.249 25 -32.8 46.27 25.8 -32.8 46.2788 26 -32.8 47 26.7212 -32.8 47.2679 27 -32.8 47.3363 31 -32.8 47.3334 32.8 -32.8 47.314 33.8 -32.8 47.3072 34 -32.8 47 34.3705 -32.8 46.3705 35 -32.8 46 35.4343 -32.8 45.4343 36 -32.8 45.4507 36.8 -32.8 45.472 37 -32.8 45.4612 37.8 -32.8 45.4614 38 -32.8 45.1216 38.3171 -32.8 45 38.4165 -32.8 44.4165 39 -32.8 44.3396 39.8 -32.8 44.3081 40 -32.8 44 40.2795 -32.8 43.2 40.3033 -32.8 42 40.355 -32.8 41.355 41 -32.8 41.078 41.235 -32.8 41 41.2989 -32.8 40.2 41.3232 -32.8 40 41.3334 -32.8 39.2 41.3528 -32.8 39 41.3633 -32.8 38.2 41.3781 -32.8 38 41.3861 -32.8 37.3861 42 -32.8 37.0925 42.2274 -32.8 37 42.2941 -32.8 36.7022 42.0667 -32.8 36.6118 42 -32.8 36 41.3882 -32.8 35.2 41.3708 -32.8 35 41.3631 -32.8 34.674 41.0827 -32.8 34.5728 41 -32.8 34 40.4272 -32.8 33.2 40.3764 -32.8 33 40.3565 -32.8 32.6177 40 -32.8 31.7017 39.0887 -32.8 31.6187 39 -32.8 31 38.3813 -32.8 30.6182 38.0829 -32.8 30.5179 38 -32.8 30 37.4821 -32.8 29.2 37.4726 -32.8 28 37.4242 -32.8 27.6264 37.0835 -32.8 27.5382 37 -32.8 27 36.4618 -32.8 26.7189 36.0882 -32.8 26.6388 36 -32.8 26 35.3612 -32.8 25.6782 35 -32.8 25.6595 34.8 -32.8 25.6114 34 -32.8 25 33.3886 -32.8 24.2 33.3341 -32.8 24 33.315 -32.8 23.315 34 -32.8 23.2784 34.8 -32.8 23.2639 35 -32.8 23.2298 36 -32.8 23.0488 36.1409 -32.8 23 36.1776 -32.8 22.1776 37 -32.8 22 37.1437 -32.8 21.1437 38 -32.8 21.0293 38.0992 -32.8 21 38.1267 -32.8 20 39.1248 -32.8 18 39.137 -32.8 17.137 40 -32.8 17 40.1298 -32.8 13 40.1421 -32.8 12.1421 41 -32.8 12 41.1348 -32.8 11.1858 41.949 -32.8 11.2302 37.5613 -32.8 11.2578 36.5993 -32.8 11.2965 35.6372 -32.8 11.3154 35.3938 -32.8 11.3543 34.6752 -32.8 11.3881 34.4318 -32.8 11.4464 33.7131 -32.8 11.5083 33.4697 -32.8 11.5921 32.7511 -32.8 11.7158 32.0324 -32.8 11.8091 31.789 -32.8 11.8182 31.7371 -32.8 12.5369 30.8917 -32.8 12.5672 30.827 -32.8 12.7802 30.5907 -32.8 13.2666 30.3406 -32.8 13.7423 30.0799 -32.8 13.8639 29.9865 -32.8 14.0084 29.8649 -32.8 14.7043 29.0077 -32.8 14.7675 28.9028 -32.8 14.9499 28.1864 -32.8 15.033 27.9408 -32.8 14.9972 27.2716 -32.8 15.0144 26.9787 -32.8 14.7047 26.0171 -32.8 14.7047 26.0167 -32.8 14.7043 26.015 -32.8 14.3862 25.0546 -32.8 14.4849 24.8352 -32.8 14.7043 24.4504 -32.8 14.8185 24.2068 -32.8 14.867 24.0926 -32.8 15.1296 23.5558 -32.8 15.2492 23.1305 -32.8 15.2641 22.7282 -32.8 15.2212 22.1685 -32.8 14.9731 21.4752 -32.8 14.8565 21.2064 -32.8 14.7043 20.9893 -32.8 13.979 20.2444 -32.8 13.7423 20.0742 -32.8 13.3911 19.8932 -32.8 12.7802 19.6151 -32.8 12.5133 19.2823 -32.8 11.8182 18.3864 -32.8 11.8181 18.3859 -32.8 11.8086 18.3203 -32.8 11.7188 18.034 -32.8 11.6265 17.3582 -32.8 11.5586 17.1148 -32.8 11.4789 16.3962 -32.8 11.4405 16.1528 -32.8 11.3602 15.1907 -32.8 11.3049 14.2287 -32.8 
141
28.1731 26.7414 -32.8 27.9297 26.9084 -32.8 27.8879 26.9401 -32.8 27.8336 26.9787 -32.8 27.211 27.5924 -32.8 27.1236 27.6974 -32.8 26.9124 27.9408 -32.8 26.5069 28.6594 -32.8 26.3488 28.9028 -32.8 26.249 29.1025 -32.8 26.107 29.4184 -32.8 26.0056 29.5962 -32.8 25.905 29.7992 -32.8 25.8636 29.8649 -32.8 25.6794 30.3706 -32.8 25.554 30.827 -32.8 25.8658 31.4059 -32.8 26.0169 31.789 -32.8 26.249 32.0282 -32.8 26.3745 32.132 -32.8 27.0173 32.9945 -32.8 27.193 33.3478 -32.8 27.4121 33.7131 -32.8 27.5992 33.9698 -32.8 27.8635 34.6752 -32.8 27.8758 34.7114 -32.8 27.9276 34.9186 -32.8 27.8194 35.6372 -32.8 27.9828 35.8806 -32.8 28.0313 35.9705 -32.8 28.1731 36.2571 -32.8 28.5893 36.5993 -32.8 28.6488 36.6181 -32.8 28.8917 36.7017 -32.8 29.1351 36.7454 -32.8 29.3785 36.9085 -32.8 30.0972 36.8581 -32.8 30.3406 36.8187 -32.8 31.0592 36.7194 -32.8 31.1255 36.7563 -32.8 31.815 36.8427 -32.8 31.9753 37.0581 -32.8 32.0213 37.0705 -32.8 32.2951 37.5613 -32.8 32.5472 37.8047 -32.8 32.776 38.0687 -32.8 32.9833 38.2922 -32.8 33.226 38.5234 -32.8 33.9454 39.0712 -32.8 34.5743 39.4854 -32.8 34.9074 39.6837 -32.8 35.6261 39.9877 -32.8 35.8695 40.0781 -32.8 36.273 40.1317 -32.8 36.8316 40.2273 -32.8 37.1726 40.2026 -32.8 37.7936 40.1731 -32.8 38.0155 40.13 -32.8 38.037 40.1262 -32.8 38.7557 40.0524 -32.8 38.9991 39.9751 -32.8 39.7177 39.8017 -32.8 39.9611 39.7111 -32.8 40.5261 39.4854 -32.8 40.6798 39.4134 -32.8 40.8473 39.3271 -32.8 40.9232 39.291 -32.8 41.8852 38.7189 -32.8 42.1446 38.5234 -32.8 42.6039 38.1047 -32.8 43.0558 37.7229 -32.8 43.2176 37.5613 -32.8 43.5659 37.1817 -32.8 44.002 36.7339 -32.8 44.1269 36.5993 -32.8 44.528 35.7594 -32.8 44.5499 35.6912 -32.8 44.5524 35.6372 -32.8 44.8661 34.9186 -32.8 44.9982 34.6752 -32.8 45.1904 33.9565 -32.8 45.2782 33.7131 -32.8 45.4065 32.9521 -32.8 45.4321 32.7511 -32.8 45.4107 32.0644 -32.8 45.3944 31.789 -32.8 45.3342 31.2758 -32.8 45.2579 30.827 -32.8 45.185 30.4548 -32.8 45.0213 29.8649 -32.8 44.6434 29.0182 -32.8 44.5997 28.9028 -32.8 44.528 28.7389 -32.8 44.4179 28.434 -32.8 44.3028 27.9408 -32.8 44.1998 27.774 -32.8 44.1588 27.6974 -32.8 43.872 26.9787 -32.8 43.7609 26.7353 -32.8 43.5659 26.4473 -32.8 43.0989 26.0167 -32.8 42.8748 25.7733 -32.8 42.6039 25.5586 -32.8 41.9479 25.325 -32.8 41.6418 25.2107 -32.8 41.3121 25.0546 -32.8 40.2527 24.6275 -32.8 40.1919 24.6011 -32.8 39.7177 24.4061 -32.8 39.4183 24.5012 -32.8 38.7557 24.5736 -32.8 38.4787 24.5899 -32.8 37.7936 24.4996 -32.8 37.3566 24.4045 -32.8 36.8316 24.585 -32.8 36.2569 25.0306 -32.8 36.2337 25.0546 -32.8 36.2578 25.4429 -32.8 36.2341 26.0167 -32.8 36.2333 26.0177 -32.8 35.8695 26.2557 -32.8 35.4062 26.3444 -32.8 34.9074 26.3484 -32.8 33.9483 26.0167 -32.8 34.088 25.1972 -32.8 34.0471 25.0546 -32.8 34.0556 24.9444 -32.8 33.9499 24.9972 -32.8 33.9454 24.9997 -32.8 33.8778 25.0546 -32.8 33.9441 26.0154 -32.8 32.9833 25.9786 -32.8 32.9064 26.0167 -32.8 32.5415 26.2168 -32.8 32.0213 26.2733 -32.8 31.0592 26.2037 -32.8 30.573 26.2169 -32.8 30.0972 26.2169 -32.8 29.7575 26.2785 -32.8 29.1351 26.3662 -32.8 28.8917 26.4674 -32.8 
2
211
11.2025 8.05044 -31.9 11.2404 11.5859 -31.9 11.2651 12.5479 -31.9 11.3531 14.2907 -31.9 11.4418 15.2527 -31.9 11.5942 16.2148 -31.9 11.6522 16.3962 -31.9 11.8182 16.9889 -31.9 11.8848 17.0341 -31.9 11.9995 17.1768 -31.9 12.1143 17.2084 -31.9 12.4116 17.3582 -31.9 12.7802 17.5895 -31.9 13.2123 17.7101 -31.9 13.7423 17.7996 -31.9 14.4592 18.0752 -31.9 14.7043 18.1417 -31.9 15.0246 18.3203 -31.9 15.6664 18.8045 -31.9 16.1153 19.2823 -31.9 16.6284 19.9636 -31.9 16.801 20.2444 -31.9 17.2945 21.2064 -31.9 17.4557 21.602 -31.9 17.5905 21.9184 -31.9 17.6927 22.1685 -31.9 17.7244 22.3024 -31.9 17.897 23.1305 -31.9 17.8824 23.4225 -31.9 17.8704 24.0926 -31.9 17.8345 24.3366 -31.9 17.7044 25.0546 -31.9 17.6841 25.1482 -31.9 17.5905 25.6208 -31.9 17.5024 26.0167 -31.9 17.4756 26.1667 -31.9 17.2677 26.9787 -31.9 17.1826 27.4001 -31.9 17.0308 27.9408 -31.9 16.7634 28.7678 -31.9 16.7093 28.9028 -31.9 16.6806 28.955 -31.9 16.6284 29.0717 -31.9 16.2333 29.8649 -31.9 15.6664 30.7139 -31.9 15.5678 30.827 -31.9 14.7043 31.5473 -31.9 14.3275 31.7496 -31.9 13.8958 31.9425 -31.9 13.7423 31.9855 -31.9 13.54 31.9913 -31.9 12.7802 32.1844 -31.9 12.0848 32.6787 -31.9 11.9504 32.7511 -31.9 11.8182 32.8159 -31.9 11.767 32.9325 -31.9 11.5684 33.7131 -31.9 11.4599 34.4938 -31.9 11.4166 34.6752 -31.9 11.3561 35.4558 -31.9 11.3346 35.6372 -31.9 11.2965 36.4179 -31.9 11.2843 36.5993 -31.9 11.2504 37.5613 -31.9 11.2022 41.9484 -31.9 12 41.1506 -31.9 12.1608 41 -31.9 13 40.1608 -31.9 17 40.144 -31.9 17.1495 40 -31.9 18 39.1496 -31.9 20 39.1364 -31.9 21.0157 38.1237 -31.9 21.1475 38 -31.9 22 37.1475 -31.9 22.0189 37.1319 -31.9 22.184 37 -31.9 23 36.184 -31.9 23.2452 36 -31.9 23.29 35 -31.9 23.3 34.9 -31.9 23.3654 34 -31.9 24 33.3654 -31.9 24.1 33.3786 -31.9 25 33.4646 -31.9 25.5354 34 -31.9 25.6195 34.9 -31.9 25.6337 35 -31.9 25.6741 35.0424 -31.9 26 35.4029 -31.9 26.5971 36 -31.9 26.6395 36.0411 -31.9 27 36.4379 -31.9 27.5621 37 -31.9 28 37.4138 -31.9 30 37.4963 -31.9 30.4486 37.9449 -31.9 30.4489 37.9453 -31.9 30.5489 38.0441 -31.9 31 38.4174 -31.9 31.5826 39 -31.9 31.6268 39.0541 -31.9 32 39.4533 -31.9 32.5467 40 -31.9 32.6008 40.0473 -31.9 33 40.4133 -31.9 33.1 40.429 -31.9 34 40.5183 -31.9 34.4817 41 -31.9 34.5447 41.049 -31.9 35 41.4214 -31.9 35.1 41.4277 -31.9 36 41.4621 -31.9 36.5379 42 -31.9 36.5932 42.038 -31.9 37 42.3379 -31.9 37.0599 42.3 -31.9 37.4763 42 -31.9 38 41.4763 -31.9 38.1 41.4689 -31.9 39 41.4332 -31.9 39.1 41.4253 -31.9 40 41.3779 -31.9 40.1 41.3711 -31.9 41 41.3251 -31.9 41.0408 41.2873 -31.9 41.3919 41 -31.9 42 40.3919 -31.9 44 40.3074 -31.9 44.3427 40 -31.9 44.3644 39.9 -31.9 44.5059 39 -31.9 44.9588 38.5471 -31.9 45 38.4745 -31.9 45.0437 38.4471 -31.9 45.591 38 -31.9 45.621 37.9 -31.9 45.6204 37 -31.9 45.6063 36.9 -31.9 45.5101 36 -31.9 46 35.5101 -31.9 46.4315 35 -31.9 47 34.4315 -31.9 47.3525 34 -31.9 47.3573 33.9 -31.9 47.3918 32.9 -31.9 47.4131 31.9 -31.9 47.4101 31 -31.9 47.3887 30 -31.9 47.3835 29.9 -31.9 47.3665 29 -31.9 47.3628 28.9 -31.9 47.3122 27 -31.9 47.2756 26.9584 -31.9 47 26.6654 -31.9 46.3346 26 -31.9 46.327 25.9 -31.9 46.2875 25 -31.9 45.2935 24 -31.9 45.2587 23.9672 -31.9 45 23.6927 -31.9 44.1 23.6332 -31.9 44 23.6226 -31.9 43.3774 23 -31.9 43 22.6479 -31.9 42.3521 22 -31.9 42 21.7031 -31.9 40 21.6672 -31.9 39.3328 21 -31.9 39.3226 20.9 -31.9 39.2591 20 -31.9 39 19.7857 -31.9 38.2143 19 -31.9 38.1903 18.9806 -31.9 38 18.8211 -31.9 37.1789 18 -31.9 37 17.8501 -31.9 36 17.8542 -31.9 35.1458 17 -31.9 35 16.8741 -31.9 34 16.8797 -31.9 33.8724 17 -31.9 33.8326 19 -31.9 33 19.8326 -31.9 32.9797 19.85 -31.9 32.8152 20 -31.9 32.7798 21 -31.9 32 21.7798 -31.9 30 21.7812 -31.9 29.2188 21 -31.9 29 20.8124 -31.9 28 20.8115 -31.9 27.1885 20 -31.9 27 19.833 -31.9 26.1481 18.9813 -31.9 25.1689 18 -31.9 25 17.8213 -31.9 24.1787 17 -31.9 24.1576 15 -31.9 24 14.8305 -31.9 23.1695 14 -31.9 23.1694 13 -31.9 23 12.8204 -31.9 21.1823 11 -31.9 21 10.8238 -31.9 20.1762 10 -31.9 20 9.83593 -31.9 17 9.83463 -31.9 16.1654 9 -31.9 16 8.849 -31.9 12 8.84797 -31.9 
153
27.9917 26.2055 -31.9 27.211 26.741 -31.9 27.0604 26.8848 -31.9 26.9579 26.9787 -31.9 26.2805 27.7594 -31.9 26.2795 27.7605 -31.9 26.249 27.7966 -31.9 26.1471 27.9408 -31.9 26.1464 27.942 -31.9 26.0676 28.0831 -31.9 25.6123 28.8625 -31.9 25.5876 28.9028 -31.9 25.2869 29.4295 -31.9 25.266 29.4728 -31.9 25.1572 29.6835 -31.9 25.0699 29.8649 -31.9 24.7225 30.827 -31.9 24.8745 31.6076 -31.9 24.8665 31.789 -31.9 24.988 31.9704 -31.9 25.0927 32.1119 -31.9 25.2869 32.3922 -31.9 25.6593 32.7511 -31.9 25.8598 32.9325 -31.9 25.9959 33.1068 -31.9 26.249 33.3951 -31.9 26.461 33.7131 -31.9 26.522 33.7853 -31.9 26.605 33.8945 -31.9 27.1768 34.8393 -31.9 27.211 34.9554 -31.9 27.3769 35.6199 -31.9 27.3855 35.6372 -31.9 27.9095 36.4179 -31.9 28.0824 36.5931 -31.9 28.0908 36.5993 -31.9 28.1731 36.6539 -31.9 28.3545 36.69 -31.9 29.1351 36.8304 -31.9 29.3165 36.9721 -31.9 30.0972 37.4952 -31.9 30.8778 37.3687 -31.9 31.0592 37.3873 -31.9 31.3717 37.5613 -31.9 31.5356 37.7427 -31.9 31.613 37.8169 -31.9 32.0213 38.1213 -31.9 32.4129 38.5234 -31.9 32.6167 38.7048 -31.9 32.6503 38.7382 -31.9 32.9833 39.0591 -31.9 33.5369 39.4854 -31.9 33.764 39.641 -31.9 33.9454 39.7617 -31.9 34.9074 40.34 -31.9 35.1978 40.4475 -31.9 35.8695 40.6661 -31.9 36.0509 40.6947 -31.9 36.8316 40.7744 -31.9 37.013 40.7772 -31.9 37.7936 40.7286 -31.9 37.975 40.6838 -31.9 38.7557 40.5378 -31.9 38.9578 40.4475 -31.9 38.9851 40.4361 -31.9 39.7177 40.2034 -31.9 39.8991 40.1087 -31.9 40.6798 39.8181 -31.9 40.8612 39.7464 -31.9 41.474 39.4854 -31.9 41.6418 39.4054 -31.9 41.7287 39.3694 -31.9 41.8232 39.3339 -31.9 42.6039 38.863 -31.9 42.9399 38.6788 -31.9 43.2048 38.5234 -31.9 43.5659 38.2672 -31.9 44.2139 37.8754 -31.9 44.528 37.705 -31.9 44.6959 37.5613 -31.9 44.6948 37.5508 -31.9 45.0256 36.7692 -31.9 45.015 36.5993 -31.9 45.0161 36.4179 -31.9 45.0536 35.6372 -31.9 45.575 34.6752 -31.9 45.8378 33.8945 -31.9 45.9161 33.7131 -31.9 46.1028 32.9325 -31.9 46.1634 32.7511 -31.9 46.2117 32.3502 -31.9 46.2446 31.789 -31.9 46.2233 31.4457 -31.9 46.1745 30.827 -31.9 45.9973 29.8649 -31.9 45.9605 29.71 -31.9 45.9548 29.6835 -31.9 45.7272 28.9028 -31.9 45.6544 28.7214 -31.9 45.49 28.4402 -31.9 45.1899 27.9408 -31.9 45.0849 27.7957 -31.9 45.0575 27.7594 -31.9 44.6819 27.2244 -31.9 44.528 27.0143 -31.9 44.5089 26.9787 -31.9 44.3968 26.7948 -31.9 44.0416 26.0167 -31.9 43.8936 25.8353 -31.9 43.5659 25.2605 -31.9 43.3746 25.0546 -31.9 43.3173 25.0065 -31.9 43.2012 24.8732 -31.9 42.6692 24.4998 -31.9 42.6039 24.4369 -31.9 41.7369 24.1422 -31.9 41.6418 24.1138 -31.9 41.5839 24.0926 -31.9 41.1661 23.9646 -31.9 40.8612 23.8614 -31.9 40.6798 23.829 -31.9 39.8991 23.5913 -31.9 39.7177 23.5613 -31.9 39.5084 23.5546 -31.9 38.7557 23.7463 -31.9 38.6898 23.7692 -31.9 38.5743 23.8045 -31.9 37.7936 23.8897 -31.9 37.013 23.6792 -31.9 36.8316 23.6979 -31.9 36.0509 23.5762 -31.9 35.8695 23.5864 -31.9 35.0888 23.6793 -31.9 34.9074 23.6979 -31.9 34.726 23.7949 -31.9 34.002 24.0926 -31.9 33.9454 24.1242 -31.9 33.94 24.1268 -31.9 33.764 24.1905 -31.9 32.9833 24.8302 -31.9 32.8019 24.9296 -31.9 32.7695 24.9522 -31.9 32.0213 25.5074 -31.9 31.0592 25.4776 -31.9 30.8515 25.4893 -31.9 30.0972 25.518 -31.9 29.9158 25.5385 -31.9 29.1351 25.6708 -31.9 28.9537 25.7429 -31.9 28.4334 25.9604 -31.9 28.2921 26.0167 -31.9 28.1731 26.0671 -31.9 28.0382 26.1679 -31.9 
1
327
11.2227 8.05111 -31 12 8.82838 -31 16 8.83044 -31 16.1887 9 -31 17 9.81129 -31 20 9.81272 -31 20.2038 10 -31 21 10.7962 -31 21.2124 11 -31 23 12.7918 -31 23.1943 13 -31 23.1936 14 -31 24 14.8064 -31 24.1761 15 -31 24.2015 17 -31 25 17.7985 -31 25.1869 18 -31 27 19.81 -31 27.2121 20 -31 28 20.7879 -31 29 20.7911 -31 29.2479 21 -31 30 21.7521 -31 32 21.7551 -31 32.7551 21 -31 32.7973 20 -31 33 19.8259 -31 33.8259 19 -31 33.8637 17 -31 34 16.8742 -31 35 16.868 -31 35.1557 17 -31 36 17.8443 -31 37 17.8405 -31 37.1943 18 -31 38 18.8057 -31 38.2398 19 -31 39 19.7602 -31 39.2843 20 -31 39.3866 21 -31 40 21.6134 -31 42 21.657 -31 42.4142 22 -31 43 22.5858 -31 43.4343 23 -31 44 23.5657 -31 45 23.6722 -31 45.3483 24 -31 46.3393 25 -31 46.4157 26 -31 47 26.5843 -31 47.3666 27 -31 47.437 29 -31 47.4888 30 -31 47.5082 31 -31 47.4966 32 -31 47.4052 34 -31 47 34.5089 -31 46.5089 35 -31 46 35.596 -31 45.596 36 -31 45.7373 37 -31 45.4366 38 -31 45 38.2742 -31 44.5881 39 -31 44.371 40 -31 44 40.3278 -31 42 40.4077 -31 41.4077 41 -31 41 41.378 -31 38 41.5989 -31 37.5989 42 -31 37 42.3797 -31 36.4468 42 -31 36 41.5532 -31 35 41.4904 -31 34.3704 41 -31 34 40.6296 -31 33 40.4728 -31 32.4594 40 -31 32 39.5406 -31 31.5588 39 -31 30.0289 37.4815 -31 30.0972 37.5238 -31 30.5275 37.5659 -31 30.9399 37.6216 -31 31.0592 37.6608 -31 31.7416 38.4478 -31 31.8101 38.5234 -31 31.8609 38.5823 -31 32.0213 38.7446 -31 32.7772 39.425 -31 32.8328 39.4854 -31 32.8965 39.5468 -31 32.9833 39.6239 -31 33.8261 40.1849 -31 33.9454 40.2608 -31 34.2661 40.4475 -31 34.9074 40.7902 -31 35.0267 40.8271 -31 35.8695 41.1075 -31 36.7123 41.2407 -31 36.8316 41.2653 -31 37.7936 41.2826 -31 37.9103 41.255 -31 37.9129 41.2544 -31 38.7557 41.0464 -31 38.875 41.0027 -31 39.7177 40.6049 -31 39.8448 40.5291 -31 39.9859 40.4475 -31 40.6798 40.0852 -31 40.6854 40.0818 -31 40.7991 39.9948 -31 41.6418 39.6615 -31 41.7611 39.6363 -31 42.1864 39.4854 -31 42.6039 39.3283 -31 42.6233 39.3202 -31 42.7232 39.2699 -31 43.5659 38.8101 -31 43.6585 38.7411 -31 44.1773 38.5234 -31 44.5013 38.4063 -31 44.528 38.3911 -31 45.3707 37.6716 -31 45.4835 37.5674 -31 45.4866 37.5613 -31 45.4343 36.7186 -31 45.4474 36.5993 -31 45.4728 35.9324 -31 45.4745 35.6372 -31 45.49 35.6089 -31 45.5204 35.5565 -31 45.93 34.7945 -31 46.0108 34.6752 -31 46.3747 33.8324 -31 46.4333 33.7131 -31 46.4521 33.6533 -31 46.6893 32.8704 -31 46.72 32.7511 -31 46.7414 32.6318 -31 46.8735 31.789 -31 46.8823 31.6697 -31 46.8586 30.827 -31 46.852 30.7077 -31 46.7016 29.8649 -31 46.668 29.7456 -31 46.4963 28.9028 -31 46.4521 28.7544 -31 46.4289 28.6828 -31 46.1308 27.9408 -31 46.0728 27.8215 -31 45.49 27.002 -31 45.4724 26.9787 -31 44.6696 26.0167 -31 44.6567 26.0031 -31 44.5506 25.8974 -31 44.5413 25.8885 -31 44.528 25.8764 -31 43.8572 25.0546 -31 43.8474 25.044 -31 43.6852 24.8207 -31 43.5659 24.722 -31 43.0178 24.0926 -31 42.9073 23.9847 -31 42.6039 23.7377 -31 41.7611 23.3899 -31 41.6418 23.3233 -31 39.837 23.0115 -31 39.7177 23.0088 -31 38.875 22.9521 -31 38.7557 22.937 -31 38.6364 22.9737 -31 38.3741 23.0634 -31 37.7936 23.2434 -31 37.6807 23.2944 -31 37.6743 23.2968 -31 36.8316 23.3837 -31 35.9888 23.431 -31 35.8695 23.4535 -31 34.9074 23.5517 -31 34.0647 24.0023 -31 33.9454 24.0763 -31 33.8261 24.0828 -31 33.8194 24.085 -31 33.7947 24.0926 -31 32.9833 24.3865 -31 32.864 24.395 -31 32.0213 24.857 -31 31.1785 24.8135 -31 31.0592 24.8109 -31 30.2165 24.86 -31 29.9779 24.8678 -31 29.1351 24.9685 -31 28.8996 25.0546 -31 28.8514 25.0709 -31 28.1731 25.3405 -31 27.6352 25.7712 -31 27.3197 26.0167 -31 27.211 26.1046 -31 27.1127 26.1914 -31 27.0917 26.2323 -31 26.3918 26.9004 -31 26.3546 26.9787 -31 26.249 27.1033 -31 25.741 27.8215 -31 25.6661 27.9408 -31 25.2869 28.6196 -31 25.1406 28.9028 -31 24.7351 29.7456 -31 24.3783 30.7077 -31 24.3385 30.827 -31 24.304 31.6697 -31 24.292 31.789 -31 24.318 31.8517 -31 24.3249 31.8662 -31 24.8809 32.6945 -31 24.9112 32.7511 -31 25.0002 32.841 -31 25.2869 33.1404 -31 25.8354 33.6837 -31 25.8729 33.7131 -31 25.9548 33.787 -31 26.249 34.1224 -31 26.6345 34.6298 -31 26.6738 34.6752 -31 26.7408 34.7945 -31 27.211 35.5841 -31 27.2372 35.6372 -31 27.3319 35.7565 -31 28.1731 36.5981 -31 28.3547 36.6247 -31 29.1351 36.7916 -31 29.9779 37.45 -31 29.981 37.4519 -31 28 37.3805 -31 27.5894 37 -31 27 36.4106 -31 26.5764 36 -31 26 35.4236 -31 25.5961 35 -31 25.454 34 -31 25 33.546 -31 24 33.4137 -31 23.4137 34 -31 23.3133 35 -31 23.2577 36 -31 23 36.1892 -31 22.1892 37 -31 22 37.1569 -31 20 39.1523 -31 18 39.1671 -31 17.1671 40 -31 17 40.1608 -31 13 40.1841 -31 12.1841 41 -31 12 41.17 -31 11.2224 41.9476 -31 11.2783 37.5613 -31 11.3154 36.5993 -31 11.3265 36.48 -31 11.3832 35.6372 -31 11.4057 35.5179 -31 11.5055 34.6752 -31 11.7066 33.8324 -31 11.7487 33.7131 -31 11.8182 33.5546 -31 11.9754 33.5235 -31 12.7802 33.1811 -31 13.0087 33.2281 -31 13.7423 33.2647 -31 13.9583 33.257 -31 14.7043 33.1056 -31 15.5484 32.7511 -31 15.6664 32.6851 -31 16.5685 31.789 -31 16.6284 31.7127 -31 16.9193 31.24 -31 17.1869 30.827 -31 18.06 29.3976 -31 18.3357 28.9028 -31 18.5525 28.4802 -31 18.7978 28.0453 -31 18.8537 27.9408 -31 19.0514 27.4811 -31 19.2451 26.9787 -31 19.5348 26.0369 -31 19.5401 26.0167 -31 19.6894 25.2294 -31 19.8007 24.7686 -31 19.9154 24.0926 -31 19.9571 23.7382 -31 20.0119 23.1305 -31 19.7747 22.1685 -31 19.5084 21.6769 -31 19.2707 21.2064 -31 18.9866 20.6785 -31 18.7306 20.2444 -31 18.5525 19.9292 -31 18.5212 19.8765 -31 18.1903 19.2823 -31 17.6334 18.3632 -31 17.6062 18.3203 -31 17.5905 18.2971 -31 16.7528 17.3582 -31 16.6284 17.2475 -31 16.3476 17.0774 -31 15.6664 16.6489 -31 14.8465 16.3962 -31 14.7043 16.3659 -31 13.7888 16.3496 -31 13.7423 16.3574 -31 13.3454 16.3962 -31 13.0671 16.4292 -31 12.7802 16.4461 -31 12.5986 16.3962 -31 12.2467 16.3103 -31 11.9375 16.1266 -31 11.8182 16.1022 -31 11.6075 15.4431 -31 11.6027 15.4341 -31 11.5687 15.3148 -31 11.4324 14.4721 -31 11.4176 14.3528 -31 11.3443 13.51 -31 11.2936 12.5479 -31 
1
386
11.248 8.05152 -30.1 11.2857 9.60449 -30.1 11.288 9.66179 -30.1 11.3067 10.5665 -30.1 11.309 10.6238 -30.1 11.321 11.5286 -30.1 11.3393 12.5479 -30.1 11.39 13.51 -30.1 11.5025 14.4148 -30.1 11.5111 14.4721 -30.1 11.7691 15.3768 -30.1 11.7817 15.4084 -30.1 11.7928 15.4341 -30.1 11.8182 15.4814 -30.1 12.4479 15.6104 -30.1 12.7802 15.6661 -30.1 13.6092 15.4392 -30.1 13.6232 15.4341 -30.1 13.7423 15.3935 -30.1 14.647 15.2399 -30.1 14.6792 15.2284 -30.1 14.7043 15.2189 -30.1 15.5977 15.2527 -30.1 15.6664 15.2439 -30.1 16.2329 15.4341 -30.1 16.6284 15.6027 -30.1 17.5905 16.2852 -30.1 17.6306 16.3225 -30.1 17.6474 16.3389 -30.1 17.6646 16.3562 -30.1 17.7026 16.3962 -30.1 18.4247 17.2622 -30.1 18.4995 17.3582 -30.1 19.5146 18.9336 -30.1 19.6431 19.1049 -30.1 19.783 19.2823 -30.1 20.4151 20.1118 -30.1 20.4767 20.1838 -30.1 20.5311 20.2444 -30.1 21.2499 21.2064 -30.1 21.4387 21.6677 -30.1 21.4754 21.7893 -30.1 21.5772 22.1685 -30.1 21.6972 23.0474 -30.1 21.7102 23.1305 -30.1 21.6378 23.9932 -30.1 21.6398 24.0926 -30.1 21.3927 25.0546 -30.1 21.143 26.0167 -30.1 20.9906 26.7675 -30.1 20.955 26.9787 -30.1 20.5655 27.9408 -30.1 20.4767 28.0738 -30.1 19.8741 28.9028 -30.1 19.653 29.1544 -30.1 19.5146 29.3002 -30.1 19.0749 29.8649 -30.1 18.7016 30.3808 -30.1 18.5525 30.5776 -30.1 18.3915 30.827 -30.1 18.0072 31.5095 -30.1 17.6662 32.1042 -30.1 17.5905 32.2482 -30.1 17.2599 32.7511 -30.1 16.81 33.2776 -30.1 16.6284 33.4999 -30.1 16.3617 33.7131 -30.1 15.6664 34.1382 -30.1 14.8232 34.3239 -30.1 14.7043 34.3386 -30.1 13.8963 34.2618 -30.1 13.7423 34.2316 -30.1 13.685 34.205 -30.1 12.7802 33.9454 -30.1 11.8755 34.1297 -30.1 11.8182 34.1315 -30.1 11.8152 34.137 -30.1 11.6289 34.6752 -30.1 11.4585 35.5799 -30.1 11.4436 35.6372 -30.1 11.3531 36.5993 -30.1 11.3213 37.504 -30.1 11.2866 40.3902 -30.1 11.2843 40.4475 -30.1 11.2622 41.3522 -30.1 11.2598 41.4095 -30.1 11.2472 41.9468 -30.1 12 41.194 -30.1 12.2142 41 -30.1 13 40.2142 -30.1 17 40.1816 -30.1 17.1901 40 -30.1 18 39.19 -30.1 20 39.1726 -30.1 22 37.1799 -30.1 22.1827 37.0157 -30.1 22.2016 37 -30.1 23 36.2016 -30.1 23.2407 36.0189 -30.1 23.2665 36 -30.1 23.3337 35 -30.1 23.4397 34.1 -30.1 23.4497 34 -30.1 24 33.4497 -30.1 24.9 33.6054 -30.1 25 33.6186 -30.1 25.3814 34 -30.1 25.3956 34.1 -30.1 25.586 35 -30.1 25.9596 35.4274 -30.1 26 35.4698 -30.1 26.5302 36 -30.1 26.9576 36.5062 -30.1 27 36.5472 -30.1 27.4528 37 -30.1 27.9589 37.4309 -30.1 28 37.469 -30.1 29.9249 37.5237 -30.1 29.1351 37.0293 -30.1 28.1731 36.8272 -30.1 27.8325 36.5993 -30.1 27.8273 36.5934 -30.1 27.211 35.8581 -30.1 27.1124 35.6886 -30.1 27.0787 35.6372 -30.1 26.5705 34.7325 -30.1 26.547 34.688 -30.1 26.5399 34.6752 -30.1 26.249 34.3393 -30.1 25.6428 33.792 -30.1 25.6218 33.7704 -30.1 25.5777 33.7131 -30.1 25.5707 33.7072 -30.1 25.2869 33.4843 -30.1 24.6122 32.8025 -30.1 24.568 32.7511 -30.1 24.5549 32.7211 -30.1 24.3249 32.2916 -30.1 24.1281 31.8163 -30.1 24.1176 31.789 -30.1 24.1194 31.7317 -30.1 24.2105 30.827 -30.1 24.3163 30.4962 -30.1 24.3298 30.4389 -30.1 24.5362 29.8076 -30.1 24.9018 28.8455 -30.1 25.2761 28.1177 -30.1 25.2869 28.101 -30.1 25.3762 27.9408 -30.1 25.89 27.1214 -30.1 25.9407 26.9787 -30.1 26.1751 26.3956 -30.1 26.249 26.1947 -30.1 26.3402 26.0167 -30.1 26.6537 25.4985 -30.1 26.8607 25.0546 -30.1 27.0321 24.9152 -30.1 27.211 24.7823 -30.1 28.0502 24.3558 -30.1 28.1731 24.3246 -30.1 28.9126 24.1628 -30.1 29.1351 24.1324 -30.1 31.0592 24.0781 -30.1 31.0801 24.0789 -30.1 32.0213 24.0981 -30.1 32.926 24.0389 -30.1 32.9833 24.0413 -30.1 33.0406 24.0344 -30.1 33.9454 23.9845 -30.1 34.8501 23.4233 -30.1 34.9022 23.408 -30.1 34.9074 23.4066 -30.1 35.8075 23.3183 -30.1 35.8695 23.3136 -30.1 36.7472 23.1482 -30.1 36.8145 23.1305 -30.1 36.8316 23.1233 -30.1 36.8798 23.094 -30.1 37.7753 22.6227 -30.1 37.7936 22.6142 -30.1 38.6815 22.3415 -30.1 38.7557 22.3212 -30.1 39.7177 22.4432 -30.1 40.5728 22.4626 -30.1 40.6798 22.4629 -30.1 41.5357 22.64 -30.1 41.6418 22.6595 -30.1 41.6531 22.6669 -30.1 42.4058 23.0732 -30.1 42.4518 23.1101 -30.1 42.4828 23.1305 -30.1 42.6039 23.1997 -30.1 42.6259 23.2174 -30.1 43.464 24.0353 -30.1 43.4993 24.0616 -30.1 43.5336 24.0926 -30.1 43.5659 24.1293 -30.1 43.6232 24.175 -30.1 44.5853 24.972 -30.1 44.6859 25.0527 -30.1 44.6882 25.0546 -30.1 45.49 25.8543 -30.1 45.6321 26.0167 -30.1 46.3375 26.9214 -30.1 46.3423 26.9288 -30.1 46.3758 26.9787 -30.1 46.4521 27.1335 -30.1 46.731 27.8835 -30.1 46.7507 27.9408 -30.1 47.0154 28.8455 -30.1 47.035 28.9028 -30.1 47.2852 29.7906 -30.1 47.302 29.8649 -30.1 47.3448 30.6368 -30.1 47.3495 30.827 -30.1 47.2965 31.5458 -30.1 47.2748 31.789 -30.1 47.1032 32.7511 -30.1 46.8558 33.7131 -30.1 46.468 34.5541 -30.1 46.4075 34.6752 -30.1 46.3651 34.7325 -30.1 45.7522 35.6372 -30.1 45.5639 36.542 -30.1 45.5324 36.5993 -30.1 45.49 37.0417 -30.1 45.4404 37.504 -30.1 45.433 37.5613 -30.1 45.4012 37.6186 -30.1 44.5458 38.4084 -30.1 44.528 38.417 -30.1 44.3408 38.5234 -30.1 43.6909 39.0077 -30.1 43.6232 39.0553 -30.1 43.5659 39.0893 -30.1 43.5442 39.1041 -30.1 42.7863 39.4854 -30.1 42.6395 39.5399 -30.1 42.6039 39.5641 -30.1 41.6991 39.7552 -30.1 41.6418 39.7973 -30.1 40.7917 40.4475 -30.1 40.7495 40.4771 -30.1 40.7371 40.4848 -30.1 40.6798 40.5085 -30.1 39.775 41.048 -30.1 39.7177 41.0725 -30.1 38.813 41.4033 -30.1 38.7557 41.4207 -30.1 37.7936 41.6239 -30.1 36.8889 41.6006 -30.1 36.8316 41.603 -30.1 35.8695 41.4182 -30.1 35.8122 41.3924 -30.1 34.9074 41.1128 -30.1 34.0027 40.6217 -30.1 33.9454 40.594 -30.1 33.669 40.4362 -30.1 32.9833 39.9971 -30.1 32.926 39.957 -30.1 32.4368 39.4854 -30.1 32.0213 39.0336 -30.1 31.6413 38.5936 -30.1 31.6291 38.5807 -30.1 31.0592 37.9521 -30.1 31.0019 37.9071 -30.1 30.0972 37.6102 -30.1 30.0706 37.5972 -30.1 30.4735 38 -30.1 30.9547 38.5233 -30.1 31.4325 39 -30.1 31.9559 39.5937 -30.1 32 39.6478 -30.1 32.3522 40 -30.1 32.9459 40.4907 -30.1 33 40.538 -30.1 33.9 40.7277 -30.1 34 40.7434 -30.1 34.2566 41 -30.1 34.937 41.504 -30.1 35 41.553 -30.1 35.9 41.6353 -30.1 36 41.6416 -30.1 36.3584 42 -30.1 37 42.429 -30.1 37.6591 42.038 -30.1 37.719 42 -30.1 38 41.719 -30.1 38.9 41.6225 -30.1 39 41.6151 -30.1 39.9 41.5266 -30.1 40.9 41.438 -30.1 41 41.4312 -30.1 41.4783 41.0378 -30.1 41.519 41 -30.1 42 40.519 -30.1 42.9 40.4261 -30.1 43 40.4224 -30.1 43.9 40.3422 -30.1 44 40.3379 -30.1 44.3337 40.0328 -30.1 44.3708 40 -30.1 44.5789 39 -30.1 44.6201 38.9274 -30.1 45 38.2153 -30.1 45.2574 38.0274 -30.1 45.3011 38 -30.1 45.6622 37.1 -30.1 45.6923 37 -30.1 45.7013 36.1 -30.1 45.6872 36 -30.1 46 35.6872 -30.1 46.5609 35.0596 -30.1 46.6118 35 -30.1 47 34.6118 -30.1 47.4331 34.0509 -30.1 47.4736 34 -30.1 47.6127 31.1 -30.1 47.6234 30.1 -30.1 47.6215 30 -30.1 47.5593 29 -30.1 47.4796 28.1 -30.1 47.43 27 -30.1 47.0367 26.5166 -30.1 47 26.475 -30.1 46.525 26 -30.1 46.4183 25.1 -30.1 46.4107 25 -30.1 45.4134 24 -30.1 45 23.6094 -30.1 44.9 23.5987 -30.1 44 23.5263 -30.1 43.4737 23 -30.1 43.0434 22.5406 -30.1 43 22.4991 -30.1 42.5009 22 -30.1 42 21.5855 -30.1 41 21.5498 -30.1 40.9 21.5478 -30.1 40 21.5695 -30.1 39.4305 21 -30.1 39.3262 20 -30.1 39.0284 19.761 -30.1 39 19.7371 -30.1 38.2629 19 -30.1 38.024 18.8137 -30.1 38 18.7943 -30.1 37.2058 18 -30.1 37 17.83 -30.1 36 17.8358 -30.1 35.1642 17 -30.1 35 16.8589 -30.1 34 16.8607 -30.1 33.8685 16.9874 -30.1 33.8549 17 -30.1 33.8066 19 -30.1 33 19.8066 -30.1 32.7769 20 -30.1 32.7229 21 -30.1 32 21.7229 -30.1 30 21.7143 -30.1 29.2857 21 -30.1 29 20.7615 -30.1 28 20.7543 -30.1 27.2457 20 -30.1 27 19.7795 -30.1 26.2205 19 -30.1 26.019 18.81 -30.1 25.2087 18 -30.1 25 17.7695 -30.1 24.2305 17 -30.1 24.1982 15 -30.1 24.0176 14.7933 -30.1 24 14.7739 -30.1 23.2261 14 -30.1 23.2259 13 -30.1 23.0194 12.7715 -30.1 23 12.7507 -30.1 21.2561 11 -30.1 21 10.7583 -30.1 20.2417 10 -30.1 20 9.78286 -30.1 17 9.7799 -30.1 16.2201 9 -30.1 16 8.80621 -30.1 12 8.80348 -30.1 
2
331
11.28 8.05277 -29.2 11.3038 8.70453 -29.2 11.3437 9.66179 -29.2 11.3438 9.66659 -29.2 11.382 10.6238 -29.2 11.3821 10.6286 -29.2 11.42 12.5479 -29.2 11.4606 13.51 -29.2 11.4612 13.5148 -29.2 11.6054 14.4721 -29.2 11.6068 14.4769 -29.2 11.818 15.0048 -29.2 11.8182 15.0052 -29.2 12.7744 15.0874 -29.2 12.7802 15.0884 -29.2 13.7339 14.6718 -29.2 13.7423 14.669 -29.2 13.7471 14.6681 -29.2 14.2844 14.4761 -29.2 14.7043 14.3213 -29.2 15.6374 14.1845 -29.2 15.6664 14.181 -29.2 16.6108 14.3081 -29.2 16.6284 14.3115 -29.2 16.9437 14.4721 -29.2 17.5905 14.855 -29.2 18.2553 15.4341 -29.2 18.2603 15.4388 -29.2 18.2604 15.4389 -29.2 18.5478 15.7284 -29.2 18.5525 15.7334 -29.2 19.1389 16.3962 -29.2 19.5027 16.8732 -29.2 19.5146 16.8893 -29.2 20.4767 18.0539 -29.2 21.4387 19.0341 -29.2 21.6496 19.2823 -29.2 22.2378 20.2046 -29.2 22.2643 20.2444 -29.2 22.3916 20.6034 -29.2 22.4008 20.6259 -29.2 22.5638 21.2064 -29.2 22.7696 22.138 -29.2 22.7756 22.1685 -29.2 23.0068 23.1151 -29.2 23.0094 23.1305 -29.2 23.3049 24.0813 -29.2 23.3052 24.0926 -29.2 23.1725 25.0436 -29.2 23.1664 25.0546 -29.2 22.4427 25.9982 -29.2 22.4257 26.0167 -29.2 22.4008 26.0741 -29.2 22.2495 26.9787 -29.2 21.9234 27.9331 -29.2 21.9209 27.9408 -29.2 21.4387 28.8654 -29.2 21.423 28.8902 -29.2 21.4147 28.9028 -29.2 20.4767 29.8189 -29.2 20.4689 29.8271 -29.2 19.5146 30.7367 -29.2 19.5086 30.7443 -29.2 19.4378 30.827 -29.2 18.7812 31.783 -29.2 18.5525 32.2132 -29.2 18.5455 32.226 -29.2 18.274 32.7511 -29.2 17.6863 33.7061 -29.2 17.6818 33.7131 -29.2 17.5905 33.8335 -29.2 16.7596 34.6752 -29.2 16.6284 34.7791 -29.2 15.6664 35.2271 -29.2 14.7136 35.2696 -29.2 14.7043 35.2706 -29.2 13.7499 34.995 -29.2 13.7423 34.9936 -29.2 13.062 34.6752 -29.2 12.785 34.5508 -29.2 12.7802 34.5494 -29.2 12.7754 34.5504 -29.2 11.8182 34.5807 -29.2 11.7675 34.6723 -29.2 11.7665 34.6752 -29.2 11.7656 34.68 -29.2 11.5157 35.6372 -29.2 11.4154 36.5993 -29.2 11.4152 36.6041 -29.2 11.3768 39.4902 -29.2 11.3376 40.4475 -29.2 11.3375 40.4523 -29.2 11.2976 41.4095 -29.2 11.2775 41.9443 -29.2 12 41.2218 -29.2 12.2115 41.0393 -29.2 12.255 41 -29.2 13 40.255 -29.2 17 40.207 -29.2 17.22 40 -29.2 18 39.22 -29.2 20 39.199 -29.2 20.2079 39 -29.2 22.1754 37.0365 -29.2 22.216 37 -29.2 23 36.216 -29.2 23.2453 36.0406 -29.2 23.2988 36 -29.2 23.3569 35 -29.2 23.4367 34.2 -29.2 23.4603 34 -29.2 24 33.4603 -29.2 24.8 33.6488 -29.2 25 33.6834 -29.2 25.3166 34 -29.2 25.5221 35 -29.2 25.917 35.4902 -29.2 26 35.5852 -29.2 26.4148 36 -29.2 26.905 36.6194 -29.2 27 36.7319 -29.2 27.2681 37 -29.2 27.8875 37.4641 -29.2 28 37.5598 -29.2 29 37.5938 -29.2 29.8 37.6898 -29.2 29.8443 37.6909 -29.2 29.1395 37.3941 -29.2 29.1351 37.3914 -29.2 28.1731 37.1893 -29.2 27.3012 36.5993 -29.2 27.2143 36.5015 -29.2 27.211 36.4976 -29.2 27.2105 36.4967 -29.2 26.646 35.6372 -29.2 26.6433 35.6324 -29.2 26.2506 34.8884 -29.2 26.249 34.8856 -29.2 26.1465 34.6752 -29.2 26.1418 34.6704 -29.2 25.4047 33.7131 -29.2 25.2884 33.6153 -29.2 25.2869 33.6141 -29.2 25.2833 33.6105 -29.2 24.5439 32.7511 -29.2 24.3261 32.2491 -29.2 24.3249 32.2468 -29.2 24.3239 32.2443 -29.2 24.1497 31.789 -29.2 24.1798 30.8318 -29.2 24.1803 30.827 -29.2 24.1808 30.8252 -29.2 24.406 29.8679 -29.2 24.7257 28.9076 -29.2 25.1051 27.9456 -29.2 25.1071 27.9417 -29.2 25.1077 27.9408 -29.2 24.9101 26.9867 -29.2 24.9153 26.9787 -29.2 24.3463 26.0694 -29.2 24.3249 26.0315 -29.2 24.3077 26.0167 -29.2 24.0684 25.5734 -29.2 23.8058 25.0546 -29.2 24.3249 24.6897 -29.2 24.8732 24.0926 -29.2 25.2869 23.914 -29.2 26.198 23.6144 -29.2 26.249 23.5956 -29.2 27.1958 23.4187 -29.2 27.211 23.4143 -29.2 28.1641 23.3449 -29.2 28.1731 23.3429 -29.2 29.1286 23.3618 -29.2 29.1351 23.361 -29.2 30.0918 23.3961 -29.2 30.0972 23.396 -29.2 31.0541 23.4284 -29.2 31.0592 23.4283 -29.2 32.0163 23.4658 -29.2 32.0213 23.4659 -29.2 32.0261 23.4656 -29.2 32.9833 23.505 -29.2 33.9406 23.3912 -29.2 33.9454 23.391 -29.2 33.9502 23.388 -29.2 34.8204 23.132 -29.2 34.8258 23.1305 -29.2 34.9074 23.1099 -29.2 35.8695 23.0215 -29.2 36.8167 22.5268 -29.2 36.8316 22.5205 -29.2 36.8319 22.5204 -29.2 37.4871 22.1709 -29.2 37.4923 22.1685 -29.2 37.7936 22.0571 -29.2 38.7347 21.7593 -29.2 38.7557 21.7533 -29.2 39.7177 21.8938 -29.2 40.6798 21.8977 -29.2 41.6418 22.0564 -29.2 41.8261 22.1685 -29.2 41.8302 22.1711 -29.2 41.8341 22.1733 -29.2 42.6031 22.7904 -29.2 42.6039 22.7909 -29.2 42.9703 23.1305 -29.2 42.9709 23.131 -29.2 42.9753 23.1353 -29.2 43.5655 23.5751 -29.2 43.5659 23.5754 -29.2 44.3676 24.0926 -29.2 44.5226 24.2075 -29.2 44.5232 24.2079 -29.2 45.4852 25.0217 -29.2 45.4857 25.0222 -29.2 45.49 25.0257 -29.2 45.5197 25.0546 -29.2 46.369 26.0167 -29.2 46.3727 26.0215 -29.2 46.4515 26.145 -29.2 46.4521 26.1458 -29.2 46.8741 26.9787 -29.2 46.8759 26.9835 -29.2 47.2047 27.9408 -29.2 47.2061 27.9456 -29.2 47.5291 28.9028 -29.2 47.6877 29.844 -29.2 47.6918 29.8649 -29.2 47.6762 30.8201 -29.2 47.6764 30.827 -29.2 47.5561 31.7827 -29.2 47.5555 31.789 -29.2 47.3945 32.7511 -29.2 47.1567 33.7131 -29.2 46.7181 34.6746 -29.2 46.7178 34.6752 -29.2 46.4521 35.0684 -29.2 46.0178 35.6313 -29.2 46.017 35.6324 -29.2 46.0137 35.6372 -29.2 46.0127 35.642 -29.2 45.8484 35.9409 -29.2 46 35.7892 -29.2 46.709 35 -29.2 47 34.709 -29.2 47.4339 34.1246 -29.2 47.5302 34 -29.2 47.5963 33.2 -29.2 47.6055 33 -29.2 47.6694 32 -29.2 47.7297 31.2 -29.2 47.7385 31 -29.2 47.7598 30.2 -29.2 47.7619 30 -29.2 47.7292 29.2 -29.2 47.7165 29 -29.2 47.6102 28.2 -29.2 47.5925 28 -29.2 47.5094 27.2 -29.2 47.5 27 -29.2 47.0874 26.4404 -29.2 47 26.333 -29.2 46.667 26 -29.2 46.5193 25.2 -29.2 46.4956 25 -29.2 45.4964 24 -29.2 45 23.5318 -29.2 44.8 23.5157 -29.2 44 23.4112 -29.2 43.0956 22.512 -29.2 43 22.4099 -29.2 42.5901 22 -29.2 42 21.519 -29.2 41.8 21.5115 -29.2 41 21.4259 -29.2 40.8 21.4307 -29.2 40 21.4348 -29.2 39.5652 21 -29.2 39.4009 20.2 -29.2 39.38 20 -29.2 39.0662 19.7714 -29.2 39 19.7183 -29.2 38.2817 19 -29.2 38.0531 18.8162 -29.2 38 18.7748 -29.2 37.2252 18 -29.2 37 17.8178 -29.2 36 17.8278 -29.2 35.1722 17 -29.2 35.033 16.8699 -29.2 35 16.8415 -29.2 34 16.8439 -29.2 33.8389 17 -29.2 33.7875 19 -29.2 33 19.7875 -29.2 32.7528 20 -29.2 32.7418 20.2 -29.2 32.6846 21 -29.2 32 21.6846 -29.2 29.2 21.6492 -29.2 29.058 21.5072 -29.2 29 21.434 -29.2 28.566 21 -29.2 28.3155 20.791 -29.2 28.2 20.7074 -29.2 28 20.7059 -29.2 27.2941 20 -29.2 27 19.7389 -29.2 26.2611 19 -29.2 26 18.7576 -29.2 25.2424 18 -29.2 25 17.7368 -29.2 24.2632 17 -29.2 24.2292 15 -29.2 24.0401 14.7765 -29.2 24 14.7305 -29.2 23.2695 14 -29.2 23.2676 13 -29.2 23.0459 12.7411 -29.2 23 12.6903 -29.2 21.3172 11 -29.2 21 10.7077 -29.2 20.2923 10 -29.2 20.0492 9.78865 -29.2 20 9.74456 -29.2 17 9.73647 -29.2 16.2635 9 -29.2 16.0447 8.81433 -29.2 16 8.77503 -29.2 12 8.77283 -29.2 
49
44.4055 40 -29.2 44.6052 39 -29.2 44.7571 38.5554 -29.2 44.528 38.6641 -29.2 44.5232 38.6675 -29.2 43.5659 39.2349 -29.2 43.2037 39.4834 -29.2 43.1997 39.4854 -29.2 43.1989 39.4857 -29.2 42.6039 39.8909 -29.2 42.5991 39.8919 -29.2 41.8421 40.4475 -29.2 41.6418 40.5664 -29.2 41.637 40.5693 -29.2 40.6798 40.9653 -29.2 40.675 40.9681 -29.2 39.7177 41.3771 -29.2 39.7129 41.3788 -29.2 38.7557 41.6664 -29.2 37.7936 41.8605 -29.2 37.7888 41.8604 -29.2 36.8316 41.899 -29.2 35.8695 41.7142 -29.2 34.9124 41.2832 -29.2 34.9122 41.2831 -29.2 34.9074 41.2816 -29.2 34.9026 41.279 -29.2 34.0305 40.8586 -29.2 34.1719 41 -29.2 35 41.5998 -29.2 35.8 41.723 -29.2 36 41.7412 -29.2 36.2588 42 -29.2 36.8697 42.3886 -29.2 37 42.4755 -29.2 37.6798 42.0869 -29.2 37.8262 42 -29.2 38 41.8263 -29.2 38.8 41.7263 -29.2 40 41.5957 -29.2 40.8 41.4936 -29.2 41 41.4757 -29.2 41.6021 41.0874 -29.2 41.7084 41 -29.2 42 40.7084 -29.2 42.8 40.5503 -29.2 43 40.5296 -29.2 43.8 40.3963 -29.2 44 40.3785 -29.2 
2
196
11.3607 8.76663 -28.3 11.358 8.69973 -28.3 11.3204 8.05419 -28.3 12 8.73381 -28.3 16 8.73578 -28.3 16.0821 8.80541 -28.3 16.3236 9 -28.3 17 9.67634 -28.3 20 9.6963 -28.3 20.0912 9.77556 -28.3 20.3645 10 -28.3 21 10.6355 -28.3 21.0994 10.7266 -28.3 21.406 11 -28.3 22.0971 11.6934 -28.3 22.3877 12 -28.3 23 12.6123 -28.3 23.0832 12.7094 -28.3 23.322 13 -28.3 23.329 14 -28.3 24 14.671 -28.3 24.0709 14.7549 -28.3 24.2684 15 -28.3 24.3033 17 -28.3 25 17.6967 -28.3 25.286 18 -28.3 26 18.714 -28.3 26.3114 19 -28.3 27 19.6886 -28.3 27.0916 19.7697 -28.3 27.361 20 -28.3 28 20.639 -28.3 28.1098 20.7306 -28.3 28.4466 21 -28.3 29 21.5534 -28.3 29.7 21.5828 -28.3 30 21.588 -28.3 30.7 21.6135 -28.3 32 21.6347 -28.3 32.6347 21 -28.3 32.7038 20.3 -28.3 32.7252 20 -28.3 32.801 19.935 -28.3 33 19.77 -28.3 33.77 19 -28.3 33.8029 18 -28.3 33.817 17 -28.3 34 16.823 -28.3 35 16.8186 -28.3 35.1954 17 -28.3 36 17.8046 -28.3 36.7 17.8096 -28.3 37 17.8062 -28.3 37.2423 18 -28.3 38 18.7577 -28.3 38.3064 19 -28.3 39 19.6936 -28.3 39.1177 19.7794 -28.3 39.4349 20 -28.3 39.4966 20.3 -28.3 39.7266 21 -28.3 40 21.2734 -28.3 40.7 21.3312 -28.3 41 21.3297 -28.3 41.7 21.767 -28.3 42 21.7991 -28.3 42.183 21.9478 -28.3 42.2434 22 -28.3 42.883 22.2843 -28.3 43.1849 22.5843 -28.3 43.7491 23 -28.3 44 23.2509 -28.3 44.7 23.4235 -28.3 45 23.4627 -28.3 45.1546 23.6085 -28.3 45.5857 24 -28.3 46.1544 24.5689 -28.3 46.5667 25 -28.3 46.6222 25.3 -28.3 46.8025 26 -28.3 47 26.1975 -28.3 47.1547 26.4074 -28.3 47.5651 27 -28.3 47.5963 27.3 -28.3 47.7188 28 -28.3 47.8601 29 -28.3 47.8668 29.1627 -28.3 47.8489 28.9697 -28.3 47.8377 28.9028 -28.3 47.5876 28.0077 -28.3 47.5654 27.9408 -28.3 47.1984 27.0456 -28.3 47.1755 26.9787 -28.3 46.7648 26.0836 -28.3 46.7309 26.0167 -28.3 46.4521 25.5794 -28.3 46.4466 25.5727 -28.3 46.0942 25.1215 -28.3 46.0352 25.0546 -28.3 45.49 24.5223 -28.3 44.9724 24.0926 -28.3 44.528 23.7487 -28.3 44.5172 23.7414 -28.3 44.4611 23.7052 -28.3 43.5659 23.1655 -28.3 43.5247 23.1348 -28.3 43.5171 23.1305 -28.3 42.6295 22.5419 -28.3 42.6039 22.5181 -28.3 42.5502 22.475 -28.3 42.1929 22.1685 -28.3 41.655 21.8014 -28.3 41.6418 21.7934 -28.3 41.5749 21.7824 -28.3 40.6798 21.5201 -28.3 40.6129 21.5198 -28.3 39.6508 21.3711 -28.3 38.7557 21.4889 -28.3 38.6888 21.5101 -28.3 37.7936 21.532 -28.3 36.8985 21.8519 -28.3 36.8316 21.8797 -28.3 36.4863 22.1685 -28.3 36.4624 22.1928 -28.3 35.9364 22.5568 -28.3 35.8695 22.5918 -28.3 35.8026 22.5979 -28.3 34.9074 22.695 -28.3 34.0123 22.7706 -28.3 33.9454 22.789 -28.3 32.9833 22.9057 -28.3 32.8227 22.9052 -28.3 32.0213 22.9426 -28.3 31.8932 22.935 -28.3 31.0592 22.8647 -28.3 30.9515 22.8582 -28.3 30.0972 22.763 -28.3 30.0026 22.7573 -28.3 29.1351 22.6416 -28.3 29.0486 22.6371 -28.3 28.1731 22.5258 -28.3 28.0843 22.5273 -28.3 27.211 22.4399 -28.3 27.11 22.4495 -28.3 26.249 22.3835 -28.3 25.3223 22.2039 -28.3 25.2869 22.2086 -28.3 24.9819 22.1137 -28.3 24.3249 21.8204 -28.3 24.1291 21.5668 -28.3 23.8344 21.2064 -28.3 23.3628 20.3855 -28.3 23.3116 20.2444 -28.3 23.2299 20.0671 -28.3 22.4008 18.3655 -28.3 22.0775 17.9305 -28.3 21.4387 17.0229 -28.3 20.9296 16.3962 -28.3 20.4767 15.5615 -28.3 20.3928 15.4341 -28.3 20.2903 15.2477 -28.3 20.1615 14.9048 -28.3 20.0062 14.4721 -28.3 19.5146 13.6597 -28.3 19.322 13.51 -28.3 19.1315 13.4108 -28.3 18.5525 13.2036 -28.3 18.341 13.1127 -28.3 17.5905 12.947 -28.3 17.4373 12.9032 -28.3 16.6284 12.8425 -28.3 16.4703 12.8466 -28.3 15.6664 12.9641 -28.3 14.7043 13.3806 -28.3 14.5695 13.51 -28.3 14.4781 13.5661 -28.3 13.8092 14.0228 -28.3 13.7798 14.0336 -28.3 13.7423 14.049 -28.3 13.1213 14.4721 -28.3 13.0987 14.4855 -28.3 12.8471 14.6282 -28.3 12.7802 14.6574 -28.3 12.7133 14.6516 -28.3 11.8182 14.6897 -28.3 11.8034 14.6528 -28.3 11.717 14.4721 -28.3 11.6106 13.5769 -28.3 11.6005 13.51 -28.3 11.6117 12.6148 -28.3 11.6089 12.5479 -28.3 11.587 11.5859 -28.3 11.519 10.6907 -28.3 11.5171 10.6238 -28.3 11.4337 9.72868 -28.3 11.431 9.66179 -28.3 
83
24.4326 28.8359 -28.3 24.3792 28.6781 -28.3 24.3249 28.5496 -28.3 23.5857 28.0541 -28.3 23.3628 27.9894 -28.3 22.4008 28.7891 -28.3 22.3331 28.8985 -28.3 21.706 29.7972 -28.3 21.653 29.8649 -28.3 21.4387 30.0951 -28.3 20.5882 30.827 -28.3 20.4767 30.92 -28.3 19.6354 31.789 -28.3 19.5146 31.9599 -28.3 19.044 32.7511 -28.3 18.5525 33.613 -28.3 18.5518 33.6144 -28.3 18.4916 33.7131 -28.3 17.8613 34.6083 -28.3 17.8102 34.6752 -28.3 17.5905 34.9326 -28.3 16.7721 35.6372 -28.3 16.6284 35.7425 -28.3 16.0486 35.94 -28.3 15.6664 36.0783 -28.3 14.8216 35.9946 -28.3 14.7043 35.9908 -28.3 13.8131 35.6372 -28.3 13.7423 35.613 -28.3 13.7162 35.6008 -28.3 13.6616 35.5703 -28.3 13.6222 35.5492 -28.3 12.7802 35.0375 -28.3 11.9062 34.9807 -28.3 11.8182 34.9781 -28.3 11.6205 35.5703 -28.3 11.603 35.6372 -28.3 11.596 35.7041 -28.3 11.5283 36.5993 -28.3 11.5274 36.6662 -28.3 11.577 37.5613 -28.3 11.5737 38.5234 -28.3 11.572 38.5903 -28.3 11.511 39.4854 -28.3 11.5083 39.5523 -28.3 11.4212 40.4475 -28.3 11.4184 40.5144 -28.3 11.3456 41.4095 -28.3 11.3431 41.4764 -28.3 11.3169 41.9394 -28.3 12 41.2563 -28.3 12.2284 41.0684 -28.3 12.3077 41 -28.3 13 40.3077 -28.3 17 40.2402 -28.3 17.1936 40.0638 -28.3 17.2617 40 -28.3 18 39.2617 -28.3 20 39.2319 -28.3 20.2467 39 -28.3 22 37.25 -28.3 22.1745 37.065 -28.3 23 36.2403 -28.3 23.231 36.0658 -28.3 23.323 36 -28.3 23.386 35 -28.3 23.4782 34 -28.3 24 33.4782 -28.3 24.7 33.5344 -28.3 24.9043 33.5825 -28.3 24.4044 32.7511 -28.3 24.3401 32.4325 -28.3 24.3249 32.3974 -28.3 24.3127 32.3656 -28.3 24.2038 31.789 -28.3 24.1817 30.8939 -28.3 24.1838 30.827 -28.3 24.1939 30.7837 -28.3 24.3249 29.8916 -28.3 24.3253 29.8885 -28.3 24.3309 29.8649 -28.3 24.384 28.9697 -28.3 24.4062 28.9028 -28.3 
2
138
11.37 8.05813 -27.4 11.4328 8.69973 -27.4 11.443 8.82864 -27.4 11.5792 9.66179 -27.4 11.5912 9.79069 -27.4 11.8128 10.6238 -27.4 11.8141 10.6417 -27.4 11.8182 10.6635 -27.4 12.7802 11.5308 -27.4 12.9312 11.523 -27.4 13.7423 11.431 -27.4 14.1141 11.4266 -27.4 14.7043 11.3869 -27.4 15.1688 11.3772 -27.4 15.6664 11.3504 -27.4 17.1938 11.2881 -27.4 17.5905 11.2793 -27.4 18.5525 11.2897 -27.4 19.1291 11.3508 -27.4 19.5146 11.3785 -27.4 20.0234 11.51 -27.4 20.375 11.5859 -27.4 20.4767 11.6187 -27.4 21.4387 12.3546 -27.4 21.5816 12.5479 -27.4 21.8601 13.51 -27.4 21.8658 14.4721 -27.4 21.9233 15.1436 -27.4 21.9528 15.4341 -27.4 22.1512 15.9998 -27.4 22.3053 16.3962 -27.4 22.4008 16.5373 -27.4 22.8582 17.4737 -27.4 22.8649 17.4871 -27.4 23.2406 18.2922 -27.4 23.3628 18.5409 -27.4 23.8445 19.4043 -27.4 23.8481 19.4112 -27.4 24.1996 19.8372 -27.4 24.3249 19.994 -27.4 24.6511 20.2444 -27.4 25.2869 20.6949 -27.4 25.9737 21.0115 -27.4 26.6163 21.2258 -27.4 27.211 21.4081 -27.4 28.0138 21.6677 -27.4 28.1731 21.6906 -27.4 28.9393 21.9011 -27.4 29.1351 21.9329 -27.4 29.8102 22.1187 -27.4 30.0972 22.1792 -27.4 30.9303 22.3704 -27.4 31.8924 22.478 -27.4 32.0213 22.4889 -27.4 32.8544 22.347 -27.4 32.9833 22.341 -27.4 33.8165 22.3838 -27.4 33.9454 22.3684 -27.4 34.7785 22.38 -27.4 34.9074 22.3691 -27.4 35.0363 22.3552 -27.4 35.6425 22.2209 -27.4 35.8695 22.1661 -27.4 35.9984 22.0662 -27.4 36.8316 21.5308 -27.4 36.9605 21.4848 -27.4 37.6872 21.2064 -27.4 37.7936 21.1703 -27.4 38.22 21.2045 -27.4 38.7557 21.2377 -27.4 38.8701 21.2226 -27.4 39.7177 21.1514 -27.4 40.4898 21.2263 -27.4 40 21.1381 -27.4 39.8619 21 -27.4 39.6003 20.4 -27.4 39.4689 20 -27.4 39 19.6798 -27.4 38.3202 19 -27.4 38 18.7515 -27.4 37.2485 18 -27.4 37.0991 17.8553 -27.4 37 17.7763 -27.4 36 17.7682 -27.4 35.2318 17 -27.4 35.0818 16.8655 -27.4 35 16.7898 -27.4 34 16.7966 -27.4 33.7908 17 -27.4 33.7595 18.4 -27.4 33.7552 19 -27.4 33 19.7552 -27.4 32.7032 20 -27.4 32.6637 20.4 -27.4 32.5874 21 -27.4 32 21.5874 -27.4 31.6 21.5795 -27.4 30.6 21.5419 -27.4 30 21.499 -27.4 29.6 21.4822 -27.4 29 21.4185 -27.4 28.5815 21 -27.4 28.1924 20.7113 -27.4 28 20.5573 -27.4 27.4427 20 -27.4 27.154 19.7611 -27.4 27 19.6295 -27.4 26.3705 19 -27.4 26 18.6605 -27.4 25.3395 18 -27.4 25 17.6418 -27.4 24.3582 17 -27.4 24.3157 15 -27.4 24.1129 14.7301 -27.4 24 14.59 -27.4 23.41 14 -27.4 23.3915 13.4 -27.4 23.3879 13 -27.4 23.1365 12.6726 -27.4 23 12.5065 -27.4 22.4935 12 -27.4 22.1661 11.6441 -27.4 22 11.4689 -27.4 21.5311 11 -27.4 21.1752 10.7001 -27.4 21 10.5439 -27.4 20.4561 10 -27.4 20.1562 9.7671 -27.4 20 9.63885 -27.4 19.6 9.63301 -27.4 19 9.61417 -27.4 18.6 9.61036 -27.4 18 9.59398 -27.4 17 9.59 -27.4 16.41 9 -27.4 16.138 8.79729 -27.4 16 8.68609 -27.4 12 8.68814 -27.4 
87
12.7802 35.4383 -27.4 12.6513 35.43 -27.4 11.8182 35.4621 -27.4 11.7611 35.6372 -27.4 11.7514 35.7661 -27.4 11.8182 36.4146 -27.4 11.9091 36.5993 -27.4 12.0959 36.7922 -27.4 12.2259 37.007 -27.4 12.616 37.5613 -27.4 12.601 37.7406 -27.4 12.3414 38.5234 -27.4 11.8182 39.0977 -27.4 11.7902 39.2032 -27.4 11.7529 39.3565 -27.4 11.7441 39.4854 -27.4 11.7315 39.6143 -27.4 11.5522 40.4475 -27.4 11.5417 40.5764 -27.4 11.4104 41.4095 -27.4 11.4031 41.5384 -27.4 11.3683 41.9293 -27.4 12 41.2976 -27.4 12.2464 41.1074 -27.4 12.3769 41 -27.4 13 40.3769 -27.4 17 40.2837 -27.4 17.2099 40.1008 -27.4 17.3205 40 -27.4 18 39.3205 -27.4 20 39.2749 -27.4 20.1957 39.0974 -27.4 20.2998 39 -27.4 21 38.2998 -27.4 22 37.3073 -27.4 22.2851 37 -27.4 23 36.2851 -27.4 23.197 36.0997 -27.4 23.329 36 -27.4 23.3952 35 -27.4 23.483 34 -27.4 24 33.483 -27.4 24.6 33.4847 -27.4 24.7691 33.4983 -27.4 24.4348 32.88 -27.4 24.3573 32.7511 -27.4 24.3342 32.4969 -27.4 24.3092 32.368 -27.4 24.2579 31.789 -27.4 24.2316 30.827 -27.4 24.3746 29.8653 -27.4 24.3747 29.8649 -27.4 24.3823 29.736 -27.4 24.3326 29.6328 -27.4 24.3249 29.6186 -27.4 23.5079 29.0707 -27.4 23.3628 28.9843 -27.4 22.9937 29.2994 -27.4 22.6818 29.5839 -27.4 22.4008 29.8235 -27.4 22.3719 29.8649 -27.4 22.3596 29.8781 -27.4 22.0572 30.2743 -27.4 21.6734 30.827 -27.4 21.4387 31.0646 -27.4 20.592 31.789 -27.4 20.4767 31.9119 -27.4 19.8521 32.7511 -27.4 18.9316 34.5462 -27.4 18.8331 34.6752 -27.4 18.5525 35.0834 -27.4 18.1105 35.6372 -27.4 17.5905 36.1451 -27.4 17.1763 36.4433 -27.4 16.6284 36.8428 -27.4 16.0806 37.111 -27.4 15.6664 37.2784 -27.4 14.9393 37.2801 -27.4 14.7043 37.2347 -27.4 14.4212 37.2779 -27.4 13.9725 37.3311 -27.4 13.7423 37.1903 -27.4 13.0831 37.2584 -27.4 13.398 36.5993 -27.4 13.1909 36.4704 -27.4 13.0737 35.6372 -27.4 12.9044 35.5138 -27.4 
2
152
12 8.63535 -26.5 16 8.62792 -26.5 16.2266 8.79684 -26.5 16.5345 9 -26.5 17 9.4655 -26.5 17.5 9.48285 -26.5 18 9.48604 -26.5 18.5 9.51466 -26.5 19 9.52831 -26.5 19.5 9.56075 -26.5 20 9.57644 -26.5 20.25 9.77052 -26.5 20.5609 10 -26.5 21 10.4391 -26.5 21.2965 10.689 -26.5 21.6849 11 -26.5 22 11.3151 -26.5 22.2729 11.6116 -26.5 22.6075 12 -26.5 23 12.3925 -26.5 23.4596 13 -26.5 23.4749 13.5 -26.5 23.5116 14 -26.5 24 14.4885 -26.5 24.1691 14.7133 -26.5 24.3715 15 -26.5 24.4084 16.5 -26.5 24.4375 17 -26.5 25 17.5625 -26.5 25.1824 17.7551 -26.5 25.4045 18 -26.5 26 18.5955 -26.5 26.1991 18.778 -26.5 26.4324 19 -26.5 27 19.5676 -26.5 27.5247 20 -26.5 28 20.4753 -26.5 28.3242 20.716 -26.5 28.7248 21 -26.5 29 21.2752 -26.5 29.5 21.3672 -26.5 30.5 21.4705 -26.5 31.5 21.5373 -26.5 32 21.5565 -26.5 32.5565 21 -26.5 32.6838 20 -26.5 32.8364 19.8745 -26.5 33 19.7162 -26.5 33.7163 19 -26.5 33.7285 18.5 -26.5 33.7322 18 -26.5 33.76 17 -26.5 34 16.7652 -26.5 35 16.7542 -26.5 35.125 16.8662 -26.5 35.2826 17 -26.5 36 17.7174 -26.5 37 17.7271 -26.5 37.2816 18 -26.5 38 18.7184 -26.5 38.1618 18.8429 -26.5 39 19.6793 -26.5 39.4721 20 -26.5 39.6901 20.5 -26.5 39.8858 21 -26.5 39.999 21.1132 -26.5 39.7177 21.114 -26.5 39.5267 21.1295 -26.5 38.7557 21.1223 -26.5 38.5647 21.107 -26.5 37.7936 21.208 -26.5 37.6026 21.2785 -26.5 36.8316 21.3763 -26.5 36.6406 21.4991 -26.5 35.8695 21.8717 -26.5 35.0984 22.0895 -26.5 34.9074 22.1329 -26.5 34.5274 22.1189 -26.5 33.9454 22.0859 -26.5 33.5337 22.0904 -26.5 32.9833 22.1287 -26.5 32.2123 22.1969 -26.5 32.0213 22.2294 -26.5 31.8303 22.208 -26.5 31.6599 22.1764 -26.5 31.0592 22.0707 -26.5 30.9275 22.043 -26.5 30.8682 22.0289 -26.5 29.9062 21.7539 -26.5 29.1351 21.4766 -26.5 28.9441 21.4241 -26.5 28.6574 21.298 -26.5 28.1731 21.1063 -26.5 27.9692 21.0497 -26.5 27.211 20.7351 -26.5 27.1805 20.7271 -26.5 26.6126 20.4354 -26.5 26.4522 20.3812 -26.5 26.249 20.2469 -26.5 26.2443 20.2444 -26.5 26.0078 20.136 -26.5 25.2869 19.6635 -26.5 25.2175 19.623 -26.5 24.9065 19.38 -26.5 24.3249 18.7688 -26.5 24.2443 18.6701 -26.5 24.1301 18.5113 -26.5 24.0225 18.3203 -26.5 23.6124 17.5492 -26.5 23.5325 17.3582 -26.5 23.3628 16.7976 -26.5 23.2852 16.5682 -26.5 23.2025 16.3962 -26.5 23.1848 16.3299 -26.5 23.0266 15.6251 -26.5 23.0136 15.5857 -26.5 22.9715 15.4341 -26.5 22.9447 15.1565 -26.5 22.8474 14.4721 -26.5 22.8254 14.1606 -26.5 22.6943 13.51 -26.5 22.4767 12.7162 -26.5 22.425 12.5479 -26.5 22.4008 12.5018 -26.5 22.2755 12.3369 -26.5 21.9004 11.7769 -26.5 21.8347 11.688 -26.5 21.7681 11.5859 -26.5 21.4387 11.2866 -26.5 21.305 11.2261 -26.5 20.4767 10.8038 -26.5 20.2857 10.7544 -26.5 19.962 10.6339 -26.5 19.9248 10.6238 -26.5 19.5146 10.5039 -26.5 19.1799 10.4557 -26.5 18.5525 10.3142 -26.5 18.2593 10.2937 -26.5 17.5905 10.1919 -26.5 17.2847 10.2001 -26.5 16.6284 10.1771 -26.5 16.3095 10.1861 -26.5 15.3434 10.1877 -26.5 14.7043 10.2059 -26.5 14.3954 10.1968 -26.5 13.7423 10.2026 -26.5 12.7802 10.1759 -26.5 11.9925 9.85277 -26.5 11.8279 9.66179 -26.5 11.8182 9.65294 -26.5 11.5638 8.89072 -26.5 11.4304 8.0658 -26.5 
87
12.7802 39.5501 -26.5 13.0866 39.4854 -26.5 13.5801 39.3232 -26.5 13.7423 39.2958 -26.5 14.0119 39.2158 -26.5 14.1758 39.1578 -26.5 14.7043 38.9869 -26.5 15.6664 38.6286 -26.5 15.8975 38.5234 -26.5 16.6284 38.1448 -26.5 17.4263 37.7067 -26.5 17.717 37.5613 -26.5 18.4352 37.111 -26.5 18.5525 37.0418 -26.5 19.2526 36.5993 -26.5 19.4036 36.4883 -26.5 19.5146 36.306 -26.5 19.6459 36.1108 -26.5 19.9319 35.6372 -26.5 20.0235 35.1283 -26.5 20.2019 34.6752 -26.5 20.3037 34.5022 -26.5 20.3851 33.7131 -26.5 20.4767 33.5097 -26.5 20.5602 33.3353 -26.5 20.8286 32.7511 -26.5 21.0609 32.4763 -26.5 21.4387 32.0521 -26.5 21.6517 31.789 -26.5 21.9353 31.3776 -26.5 22.3549 30.8446 -26.5 22.3723 30.827 -26.5 22.4008 30.786 -26.5 22.4644 30.6563 -26.5 22.4776 30.636 -26.5 22.9587 29.8649 -26.5 23.1365 29.7131 -26.5 23.3628 29.5626 -26.5 23.5538 29.6906 -26.5 23.6137 29.726 -26.5 23.9476 29.8649 -26.5 23.9158 29.9416 -26.5 23.8988 30.0559 -26.5 24.2551 30.827 -26.5 24.2604 31.018 -26.5 24.3131 31.5502 -26.5 24.3502 31.98 -26.5 24.4042 32.7511 -26.5 24.5074 32.9421 -26.5 24.7337 33.3402 -26.5 24.5 33.4548 -26.5 24 33.4533 -26.5 23.4533 34 -26.5 23.4098 34.5 -26.5 23.345 35.5 -26.5 23.3248 36 -26.5 23.1607 36.1545 -26.5 23 36.3535 -26.5 22.3535 37 -26.5 22.1991 37.168 -26.5 22 37.3914 -26.5 21.3914 38 -26.5 21.2234 38.1631 -26.5 21 38.3731 -26.5 20.3731 39 -26.5 20.2101 39.1479 -26.5 20 39.3303 -26.5 19.5 39.3429 -26.5 19 39.365 -26.5 18.5 39.3794 -26.5 18 39.4047 -26.5 17.4047 40 -26.5 17.2298 40.1525 -26.5 17 40.3418 -26.5 14.5 40.4215 -26.5 14 40.444 -26.5 13 40.4729 -26.5 12.4729 41 -26.5 12.2676 41.1586 -26.5 12 41.3456 -26.5 11.4376 41.9079 -26.5 11.482 41.6005 -26.5 11.499 41.4095 -26.5 11.6946 40.6385 -26.5 11.7247 40.4475 -26.5 11.7659 40.2565 -26.5 11.8182 40.1408 -26.5 
3
103
12 8.57472 -25.6 15 8.55877 -25.6 16 8.56462 -25.6 16.3695 8.80841 -25.6 16.6968 9 -25.6 17 9.3032 -25.6 17.4 9.34074 -25.6 18 9.36156 -25.6 18.4 9.40707 -25.6 19 9.4414 -25.6 19.4 9.47922 -25.6 20 9.51816 -25.6 20.6566 10 -25.6 20.7732 10.1842 -25.6 21 10.4111 -25.6 21.466 10.7842 -25.6 21.7933 11 -25.6 21.866 11.0386 -25.6 22 11.1726 -25.6 22.7178 12 -25.6 22.8016 12.2326 -25.6 23 12.4309 -25.6 23.3 12.8326 -25.6 23.3848 13 -25.6 23.4287 13.6 -25.6 23.6281 14 -25.6 24 14.3719 -25.6 24.243 14.7159 -25.6 24.4357 15 -25.6 24.4515 15.6 -25.6 24.5138 16.6 -25.6 24.5618 17 -25.6 25 17.4382 -25.6 25.2665 17.732 -25.6 25.4894 18 -25.6 26 18.5106 -25.6 26.2799 18.777 -25.6 26.4943 19 -25.6 27 19.5057 -25.6 27.3409 19.7856 -25.6 27.5883 20 -25.6 28 20.4117 -25.6 28.8222 21 -25.6 28.991 21.1687 -25.6 27.9201 20.7321 -25.6 27.0247 20.2612 -25.6 26.9969 20.2444 -25.6 26.3157 19.761 -25.6 26.249 19.723 -25.6 25.996 19.5571 -25.6 25.9044 19.4788 -25.6 25.6573 19.2823 -25.6 25.2869 18.9109 -25.6 25.2248 18.8558 -25.6 24.9849 18.5733 -25.6 24.7941 18.3724 -25.6 24.7568 18.3203 -25.6 24.2916 17.5833 -25.6 24.1718 17.3582 -25.6 24.1529 17.3105 -25.6 23.9097 16.6492 -25.6 23.8332 16.3962 -25.6 23.6584 15.6871 -25.6 23.6088 15.4341 -25.6 23.509 14.8281 -25.6 23.4348 14.4721 -25.6 23.3628 14.2001 -25.6 23.2749 13.9304 -25.6 23.2321 13.763 -25.6 23.1811 13.51 -25.6 22.8969 12.8009 -25.6 22.8191 12.5479 -25.6 22.4371 11.9275 -25.6 22.4008 11.8582 -25.6 22.2777 11.6745 -25.6 22.2153 11.5859 -25.6 21.4387 10.8684 -25.6 21.1857 10.7392 -25.6 20.9757 10.6238 -25.6 20.4767 10.3741 -25.6 20.4557 10.3687 -25.6 20.2237 10.3009 -25.6 19.5146 10.035 -25.6 19.2616 9.9779 -25.6 18.5525 9.77709 -25.6 17.9724 9.66179 -25.6 17.9405 9.65658 -25.6 17.5905 9.58758 -25.6 17.1431 9.55267 -25.6 16.6284 9.49025 -25.6 16.2092 9.48088 -25.6 15.6664 9.45613 -25.6 15.2354 9.46061 -25.6 14.7043 9.45332 -25.6 13.7423 9.4775 -25.6 13.2894 9.4762 -25.6 12.7802 9.48745 -25.6 12.5762 9.41903 -25.6 12.5272 9.37438 -25.6 11.8182 9.07406 -25.6 11.7488 8.8657 -25.6 11.6641 8.69973 -25.6 11.505 8.07971 -25.6 
53
32.5563 20.6 -25.6 32.6328 20 -25.6 33 19.6458 -25.6 33.6458 19 -25.6 33.6729 18.6 -25.6 33.7206 17 -25.6 34 16.7262 -25.6 34.6 16.7179 -25.6 35 16.9826 -25.6 35.0205 17 -25.6 35.1892 17.2289 -25.6 35.6 17.6396 -25.6 37 17.6594 -25.6 37.3533 18 -25.6 38.1907 18.8351 -25.6 38.3308 19 -25.6 39 19.6692 -25.6 39.2789 19.8599 -25.6 39.453 20 -25.6 39.6879 20.6 -25.6 39.8149 21 -25.6 39.9138 21.1369 -25.6 39.9334 21.1565 -25.6 39.4647 21.1548 -25.6 38.7557 21.2017 -25.6 38.5027 21.2354 -25.6 37.7936 21.3688 -25.6 37.5406 21.4009 -25.6 36.8316 21.4302 -25.6 36.5786 21.5525 -25.6 35.8695 21.7666 -25.6 35.6165 21.8381 -25.6 34.9074 21.9905 -25.6 34.6544 21.9762 -25.6 33.9454 22.0746 -25.6 33.6924 22.0922 -25.6 33.2309 22.1502 -25.6 32.9833 22.1761 -25.6 32.7303 22.1978 -25.6 32.0213 22.1222 -25.6 31.7683 22.0776 -25.6 30.8062 21.8071 -25.6 30.0972 21.5266 -25.6 29.8442 21.4357 -25.6 29.8359 21.4332 -25.6 30 21.4634 -25.6 30.4 21.5527 -25.6 31 21.6128 -25.6 31.6 21.6502 -25.6 32 21.7551 -25.6 32.0531 21.7272 -25.6 32.3803 21.4 -25.6 32.5323 21 -25.6 
85
15.3736 39.6649 -25.6 15.6664 39.5837 -25.6 15.9617 39.4854 -25.6 16.6284 39.2113 -25.6 17.0713 39.0426 -25.6 17.0787 39.0396 -25.6 18.439 38.5234 -25.6 18.5525 38.4682 -25.6 18.6491 38.4268 -25.6 19.2814 38.1207 -25.6 19.5146 38.0165 -25.6 20.3211 37.5613 -25.6 20.4767 37.4254 -25.6 21.1269 36.5993 -25.6 21.2159 36.3764 -25.6 21.4152 35.6372 -25.6 21.4214 34.6925 -25.6 21.4233 34.6752 -25.6 21.4923 33.7131 -25.6 21.6501 33.3323 -25.6 21.8512 32.7511 -25.6 22.0199 32.4081 -25.6 22.4008 31.803 -25.6 22.406 31.789 -25.6 22.5301 31.536 -25.6 22.8379 30.827 -25.6 22.9958 30.574 -25.6 23.1511 30.3776 -25.6 23.3628 30.0658 -25.6 24.155 30.574 -25.6 24.2719 30.827 -25.6 24.3076 30.9193 -25.6 24.3249 31.094 -25.6 24.3315 31.1723 -25.6 24.4157 31.789 -25.6 24.479 32.7511 -25.6 24.6227 33.004 -25.6 24.652 33.0501 -25.6 24.2343 33.2551 -25.6 24 33.4192 -25.6 23.4192 34 -25.6 23.3811 34.6 -25.6 23.3813 35 -25.6 23.3571 35.6 -25.6 23.3505 36 -25.6 23.1578 36.2389 -25.6 23 36.4478 -25.6 22.4478 37 -25.6 22.209 37.268 -25.6 22 37.5168 -25.6 21.5168 38 -25.6 21.2488 38.2521 -25.6 21 38.474 -25.6 20.474 39 -25.6 20.222 39.2189 -25.6 20 39.3977 -25.6 19.4 39.4242 -25.6 19 39.4574 -25.6 18.4 39.4878 -25.6 18 39.528 -25.6 17.528 40 -25.6 17.2522 40.2272 -25.6 17 40.4144 -25.6 16.4 40.4364 -25.6 16 40.4622 -25.6 15.4 40.487 -25.6 15 40.5136 -25.6 14.4 40.5406 -25.6 14 40.5679 -25.6 13 40.6048 -25.6 12.6048 41 -25.6 12.2836 41.2245 -25.6 12 41.3972 -25.6 11.5255 41.8717 -25.6 11.5722 41.6625 -25.6 11.6087 41.4095 -25.6 11.6729 41.1565 -25.6 11.8182 40.7742 -25.6 12.4039 40.4475 -25.6 12.4685 40.4152 -25.6 12.5272 40.4013 -25.6 12.7802 40.2459 -25.6 13.4893 40.1414 -25.6 14.4513 39.932 -25.6 14.7043 39.8651 -25.6 
2
46
32.5404 20 -24.7 33 19.5592 -24.7 33.5592 19 -24.7 33.628 18 -24.7 33.6589 17 -24.7 34 16.6676 -24.7 34.2995 16.8804 -24.7 34.4489 17 -24.7 35 17.5511 -24.7 35.3 17.5407 -24.7 36 17.5479 -24.7 36.3 17.5626 -24.7 37 17.5786 -24.7 37.439 18 -24.7 38 18.561 -24.7 38.2451 18.8495 -24.7 38.3649 19 -24.7 39 19.6351 -24.7 39.3046 19.8803 -24.7 39.4217 20 -24.7 39.6441 20.7 -24.7 39.7086 21 -24.7 39.827 21.2226 -24.7 39.8591 21.267 -24.7 39.7177 21.26 -24.7 38.7557 21.3215 -24.7 37.7936 21.4962 -24.7 37.4785 21.5092 -24.7 36.8316 21.3237 -24.7 36.5165 21.4188 -24.7 35.8695 21.3765 -24.7 35.08 21.3038 -24.7 34.9074 21.3409 -24.7 34.1013 21.3279 -24.7 33.9454 21.3495 -24.7 33.5684 21.4957 -24.7 33.2984 22.0623 -24.7 33.0933 22.0881 -24.7 32.9833 22.1629 -24.7 32.8747 22.0881 -24.7 32.6682 22.066 -24.7 32.0575 22.0609 -24.7 32.1184 22 -24.7 32.2063 21.7 -24.7 32.4722 21 -24.7 32.4983 20.7 -24.7 
84
17.6906 40 -24.7 18 39.6906 -24.7 18.3 39.6376 -24.7 19 39.5672 -24.7 19.3 39.5285 -24.7 20 39.4703 -24.7 20.2046 39.3129 -24.7 20.5931 39 -24.7 21 38.5931 -24.7 21.2366 38.3884 -24.7 21.672 38 -24.7 22 37.672 -24.7 22.5596 37 -24.7 23 36.5596 -24.7 23.1414 36.3657 -24.7 23.4174 36 -24.7 23.4272 35.7 -24.7 23.4417 34 -24.7 24 33.4417 -24.7 24.127 33.2872 -24.7 24.5369 33 -24.7 24.5477 32.853 -24.7 24.483 32.7511 -24.7 24.4236 32.1041 -24.7 24.4034 31.789 -24.7 24.3623 31.5478 -24.7 24.3249 31.2738 -24.7 23.6779 31.0603 -24.7 23.662 31.0193 -24.7 23.4604 30.827 -24.7 23.3628 30.7645 -24.7 23.3204 30.827 -24.7 22.8959 31.789 -24.7 22.7231 32.436 -24.7 22.6042 32.7511 -24.7 22.5297 33.2313 -24.7 22.4025 33.7131 -24.7 22.4025 33.7195 -24.7 22.3799 34.6752 -24.7 22.3798 34.7049 -24.7 22.3495 35.6372 -24.7 22.124 36.2842 -24.7 22.053 36.5993 -24.7 21.6778 37.2462 -24.7 21.6562 37.2847 -24.7 21.5083 37.5613 -24.7 21.4387 37.6325 -24.7 20.4767 38.3306 -24.7 20.2181 38.4753 -24.7 20.1414 38.5234 -24.7 19.5146 38.8242 -24.7 19.1995 38.9442 -24.7 18.2374 39.3281 -24.7 18.1279 39.3682 -24.7 17.8747 39.4854 -24.7 17.5905 39.5888 -24.7 17.2754 39.6819 -24.7 16.3133 40.0074 -24.7 15.3513 40.2718 -24.7 15.1046 40.3255 -24.7 14.7043 40.4249 -24.7 14.6459 40.4378 -24.7 14.5923 40.4475 -24.7 13.7423 40.5846 -24.7 13.2596 40.6279 -24.7 12.7802 40.6838 -24.7 11.8182 41.1884 -24.7 11.7824 41.2556 -24.7 11.7243 41.4095 -24.7 11.6539 41.7246 -24.7 11.623 41.8232 -24.7 12 41.4463 -24.7 12.2648 41.3023 -24.7 12.7611 41 -24.7 13 40.7611 -24.7 13.3 40.7413 -24.7 14 40.7122 -24.7 14.3 40.686 -24.7 15 40.6382 -24.7 15.3 40.6106 -24.7 16 40.5641 -24.7 16.3 40.5365 -24.7 17 40.4912 -24.7 17.2492 40.3277 -24.7 
2
64
32.2044 22.0662 -23.8 32.2706 22 -23.8 32.2681 21.9955 -23.8 32.1417 21.8 -23.8 32.3761 21 -23.8 32.483 20.8 -23.8 32.5525 20 -23.8 32.5526 19.9998 -23.8 32.9805 19.5911 -23.8 33 19.5738 -23.8 33.0878 19.3911 -23.8 33.4789 19 -23.8 33.565 18.8 -23.8 33.6223 18 -23.8 33.5448 17.8 -23.8 33.567 17 -23.8 34 16.5795 -23.8 34.3986 16.8986 -23.8 34.5587 17 -23.8 35 17.4413 -23.8 35.2 17.4992 -23.8 36 17.4716 -23.8 36.2 17.478 -23.8 37 17.5172 -23.8 37.4013 17.9041 -23.8 38 18.5022 -23.8 38.3193 18.9035 -23.8 39.3122 19.9045 -23.8 39.3997 20 -23.8 39.5716 20.8 -23.8 39.578 21 -23.8 39.5124 21.2 -23.8 39.669 21.3767 -23.8 39.3406 21.3971 -23.8 38.7557 21.3671 -23.8 38.3786 21.4344 -23.8 37.7936 21.2429 -23.8 37.6737 21.2064 -23.8 37.6553 21.0681 -23.8 37.348 20.4238 -23.8 37.2967 20.2444 -23.8 37.3185 19.823 -23.8 37.0937 19.2823 -23.8 36.8316 18.8743 -23.8 36.6243 18.8409 -23.8 36.4909 18.6974 -23.8 36.3211 18.6174 -23.8 36.2266 18.3203 -23.8 35.8695 18.025 -23.8 35.1746 18.3203 -23.8 35.0871 18.4618 -23.8 34.9074 18.4847 -23.8 34.7991 18.6653 -23.8 34.7852 18.6974 -23.8 34.4848 19.2823 -23.8 34.3086 19.4888 -23.8 34.3351 19.8741 -23.8 33.9454 19.9857 -23.8 33.3458 20.2444 -23.8 32.9833 20.5287 -23.8 32.919 20.7195 -23.8 32.7141 21.2064 -23.8 32.6599 21.5367 -23.8 32.3985 22.0678 -23.8 
75
17.8056 40 -23.8 17.9412 39.8645 -23.8 18 39.8491 -23.8 18.2 39.8087 -23.8 19 39.6672 -23.8 19.2 39.5564 -23.8 20 39.4531 -23.8 20.0611 39.4198 -23.8 20.6068 39 -23.8 20.8611 38.7457 -23.8 21 38.6954 -23.8 21.8023 38 -23.8 22 37.8023 -23.8 22.146 37.631 -23.8 22.6631 37 -23.8 22.946 36.7171 -23.8 23 36.5367 -23.8 23.0086 36.5171 -23.8 23.3855 36 -23.8 23.4973 35.8 -23.8 23.5323 34.8 -23.8 23.5411 34 -23.8 24 33.5411 -23.8 24.0844 33.4118 -23.8 24.4229 33 -23.8 24.4331 32.8181 -23.8 24.3835 32.7681 -23.8 24.3709 32.7511 -23.8 24.3249 32.2574 -23.8 23.5246 31.9508 -23.8 23.3628 31.9026 -23.8 23.1401 32.7511 -23.8 23.0815 33.1282 -23.8 23.0299 33.7131 -23.8 23.0281 34.0902 -23.8 22.9871 34.6752 -23.8 22.9674 35.0523 -23.8 22.8719 35.6372 -23.8 22.6638 36.2222 -23.8 22.584 36.4901 -23.8 22.5542 36.5993 -23.8 22.4008 36.8732 -23.8 22.2589 37.089 -23.8 22.1997 37.1842 -23.8 21.981 37.5613 -23.8 21.8542 37.691 -23.8 21.4387 38.1012 -23.8 20.8444 38.5234 -23.8 20.8136 38.5415 -23.8 20.4767 38.7544 -23.8 19.5146 39.2272 -23.8 18.9306 39.462 -23.8 18.8761 39.4854 -23.8 18.5525 39.6106 -23.8 18.1754 39.7457 -23.8 17.2134 40.0647 -23.8 16.6284 40.2385 -23.8 16.2513 40.3417 -23.8 15.9489 40.4162 -23.8 15.8301 40.4475 -23.8 15.6664 40.4878 -23.8 15.2893 40.5662 -23.8 14.7043 40.7099 -23.8 14.3272 40.768 -23.8 13.7423 40.8295 -23.8 12.8263 40.9058 -23.8 13 40.8971 -23.8 13.2 40.8791 -23.8 14 40.8262 -23.8 15 40.7365 -23.8 15.2 40.6761 -23.8 16 40.6025 -23.8 16.2 40.5509 -23.8 17 40.4773 -23.8 17.1411 40.4361 -23.8 
1
54
34.0502 17.4868 -22.9 34.1274 18.3203 -22.9 34.1633 19.0149 -22.9 34.0259 19.2823 -22.9 33.9454 19.3767 -22.9 33.8297 19.4373 -22.9 33.0569 19.8252 -22.9 33.2856 19.349 -22.9 33.4949 19.0593 -22.9 33.4922 19 -22.9 33.4487 18.9 -22.9 33.8362 18 -22.9 33.4874 17.1 -22.9 33.535 17 -22.9 34 16.5449 -22.9 34.7186 17 -22.9 34.7208 17.0059 -22.9 34.9 17.1851 -22.9 35 17.1835 -22.9 35.1 17.209 -22.9 36 17.47 -22.9 36.1 17.487 -22.9 37 17.5155 -22.9 37.4342 17.9469 -22.9 37.4907 18 -22.9 38.4299 18.9434 -22.9 38.4985 19 -22.9 39 19.5015 -22.9 39.3937 19.9314 -22.9 39.4522 20 -22.9 39.4806 20.9 -22.9 39.4756 21 -22.9 39.3489 21.3867 -22.9 39.2786 21.3831 -22.9 38.8239 21.2064 -22.9 38.7557 21.1396 -22.9 38.5297 20.952 -22.9 38.3374 20.6836 -22.9 38.1242 20.397 -22.9 38.0567 20.2444 -22.9 37.7936 19.871 -22.9 37.75 19.7753 -22.9 37.722 19.7215 -22.9 37.5394 19.2823 -22.9 37.1584 18.7595 -22.9 36.8558 18.3203 -22.9 36.8316 18.2928 -22.9 36.7315 18.1909 -22.9 35.9235 17.5171 -22.9 35.8695 17.4803 -22.9 35.3896 17.5171 -22.9 35.3466 17.5237 -22.9 34.9074 17.755 -22.9 34.8261 17.804 -22.9 
0
0
0
