39
0
0
0
0
0
0
0
0
1
14
30.378 15.7201 -43.6 30.3624 15.7303 -43.6 30.3682 28.2346 -43.6 30.3505 29.1965 -43.6 30.2956 29.7301 -43.6 30.2356 30.1583 -43.6 30.0488 31.1202 -43.6 29.9318 31.5019 -43.6 30 31.6969 -43.6 30.1645 31 -43.6 30.1882 30.8118 -43.6 30.3034 30 -43.6 30.3378 29.6622 -43.6 30.3814 29 -43.6 
1
27
31.1802 15.7303 -42.7 31.2158 15.6585 -42.7 31.2197 29 -42.7 31.1923 29.7 -42.7 31.1916 30 -42.7 31.1554 30.7 -42.7 31.1521 31.3 -42.7 31.0751 31.9092 -42.7 31.0752 31.9094 -42.7 31.0647 32 -42.7 31.0542 32.2584 -42.7 31 32.7305 -42.7 30.9371 33 -42.7 30.9189 33.0385 -42.7 30.983 32.5122 -42.7 31.0097 32.0821 -42.7 31.0267 31.9552 -42.7 31.0269 31.9541 -42.7 31.0441 31.8261 -42.7 31.0773 31.6326 -42.7 31.0977 31.1202 -42.7 31.0985 31.028 -42.7 31.0985 31.0272 -42.7 31.102 30.6079 -42.7 31.1408 30.1583 -42.7 31.147 29.646 -42.7 31.1761 29.1965 -42.7 
2
24
19.5567 32.5986 -41.8 19.564 32.8 -41.8 19.5611 33 -41.8 19.6333 33.8 -41.8 19.6321 34 -41.8 19.7685 34.8 -41.8 19.7675 35 -41.8 19.8491 35.2 -41.8 20 35.7309 -41.8 20.1256 36 -41.8 20.1796 36.2024 -41.8 20.6932 37 -41.8 20.7976 37.1132 -41.8 21 37.4934 -41.8 21.1522 37.4229 -41.8 20.7545 36.8914 -41.8 20.2487 36.2871 -41.8 20.1366 35.9295 -41.8 19.952 35.4182 -41.8 19.913 34.9677 -41.8 19.912 34.5172 -41.8 19.7649 34.0058 -41.8 19.7768 33.5553 -41.8 19.7179 33.0439 -41.8 
15
28.4529 33.053 -41.8 28.4246 33.8 -41.8 28.4103 34 -41.8 28.4349 34.8 -41.8 28.4167 35 -41.8 28.5722 35.8 -41.8 28.5574 36 -41.8 28.5564 36.2 -41.8 28.5961 36.3043 -41.8 28.5851 35.9295 -41.8 28.607 35.4791 -41.8 28.4885 34.9677 -41.8 28.5605 34.5172 -41.8 28.5198 34.0058 -41.8 28.4649 33.5553 -41.8 
2
15
19.555 32.8024 -40.9 19.544 33 -40.9 19.5391 33.8222 -40.9 19.5279 34 -40.9 19.5236 34.8421 -40.9 19.5122 35 -40.9 19.7384 35.5545 -40.9 19.7384 35.5409 -40.9 19.6887 34.9677 -40.9 19.7039 34.5791 -40.9 19.7027 34.0058 -40.9 19.7196 33.6172 -40.9 19.7348 33.0439 -40.9 19.6921 32.6553 -40.9 19.5624 32.2972 -40.9 
21
30.8293 36.4628 -40.9 30.8102 36.5982 -40.9 30.7319 36.8914 -40.9 30.7137 36.928 -40.9 30.7135 36.9284 -40.9 30.7129 36.9297 -40.9 30.7122 36.9311 -40.9 30.4469 37.4647 -40.9 30.3927 37.8533 -40.9 30.2901 38.2419 -40.9 30.0801 38.5076 -40.9 29.8986 38.7844 -40.9 30 38.7473 -40.9 30.0463 38.6568 -40.9 30.4081 38.1 -40.9 30.4307 38 -40.9 30.4315 37.9 -40.9 30.7846 37 -40.9 30.7629 36.9 -40.9 30.8838 36.1599 -40.9 30.8721 36.2096 -40.9 
3
12
22.6416 36.0639 -40 22.651 36.5647 -40 22.7161 37.5265 -40 22.7775 37.8533 -40 22.7462 38.4884 -40 22.7971 38.8151 -40 22.5152 39.4503 -40 22.5373 39.777 -40 22.4257 40.063 -40 22.4921 40 -40 22.8774 39 -40 22.8855 38 -40 
16
28 33.5546 -40 27.652 33.5946 -40 27.5209 37 -40 27.8918 37.9506 -40 27.8875 37.8533 -40 27.9437 37.767 -40 28 37.6722 -40 28.091 37.5266 -40 28.1561 36.8914 -40 28.2008 36.5647 -40 28.2746 35.9295 -40 28.3072 35.6028 -40 28.3895 34.9677 -40 28.4108 34.641 -40 28.4919 34.0058 -40 28.4976 33.8753 -40 
18
29.8679 40.0211 -40 29.8674 40.0217 -40 29.3092 40.3352 -40 28.9597 40.482 -40 29 40.512 -40 29.9311 40 -40 30 39.9532 -40 30.4626 39 -40 30.6879 38 -40 30.6948 37.2234 -40 30.6524 37.5265 -40 30.6647 37.8533 -40 30.4969 38.4883 -40 30.4439 38.8151 -40 30.3843 39.1418 -40 30.0367 39.6997 -40 29.9934 39.777 -40 29.8685 40.0202 -40 
3
26
22.5092 35.4445 -39.1 22.5271 35.6646 -39.1 22.5413 35.9295 -39.1 22.5931 36.6265 -39.1 22.6169 36.8914 -39.1 22.7478 37.5884 -39.1 22.9013 38.5502 -39.1 23.0215 38.7833 -39.1 23.0372 38.8151 -39.1 23.0777 39.415 -39.1 23.1228 39.777 -39.1 23.075 39.8993 -39.1 22.8534 40.7389 -39.1 22.5545 41.025 -39.1 22.2995 41.4045 -39.1 22.8371 41 -39.1 23 40.745 -39.1 23.0007 40.7425 -39.1 23.1328 40 -39.1 23.1592 39.8898 -39.1 23.4591 39 -39.1 23.4576 38.8871 -39.1 23.3352 36.842 -39.1 23.2848 35.8114 -39.1 23.2739 35.5219 -39.1 23 35.4975 -39.1 
16
20.2689 38.6077 -39.1 20.2545 39 -39.1 20.3094 39.1 -39.1 20.4913 40 -39.1 20.886 40.9 -39.1 20.957 41 -39.1 21 41.0627 -39.1 21.1415 41.1284 -39.1 21.0671 41.0452 -39.1 21.0318 41.0038 -39.1 20.896 40.7389 -39.1 20.8247 40.474 -39.1 20.4841 39.777 -39.1 20.4816 39.5121 -39.1 20.3013 38.8151 -39.1 20.2723 38.6229 -39.1 
26
28.2822 36.8914 -39.1 28.4171 35.9295 -39.1 28.4339 35.6646 -39.1 28.4566 35.4368 -39.1 28 35.4747 -39.1 27.6459 35.5095 -39.1 27.572 37 -39.1 27.611 37.1 -39.1 27.5418 38 -39.1 27.541 38.1 -39.1 27.4762 39 -39.1 27.6491 39.8999 -39.1 27.6491 39.9 -39.1 27.6726 40 -39.1 27.7783 40.4152 -39.1 27.8288 40.7041 -39.1 27.8259 40.474 -39.1 27.6602 39.7772 -39.1 27.6602 39.777 -39.1 27.6707 39.5122 -39.1 27.6772 38.8151 -39.1 27.6937 38.5502 -39.1 27.6395 37.8533 -39.1 27.8559 37.5212 -39.1 27.9437 37.4151 -39.1 28.0655 37.2563 -39.1 
3
18
22.5859 37.3349 -38.2 22.6392 37.6502 -38.2 22.6659 37.8533 -38.2 22.79 38.0146 -38.2 23.1343 38.6824 -38.2 23.1891 38.7734 -38.2 23.2248 38.8151 -38.2 23.3166 39.777 -38.2 23.2783 40.5359 -38.2 23.3168 40.7389 -38.2 23.2639 41.4977 -38.2 23.2628 41.5922 -38.2 23.4569 40.2 -38.2 23.4925 40 -38.2 23.4178 39.2 -38.2 23.4852 39 -38.2 23.4214 38.2 -38.2 23.3734 37.4053 -38.2 
30
39.1177 29.3463 -38.2 39.0199 31 -38.2 39 31.2332 -38.2 38.8686 32 -38.2 38.6387 33 -38.2 38.3573 34 -38.2 38.0264 35 -38.2 38 35.0688 -38.2 37.9561 35.1193 -38.2 37.5816 35.5096 -38.2 37.682 35.2156 -38.2 37.7101 35.1707 -38.2 37.7754 34.9677 -38.2 38.169 34.2088 -38.2 38.2451 34.0058 -38.2 38.5242 33.3169 -38.2 38.5784 33.0439 -38.2 38.5931 32.9599 -38.2 38.7463 32.285 -38.2 38.8437 32.0821 -38.2 38.8573 31.8791 -38.2 38.9773 31.1202 -38.2 38.9838 30.9172 -38.2 39.0632 30.1583 -38.2 39.0656 30.0653 -38.2 39.0656 30.0651 -38.2 39.0686 29.9553 -38.2 39.0742 29.8845 -38.2 39.0746 29.8805 -38.2 39.0747 29.8787 -38.2 
23
28 37.3451 -38.2 28.0699 37.3398 -38.2 28.065 37.3462 -38.2 27.9437 37.4945 -38.2 27.8963 37.5493 -38.2 27.6448 37.8533 -38.2 27.5973 38.6121 -38.2 27.5497 38.8151 -38.2 27.5196 39.574 -38.2 27.5177 39.777 -38.2 27.5274 40.5359 -38.2 27.4881 40.7389 -38.2 27.5876 41.4977 -38.2 27.5823 41.7007 -38.2 27.6162 41.8772 -38.2 27.5701 41.8 -38.2 27.4449 41 -38.2 27.4384 40.2 -38.2 27.4034 40 -38.2 27.5051 39.2 -38.2 27.4666 39 -38.2 27.5515 38.2 -38.2 27.6044 37.3844 -38.2 
0
2
7
22.6867 14.7929 -36.4 22.6951 14.7685 -36.4 23.1343 14.453 -36.4 26.9818 14.4429 -36.4 27.9437 14.4929 -36.4 28.3033 14.7685 -36.4 28.3118 14.7929 -36.4 
13
31.7013 14.7685 -36.4 31.6927 14.7929 -36.4 35 14.7929 -36.4 36 14.8418 -36.4 36.2463 14.8796 -36.4 36.2321 14.8478 -36.4 36.2025 14.7685 -36.4 36.1574 14.7437 -36.4 35.6386 14.5412 -36.4 35.5593 14.5391 -36.4 34.6767 14.4429 -36.4 32.753 14.4429 -36.4 31.7911 14.6802 -36.4 
1
29
33.7149 40.6245 -35.5 33.715 40.6244 -35.5 33.8687 39.777 -35.5 33.8777 39.7596 -35.5 34.3042 38.8151 -35.5 34.6767 38.0963 -35.5 34.6776 38.0947 -35.5 34.7936 37.8533 -35.5 34.7969 37.8359 -35.5 35.1473 36.8914 -35.5 35.1507 36.874 -35.5 35.3642 36.2954 -35.5 35.0645 36 -35.5 35.4979 35.6204 -35.5 35.4869 35.2957 -35.5 35 35.8949 -35.5 34.9274 36 -35.5 34.433 36.433 -35.5 34.0609 36.1717 -35.5 34 36.9538 -35.5 33.9976 37 -35.5 33.9292 37.7905 -35.5 33.9156 38 -35.5 33.8433 38.6109 -35.5 33.7588 39.5198 -35.5 33.6715 40 -35.5 33.7137 40.5815 -35.5 33.7013 40.6607 -35.5 33.7053 40.6417 -35.5 
0
3
16
16.4334 43.3742 -33.7 16.4043 43.3504 -33.7 16.5076 43.3737 -33.7 16.5316 43.3139 -33.7 16.816 42.6626 -33.7 17.3631 42.2365 -33.7 17.4314 42.2242 -33.7 17.4345 42.1179 -33.7 17.9809 41.8685 -33.7 17.4958 42.2377 -33.7 18.0468 42.6626 -33.7 17.4958 43.2676 -33.7 17.3631 43.421 -33.7 16.821 43.6245 -33.7 17.2506 43.8737 -33.7 17 43.8068 -33.7 
20
23.1724 39.0779 -33.7 23.9201 39.0831 -33.7 23.9608 40 -33.7 24 40.5553 -33.7 24.2944 40.6598 -33.7 24.3134 41 -33.7 24.3994 42 -33.7 24.5284 43 -33.7 24.4896 43.4983 -33.7 24.2615 42.7689 -33.7 24.223 42.6626 -33.7 24.0962 42.5319 -33.7 24.0934 42.5282 -33.7 23.5887 41.807 -33.7 23.5395 41.7007 -33.7 23.4217 40.8452 -33.7 23.4035 40.7389 -33.7 23.3399 39.8833 -33.7 23.3294 39.777 -33.7 23.304 39.6707 -33.7 
20
26.4993 42.7689 -33.7 26.536 42.6626 -33.7 26.9818 42.019 -33.7 27.1911 41.7724 -33.7 27.2294 41.7007 -33.7 27.5655 40.8452 -33.7 27.5864 40.7389 -33.7 27.6558 39.8833 -33.7 27.6676 39.777 -33.7 27.703 39.0768 -33.7 27.0794 39.0824 -33.7 27.0384 40 -33.7 27 40.0384 -33.7 26.9844 40.052 -33.7 26.7177 40.3085 -33.7 26.6751 41 -33.7 26.5809 42 -33.7 26.4693 42.7 -33.7 26.4263 43 -33.7 26.4053 43.234 -33.7 
2
26
26.3739 42.2436 -32.8 26.6175 42 -32.8 26.7057 41 -32.8 27 40.7444 -32.8 27.6792 40.0651 -32.8 27.6297 40.7389 -32.8 27.5636 40.9071 -32.8 27.1686 41.4264 -32.8 26.9818 41.6799 -32.8 26.9608 41.7007 -32.8 26.9209 41.7492 -32.8 26.8378 41.8689 -32.8 26.4841 42.6626 -32.8 26.4501 42.8308 -32.8 26.267 43.6245 -32.8 26.2577 43.7927 -32.8 26.0932 44.5863 -32.8 26.1546 44.7545 -32.8 26.0948 45.4089 -32.8 26.0105 45.2651 -32.8 26 45.1977 -32.8 25.8289 45 -32.8 25.9832 44.0168 -32.8 25.8942 44 -32.8 26 43.9592 -32.8 26.2655 43 -32.8 
25
32 39.8621 -32.8 32.2358 40 -32.8 32.7007 40.3487 -32.8 32.7438 40.3917 -32.8 32.5294 40.7389 -32.8 32.5181 40.7587 -32.8 32.4271 40.9071 -32.8 32.0409 41.7007 -32.8 31.98 41.8689 -32.8 31.9554 41.9074 -32.8 31.4477 42.6626 -32.8 31.4318 42.8343 -32.8 31.0772 43.6245 -32.8 31.2111 43.9444 -32.8 31.1604 44.5696 -32.8 31 44.4508 -32.8 30.8708 44 -32.8 30.9043 43.8339 -32.8 30.988 43 -32.8 30.9913 42.9792 -32.8 31 42.9325 -32.8 31.235 42 -32.8 31.3852 41 -32.8 31.4761 40 -32.8 31.4829 39.8891 -32.8 
4
25
18.4156 41.095 -31.9 18.6976 41.7007 -31.9 19.1473 42.3411 -31.9 19.2869 42.5635 -31.9 19.2939 42.5712 -31.9 19.3969 42.6626 -31.9 19.5415 42.8927 -31.9 20.1702 43.4065 -31.9 20.2487 43.4893 -31.9 20.608 43.6245 -31.9 20.6633 43.6829 -31.9 20.6536 43.3639 -31.9 20.6535 43.3632 -31.9 20.6425 43 -31.9 20.4963 42 -31.9 20.4022 41 -31.9 20.3915 40.8098 -31.9 20 40.7945 -31.9 19.2945 40.7557 -31.9 18.2621 40.7083 -31.9 18.1082 40.7035 -31.9 18.1458 40.7389 -31.9 17.8845 41.112 -31.9 17.9519 41.2134 -31.9 18.325 40.967 -31.9 
23
25.2882 44.9048 -31.9 25.4643 44.7364 -31.9 25.8465 44.5863 -31.9 26.0199 44.5045 -31.9 26.2523 43.8546 -31.9 26.456 42.8927 -31.9 26.509 42.6626 -31.9 26.9402 41.7007 -31.9 26.9818 41.6592 -31.9 27.5761 40.8577 -31.9 27 40.8579 -31.9 26.8972 40.8593 -31.9 26.7345 41 -31.9 26.6556 42 -31.9 26 42.6556 -31.9 25.5421 43 -31.9 25.3228 44 -31.9 25 44.3228 -31.9 24.7418 44.0646 -31.9 24.9097 44.5863 -31.9 24.9046 44.8164 -31.9 24.9915 45.0141 -31.9 25.0581 45.1359 -31.9 
4
32.753 14.4429 -31.9 35.6386 14.4429 -31.9 35.7286 14.4929 -31.9 32.5504 14.4929 -31.9 
17
30.5811 41 -31.9 30.5934 40.8044 -31.9 31 40.7874 -31.9 31.3523 41 -31.9 31.5837 41.1783 -31.9 31.8307 41.4252 -31.9 31.7911 41.4658 -31.9 31.6353 41.7007 -31.9 31.5906 41.7751 -31.9 31.4859 41.9308 -31.9 31.0626 42.6626 -31.9 30.9594 42.8927 -31.9 30.9307 42.9368 -31.9 30.8293 43.083 -31.9 30.2286 43.3458 -31.9 30.3234 43 -31.9 30.4816 42 -31.9 
3
16
18.9036 41.7007 -31 19.1075 41.9662 -31 19.2869 42.2217 -31 19.328 42.2581 -31 19.9861 42.6626 -31 19.9979 42.6705 -31 20.2487 42.8755 -31 20.5961 43.0172 -31 20.6054 43.0102 -31 20.6057 43.01 -31 20.4938 42.6626 -31 20.3304 42.3707 -31 20.32 42.2944 -31 20.295 41.7007 -31 20.2979 41.6736 -31 18.863 41.614 -31 
19
26.6866 42 -31 26.7042 41.746 -31 26.9503 41.7425 -31 26.838 41.9927 -31 26.5494 42.6626 -31 26.3517 43.6245 -31 26.2627 43.8734 -31 26.0199 44.4107 -31 25.6198 44.5433 -31 25.5287 44.5863 -31 25.3279 44.6652 -31 25.0581 44.7086 -31 25.0235 44.6297 -31 24.9804 44.5863 -31 24.806 44.1668 -31 25 44.3608 -31 25.3608 44 -31 25.5865 43 -31 26 42.6866 -31 
15
30 46.3238 -31 31 46.2631 -31 31.4856 46 -31 32 45.6476 -31 32.1008 45.5367 -31 32.0834 45.5482 -31 32.0233 45.5826 -31 31.7911 45.781 -31 31.1211 46.1901 -31 30.8293 46.2433 -31 30.6143 46.1558 -31 29.9369 46.2465 -31 29.8674 46.2141 -31 29.3515 45.9244 -31 29.3711 46 -31 
5
60
7.09625 29.8679 -30.1 7.18341 30.1583 -30.1 7.21582 30.5121 -30.1 7.25962 31.1202 -30.1 7.3087 31.474 -30.1 7.37484 32.0821 -30.1 7.52863 32.6901 -30.1 7.60128 33.0439 -30.1 7.74447 33.681 -30.1 7.77261 33.756 -30.1 7.84615 34.0058 -30.1 7.88849 34.2307 -30.1 7.93926 34.6139 -30.1 8.10517 34.9677 -30.1 8.10544 34.9682 -30.1 8.39174 35.5757 -30.1 8.49843 35.9295 -30.1 8.70633 36.3495 -30.1 8.851 36.4764 -30.1 8.87895 36.5376 -30.1 9.0875 36.8914 -30.1 9.39599 37.4995 -30.1 9.48656 37.8533 -30.1 9.6682 38.1632 -30.1 10.1268 38.6955 -30.1 10.2128 38.8151 -30.1 10.6294 39.4405 -30.1 10.6301 39.4415 -30.1 10.9909 39.4162 -30.1 11.0915 39.777 -30.1 11.5919 40.297 -30.1 12.1196 40.2112 -30.1 12.3168 40.4909 -30.1 12 40.7583 -30.1 11.2304 40.2304 -30.1 11 40.0381 -30.1 10.9681 40 -30.1 10.8153 39.7981 -30.1 10.2597 39 -30.1 10.1905 38.9247 -30.1 10 38.741 -30.1 9.50813 38 -30.1 9.18304 37.4455 -30.1 9 37.1798 -30.1 8.90688 37 -30.1 8.65014 36.4405 -30.1 8.4624 36 -30.1 8.14032 35.1573 -30.1 8.12345 35.1235 -30.1 8.0875 35.0083 -30.1 8.08347 35 -30.1 8.05079 34.9125 -30.1 8 34.8493 -30.1 7.74551 34 -30.1 7.53927 33.1706 -30.1 7.48215 32.9 -30.1 7.30677 32 -30.1 7.1982 31.1 -30.1 7.1841 31 -30.1 7.10216 30 -30.1 
13
11.9932 37.6508 -30.1 12.4495 37.1927 -30.1 12.5538 37.2862 -30.1 12.8253 37.5465 -30.1 13.1821 37.8533 -30.1 13.2024 38.207 -30.1 12.7686 38.8151 -30.1 12.5538 39.3815 -30.1 12.0726 39.2963 -30.1 12.1743 38.8151 -30.1 12.1005 38.3618 -30.1 11.9932 38.1769 -30.1 11.8244 37.8533 -30.1 
17
26 42.7138 -30.1 25.6148 43 -30.1 25.5922 43.1 -30.1 25.4201 44 -30.1 25.0239 44.3962 -30.1 25.0353 44.4115 -30.1 25.0445 44.4228 -30.1 25.0458 44.4245 -30.1 25.0581 44.4397 -30.1 25.4119 44.3415 -30.1 26.0199 44.2966 -30.1 26.2802 43.9082 -30.1 26.4085 43.6245 -30.1 26.517 43.0164 -30.1 26.5885 42.6626 -30.1 26.6123 42.6073 -30.1 26.0985 42.6153 -30.1 
50
43.735 15.618 -30.1 43.7394 29 -30.1 43.693 30 -30.1 43.6097 31 -30.1 43.4744 32 -30.1 43.3268 32.9 -30.1 43.3266 32.9008 -30.1 43.3094 33 -30.1 43.0959 33.8527 -30.1 43.0642 34 -30.1 43 34.2191 -30.1 42.8857 34.5708 -30.1 42.742 34.9 -30.1 42.7165 35 -30.1 42.3769 35.8959 -30.1 42.3435 36 -30.1 42 36.7716 -30.1 41.9769 36.8165 -30.1 41.8495 37 -30.1 41.3581 37.8737 -30.1 41.3578 37.8742 -30.1 41.3097 38 -30.1 41 38.4876 -30.1 40.7774 38.7566 -30.1 40.7249 38.8135 -30.1 41.1177 38.1454 -30.1 41.2636 37.8533 -30.1 41.4098 37.6843 -30.1 41.5111 37.4515 -30.1 41.8766 36.8914 -30.1 42.0323 36.5376 -30.1 42.2478 35.9295 -30.1 42.3717 35.705 -30.1 42.4252 35.5179 -30.1 42.6192 34.9677 -30.1 42.6452 34.8584 -30.1 42.7258 34.6139 -30.1 43.0156 34.0058 -30.1 43.0557 33.3977 -30.1 43.1862 33.0439 -30.1 43.2601 32.6901 -30.1 43.3302 32.5196 -30.1 43.3329 32.51 -30.1 43.4466 32.0821 -30.1 43.4913 31.7283 -30.1 43.5594 31.1202 -30.1 43.6038 30.5121 -30.1 43.6364 30.1583 -30.1 43.6804 29.1965 -30.1 43.6853 15.7303 -30.1 
11
39.8038 39.777 -30.1 40.374 39.2047 -30.1 40.5346 39.0252 -30.1 40 39.7612 -30.1 39.974 39.7834 -30.1 39.6986 40 -30.1 39 40.6057 -30.1 38.7059 40.7606 -30.1 38.7312 40.7389 -30.1 39.4622 40.169 -30.1 39.486 40.1495 -30.1 
4
28
10 31.2535 -29.2 10.1014 31.4279 -29.2 10.4756 32 -29.2 10.5275 33 -29.2 10.6265 34 -29.2 10.6661 34.2 -29.2 10.7937 35 -29.2 11 35.2063 -29.2 11.1173 35.3796 -29.2 11.5821 36 -29.2 11.6189 36.2 -29.2 11.7041 36.5639 -29.2 11.5919 36.6834 -29.2 11.4269 36.3149 -29.2 11.2182 35.9295 -29.2 10.899 35.3834 -29.2 10.7306 34.9677 -29.2 10.7123 34.9132 -29.2 10.6301 34.6835 -29.2 10.5675 34.4975 -29.2 10.4212 34.0058 -29.2 10.5148 33.4595 -29.2 10.4553 33.0439 -29.2 10.4281 32.4977 -29.2 10.3526 32.0821 -29.2 9.98544 31.5358 -29.2 9.86108 31.1202 -29.2 9.85998 31.1135 -29.2 
18
26.0199 44.2905 -29.2 25.4737 44.307 -29.2 25.1217 44.333 -29.2 25.4548 44 -29.2 25.6361 43 -29.2 26 42.731 -29.2 26.731 42 -29.2 26.7855 41 -29.2 27 40.818 -29.2 27.7583 40.0596 -29.2 27.7259 40.7389 -29.2 27.0085 41.7007 -29.2 27.0078 41.702 -29.2 27.0012 41.7136 -29.2 26.9818 41.7485 -29.2 26.617 42.6626 -29.2 26.5428 43.0783 -29.2 26.4618 43.6245 -29.2 
11
32.7167 19.5778 -29.2 32.6777 20.117 -29.2 33.2 20.1185 -29.2 34 20.9245 -29.2 35.3035 20.9493 -29.2 35.304 19.9124 -29.2 35.133 19.5778 -29.2 34.9462 19.3083 -29.2 34.6767 19.2636 -29.2 34.0987 19.1939 -29.2 32.753 19.1939 -29.2 
28
40.5439 15.4288 -29.2 40.6597 15.7303 -29.2 40.6604 29.1965 -29.2 40.6512 29.6121 -29.2 40.6472 30.1583 -29.2 40.6093 30.574 -29.2 40.5938 31.1202 -29.2 40.5483 31.5358 -29.2 40.543 32.0821 -29.2 40.5086 32.4977 -29.2 40.6348 33.0439 -29.2 40.5901 33.2149 -29.2 40.4479 33.7228 -29.2 40.4307 33.7611 -29.2 40.3655 34.0058 -29.2 40.1673 34.4215 -29.2 39.6238 34.9677 -29.2 39.486 35.5907 -29.2 39.3936 35.3434 -29.2 39.297 35.1794 -29.2 39.4764 35 -29.2 39.583 34.8421 -29.2 40 34.2699 -29.2 40.2699 34 -29.2 40.3569 33.2 -29.2 40.384 33 -29.2 40.4669 32 -29.2 40.5414 30 -29.2 
1
16
26.0199 44.3575 -28.3 25.1085 44.3835 -28.3 25.4921 44 -28.3 25.6051 43.3 -28.3 25.6587 43 -28.3 26 42.7438 -28.3 26.7438 42 -28.3 26.7949 41 -28.3 27 40.8274 -28.3 27.7688 40.0585 -28.3 27.7383 40.7389 -28.3 27.0213 41.7007 -28.3 26.9818 41.7731 -28.3 26.6361 42.6626 -28.3 26.5652 43.1401 -28.3 26.5008 43.6245 -28.3 
1
15
25.5205 44 -27.4 25.0966 44.4239 -27.4 26.0199 44.402 -27.4 26.5267 43.6245 -27.4 26.6504 42.6626 -27.4 26.9818 41.7876 -27.4 27.0281 41.7007 -27.4 27.745 40.7389 -27.4 27.7585 40.4303 -27.4 27.4004 40.4318 -27.4 27 40.8322 -27.4 26.8017 41 -27.4 26.7537 42 -27.4 26 42.7537 -27.4 25.6745 43 -27.4 
0
0
0
1
10
26.1992 42.5577 -23.8 26 42.7569 -23.8 25.6807 43 -23.8 25.5661 43.8 -23.8 25.5342 44 -23.8 25.0905 44.4438 -23.8 26.0199 44.4211 -23.8 26.5385 43.6245 -23.8 26.6561 42.6626 -23.8 26.696 42.5553 -23.8 
1
19
26.0199 44.3756 -22.9 25.9068 44.3829 -22.9 25.101 44.4042 -22.9 25.5051 44 -22.9 25.5227 43.9 -22.9 25.6664 43 -22.9 26 42.7481 -22.9 26.7481 42 -22.9 26.7974 41 -22.9 27 40.8292 -22.9 27.7721 40.0572 -22.9 27.7413 40.7389 -22.9 27.0242 41.7007 -22.9 26.9861 41.7718 -22.9 26.9818 41.7794 -22.9 26.9396 41.8849 -22.9 26.6437 42.6626 -22.9 26.5308 43.5114 -22.9 26.5132 43.6245 -22.9 
1
16
26.6216 42.6626 -22 26.9818 41.7636 -22 27.0172 41.7007 -22 27.7347 40.7389 -22 27.7664 40.0578 -22 27 40.8242 -22 26.7877 41 -22 26.733 42 -22 26 42.733 -22 25.6493 43 -22 25.4741 44 -22 25.1142 44.3599 -22 25.9686 44.3052 -22 26.0199 44.3008 -22 26.4715 43.6245 -22 26.4804 43.5732 -22 
1
10
26.6694 42.4924 -21.1 26.9818 41.7368 -21.1 27.0024 41.7014 -21.1 27.0028 41.7007 -21.1 27.7212 40.7389 -21.1 27.755 40.0578 -21.1 27 40.8128 -21.1 26.7773 41 -21.1 26.7177 42 -21.1 26.2276 42.4901 -21.1 
0
0
0
0
0
