39
1
8
4.42248e-008 14.2146 -50.8 3.1106e-015 20.0558 -50.8 28.1245 20.1223 -50.8 28.128 15 -50.8 28.9498 14.1782 -50.8 28.9498 14.1781 -50.8 1.0114 14.1081 -50.8 0.049538 14.1718 -50.8 
1
7
3.05549e-015 14.2167 -49.9 0.049538 14.174 -49.9 1.0114 14.1103 -49.9 28.9499 14.1939 -49.9 28.1438 15 -49.9 28.14 20.1369 -49.9 3.0555e-015 20.0578 -49.9 
1
7
3.00039e-015 14.219 -49 3.00038e-015 20.0598 -49 28.1596 20.1553 -49 28.1637 15 -49 28.9497 14.214 -49 1.0114 14.1128 -49 0.049538 14.1764 -49 
1
8
2.94527e-015 14.2212 -48.1 2.94527e-015 20.0621 -48.1 25 20.1504 -48.1 28.1866 20.1796 -48.1 28.1903 15 -48.1 28.9497 14.2406 -48.1 1.0114 14.1152 -48.1 0.049538 14.1786 -48.1 
1
8
2.89016e-015 14.2236 -47.2 2.89017e-015 20.0642 -47.2 25 20.1683 -47.2 28.2244 20.2122 -47.2 28.2258 15 -47.2 28.9495 14.2763 -47.2 1.0114 14.1177 -47.2 0.049538 14.181 -47.2 
1
22
2.83506e-015 14.2263 -46.3 2.83505e-015 20.0664 -46.3 18.3 20.2332 -46.3 19 20.2582 -46.3 19.3 20.2626 -46.3 20 20.2832 -46.3 21 20.2908 -46.3 22.3 20.2715 -46.3 24 20.2174 -46.3 25 20.1885 -46.3 26 20.1943 -46.3 27.3 20.2295 -46.3 28 20.2547 -46.3 28.2811 20.259 -46.3 28.2813 15 -46.3 28.9496 14.3317 -46.3 22.1725 14.3291 -46.3 20.2487 14.3353 -46.3 19.2869 14.3147 -46.3 18.5271 14.2901 -46.3 1.0114 14.1204 -46.3 0.049538 14.1838 -46.3 
1
39
2.77995e-015 14.2291 -45.4 2.77995e-015 20.0685 -45.4 14 20.1423 -45.4 17.4 20.2371 -45.4 18 20.2695 -45.4 18.4 20.2838 -45.4 19 20.3257 -45.4 19.4 20.3375 -45.4 20 20.3797 -45.4 20.4 20.3833 -45.4 21 20.3987 -45.4 21.4 20.3919 -45.4 22.4 20.351 -45.4 23 20.3066 -45.4 23.4 20.2926 -45.4 24 20.2531 -45.4 24.4 20.2401 -45.4 25 20.2112 -45.4 26 20.2189 -45.4 26.4 20.232 -45.4 27 20.2634 -45.4 27.4 20.2778 -45.4 28 20.3186 -45.4 28.3741 20.3302 -45.4 28.3736 15 -45.4 28.9517 14.422 -45.4 28.9055 14.4215 -45.4 28.2076 14.3901 -45.4 23.1343 14.3916 -45.4 22.4364 14.416 -45.4 22.1725 14.415 -45.4 21.4745 14.4425 -45.4 21.2106 14.446 -45.4 20.2487 14.4351 -45.4 19.5508 14.3957 -45.4 19.2869 14.3894 -45.4 18.5889 14.3444 -45.4 1.0114 14.1234 -45.4 0.049538 14.1866 -45.4 
1
46
2.72484e-015 14.2319 -44.5 2.72484e-015 20.0705 -44.5 14 20.1588 -44.5 14.5 20.1689 -44.5 15 20.1715 -44.5 17.5 20.2777 -44.5 18.5 20.3538 -44.5 19 20.4254 -44.5 19.5 20.4606 -44.5 20 20.5711 -44.5 20.5 20.584 -44.5 21 20.6448 -44.5 21.5 20.6219 -44.5 22 20.5221 -44.5 22.5 20.4851 -44.5 23 20.3858 -44.5 23.5 20.3528 -44.5 24 20.2932 -44.5 24.5 20.2691 -44.5 25 20.2337 -44.5 26 20.2441 -44.5 26.5 20.2703 -44.5 27.5 20.3433 -44.5 28 20.4102 -44.5 28.5 20.4462 -44.5 28.5538 20.4578 -44.5 28.5533 15 -44.5 28.955 14.5984 -44.5 28.9055 14.5967 -44.5 28.2695 14.4818 -44.5 27.9437 14.4671 -44.5 27.3076 14.4284 -44.5 24.0962 14.4312 -44.5 23.4601 14.4544 -44.5 23.1343 14.4526 -44.5 22.4983 14.5605 -44.5 21.8467 14.5848 -44.5 21.2106 14.6926 -44.5 20.5745 14.645 -44.5 20.2487 14.6404 -44.5 19.6127 14.5298 -44.5 19.2869 14.5114 -44.5 18.6508 14.4207 -44.5 17.6889 14.3651 -44.5 1.0114 14.1265 -44.5 0.049538 14.1895 -44.5 
2
25
2.66973e-015 14.2349 -43.6 2.66973e-015 20.0725 -43.6 14.6 20.188 -43.6 15 20.1835 -43.6 16 20.2164 -43.6 17 20.2734 -43.6 17.6 20.3228 -43.6 18 20.3669 -43.6 18.6 20.4527 -43.6 19 20.5524 -43.6 19.6 20.6851 -43.6 20 20.9295 -43.6 20.2435 20.9728 -43.6 20.2575 15.7303 -43.6 20.2487 15.7284 -43.6 19.7079 14.7685 -43.6 19.7075 14.7683 -43.6 19.6746 14.7523 -43.6 19.2869 14.6849 -43.6 18.7127 14.5236 -43.6 18.325 14.4683 -43.6 17.7508 14.4257 -43.6 17.3631 14.4046 -43.6 1.0114 14.1298 -43.6 0.049538 14.1925 -43.6 
32
21.3645 15.7303 -43.6 21.7105 15.3426 -43.6 22.1187 14.9707 -43.6 22.1725 14.8638 -43.6 22.2519 14.7685 -43.6 22.7466 14.5926 -43.6 23.1343 14.5268 -43.6 23.522 14.5126 -43.6 24.0962 14.4416 -43.6 26.9818 14.4414 -43.6 27.3695 14.465 -43.6 28.3314 14.6358 -43.6 28.6399 14.7685 -43.6 28.9055 15.2495 -43.6 29.4923 15.7303 -43.6 29.4889 20.9888 -43.6 29 20.8811 -43.6 28.6 20.6507 -43.6 27.6 20.4331 -43.6 27 20.3527 -43.6 26.6 20.3119 -43.6 26 20.2651 -43.6 25 20.2519 -43.6 24.6 20.2883 -43.6 24 20.3308 -43.6 23.6 20.4058 -43.6 23 20.4774 -43.6 22.4 20.5965 -43.6 22.0328 20.7806 -43.6 22 20.7999 -43.6 21.4529 20.9091 -43.6 21.3708 20.9547 -43.6 
2
49
2.61462e-015 14.238 -42.7 2.61462e-015 20.0744 -42.7 11 20.2086 -42.7 12 20.2225 -42.7 15 20.2069 -42.7 15.7 20.2265 -42.7 16 20.2226 -42.7 17 20.2855 -42.7 18 20.3969 -42.7 18.7 20.5713 -42.7 19 20.6507 -42.7 19.4242 20.8995 -42.7 19.5856 21 -42.7 19.5831 29 -42.7 19.6076 29.7 -42.7 19.6076 30 -42.7 19.6413 30.7 -42.7 19.6423 31 -42.7 19.7503 31.7 -42.7 19.7555 32 -42.7 19.7665 32.3 -42.7 19.8984 33 -42.7 20 33.6781 -42.7 20.0212 33.7328 -42.7 20.1656 33.9785 -42.7 20.1505 33.8476 -42.7 19.9776 33.0439 -42.7 19.8706 32.5944 -42.7 19.8308 32.0821 -42.7 19.8121 31.5697 -42.7 19.7114 31.1202 -42.7 19.6982 30.6079 -42.7 19.6523 30.1583 -42.7 19.6474 29.646 -42.7 19.6211 29.1965 -42.7 19.6196 15.7303 -42.7 19.4055 15.2808 -42.7 19.2872 14.9312 -42.7 19.2869 14.9308 -42.7 19.1278 14.7685 -42.7 18.776 14.6433 -42.7 18.7745 14.6428 -42.7 18.325 14.5164 -42.7 17.8126 14.4693 -42.7 17.3631 14.436 -42.7 16.8508 14.4334 -42.7 15.8889 14.4143 -42.7 1.0114 14.1332 -42.7 0.049538 14.1957 -42.7 
56
22.0604 29.1965 -42.7 22.0499 29.6199 -42.7 22.0625 30.1583 -42.7 22.0363 30.5382 -42.7 22.0526 31.1202 -42.7 22.0076 31.4546 -42.7 22.0504 32.0821 -42.7 21.977 32.3296 -42.7 21.9466 33.0439 -42.7 21.8864 33.1773 -42.7 21.8261 33.3903 -42.7 21.7457 34.0058 -42.7 21.4436 34.7347 -42.7 21.4419 34.7428 -42.7 21.654 34.346 -42.7 21.8245 34.0676 -42.7 21.8845 34 -42.7 22 33.6357 -42.7 22.0502 33.1374 -42.7 22.0479 33 -42.7 22.1112 32.3 -42.7 22.0875 32 -42.7 22.0684 31.7 -42.7 22.0991 31 -42.7 22.0884 30.7 -42.7 22.1063 30 -42.7 22.0992 29.7 -42.7 22.1011 21 -42.7 22.7436 20.6778 -42.7 23 20.5416 -42.7 24 20.3532 -42.7 25 20.2617 -42.7 26 20.2761 -42.7 27 20.3791 -42.7 28 20.6043 -42.7 28.5062 20.8848 -42.7 28.704 21 -42.7 28.7015 28.7296 -42.7 28.7104 28.6842 -42.7 28.7094 28.2346 -42.7 28.7187 27.7222 -42.7 28.7246 15.7303 -42.7 28.4803 15.218 -42.7 28.2363 14.7685 -42.7 28.1155 14.7056 -42.7 27.9437 14.6323 -42.7 27.4313 14.5232 -42.7 26.9818 14.4443 -42.7 24.0962 14.4429 -42.7 23.1343 14.5682 -42.7 22.9045 14.6719 -42.7 22.6315 14.7685 -42.7 22.3518 15.2808 -42.7 22.1754 15.4926 -42.7 22.1725 15.5025 -42.7 22.0579 15.7303 -42.7 
2
35
2.55951e-015 14.2414 -41.8 2.55951e-015 20.076 -41.8 10 20.2217 -41.8 10.8 20.2419 -41.8 11 20.2515 -41.8 11.8 20.268 -41.8 12 20.2767 -41.8 13 20.286 -41.8 14.8 20.2572 -41.8 15 20.2481 -41.8 15.8 20.2376 -41.8 16 20.2283 -41.8 16.8 20.2791 -41.8 17 20.2829 -41.8 17.8 20.3742 -41.8 18 20.3919 -41.8 18.8 20.6034 -41.8 19 20.6345 -41.8 19.4305 20.9025 -41.8 19.4801 20.9521 -41.8 19.4832 15.7303 -41.8 19.405 15.3989 -41.8 19.2869 15.0499 -41.8 19.1277 14.8875 -41.8 19.037 14.7685 -41.8 18.6772 14.6544 -41.8 18.325 14.5291 -41.8 17.3631 14.4446 -41.8 15.9508 14.441 -41.8 14.9889 14.4294 -41.8 14.027 14.4031 -41.8 11.1414 14.3041 -41.8 10.1796 14.274 -41.8 1.0114 14.1369 -41.8 0.049538 14.1991 -41.8 
28
22.4361 15.2798 -41.8 22.7153 14.7685 -41.8 22.9446 14.665 -41.8 23.1343 14.5452 -41.8 23.6457 14.4756 -41.8 24.0962 14.4429 -41.8 26.9818 14.4459 -41.8 27.4932 14.5548 -41.8 27.9437 14.6161 -41.8 28.0643 14.6789 -41.8 28.1934 14.7685 -41.8 28.4372 15.2798 -41.8 28.5708 15.7303 -41.8 28.5681 20.9384 -41.8 28.5275 20.8978 -41.8 28 20.5906 -41.8 27.8 20.5616 -41.8 27 20.3744 -41.8 26.8 20.3579 -41.8 26 20.2737 -41.8 25 20.26 -41.8 24.8 20.2749 -41.8 24 20.349 -41.8 23.8 20.3746 -41.8 23 20.5271 -41.8 22.8902 20.6369 -41.8 22.29 20.9557 -41.8 22.2887 15.7303 -41.8 
2
44
2.5044e-015 14.2448 -40.9 2.50441e-015 20.0774 -40.9 9.9 20.2537 -40.9 10 20.2602 -40.9 10.9 20.3035 -40.9 11 20.3125 -40.9 11.9 20.3515 -40.9 12 20.3628 -40.9 12.9 20.3783 -40.9 13 20.3843 -40.9 13.9 20.3647 -40.9 14 20.3575 -40.9 14.9 20.3166 -40.9 15 20.3053 -40.9 15.9 20.2633 -40.9 16 20.2546 -40.9 16.9 20.2718 -40.9 17 20.2659 -40.9 17.9 20.3453 -40.9 18 20.351 -40.9 18.9 20.4911 -40.9 19.1 20.5071 -40.9 19.4832 20.8904 -40.9 19.4826 15.7303 -40.9 19.3864 15.3646 -40.9 19.2869 14.9428 -40.9 19.1716 14.7914 -40.9 19.1525 14.7685 -40.9 18.325 14.5072 -40.9 17.9364 14.4918 -40.9 17.3631 14.4441 -40.9 15.4394 14.4428 -40.9 15.0508 14.465 -40.9 14.4775 14.4605 -40.9 14.0889 14.4806 -40.9 12.5538 14.444 -40.9 12.1652 14.4176 -40.9 11.5919 14.398 -40.9 11.2033 14.3665 -40.9 10.6301 14.3437 -40.9 10.2415 14.3176 -40.9 9.27961 14.2763 -40.9 1.0114 14.1408 -40.9 0.049538 14.2025 -40.9 
97
22.4334 30.1583 -40.9 22.4546 31.1202 -40.9 22.4843 32.0821 -40.9 22.5134 32.6554 -40.9 22.5197 33.0439 -40.9 22.3855 33.6172 -40.9 22.3632 34.0058 -40.9 22.45 34.5791 -40.9 22.497 34.9677 -40.9 22.5448 35.5409 -40.9 22.5925 35.9295 -40.9 22.5593 36.5028 -40.9 22.5667 36.8914 -40.9 22.4334 37.4647 -40.9 22.4583 37.8533 -40.9 22.4422 38.1803 -40.9 22.481 38.1 -40.9 22.4818 38 -40.9 22.4699 37.9 -40.9 22.6382 37 -40.9 22.6249 36.9 -40.9 22.7182 36 -40.9 22.7079 35.9 -40.9 22.5805 34 -40.9 22.5765 33.9 -40.9 22.5308 33 -40.9 22.4864 32 -40.9 22.4611 30.9 -40.9 22.4408 21 -40.9 23 20.4408 -40.9 23.9 20.3259 -40.9 24.9 20.2516 -40.9 25 20.2464 -40.9 26 20.2583 -40.9 26.9 20.3325 -40.9 27 20.338 -40.9 27.9 20.4688 -40.9 28 20.5887 -40.9 28.4113 21 -40.9 28.4112 28.9951 -40.9 28.4113 29 -40.9 28.3908 30.9982 -40.9 28.3909 31 -40.9 28.3486 31.99 -40.9 28.3486 31.9907 -40.9 28.3482 31.9995 -40.9 28.3481 32 -40.9 28.3039 33 -40.9 28.2321 34 -40.9 28.141 35 -40.9 28.0668 36 -40.9 28.0342 36.7949 -40.9 28.0332 37 -40.9 28.14 37.1359 -40.9 28.3147 38 -40.9 28.3944 38.1245 -40.9 28.3726 37.8533 -40.9 28.4124 37.4647 -40.9 28.2331 36.8914 -40.9 28.2783 36.5028 -40.9 28.2615 35.9295 -40.9 28.3119 35.5409 -40.9 28.3398 34.9677 -40.9 28.3894 34.5791 -40.9 28.4809 34.0058 -40.9 28.4779 33.6172 -40.9 28.408 33.0439 -40.9 28.4189 32.6553 -40.9 28.4453 32.0821 -40.9 28.4477 32 -40.9 28.4478 31.9994 -40.9 28.4478 31.9987 -40.9 28.4569 31.6935 -40.9 28.485 31.1202 -40.9 28.4871 31 -40.9 28.4871 30.9963 -40.9 28.5049 30.1583 -40.9 28.5078 29.7697 -40.9 28.4992 29.1965 -40.9 28.4998 28.8079 -40.9 28.4837 28.2346 -40.9 28.4837 27.846 -40.9 28.5194 27.2727 -40.9 28.5175 15.7303 -40.9 28.4101 15.3418 -40.9 28.24 14.7685 -40.9 28.108 14.6677 -40.9 27.9437 14.5537 -40.9 27.5551 14.5229 -40.9 26.9818 14.4449 -40.9 24.0962 14.4429 -40.9 23.7076 14.4519 -40.9 23.1343 14.4936 -40.9 22.9645 14.616 -40.9 22.7231 14.7685 -40.9 22.5355 15.3417 -40.9 22.4262 15.7303 -40.9 
1
31
2.44929e-015 14.2482 -40 2.44929e-015 20.0788 -40 9 20.2433 -40 10 20.3077 -40 11 20.3983 -40 12 20.5111 -40 13 20.5711 -40 14 20.4989 -40 15 20.3858 -40 16 20.2987 -40 16.2404 20.2847 -40 16.2404 17 -40 16.282 16 -40 16.3929 15 -40 16.95 14.4429 -40 16.4013 14.4429 -40 16.0746 14.4645 -40 15.4394 14.4645 -40 15.1127 14.529 -40 13.8424 14.5981 -40 13.5157 14.6457 -40 12.9811 14.6343 -40 12.5538 14.6442 -40 12.2271 14.5753 -40 11.5919 14.532 -40 11.2652 14.4647 -40 10.6301 14.4133 -40 10.3034 14.376 -40 9.34148 14.3114 -40 1.0114 14.1448 -40 0.049538 14.206 -40 
5
23
2.39418e-015 14.2518 -39.1 2.39418e-015 20.0832 -39.1 9.1 20.2724 -39.1 10.1 20.365 -39.1 11 20.5192 -39.1 11.1 20.5305 -39.1 12 20.8705 -39.1 12.1 20.8765 -39.1 12.4021 20.9464 -39.1 12.5038 20.9786 -39.1 12.5066 15.7303 -39.1 12.4983 15.7043 -39.1 12.292 15.4685 -39.1 11.8817 14.8634 -39.1 11.7285 14.7685 -39.1 11.5919 14.7386 -39.1 11.327 14.638 -39.1 10.6301 14.4943 -39.1 10.3652 14.4515 -39.1 9.6682 14.3719 -39.1 8.70633 14.3044 -39.1 1.0114 14.1489 -39.1 0.049538 14.2097 -39.1 
50
13.3666 15.63 -39.1 13.0037 15.7303 -39.1 13.0229 21.5015 -39.1 13.0235 21.5222 -39.1 13.0321 28.2346 -39.1 12.9974 28.7528 -39.1 12.9922 29.1965 -39.1 12.6354 29.8965 -39.1 12.6458 30 -39.1 12.844 31 -39.1 13 31.5921 -39.1 13.0825 31.3754 -39.1 13.1713 31 -39.1 13.2598 30.5695 -39.1 13.3254 30 -39.1 13.3417 29.5981 -39.1 13.3473 21 -39.1 13.5225 20.9571 -39.1 13.9 20.82 -39.1 14 20.8127 -39.1 14.1 20.8014 -39.1 15 20.4939 -39.1 15.1 20.4852 -39.1 16 20.3416 -39.1 16.1 20.3358 -39.1 17 20.259 -39.1 17.1 20.2646 -39.1 18 20.2509 -39.1 18.1 20.2587 -39.1 19 20.2935 -39.1 19.1 20.3017 -39.1 19.651 20.3195 -39.1 19.6511 17.6541 -39.1 19.6464 17.3892 -39.1 19.6464 16.6922 -39.1 19.6337 16.4273 -39.1 19.6123 15.7303 -39.1 19.5204 15.4654 -39.1 19.3033 14.7685 -39.1 19.2869 14.7513 -39.1 18.325 14.4429 -39.1 16.4013 14.4429 -39.1 16.1364 14.4735 -39.1 15.4394 14.5196 -39.1 14.7424 14.6572 -39.1 14.4775 14.7297 -39.1 14.2177 14.7685 -39.1 14.0362 15.0334 -39.1 13.59 15.5812 -39.1 13.5157 15.6119 -39.1 
36
22.3388 17.3892 -39.1 22.341 16.6922 -39.1 22.3552 16.4273 -39.1 22.3794 15.7303 -39.1 22.4711 15.4654 -39.1 22.6951 14.7685 -39.1 23.1343 14.453 -39.1 26.9818 14.4429 -39.1 27.9437 14.4929 -39.1 28.3033 14.7685 -39.1 28.5235 15.4654 -39.1 28.6156 15.7303 -39.1 28.6382 16.4273 -39.1 28.6513 16.6922 -39.1 28.6519 17.3892 -39.1 28.6569 17.6541 -39.1 28.6244 32.0821 -39.1 28.6183 32.2875 -39.1 28.1961 32.266 -39.1 28 32.25 -39.1 27.7304 32.2353 -39.1 27.754 21 -39.1 27 20.246 -39.1 26.1 20.214 -39.1 26 20.2085 -39.1 25 20.2022 -39.1 24.1 20.2322 -39.1 24 20.2374 -39.1 23.9 20.2444 -39.1 23.2097 20.9347 -39.1 23.1659 21 -39.1 23.1897 32.2218 -39.1 23 32.2358 -39.1 22.368 32.2726 -39.1 22.3629 32.0821 -39.1 22.3335 17.6541 -39.1 
31
31.4754 15.4654 -39.1 31.382 15.7303 -39.1 31.3589 16.4273 -39.1 31.3453 16.6922 -39.1 31.3442 17.3892 -39.1 31.3391 17.6541 -39.1 31.3391 20.3082 -39.1 32 20.2849 -39.1 32.1 20.2777 -39.1 33.1 20.2384 -39.1 34 20.272 -39.1 34.1 20.2787 -39.1 35.1 20.3754 -39.1 36 20.5406 -39.1 36.1 20.5519 -39.1 36.1002 20.552 -39.1 37 20.9175 -39.1 37.1 20.9225 -39.1 37.4223 20.9778 -39.1 37.4827 20.9936 -39.1 37.4874 15.7303 -39.1 37.4825 15.7129 -39.1 36.6005 14.7748 -39.1 36.5965 14.7685 -39.1 36.3356 14.6648 -39.1 35.6386 14.5172 -39.1 35.3737 14.4801 -39.1 34.6767 14.4437 -39.1 32.753 14.4429 -39.1 31.7911 14.6802 -39.1 31.7013 14.7685 -39.1 
27
37.8927 15.7303 -39.1 38.2234 15.5444 -39.1 38.2797 15.5301 -39.1 38.2833 18.2227 -39.1 38.2833 18.2228 -39.1 38.2901 29 -39.1 38.1914 30 -39.1 38.0713 31 -39.1 38 31.378 -39.1 37.8254 31 -39.1 37.7912 30.7345 -39.1 37.6686 30.2147 -39.1 37.6789 30.1583 -39.1 37.739 29.9817 -39.1 37.8716 29.1965 -39.1 37.898 28.8608 -39.1 37.9286 28.2346 -39.1 37.9259 25.166 -39.1 37.9257 25.1626 -39.1 37.9227 23.4152 -39.1 37.9225 23.4116 -39.1 37.9138 20.3435 -39.1 37.9136 20.3391 -39.1 37.9003 17.426 -39.1 37.9001 17.42 -39.1 37.8957 16.4475 -39.1 37.8955 16.4365 -39.1 
4
49
0.049538 14.2135 -38.2 2.33907e-015 14.2555 -38.2 2.33907e-015 20.088 -38.2 8 20.218 -38.2 9 20.2785 -38.2 9.2 20.2971 -38.2 10 20.3848 -38.2 10.2 20.4191 -38.2 11 20.6192 -38.2 11.2 20.6947 -38.2 11.2465 20.7293 -38.2 11.676 21 -38.2 11.6738 29 -38.2 11.716 30 -38.2 11.7409 30.3373 -38.2 11.7752 31 -38.2 11.9035 32 -38.2 12 32.6153 -38.2 12.1326 33 -38.2 12.1872 33.1872 -38.2 12.2963 33.442 -38.2 12.4717 34 -38.2 12.8422 35 -38.2 13 35.3707 -38.2 13.4283 35.6991 -38.2 13.192 35.1295 -38.2 13.0713 34.9677 -38.2 12.6458 34.3295 -38.2 12.5538 34.2031 -38.2 12.5051 34.0058 -38.2 12.2812 33.2469 -38.2 12.2358 33.0439 -38.2 12.2162 32.841 -38.2 12.0177 32.0821 -38.2 12.0023 31.8791 -38.2 11.8635 31.1202 -38.2 11.8537 30.9172 -38.2 11.779 30.1583 -38.2 11.7747 29.9553 -38.2 11.7318 29.1965 -38.2 11.7289 15.7303 -38.2 11.5919 15.3022 -38.2 11.2859 14.8989 -38.2 11.1826 14.7685 -38.2 11.0829 14.7297 -38.2 10.6301 14.562 -38.2 9.6682 14.4055 -38.2 8.70633 14.3326 -38.2 1.0114 14.1532 -38.2 
63
14.1548 15.7303 -38.2 14.4775 14.9211 -38.2 14.5301 14.874 -38.2 14.6659 14.7685 -38.2 15.289 14.5992 -38.2 15.4394 14.5483 -38.2 16.1983 14.4607 -38.2 16.4013 14.4429 -38.2 18.325 14.4429 -38.2 19.2869 14.7513 -38.2 19.3033 14.7685 -38.2 19.6372 15.7303 -38.2 19.6735 16.4892 -38.2 19.6883 16.6922 -38.2 19.7073 17.6541 -38.2 19.7096 20.2523 -38.2 19.2 20.2446 -38.2 19 20.2382 -38.2 18.2 20.2278 -38.2 18 20.22 -38.2 17.2 20.2663 -38.2 17 20.2694 -38.2 16.2 20.35 -38.2 16 20.3671 -38.2 15.2 20.5423 -38.2 15 20.5742 -38.2 14.8 20.6426 -38.2 14.244 20.9695 -38.2 14.2079 21 -38.2 14.2103 29 -38.2 14.2308 29.6821 -38.2 14.2354 30 -38.2 14.2586 30.6959 -38.2 14.2586 31 -38.2 14.3271 31.6958 -38.2 14.3327 32 -38.2 14.402 32.7077 -38.2 14.3962 33 -38.2 14.4501 33.6974 -38.2 14.4302 34 -38.2 14.4635 34.6666 -38.2 14.4061 35 -38.2 14.3436 35.584 -38.2 14.1229 36 -38.2 14 36.1613 -38.2 13.791 35.9773 -38.2 13.5912 35.8241 -38.2 14.3072 35.0144 -38.2 14.3114 35.0098 -38.2 14.3586 34.9693 -38.2 14.3605 34.9677 -38.2 14.2811 34.2845 -38.2 14.3864 34.0058 -38.2 14.2975 33.5944 -38.2 14.3339 33.0439 -38.2 14.3335 33.0426 -38.2 14.2795 32.8761 -38.2 14.2795 32.8757 -38.2 14.273 32.8409 -38.2 14.2633 32.0821 -38.2 14.2358 31.8791 -38.2 14.2065 31.1202 -38.2 14.1866 30.9172 -38.2 
41
22.3059 16.6922 -38.2 22.3213 16.4892 -38.2 22.3622 15.7303 -38.2 22.6951 14.7685 -38.2 23.1343 14.453 -38.2 26.9818 14.4429 -38.2 27.9437 14.4929 -38.2 28.3033 14.7685 -38.2 28.6378 15.7303 -38.2 28.6755 16.4892 -38.2 28.6905 16.6922 -38.2 28.7103 17.6541 -38.2 28.6761 32.8409 -38.2 28.6731 33.0439 -38.2 28.6472 34.0058 -38.2 28.6135 34.7647 -38.2 28.6075 34.9677 -38.2 28.5593 35.7265 -38.2 28.551 35.9295 -38.2 28.4379 36.6882 -38.2 28 36.6549 -38.2 27.6495 36.62 -38.2 27.6809 36 -38.2 27.7901 21 -38.2 27 20.2099 -38.2 26 20.185 -38.2 25 20.1802 -38.2 24 20.2046 -38.2 23.2046 21 -38.2 23.306 36 -38.2 23.3325 36.5984 -38.2 22.4974 36.6728 -38.2 22.4305 35.9295 -38.2 22.4229 35.7265 -38.2 22.3823 34.9677 -38.2 22.3458 34.0058 -38.2 22.3415 33.8028 -38.2 22.3415 33.8024 -38.2 22.3201 33.0075 -38.2 22.3202 33.0069 -38.2 22.2848 17.6541 -38.2 
47
31.3231 16.4892 -38.2 31.3079 16.6922 -38.2 31.2875 17.6541 -38.2 31.2849 20.2457 -38.2 32 20.2327 -38.2 32.2 20.2247 -38.2 33 20.2262 -38.2 33.2 20.2337 -38.2 34 20.285 -38.2 34.2 20.3044 -38.2 35 20.3973 -38.2 35.2 20.434 -38.2 36 20.6519 -38.2 36.2 20.7331 -38.2 36.2158 20.7459 -38.2 36.5976 21 -38.2 36.5993 29.2194 -38.2 36.5767 30 -38.2 36.5791 30.2237 -38.2 36.5437 31 -38.2 36.5487 31.2322 -38.2 36.4882 32 -38.2 36.5018 32.2527 -38.2 36.4375 33 -38.2 36.4681 33.2932 -38.2 36.3981 34 -38.2 36.4248 34.1316 -38.2 36.4913 33.8028 -38.2 36.4858 33.0439 -38.2 36.5211 32.841 -38.2 36.5372 32.0821 -38.2 36.5657 31.8791 -38.2 36.5901 31.1202 -38.2 36.5981 31.031 -38.2 36.6378 29.9554 -38.2 36.652 15.7303 -38.2 36.6476 15.7138 -38.2 36.6005 15.5488 -38.2 36.1077 14.7685 -38.2 36.0241 14.7348 -38.2 35.6386 14.5865 -38.2 35.4356 14.5525 -38.2 34.6767 14.4462 -38.2 32.753 14.4429 -38.2 31.7911 14.6802 -38.2 31.7013 14.7685 -38.2 31.3622 15.7303 -38.2 
4
21
2.28396e-015 14.2593 -37.3 0.049538 14.2173 -37.3 1.0114 14.1577 -37.3 9.52709 14.4209 -37.3 9.6682 14.4267 -37.3 10.489 14.5628 -37.3 10.6301 14.577 -37.3 11.0335 14.734 -37.3 11.1275 14.7685 -37.3 11.1746 14.853 -37.3 11.5919 15.3802 -37.3 11.6853 15.6737 -37.3 11.6973 15.7303 -37.3 11.6927 20.9511 -37.3 11.171 20.6994 -37.3 11 20.5916 -37.3 10.3 20.453 -37.3 10 20.378 -37.3 9 20.2759 -37.3 8 20.2168 -37.3 2.28397e-015 20.093 -37.3 
64
15.7 20.4271 -37.3 15.2497 20.8774 -37.3 15.1757 21 -37.3 15.29 34 -37.3 15.3331 34.6133 -37.3 15.3483 35 -37.3 15.4046 35.6413 -37.3 15.4094 36 -37.3 15.4874 36.6488 -37.3 15.4654 37 -37.3 15.4418 37.6195 -37.3 15.2889 38 -37.3 15.1729 38.4051 -37.3 15 38.6012 -37.3 14.5479 38.5479 -37.3 14 38.2672 -37.3 13.811 38 -37.3 13.6463 37.7292 -37.3 13.5358 37.5829 -37.3 13.881 37.8533 -37.3 14.1207 38.0606 -37.3 14.4775 38.4955 -37.3 15.0808 37.9762 -37.3 15.2474 37.8533 -37.3 15.1298 37.4699 -37.3 15.3034 36.8914 -37.3 15.2465 36.7873 -37.3 15.2352 36.7503 -37.3 15.1797 35.9295 -37.3 15.1774 35.7884 -37.3 15.0448 34.9677 -37.3 14.9696 34.8266 -37.3 14.8001 34.0058 -37.3 14.7685 33.8647 -37.3 14.6222 33.0439 -37.3 14.6015 32.9032 -37.3 14.4511 32.0825 -37.3 14.4511 32.0821 -37.3 14.4368 31.941 -37.3 14.3258 31.1202 -37.3 14.3151 30.9791 -37.3 14.2344 30.1583 -37.3 14.2123 29.1965 -37.3 14.2039 15.7303 -37.3 14.4775 15.022 -37.3 14.5245 14.959 -37.3 14.737 14.7685 -37.3 15.3453 14.5628 -37.3 15.4394 14.518 -37.3 16.2602 14.4459 -37.3 16.4013 14.4429 -37.3 18.325 14.4429 -37.3 19.2869 14.7513 -37.3 19.3033 14.7685 -37.3 19.6378 15.7303 -37.3 19.7083 16.6922 -37.3 19.7368 17.6541 -37.3 19.7488 18.6159 -37.3 19.7495 20.2072 -37.3 19 20.1989 -37.3 18.3 20.215 -37.3 18 20.2111 -37.3 17 20.2667 -37.3 16 20.3614 -37.3 
52
22.2892 16.6922 -37.3 22.3622 15.7303 -37.3 22.6951 14.7685 -37.3 23.1343 14.453 -37.3 26.9818 14.4429 -37.3 27.9437 14.4929 -37.3 28.3033 14.7685 -37.3 28.6378 15.7303 -37.3 28.7093 16.6922 -37.3 28.7381 17.6541 -37.3 28.7508 18.6159 -37.3 28.7053 34.0058 -37.3 28.6783 34.9677 -37.3 28.641 35.9295 -37.3 28.5441 36.7503 -37.3 28.5313 36.8914 -37.3 28.0411 37.4904 -37.3 27.9437 37.606 -37.3 27.7298 37.8533 -37.3 27.5854 38.4695 -37.3 27.5992 38.3 -37.3 27.631 38 -37.3 27.6868 37 -37.3 27.7281 36 -37.3 27.8188 21 -37.3 27 20.1812 -37.3 26 20.1644 -37.3 25 20.1609 -37.3 24 20.1778 -37.3 23.1778 21 -37.3 23.2339 35 -37.3 23.2614 36 -37.3 23.2984 37 -37.3 23.3523 38 -37.3 23.4256 39 -37.3 23.4536 39.3 -37.3 23.5304 40 -37.3 23.4968 40.2456 -37.3 23.408 39.777 -37.3 23.3689 39.6359 -37.3 23.2926 38.8151 -37.3 23.1343 38.6301 -37.3 22.6326 37.978 -37.3 22.5306 37.8533 -37.3 22.5166 37.7122 -37.3 22.4086 36.8914 -37.3 22.4029 36.7503 -37.3 22.3539 35.9295 -37.3 22.319 34.9677 -37.3 22.2459 18.6159 -37.3 22.2594 17.6541 -37.3 22.2658 17.513 -37.3 
50
31.2479 18.6159 -37.3 31.2475 20.2033 -37.3 32.3 20.196 -37.3 33 20.2206 -37.3 34 20.2822 -37.3 35 20.3898 -37.3 35.3 20.4715 -37.3 35.4438 20.6573 -37.3 35.7865 21 -37.3 35.7677 31 -37.3 35.6919 33.3336 -37.3 35.652 34 -37.3 35.6411 34.3128 -37.3 35.5833 35 -37.3 35.5856 35.3166 -37.3 35.5078 36 -37.3 35.5332 36.3518 -37.3 35.4447 37 -37.3 35.4995 37.187 -37.3 35.484 37.0325 -37.3 35.5281 36.8914 -37.3 35.5754 36.7503 -37.3 35.6129 36.2087 -37.3 35.6305 35.8655 -37.3 35.754 34.9677 -37.3 35.78 34.8266 -37.3 35.9476 34.0058 -37.3 35.9653 33.8647 -37.3 36.1304 33.0439 -37.3 36.2148 32.9028 -37.3 36.3575 32.0821 -37.3 36.4922 31.1202 -37.3 36.5027 30.9791 -37.3 36.5768 30.1583 -37.3 36.6092 29.1965 -37.3 36.6229 15.7303 -37.3 36.6182 15.7069 -37.3 36.6005 15.6401 -37.3 36.1178 14.8862 -37.3 36.0596 14.7685 -37.3 35.6386 14.5998 -37.3 35.4975 14.5844 -37.3 34.6767 14.4469 -37.3 32.753 14.4429 -37.3 31.7911 14.6802 -37.3 31.7013 14.7685 -37.3 31.3622 15.7303 -37.3 31.2898 16.6922 -37.3 31.267 17.513 -37.3 31.2607 17.6541 -37.3 
5
26
2.22886e-015 20.0982 -36.4 6 20.1587 -36.4 6.4 20.1694 -36.4 7 20.1745 -36.4 8 20.2086 -36.4 9 20.26 -36.4 9.4 20.2995 -36.4 10 20.3424 -36.4 10.4 20.4216 -36.4 11 20.4869 -36.4 11.6 20.5774 -36.4 11.6621 20.6074 -36.4 11.6653 15.8312 -36.4 11.6637 15.7303 -36.4 11.5919 15.3926 -36.4 11.3113 14.888 -36.4 11.2946 14.8478 -36.4 11.2651 14.7685 -36.4 11.2186 14.7432 -36.4 10.6301 14.5272 -36.4 10.5508 14.5257 -36.4 9.6682 14.437 -36.4 9.5889 14.4357 -36.4 1.0114 14.1622 -36.4 0.049538 14.221 -36.4 2.22886e-015 14.263 -36.4 
65
16 20.9567 -36.4 16.1466 20.7427 -36.4 16.6 20.2893 -36.4 16.6444 20.2852 -36.4 16.6444 17 -36.4 16.6821 16 -36.4 16.7929 15 -36.4 17 14.7929 -36.4 19.3118 14.7929 -36.4 19.3033 14.7685 -36.4 19.2869 14.7513 -36.4 18.325 14.4429 -36.4 16.322 14.443 -36.4 15.4394 14.462 -36.4 15.3866 14.4887 -36.4 14.7979 14.7685 -36.4 14.504 15.1625 -36.4 14.4775 15.2267 -36.4 14.4743 15.2418 -36.4 14.2898 15.7303 -36.4 14.2898 16.6129 -36.4 14.2881 16.6922 -36.4 14.2911 29.1965 -36.4 14.3164 30.079 -36.4 14.317 30.1583 -36.4 14.384 31.0409 -36.4 14.3853 31.1202 -36.4 14.4743 32.0028 -36.4 14.4767 32.0821 -36.4 14.4771 32.0912 -36.4 14.6068 32.9737 -36.4 14.6102 33.0439 -36.4 14.8079 33.9265 -36.4 14.8168 34.0058 -36.4 15.2873 34.8884 -36.4 15.3543 34.9634 -36.4 15.3577 34.9677 -36.4 15.3498 35.047 -36.4 15.3644 35.9295 -36.4 15.3688 35.9421 -36.4 15.6475 36.8247 -36.4 15.6736 36.8914 -36.4 15.9502 37.774 -36.4 15.9959 37.8533 -36.4 16.1728 38.7358 -36.4 16.1804 38.7556 -36.4 16.2094 38.8151 -36.4 16.1049 39.5818 -36.4 16.1606 39.777 -36.4 15.7784 40.0885 -36.4 15.4394 40.4024 -36.4 14.6673 39.8999 -36.4 14.7454 40 -36.4 15 40.2844 -36.4 15.4487 40.4487 -36.4 16 40.3223 -36.4 16.0801 40.2459 -36.4 16.1745 40 -36.4 16.3679 39.5184 -36.4 16.381 38.5248 -36.4 16.3028 38 -36.4 16.2698 37.4675 -36.4 16.219 37 -36.4 16.1438 36 -36.4 15.9567 21 -36.4 
15
22.2261 31.4343 -36.4 22.2739 34.9677 -36.4 22.3015 35.9295 -36.4 22.3397 36.8914 -36.4 22.427 37.774 -36.4 22.433 37.8533 -36.4 22.4964 37.9287 -36.4 23.1343 38.7087 -36.4 23.227 38.8151 -36.4 23.4151 39.4935 -36.4 23.4066 39.4 -36.4 23.3627 39 -36.4 23.2994 38 -36.4 23.2558 37 -36.4 23.1636 31.4402 -36.4 
33
26.718 42 -36.4 26.7639 41.4372 -36.4 26.8069 41 -36.4 26.843 40.5396 -36.4 26.9033 40 -36.4 26.9186 39.7163 -36.4 26.9805 39 -36.4 26.9831 38.932 -36.4 27 38.6399 -36.4 27.0519 38 -36.4 27.105 37 -36.4 27.2199 31.445 -36.4 28.7728 31.4325 -36.4 28.7444 34.0058 -36.4 28.6978 35.9295 -36.4 28.618 36.8121 -36.4 28.6121 36.8914 -36.4 27.7966 37.8533 -36.4 27.5949 38.7358 -36.4 27.5781 38.8151 -36.4 27.4816 39.6977 -36.4 27.4748 39.777 -36.4 27.3344 40.6596 -36.4 27.3237 40.7389 -36.4 27.1436 41.6214 -36.4 27.1226 41.7007 -36.4 27.0563 42.5833 -36.4 27.0238 42.6626 -36.4 27.0348 42.8328 -36.4 27.2684 43.4424 -36.4 27 43.1152 -36.4 26.9732 43 -36.4 26.9265 42.8534 -36.4 
32
34.9941 31.2583 -36.4 34.9597 33 -36.4 34.9233 34 -36.4 34.8746 35 -36.4 34.8107 36 -36.4 34.7316 37 -36.4 34.7068 37.4178 -36.4 34.6318 38 -36.4 34.6431 38.4357 -36.4 34.5381 39 -36.4 34.6178 39.3149 -36.4 34.5973 38.8944 -36.4 34.6331 38.8151 -36.4 34.6461 38.7533 -36.4 34.6767 38.6943 -36.4 34.6864 38.6741 -36.4 34.837 37.8533 -36.4 34.8664 37.774 -36.4 35.1428 36.8914 -36.4 35.172 36.8121 -36.4 35.4671 35.9295 -36.4 35.4645 35.8502 -36.4 35.5185 34.8884 -36.4 35.675 34.0058 -36.4 35.7641 33.2938 -36.4 35.7878 33.0439 -36.4 35.8188 32.9646 -36.4 36.2363 32.2666 -36.4 36 32.0879 -36.4 35.9121 32 -36.4 35.8198 31.9384 -36.4 35 31.2579 -36.4 
4
26
2.17374e-015 20.1035 -35.5 7 20.1896 -35.5 7.5 20.2054 -35.5 8 20.209 -35.5 8.5 20.2325 -35.5 9 20.2367 -35.5 9.5 20.2724 -35.5 10 20.2952 -35.5 10.5 20.3495 -35.5 11 20.3776 -35.5 11.5 20.4531 -35.5 11.5718 20.457 -35.5 11.5722 16.6922 -35.5 11.5532 15.7303 -35.5 11.5528 15.7286 -35.5 11.5461 15.7129 -35.5 11.194 14.7685 -35.5 10.6301 14.4618 -35.5 10.6127 14.4618 -35.5 9.6682 14.4429 -35.5 9.6508 14.4429 -35.5 8.70633 14.4265 -35.5 8.68893 14.4258 -35.5 1.0114 14.1667 -35.5 0.049538 14.225 -35.5 2.17375e-015 14.2669 -35.5 
55
14.4382 15.7303 -35.5 14.4758 15.5509 -35.5 14.4775 15.5443 -35.5 14.4831 15.5335 -35.5 14.7986 14.7685 -35.5 15.4394 14.4447 -35.5 16.95 14.4429 -35.5 16.3929 15 -35.5 16.282 16 -35.5 16.2632 16.5 -35.5 16.2322 17 -35.5 16.2446 31.5 -35.5 16.7363 32 -35.5 16.8061 35 -35.5 16.8523 36 -35.5 16.8964 36.0441 -35.5 16.9685 37 -35.5 17 37.2903 -35.5 17.0504 38 -35.5 17.1455 39 -35.5 17.188 39.3114 -35.5 17.2437 40 -35.5 17.2577 40.4036 -35.5 17.1789 41 -35.5 17.1812 41.2802 -35.5 17.1653 41.3123 -35.5 17.1646 41.3137 -35.5 17 41.6461 -35.5 16.5248 41.6287 -35.5 17.1473 40.7389 -35.5 17.1412 40.7311 -35.5 17.1362 40.7215 -35.5 16.9147 39.777 -35.5 16.9069 39.7596 -35.5 16.6277 38.8151 -35.5 16.6234 38.7977 -35.5 16.4013 38.0884 -35.5 16.3122 37.8533 -35.5 16.2976 37.8359 -35.5 15.7534 36.8914 -35.5 15.7508 36.874 -35.5 15.4394 36.0773 -35.5 15.3874 35.9295 -35.5 15.3868 35.9214 -35.5 15.3858 35.9121 -35.5 15.4725 34.9677 -35.5 15.4394 34.9172 -35.5 15.4195 34.8964 -35.5 14.6245 34.0058 -35.5 14.5183 33.0638 -35.5 14.5169 33.0439 -35.5 14.4708 32.0995 -35.5 14.4412 31.1202 -35.5 14.4174 16.6922 -35.5 14.418 16.6748 -35.5 
25
22.2737 36.3015 -35.5 22.2912 36.8914 -35.5 22.3627 37.8359 -35.5 22.3637 37.8533 -35.5 23.1343 38.7683 -35.5 23.1749 38.8151 -35.5 23.4202 39.7596 -35.5 23.4243 39.777 -35.5 23.5413 40.7215 -35.5 23.543 40.7389 -35.5 23.7207 41.7007 -35.5 23.9411 42.6452 -35.5 23.9491 42.6626 -35.5 23.9496 42.6638 -35.5 24.0811 43.4704 -35.5 24.0924 43.3997 -35.5 24.0455 43 -35.5 24.0413 42.363 -35.5 24.161 42 -35.5 24.0593 41.1338 -35.5 24 40.4846 -35.5 23.9274 40 -35.5 23.8355 39 -35.5 23.7772 38 -35.5 23.7203 36.3128 -35.5 
22
26.5636 41.5 -35.5 26.5075 42 -35.5 26.6667 42.5 -35.5 26.7538 42.9729 -35.5 26.7883 42.6626 -35.5 26.978 42.1786 -35.5 26.9818 42.173 -35.5 26.9881 42.1612 -35.5 27.1713 41.7007 -35.5 27.1747 41.6833 -35.5 27.4252 40.7389 -35.5 27.4271 40.7215 -35.5 27.5549 39.777 -35.5 27.556 39.7596 -35.5 27.6378 38.8151 -35.5 27.6412 38.7977 -35.5 27.8417 37.8533 -35.5 28.6652 36.8914 -35.5 28.7088 36.2986 -35.5 26.809 36.3172 -35.5 26.7287 39 -35.5 26.6777 40 -35.5 
5
23
0.049538 14.2291 -34.6 2.11864e-015 14.271 -34.6 2.11864e-015 20.1086 -34.6 7 20.2273 -34.6 9 20.2416 -34.6 9.6 20.2689 -34.6 10 20.2617 -34.6 10.6 20.2955 -34.6 11 20.2957 -34.6 11.6 20.3287 -34.6 11.6533 20.33 -34.6 11.6449 16.6922 -34.6 11.6116 15.7303 -34.6 11.5901 15.6391 -34.6 11.2378 14.813 -34.6 11.2213 14.7685 -34.6 10.6301 14.4438 -34.6 9.7127 14.4438 -34.6 9.6682 14.4429 -34.6 8.75083 14.4406 -34.6 8.70633 14.4398 -34.6 7.78897 14.4075 -34.6 1.0114 14.1714 -34.6 
63
14.3845 15.7303 -34.6 14.3862 15.7218 -34.6 14.4775 15.3714 -34.6 14.7719 14.8045 -34.6 14.7868 14.7685 -34.6 15.4394 14.443 -34.6 16.95 14.4429 -34.6 16.3929 15 -34.6 16.282 16 -34.6 16.22 17 -34.6 16.2186 17.6 -34.6 16.2071 18 -34.6 16.2889 35 -34.6 16.3316 36 -34.6 16.3551 36.4 -34.6 16.9594 37 -34.6 17 37.4614 -34.6 17.2985 37.7015 -34.6 17.4692 38 -34.6 17.7804 38.0315 -34.6 17.8674 39 -34.6 18 39.9714 -34.6 18.0027 40 -34.6 18.1196 41 -34.6 18.1213 41.221 -34.6 18.0842 42 -34.6 18.1087 42.1534 -34.6 18 42.6096 -34.6 17.6522 43 -34.6 17 43.1235 -34.6 16.8382 43 -34.6 16.8214 42.984 -34.6 16.6629 42.8144 -34.6 17.3631 42.9733 -34.6 17.8812 42.6626 -34.6 17.9428 42.6024 -34.6 17.9684 41.7007 -34.6 17.9588 41.6263 -34.6 17.5969 40.7389 -34.6 17.3631 40.3432 -34.6 17.3526 40.3298 -34.6 17.0881 39.8215 -34.6 17.0776 39.777 -34.6 16.6659 38.8596 -34.6 16.6528 38.8151 -34.6 16.4271 37.8978 -34.6 16.4127 37.8533 -34.6 16.4013 37.8384 -34.6 15.6485 36.9359 -34.6 15.6229 36.8914 -34.6 15.4855 35.974 -34.6 15.4685 35.9295 -34.6 15.4369 35.5029 -34.6 15.3877 35.0122 -34.6 15.3923 34.9677 -34.6 14.5615 34.1095 -34.6 14.4775 34.0194 -34.6 14.4676 34.0058 -34.6 14.399 33.0439 -34.6 14.3969 32.9994 -34.6 14.3546 31.1202 -34.6 14.3506 16.6922 -34.6 14.3835 15.7748 -34.6 
19
24.2103 38.1953 -34.6 24.2353 39 -34.6 24.2806 40 -34.6 24.344 41 -34.6 24.4304 42 -34.6 24.2325 42.6 -34.6 24.3369 43.4521 -34.6 24.0965 42.7722 -34.6 24.0893 42.7277 -34.6 24.0648 42.6626 -34.6 23.6405 41.7452 -34.6 23.6301 41.7007 -34.6 23.4644 40.7389 -34.6 23.3741 39.8215 -34.6 23.3686 39.777 -34.6 23.1491 38.8596 -34.6 23.1375 38.8151 -34.6 23.1343 38.8114 -34.6 22.5933 38.1799 -34.6 
22
26.5756 41.6 -34.6 26.5373 42 -34.6 26.6477 42.6 -34.6 26.5839 43 -34.6 26.5296 43.3938 -34.6 26.7668 42.7071 -34.6 26.7717 42.6626 -34.6 26.7807 42.6398 -34.6 26.9818 42.3412 -34.6 27.312 41.7224 -34.6 27.3206 41.7007 -34.6 27.5014 40.7834 -34.6 27.5132 40.7389 -34.6 27.6145 39.8215 -34.6 27.6206 39.777 -34.6 27.6797 38.8596 -34.6 27.6835 38.8151 -34.6 27.808 38.1804 -34.6 26.7833 38.1938 -34.6 26.7562 39 -34.6 26.7093 40 -34.6 26.6429 41 -34.6 
33
33.3471 38 -34.6 33.1873 38.0997 -34.6 33.0976 39 -34.6 33 39.5371 -34.6 32.9571 39.8771 -34.6 32.9458 40 -34.6 32.8573 40.6763 -34.6 32.8064 41 -34.6 32.7872 41.6441 -34.6 32.73 42 -34.6 32.9832 42.9778 -34.6 32.979 43 -34.6 33 43.019 -34.6 33.8673 43.114 -34.6 34 43.0762 -34.6 34.091 43 -34.6 34.2741 42.7994 -34.6 34.339 42.7252 -34.6 33.7149 43.0722 -34.6 32.9756 42.6626 -34.6 32.9162 41.8227 -34.6 32.8489 41.7007 -34.6 32.8415 41.6562 -34.6 33.2104 40.7389 -34.6 33.2114 40.7343 -34.6 33.7149 39.8319 -34.6 33.7224 39.8169 -34.6 33.7297 39.777 -34.6 34.2057 38.8596 -34.6 34.2258 38.8151 -34.6 34.3889 38.5006 -34.6 34.1742 38 -34.6 34 37.2638 -34.6 
4
25
0.049538 14.2336 -33.7 2.06353e-015 14.2754 -33.7 2.06353e-015 20.1137 -33.7 5.7 20.2349 -33.7 6 20.2492 -33.7 6.7 20.2668 -33.7 7 20.2819 -33.7 7.7 20.292 -33.7 8 20.3025 -33.7 9.7 20.2871 -33.7 10 20.2748 -33.7 10.7 20.275 -33.7 11 20.2599 -33.7 11.6843 20.2763 -33.7 11.6817 16.6922 -33.7 11.639 15.8366 -33.7 11.6352 15.7303 -33.7 11.5944 15.5735 -33.7 11.5919 15.5629 -33.7 11.5511 15.4672 -33.7 11.2226 14.7685 -33.7 10.6301 14.4429 -33.7 7.85078 14.4304 -33.7 7.74447 14.4266 -33.7 1.0114 14.1768 -33.7 
36
14.3644 15.7303 -33.7 14.3749 15.6897 -33.7 14.4775 15.3245 -33.7 14.7521 14.8342 -33.7 14.7862 14.7685 -33.7 15.4394 14.4429 -33.7 16.95 14.4429 -33.7 16.3929 15 -33.7 16.282 16 -33.7 16.22 17 -33.7 16.1879 18 -33.7 16.2509 35 -33.7 16.2854 36 -33.7 16.3266 36.7 -33.7 16.3381 37 -33.7 16.3997 37.7 -33.7 16.4175 38 -33.7 16.4324 38.1477 -33.7 16.4013 38.0365 -33.7 16.3367 37.8533 -33.7 15.5742 37.028 -33.7 15.5643 37.0163 -33.7 15.5376 36.9875 -33.7 15.4575 36.8914 -33.7 15.4428 36.7932 -33.7 15.3852 35.9295 -33.7 15.3029 34.9677 -33.7 15.0356 34.6884 -33.7 15.0966 21 -33.7 15 20.9034 -33.7 14.8071 20.761 -33.7 14.3 20.2538 -33.7 14.2872 20.254 -33.7 14.2922 17.6541 -33.7 14.3113 16.6922 -33.7 14.3606 15.8366 -33.7 
29
16.4856 38.3379 -33.7 16.5892 38.7088 -33.7 16.6154 38.8151 -33.7 16.6631 38.9214 -33.7 17.1373 39.777 -33.7 17.3324 40.0242 -33.7 17.3631 40.0831 -33.7 17.3911 40.1305 -33.7 17.8286 40.7389 -33.7 17.872 40.8452 -33.7 18.2901 41.6157 -33.7 18.3484 41.7007 -33.7 18.5441 42.0448 -33.7 18.8531 42.6626 -33.7 18.8913 43.1878 -33.7 18.9397 43.0603 -33.7 18.9606 43.034 -33.7 18.9885 43 -33.7 19.0216 42.0421 -33.7 19.0221 42 -33.7 19 41.8377 -33.7 18.8438 41.3464 -33.7 18.841 41 -33.7 18.7139 40 -33.7 18.6292 39 -33.7 18.6276 38.9701 -33.7 18 38.9295 -33.7 17.7966 38.909 -33.7 17 38.8521 -33.7 
32
32.3533 38.9605 -33.7 33 38.9147 -33.7 33.1561 39 -33.7 33.5201 39.5201 -33.7 33.6319 39.7682 -33.7 33.6285 39.777 -33.7 33.6277 39.7787 -33.7 33.5694 39.8833 -33.7 32.8798 40.7389 -33.7 32.837 40.8452 -33.7 32.831 40.8538 -33.7 32.753 40.9534 -33.7 32.2948 41.7007 -33.7 32.2929 41.8122 -33.7 31.9847 42.6626 -33.7 32.0726 42.8713 -33.7 32.0297 43.6245 -33.7 32.753 44.1 -33.7 33.0093 44.0699 -33.7 33.1332 44.0228 -33.7 33 44.1187 -33.7 32.8134 44.1648 -33.7 32.2492 44 -33.7 32 43.8245 -33.7 31.8107 43 -33.7 31.8511 42.7365 -33.7 31.9081 42 -33.7 31.9325 41.8373 -33.7 32 41.4288 -33.7 32.1021 41 -33.7 32.2591 40 -33.7 32.3511 39 -33.7 
3
29
0.049538 14.238 -32.8 2.00842e-015 14.2798 -32.8 2.00842e-015 20.1181 -32.8 4.8 20.2373 -32.8 5.8 20.2862 -32.8 6 20.3031 -32.8 6.8 20.3434 -32.8 7 20.3672 -32.8 7.8 20.3952 -32.8 8 20.4171 -32.8 9 20.4089 -32.8 9.8 20.376 -32.8 10 20.3517 -32.8 10.8 20.3113 -32.8 11 20.2889 -32.8 11.6567 20.2586 -32.8 11.6565 16.6922 -32.8 11.6416 15.8985 -32.8 11.6332 15.7303 -32.8 11.5919 15.5684 -32.8 11.2094 14.7685 -32.8 10.7337 14.5176 -32.8 10.6301 14.4606 -32.8 9.8364 14.4941 -32.8 8.70633 14.5026 -32.8 7.74447 14.4794 -32.8 6.7826 14.4193 -32.8 5.98892 14.3585 -32.8 1.0114 14.1829 -32.8 
29
14.3525 15.8985 -32.8 14.3622 15.7303 -32.8 14.4775 15.3197 -32.8 14.7862 14.7685 -32.8 15.4394 14.4429 -32.8 16.95 14.4429 -32.8 16.3929 15 -32.8 16.282 16 -32.8 16.22 17 -32.8 16.1803 18 -32.8 16.1701 18.8 -32.8 16.1646 19 -32.8 16.2425 36 -32.8 16.279 37 -32.8 16.3266 37.8 -32.8 16.3349 38 -32.8 16.3668 38.3191 -32.8 16.2568 37.8533 -32.8 15.8944 37.4787 -32.8 15.9212 37 -32.8 15.9608 36 -32.8 16.0398 21 -32.8 16 20.9602 -32.8 15.8373 20.832 -32.8 15.2 20.1948 -32.8 14.2484 20.2062 -32.8 14.2512 18.6159 -32.8 14.2635 17.6541 -32.8 14.2923 16.6922 -32.8 
39
17.3631 39.9162 -32.8 17.3248 39.8676 -32.8 17.266 39.777 -32.8 17.2578 39.7675 -32.8 17.5059 39.7786 -32.8 18 39.8139 -32.8 18.5775 39.8409 -32.8 19 39.8706 -32.8 19.5009 39.895 -32.8 19.5066 40 -32.8 19.5932 41 -32.8 19.7243 42 -32.8 19.7176 42.5796 -32.8 19.8648 43 -32.8 19.9239 43.2775 -32.8 19.9236 44 -32.8 19.7822 44.1636 -32.8 19.7843 43.6245 -32.8 19.2869 42.8051 -32.8 19.2538 42.7768 -32.8 19.2454 42.6626 -32.8 19.2258 42.6359 -32.8 18.7444 41.8689 -32.8 18.6487 41.7007 -32.8 18.3364 41.2588 -32.8 18.325 41.242 -32.8 17.9721 41.3616 -32.8 17.7919 41.7007 -32.8 17.9219 41.7827 -32.8 18.0337 41.8689 -32.8 17.8249 42.0067 -32.8 17.3631 42.2791 -32.8 17.2524 42.1985 -32.8 16.8962 41.8689 -32.8 17.0897 41.7007 -32.8 17.3631 41.2867 -32.8 17.7192 41.0917 -32.8 17.9132 40.7389 -32.8 17.4492 40.0358 -32.8 
2
29
0.049538 14.2415 -31.9 1.95331e-015 14.2832 -31.9 1.95331e-015 20.1215 -31.9 4.9 20.2761 -31.9 5.9 20.3594 -31.9 6 20.3729 -31.9 6.9 20.48 -31.9 7 20.5092 -31.9 7.9 20.6076 -31.9 8 20.6497 -31.9 8.12296 20.6426 -31.9 9 20.6257 -31.9 9.02412 20.6159 -31.9 9.10001 20.5809 -31.9 9.47168 20.5358 -31.9 9.47149 15 -31.9 9.89732 14.5742 -31.9 9.6682 14.5838 -31.9 9.43811 14.5863 -31.9 8.70633 14.7342 -31.9 7.97456 14.6847 -31.9 7.74447 14.6787 -31.9 7.01269 14.5462 -31.9 6.7826 14.5314 -31.9 6.05082 14.4216 -31.9 5.82073 14.404 -31.9 5.08896 14.337 -31.9 4.12709 14.2809 -31.9 1.0114 14.1877 -31.9 
20
14.2892 16.6922 -31.9 14.2819 16.9223 -31.9 14.2476 17.6541 -31.9 14.2295 18.6159 -31.9 14.2227 20.178 -31.9 14.9 20.1727 -31.9 15 20.1698 -31.9 16.1 20.1574 -31.9 16.2481 20.3054 -31.9 16.2528 19 -31.9 16.32 17 -31.9 16.382 16 -31.9 16.4929 15 -31.9 17 14.4929 -31.9 18.481 14.4929 -31.9 18.325 14.4429 -31.9 15.4394 14.4429 -31.9 14.7862 14.7685 -31.9 14.4775 15.3197 -31.9 14.3622 15.7303 -31.9 
6
20
0.049538 14.244 -31 1.8982e-015 14.2857 -31 1.8982e-015 20.1241 -31 3 20.1959 -31 4 20.2423 -31 5 20.3168 -31 6 20.4522 -31 7 20.7438 -31 7.45508 20.9542 -31 7.45897 15.7303 -31 7.37935 15.4763 -31 7.12983 15.1157 -31 6.91815 14.7685 -31 6.7826 14.7417 -31 6.11265 14.5102 -31 5.82073 14.4664 -31 5.15079 14.3781 -31 4.85887 14.3514 -31 4.18892 14.3021 -31 1.0114 14.1911 -31 
50
9.6682 14.9119 -31 9.82689 14.7685 -31 9.90891 14.7415 -31 9.65035 15 -31 9.65035 20.8115 -31 9.24121 21 -31 9.24352 29 -31 9.26027 30 -31 9.29655 31 -31 9.35063 32 -31 9.4673 33 -31 9.52441 34 -31 9.27539 35 -31 9.00001 35.0947 -31 8.95389 35 -31 8.58035 34 -31 8.14803 33 -31 8 32.77 -31 7.82085 32 -31 7.67992 31 -31 7.59296 30 -31 7.59156 29.9683 -31 7.6486 30.1583 -31 7.72529 31.1202 -31 7.74447 31.2648 -31 8.0666 31.7599 -31 8.07786 32.0821 -31 8.13572 32.4733 -31 8.33066 32.9157 -31 8.37294 33.0439 -31 8.52483 33.8012 -31 8.58506 34.0055 -31 8.58518 34.0058 -31 8.70633 34.2948 -31 9.43619 34.0058 -31 9.43489 34.0047 -31 9.03249 33.6796 -31 9.23457 33.0439 -31 9.29464 32.6704 -31 9.14216 32.2188 -31 9.10519 32.0821 -31 9.11654 31.5685 -31 9.06939 31.1202 -31 9.07465 30.613 -31 9.05421 30.1583 -31 9.05556 29.653 -31 9.04574 29.1965 -31 9.03969 15.7303 -31 9.24962 15.4384 -31 9.57538 15.1161 -31 
22
14.6012 15.7303 -31 14.4853 16.6922 -31 14.4775 16.8067 -31 14.4457 17.6541 -31 14.4197 20.1751 -31 17 20.1317 -31 17.8683 21 -31 17.8299 35.1731 -31 19.5804 35.1528 -31 19.5941 19.8697 -31 19.5364 17.6541 -31 19.4912 16.6922 -31 19.419 15.7303 -31 19.3175 15.4384 -31 19.2869 15.3261 -31 18.6728 14.7685 -31 18.6169 14.7547 -31 18.325 14.661 -31 15.4394 14.661 -31 15.4198 14.6697 -31 15.2215 14.7685 -31 14.7642 15.4384 -31 
21
31.3622 15.7303 -31 31.2892 16.6922 -31 31.2441 17.6541 -31 31.1875 19.8697 -31 31.1876 34.0058 -31 31.1523 34.9677 -31 31.0126 35.1504 -31 32.1617 35.1646 -31 32.1245 21 -31 33 20.1245 -31 36.7842 20.1878 -31 36.7784 18.6159 -31 36.7559 17.6541 -31 36.7108 16.6922 -31 36.6378 15.7303 -31 36.6005 15.5854 -31 36.2244 14.7685 -31 35.6386 14.4429 -31 32.753 14.4429 -31 31.7911 14.6802 -31 31.7013 14.7685 -31 
28
41.4098 15.3526 -31 41.0538 14.7685 -31 40.7398 14.6435 -31 40.4479 14.5951 -31 40.2265 14.6718 -31 40.5547 15 -31 40.5382 31 -31 40.5081 32 -31 40.4078 34 -31 40.9744 35 -31 41 35.3369 -31 41.0001 35.3368 -31 41.3061 35.0037 -31 41.3179 34.9677 -31 41.335 34.8449 -31 41.288 34.0058 -31 41.3161 33.8061 -31 41.3243 33.0439 -31 41.3552 32.8617 -31 41.4098 32.3077 -31 41.4953 32.0821 -31 41.4797 32.0122 -31 41.6696 31.1202 -31 41.653 30.877 -31 41.7987 30.1583 -31 41.7921 29.776 -31 41.8251 29.1965 -31 41.8452 15.7303 -31 
38
43.2691 29 -31 43.2312 30 -31 43.1447 31 -31 43.0018 32 -31 43 32.0081 -31 42.5688 33 -31 42.2221 34 -31 42 34.7808 -31 41.9998 34.7809 -31 41.5373 34.9277 -31 41.5617 34.8887 -31 41.5619 34.8883 -31 41.6212 34.7936 -31 41.6839 34.6936 -31 41.7345 34.4201 -31 41.7351 34.4171 -31 41.8024 34.0517 -31 41.8035 34.0448 -31 41.8108 34.0058 -31 41.8142 34.0032 -31 42.3717 33.5647 -31 42.4378 33.3344 -31 42.4427 33.3212 -31 42.4427 33.321 -31 42.5449 33.0439 -31 42.6144 32.4891 -31 42.7804 31.6733 -31 42.8328 31.1202 -31 42.9592 30.5327 -31 42.9794 30.1583 -31 43.0662 29.4638 -31 43.0662 29.463 -31 43.0874 28.4807 -31 43.0789 17.6643 -31 43.0767 16.7025 -31 43.0744 15.7303 -31 43.2592 15.5973 -31 43.2651 15.5932 -31 
5
18
0.049538 14.2456 -30.1 1.84309e-015 14.2873 -30.1 1.84309e-015 20.1249 -30.1 4 20.2492 -30.1 5 20.3316 -30.1 5.1 20.3452 -30.1 6 20.4949 -30.1 6.1 20.5241 -30.1 6.62033 20.7833 -30.1 6.6205 15.7303 -30.1 6.52735 15.3765 -30.1 6.35465 14.7685 -30.1 6.12206 14.6079 -30.1 5.82073 14.5042 -30.1 5.21265 14.4125 -30.1 4.85887 14.3658 -30.1 3.897 14.2922 -30.1 1.0114 14.1932 -30.1 
42
9.78619 15.4783 -30.1 9.79194 29.1 -30.1 9.81074 30.1 -30.1 9.85255 31 -30.1 10 31.1474 -30.1 10.0458 31.215 -30.1 10.5022 32 -30.1 10.5056 32.1 -30.1 10.5625 33.1 -30.1 10.6558 34 -30.1 10.6629 34.1 -30.1 10.8409 35 -30.1 11 35.1592 -30.1 11.047 35.2203 -30.1 11.575 36 -30.1 11.5818 36.1 -30.1 11.7471 37 -30.1 11.7507 37.0036 -30.1 11.5919 37.3828 -30.1 11.2875 37.1958 -30.1 11.3003 36.9461 -30.1 11.3057 36.8914 -30.1 11.2447 36.8224 -30.1 11.2381 36.7963 -30.1 10.9968 36.2572 -30.1 10.9549 35.9295 -30.1 10.6603 35.0177 -30.1 10.64 34.9677 -30.1 10.6301 34.9401 -30.1 10.4596 34.6316 -30.1 10.368 34.3596 -30.1 10.2252 33.3977 -30.1 10.1509 33.0439 -30.1 10.0405 32.4359 -30.1 9.96603 32.0821 -30.1 9.87565 31.5157 -30.1 9.75732 31.1202 -30.1 9.70032 30.1583 -30.1 9.67502 29.1965 -30.1 9.6617 15.7303 -30.1 9.6682 15.716 -30.1 9.73723 15.5225 -30.1 
20
31.6637 15.3765 -30.1 31.539 15.7303 -30.1 31.4653 16.6922 -30.1 31.4193 17.6541 -30.1 31.3454 20.8716 -30.1 32.1 20.1178 -30.1 36.6281 20.186 -30.1 36.6236 18.6159 -30.1 36.6044 17.6541 -30.1 36.6005 17.5562 -30.1 36.5454 16.6922 -30.1 36.4392 15.7303 -30.1 36.2769 15.3765 -30.1 35.9147 14.7685 -30.1 35.8541 14.7382 -30.1 35.6386 14.6184 -30.1 32.753 14.6184 -30.1 32.3992 14.7057 -30.1 32.0619 14.7685 -30.1 31.7911 14.9451 -30.1 
55
40.2751 14.7617 -30.1 40.3948 14.7202 -30.1 40.4479 14.7062 -30.1 40.5691 14.7545 -30.1 40.5903 14.7685 -30.1 40.8092 15.1223 -30.1 41.0426 15.7303 -30.1 41.0347 29.1965 -30.1 41.0122 30.1583 -30.1 40.9729 30.5121 -30.1 40.9175 31.1202 -30.1 40.8113 32.0821 -30.1 40.7514 32.4359 -30.1 40.7011 33.0439 -30.1 40.6513 33.3977 -30.1 40.4501 33.9853 -30.1 40.4447 34.0058 -30.1 40.3659 34.4449 -30.1 40.1167 34.9677 -30.1 40.0626 35.2453 -30.1 40.0414 35.3215 -30.1 39.8576 35.9295 -30.1 39.7864 36.2833 -30.1 39.4997 36.6786 -30.1 39.4171 36.8914 -30.1 39.3125 37.3173 -30.1 39.0229 37.8533 -30.1 38.537 38.7211 -30.1 38.5242 38.7466 -30.1 38.2238 38.3718 -30.1 38.1704 38.0379 -30.1 37.887 37.8732 -30.1 37.8802 37.8533 -30.1 37.887 37.818 -30.1 37.9089 37.4994 -30.1 37.8503 37.352 -30.1 38 37.5018 -30.1 38.5018 37 -30.1 38.0387 36.5369 -30.1 38.5242 36.1049 -30.1 38.9828 35.9638 -30.1 39.0261 35.9295 -30.1 38.6678 35.3215 -30.1 38.6411 35.1163 -30.1 39 35.4752 -30.1 39.4752 35 -30.1 39.5202 34.9408 -30.1 40 34.2301 -30.1 40.2301 34 -30.1 40.352 33.1 -30.1 40.3569 33 -30.1 40.4374 32.1 -30.1 40.4425 32 -30.1 40.5062 30.1 -30.1 40.5134 15 -30.1 
17
31.2361 35.0886 -30.1 31.2104 35.1224 -30.1 30.8293 35.554 -30.1 30.4754 35.9295 -30.1 30.4362 36.2833 -30.1 30.38 36.8914 -30.1 30.4278 38.8151 -30.1 30.4668 39.777 -30.1 30.526 40.7389 -30.1 30.2252 41.2613 -30.1 30.2859 41.2651 -30.1 31 41.2893 -30.1 31.2541 41.3021 -30.1 31.4433 41.3044 -30.1 31.4452 41.2937 -30.1 31.4153 41 -30.1 31.3535 40 -30.1 
1
21
0.049538 14.3578 -29.2 1.78798e-015 14.3994 -29.2 1.78799e-015 20.1243 -29.2 3 20.1972 -29.2 4 20.2448 -29.2 5 20.3219 -29.2 5.2 20.3551 -29.2 6 20.4643 -29.2 6.19998 20.5638 -29.2 6.34197 20.6077 -29.2 6.3428 15.7303 -29.2 6.13928 15.1842 -29.2 6.02122 14.7685 -29.2 5.97972 14.7415 -29.2 5.82073 14.6317 -29.2 5.27455 14.5653 -29.2 4.85887 14.5025 -29.2 3.897 14.4302 -29.2 2.93514 14.3861 -29.2 1.0114 14.3318 -29.2 0.465221 14.3352 -29.2 
1
12
1.73287e-015 15.6699 -28.3 1.73287e-015 20.1222 -28.3 3 20.1897 -28.3 4 20.2311 -28.3 4.05259 20.235 -28.3 4.05293 15.7303 -28.3 3.897 15.6883 -28.3 2.93514 15.5276 -28.3 1.97327 15.4145 -28.3 1.0114 15.3305 -28.3 0.307059 15.4728 -28.3 0.049538 15.4802 -28.3 
0
0
0
0
0
0
0
0
0
0
0
0
0
