8
0
1
18
28.6061 15.1393 -31.1421 28.7211 15.0035 -31.1421 28.7213 15.0034 -31.1421 28.7218 15.0033 -31.1421 28.7222 15.0032 -31.1421 29.6658 14.7231 -31.1421 29.6666 14.7229 -31.1421 30.6103 14.9414 -31.1421 30.8345 15.1387 -31.1421 30.8353 15.1393 -31.1421 30.834 15.1424 -31.1421 30.6103 15.4653 -31.1421 29.6689 15.6324 -31.1421 29.6658 15.6325 -31.1421 28.7247 15.3861 -31.1421 28.7214 15.3859 -31.1421 28.6067 15.1422 -31.1421 28.6056 15.1397 -31.1421 
1
24
28 15.3354 -30.2421 28.3467 15.177 -30.2421 27.8152 15.5568 -30.2421 27.8384 15.61 -30.2421 27.7769 15.6197 -30.2421 27.2415 16.0837 -30.2421 27.7769 16.8227 -30.2421 27.9555 17.0282 -30.2421 27.9355 17.0398 -30.2421 27.8206 17.1983 -30.2421 27.7769 17.2267 -30.2421 27.4148 17.969 -30.2421 27.4104 17.9726 -30.2421 26.8325 18.4515 -30.2421 26.2667 18.7935 -30.2421 26.5841 18.1251 -30.2421 26.6364 18 -30.2421 26.6362 17.3373 -30.2421 26.6979 17 -30.2421 26.9922 16.4497 -30.2421 27 16.4248 -30.2421 27.0755 16 -30.2421 27.224 15.8082 -30.2421 27.2421 15.7815 -30.2421 
1
28
27.1667 32.0408 -29.3421 27.3552 32.1394 -29.3421 27.7509 32.3754 -29.3421 27.7769 32.3973 -29.3421 27.8612 32.4635 -29.3421 28.4302 33.0838 -29.3421 28.7176 33.7696 -29.3421 28.7214 33.7725 -29.3421 28.8095 33.8312 -29.3421 28.8599 33.8677 -29.3421 28.9751 34.0283 -29.3421 28.8216 34.272 -29.3421 28.7214 34.4086 -29.3421 28.2647 34.9727 -29.3421 28.7214 35.3092 -29.3421 28.8845 35.348 -29.3421 28.8045 35.4721 -29.3421 29.0666 35.7719 -29.3421 29 35.7578 -29.3421 28.3421 35.4629 -29.3421 28.1334 35.1328 -29.3421 28.0708 35 -29.3421 28.0928 34.8183 -29.3421 28 34.5015 -29.3421 27.8239 34 -29.3421 27.8451 33.6995 -29.3421 27.7213 33 -29.3421 27.4518 32.6579 -29.3421 
1
20
27.7769 32.833 -28.4421 27.4121 32.6229 -28.4421 27.6654 33 -28.4421 27.6342 33.4421 -28.4421 27.2908 34 -28.4421 27.4621 34.4421 -28.4421 27.8973 35 -28.4421 27.985 35.0893 -28.4421 28.5579 35.3913 -28.4421 28.6344 35.4255 -28.4421 27.8944 34.9727 -28.4421 27.8231 34.8085 -28.4421 27.9219 34.6661 -28.4421 27.7769 34.3767 -28.4421 27.6467 34.0283 -28.4421 27.7769 33.7777 -28.4421 27.9219 33.5697 -28.4421 27.865 33.43 -28.4421 28.0021 33.0838 -28.4421 27.865 32.929 -28.4421 
0
0
0
