0

8
0 
1 0 
1 1 
0 
0 
0 
0 
0 
2
1 0 0 -31.1421
0 
1
31
28.2478 15.2642 -31.1421 28.5467 15 -31.1421 29 14.7113 -31.1421 30 14.6734 -31.1421 30.7118 14.7919 -31.1421 31 14.9248 -31.1421 31.0386 15 -31.1421 31.213 15.257 -31.1421 31.626 16 -31.1421 31.7556 16.1681 -31.1421 31.7842 16.2069 -31.1421 31.5547 16.3067 -31.1421 31.5516 16.3064 -31.1421 30.6103 16.3239 -31.1421 30.607 16.3239 -31.1421 29.6658 16.5589 -31.1421 29.6633 16.5618 -31.1421 29.1571 17.0282 -31.1421 28.7207 17.2798 -31.1421 28.7206 17.2799 -31.1421 27.7769 17.8948 -31.1421 27.7766 17.8955 -31.1421 27.681 17.9726 -31.1421 27.1707 18.3982 -31.1421 27.3843 18.0071 -31.1421 27.3879 18 -31.1421 27.5408 17.147 -31.1421 27.5988 17 -31.1421 27.5058 16.2547 -31.1421 27.5121 16 -31.1421 28 15.37 -31.1421 
2 1 0 -30.2421
0 
1
33
28.2153 32.7128 -30.2421 28.7214 33.1101 -30.2421 28.7281 33.1139 -30.2421 28.7651 33.1317 -30.2421 29.6658 33.7322 -30.2421 29.7095 33.7483 -30.2421 30.6103 34.027 -30.2421 30.6136 34.0283 -30.2421 30.6351 34.0538 -30.2421 30.6539 34.0614 -30.2421 31.5547 34.4613 -30.2421 31.934 34.5821 -30.2421 31.787 34.8429 -30.2421 31.5326 34.7408 -30.2421 31.3746 35 -30.2421 31.51 35.521 -30.2421 31.468 35.764 -30.2421 31.4679 35.7646 -30.2421 31.4392 35.9312 -30.2421 31.4383 35.9363 -30.2421 31.4383 35.9365 -30.2421 31.4273 36 -30.2421 31 36.2079 -30.2421 30.5634 36.157 -30.2421 30 36.1023 -30.2421 29.747 36 -30.2421 29.7157 35.99 -30.2421 29 35.4827 -30.2421 28.6948 35 -30.2421 28.7554 34.4997 -30.2421 28.716 34 -30.2421 28.5665 33.7579 -30.2421 28.3728 33 -30.2421 
