15
0
0
0
0
2
15
-21.1303 39.0004 22.6019 -22 39.9175 22.6019 -22.0575 39.975 22.6019 -22.0809 40 22.6019 -22.6004 40.6019 22.6019 -22.9719 41 22.6019 -22.9751 41.0041 22.6019 -23 41.0331 22.6019 -23.2377 41.606 22.6019 -23.2974 41.7699 22.6019 -23 41.6066 22.6019 -22.4379 41 22.6019 -22 40.5621 22.6019 -21.4538 40 22.6019 -21.3177 39.6019 22.6019 
18
-24.4781 44 22.6019 -24.3933 43.6512 22.6019 -24.6226 44 22.6019 -24.7155 44.0982 22.6019 -25 44.5636 22.6019 -25.1568 44.7001 22.6019 -25.5119 45 22.6019 -25.5549 45.0305 22.6019 -26 45.2442 22.6019 -26.6019 45.421 22.6019 -26.8686 45.4839 22.6019 -26.6019 45.4763 22.6019 -26 45.4243 22.6019 -25.6019 45.3787 22.6019 -25 45.5024 22.6019 -24.6885 45.1773 22.6019 -24.5024 45 22.6019 -24.4377 44.6019 22.6019 
1
16
-22 40.5706 23.5019 -21.739 40.2762 23.5019 -21.4708 40 23.5019 -21.3156 39.5019 23.5019 -21.1794 39.0246 23.5019 -21.5877 39.4505 23.5019 -22 39.9009 23.5019 -22.0991 40 23.5019 -22.4836 40.5019 23.5019 -22.934 41.024 23.5019 -23 41.0943 23.5019 -23.1929 41.5259 23.5019 -23.275 41.724 23.5019 -23 41.5985 23.5019 -22.7057 41.2955 23.5019 -22.4294 41 23.5019 
2
9
-21.3206 20 24.4019 -21 20.5622 24.4019 -20.9548 20 24.4019 -20.9564 19 24.4019 -21 18.7819 24.4019 -21.2068 18.7932 24.4019 -22.1388 18.8612 24.4019 -22.2776 19 24.4019 -22 19.2318 24.4019 
16
-22.2083 40.402 24.4019 -22.0687 40 24.4019 -22 39.9313 24.4019 -21.6815 39.5367 24.4019 -21.2116 39.0235 24.4019 -21.3017 39.4019 24.4019 -21.4723 40 24.4019 -22 40.6007 24.4019 -22.3389 40.7526 24.4019 -22.5863 41 24.4019 -22.937 41.3611 24.4019 -23 41.4224 24.4019 -23.1738 41.5389 24.4019 -23.15 41.4856 24.4019 -22.745 41.0838 24.4019 -22.6665 41 24.4019 
0
0
0
0
0
0
0
2
10
-12.6812 18.3188 31.6019 -12.2794 19 31.6019 -12 19.4931 31.6019 -11.0965 19.9035 31.6019 -11.1858 19 31.6019 -11.4073 18.5927 31.6019 -11.5234 18 31.6019 -12 17.8912 31.6019 -12.1525 17.8475 31.6019 -12.415 18 31.6019 
9
-7 12.7034 31.6019 -7.02036 13 31.6019 -7.12463 14 31.6019 -7.19706 14.2444 31.6019 -7 14.4575 31.6019 -6.09861 14.9014 31.6019 -6.19744 14 31.6019 -6.601 13.399 31.6019 -6.67384 13 31.6019 
