8
0
0
2
6
18 25.8119 -27.2 17.7776 25.7776 -27.2 17.6909 26 -27.2 18 26.2976 -27.2 18.2103 26.2103 -27.2 18.1636 26 -27.2 
6
20.094 29.8198 -27.2 20 29.5221 -27.2 19.6303 29.6303 -27.2 19.5835 30 -27.2 20 30.3633 -27.2 20.145 30 -27.2 
2
8
30.0285 12.9023 -26.3 30 12.8511 -26.3 29.9098 13 -26.3 29.9023 13.0068 -26.3 29.8183 13.1817 -26.3 30 13.2466 -26.3 30.2105 13.2105 -26.3 30.0802 13 -26.3 
12
30.9785 17.8837 -26.3 31 17.9178 -26.3 31.0605 18 -26.3 31.8613 18.7109 -26.3 32 18.8413 -26.3 32.2105 19 -26.3 32.3052 19.3052 -26.3 32 19.3861 -26.3 31.4388 19 -26.3 31 18.2928 -26.3 30.656 18 -26.3 30.7753 17.7753 -26.3 
0
1
12
37.111 20.4917 -24.5 37 20.6096 -24.5 36.7701 20.8395 -24.5 36.5037 21 -24.5 36.7042 21.5 -24.5 36.7514 22 -24.5 36.7261 22.5324 -24.5 36.8172 22.41 -24.5 37 22.1738 -24.5 37.1058 22 -24.5 37.0319 21 -24.5 37.047 20.9256 -24.5 
0
0
