8
0
2
50
16.6873 23.8694 -28.1 16.7632 23.9 -28.1 16.9513 24 -28.1 17.1329 24.0891 -28.1 18 24.5753 -28.1 18.3711 24.8671 -28.1 18.425 24.9 -28.1 18.5698 25 -28.1 19 25.4947 -28.1 19.1999 25.7522 -28.1 19.3238 25.9 -28.1 19.375 26 -28.1 19.5825 26.4314 -28.1 19.8854 27 -28.1 20.3446 28.1994 -28.1 20.6168 29 -28.1 20.7995 29.5811 -28.1 20.918 30 -28.1 20.9811 30.9033 -28.1 20.9799 31 -28.1 20.5553 32 -28.1 20.1997 32.8003 -28.1 20.1023 33 -28.1 20 32.869 -28.1 19.836 32.836 -28.1 19.8513 33 -28.1 20 33.1897 -28.1 19.5629 34 -28.1 19 34.6891 -28.1 18.3627 34.8082 -28.1 18 34.9003 -28.1 17.8324 35 -28.1 17 35.3508 -28.1 16.1317 36 -28.1 16 35.8184 -28.1 15.8689 35.8689 -28.1 15.7862 36 -28.1 15.7463 35.9896 -28.1 15 35.5351 -28.1 14.9523 35.4393 -28.1 14.7233 35.1 -28.1 14.712 35 -28.1 14.4864 34.1 -28.1 14.2738 25.1 -28.1 14.2652 25 -28.1 14.2083 24.1 -28.1 14.1985 24 -28.1 14.9016 23.2092 -28.1 14.1357 23.0165 -28.1 15 23.0424 -28.1 
32
14.5984 24 -28.1 15 23.5984 -28.1 15.4016 24 -28.1 15.9491 24.4462 -28.1 16 24.4848 -28.1 16.5152 25 -28.1 16.9615 25.4121 -28.1 17 25.4464 -28.1 17.5536 26 -28.1 18.5397 27 -28.1 19 27.5371 -28.1 19.4629 28 -28.1 19.4665 28.1 -28.1 19.5136 29 -28.1 19 29.5136 -28.1 18.7067 29.9634 -28.1 18.6786 30 -28.1 18.6759 30.1 -28.1 18.6364 31 -28.1 18.6336 31.1 -28.1 18.5817 32 -28.1 18 32.5817 -28.1 17.9 32.5879 -28.1 17 32.6837 -28.1 16.643 32.9725 -28.1 16.605 33 -28.1 16 33.6049 -28.1 15.9 33.5819 -28.1 15 33.3497 -28.1 14.6503 33 -28.1 14.5814 25 -28.1 14.6011 24.1 -28.1 
3
168
10.9049 2.35541e-015 -27.2 11 5.44757 -27.2 11.3906 5.39063 -27.2 12 5.09603 -27.2 12.0433 5.04335 -27.2 12.1133 5 -27.2 12.5386 4.53862 -27.2 13 4.29503 -27.2 13.1712 4.17117 -27.2 13.6013 4 -27.2 13.8496 3.84964 -27.2 14 3.79208 -27.2 14.4938 3.49383 -27.2 15 3.29915 -27.2 15.1849 3.18486 -27.2 15.6731 3 -27.2 15.8789 2.87886 -27.2 16 2.83333 -27.2 16.5204 2.52041 -27.2 17 2.34358 -27.2 17.2312 2.2312 -27.2 18 2.06193 -27.2 18.0568 2.05684 -27.2 19 2.00885 -27.2 22 1.90798 -27.2 23 1.89602 -27.2 23.4533 2 -27.2 24 2.10174 -27.2 24.1589 2.15891 -27.2 25 2.39554 -27.2 25.6174 2.61739 -27.2 26 2.725 -27.2 26.7719 3 -27.2 27 3.065 -27.2 28 3.27228 -27.2 28.4382 3.43825 -27.2 29 3.58772 -27.2 29.7344 4 -27.2 30 4.13281 -27.2 30.329 4.32903 -27.2 31 4.67192 -27.2 31.5562 5 -27.2 32 5.2338 -27.2 32.5971 5.59712 -27.2 33 5.81145 -27.2 33.3129 6 -27.2 34 6.37963 -27.2 35 7 -27.2 36 7.57534 -27.2 36.6703 8 -27.2 37 8.19935 -27.2 37.6559 8.65591 -27.2 38 8.872 -27.2 38.1455 9 -27.2 39 9.84685 -27.2 39.1333 10 -27.2 39.7234 10.7234 -27.2 39.9605 11 -27.2 40 11.0492 -27.2 40.8071 12 -27.2 41 12.24 -27.2 41.6419 13 -27.2 42.3588 14 -27.2 42.5243 14.5243 -27.2 42.733 15 -27.2 42.7752 15.7752 -27.2 42.7958 16 -27.2 42.6831 16.6831 -27.2 42.5548 17.2002 -27.2 41 17.2764 -27.2 40.8 17.2913 -27.2 40 17.3675 -27.2 39.8 17.392 -27.2 39 17.5465 -27.2 38.8 17.5977 -27.2 38.1283 17.9423 -27.2 38.0382 18 -27.2 38.0989 17.6166 -27.2 38.2433 17 -27.2 38.3942 16 -27.2 38.2358 15.4323 -27.2 38.0805 15 -27.2 38 14.9026 -27.2 37.8891 14.8198 -27.2 37.3769 14.2 -27.2 37.2878 14.1236 -27.2 37.1986 14 -27.2 37 13.7598 -27.2 36.8092 13.6519 -27.2 36.2533 13.2 -27.2 36.2441 13.1939 -27.2 36.0415 13 -27.2 36 12.9682 -27.2 35.7451 12.8256 -27.2 33.2391 11 -27.2 32.558 10.558 -27.2 32.365 10 -27.2 32 9.58638 -27.2 31.6633 9.66329 -27.2 31.674 10 -27.2 31.6414 9.98384 -27.2 31 9.57562 -27.2 30.3172 9.10733 -27.2 30 8.90637 -27.2 29.7968 8.76479 -27.2 29 8.25971 -27.2 28.9964 8.25671 -27.2 28.9959 8.25637 -27.2 28.9107 8.19999 -27.2 28.7143 8.04667 -27.2 28.6386 8 -27.2 27.9218 7.61669 -27.2 27.8 7.55043 -27.2 27 7.22371 -27.2 26.8 7.1688 -27.2 26.0547 7.03023 -27.2 26.0846 7 -27.2 26 6.85303 -27.2 25.8794 6.87939 -27.2 25.9313 7 -27.2 25 6.6996 -27.2 24.9069 6.67708 -27.2 24.8 6.64899 -27.2 24 6.38931 -27.2 23.8 6.39099 -27.2 23 6.18176 -27.2 22.8 6.17834 -27.2 22 6.18899 -27.2 21.8 6.18086 -27.2 21 6.19152 -27.2 20.8 6.18195 -27.2 20 6.19071 -27.2 19.8 6.20733 -27.2 19 6.19749 -27.2 18 6.53346 -27.2 17.1339 7 -27.2 17 6.73864 -27.2 16.674 6.67395 -27.2 16.8373 7.14783 -27.2 16.2 7.48294 -27.2 16.0888 7.54994 -27.2 16 7.60629 -27.2 15.2528 8 -27.2 15 7.60081 -27.2 14.5284 7.52839 -27.2 14.664 8 -27.2 14.5481 8.45195 -27.2 14.8877 8.21574 -27.2 14.2 8.73702 -27.2 14.1374 8.76994 -27.2 14 8.85941 -27.2 13.9041 9 -27.2 13.8431 9.07223 -27.2 13.6939 9.2 -27.2 13.1569 10 -27.2 13.1061 10.0548 -27.2 13 10.2128 -27.2 12.8 10.191 -27.2 12.5368 10 -27.2 11.8 9.68563 -27.2 11 9.50673 -27.2 10.9225 9.37481 -27.2 10.6744 9 -27.2 10.4546 8.2 -27.2 10.4092 8 -27.2 10.2938 7 -27.2 10.2292 6 -27.2 10.1062 2.3554e-015 -27.2 
74
28 14.495 -27.2 27.495 15 -27.2 27.4704 15.2 -27.2 27.3403 16 -27.2 27.3322 16.2 -27.2 27.312 17 -27.2 27.3162 17.2 -27.2 27.282 18 -27.2 27.2868 18.2 -27.2 27.2932 19 -27.2 28 19.7068 -27.2 28.0634 19.7738 -27.2 28.304 20 -27.2 28.3204 20.2 -27.2 28.3523 21 -27.2 29 21.6477 -27.2 29.0852 21.7274 -27.2 29.5179 22 -27.2 30 22.4821 -27.2 30.8 22.6375 -27.2 30.9587 22.7227 -27.2 31 22.8134 -27.2 31.2789 22.4616 -27.2 31.7632 22 -27.2 31.7931 21.5088 -27.2 32 21.2282 -27.2 31.8373 21 -27.2 31.7961 20.7961 -27.2 32 20.826 -27.2 32.2657 21 -27.2 33 20.5875 -27.2 33.0448 20.559 -27.2 33.8665 20 -27.2 33.8514 19.9791 -27.2 33 19.0749 -27.2 32.9763 19 -27.2 32.7402 18.8 -27.2 32.4627 18.6354 -27.2 32 18.2866 -27.2 31.6952 18 -27.2 31.3646 17.5509 -27.2 31.0667 17.0667 -27.2 31 17.0637 -27.2 30.9067 17 -27.2 30.9023 16.9023 -27.2 30.6672 16 -27.2 30.6542 15.6542 -27.2 31 15.7549 -27.2 31.1652 16 -27.2 31.1844 15.8156 -27.2 31.2871 15 -27.2 31.5671 14.2827 -27.2 31.604 14 -27.2 31.0895 13.0895 -27.2 31 13.1044 -27.2 30.8815 13 -27.2 30.9265 12.9265 -27.2 31 12.9215 -27.2 30.3124 11.6263 -27.2 30 11.2048 -27.2 29.9289 11.4486 -27.2 29.8125 11.8 -27.2 29.6955 12 -27.2 29.0835 12.8 -27.2 29 12.8761 -27.2 29.2131 12.7869 -27.2 29.3145 13 -27.2 29.4021 13.4021 -27.2 29 13.3241 -27.2 28.9265 13.1379 -27.2 28.9516 13 -27.2 28.6429 13.8 -27.2 28.6064 14 -27.2 28.513 14.0906 -27.2 
19
36 19.7237 -27.2 35.8 19.769 -27.2 35.6072 19.8843 -27.2 35.4573 20 -27.2 35.3881 20.6025 -27.2 35.3807 21 -27.2 35.4899 21.591 -27.2 35.4186 22 -27.2 35.6897 22.6897 -27.2 36 22.8 -27.2 36.0748 22.6474 -27.2 36.3302 22 -27.2 36.3286 21.6442 -27.2 36.3004 21 -27.2 36.3222 20.6909 -27.2 36.4692 20 -27.2 36.6909 19.6216 -27.2 37 19.3275 -27.2 36.8 19.4009 -27.2 
3
95
50.8 2.27747e-015 -26.3 50.8 17.0783 -26.3 42 17.2296 -26.3 41 17.2927 -26.3 40.7 17.3213 -26.3 40 17.4038 -26.3 39.7 17.4617 -26.3 39 17.6498 -26.3 38.6424 17.8708 -26.3 38.3905 18 -26.3 38.6324 17.3 -26.3 38.7026 17 -26.3 38.7479 16.7 -26.3 38.9814 16 -26.3 38.8636 15.7567 -26.3 38.6335 15.3 -26.3 38.5257 15 -26.3 38.0559 14.3964 -26.3 37 13.1172 -26.3 36.7915 12.9479 -26.3 36.2443 12.3 -26.3 36.1527 12.2298 -26.3 36 12.0585 -26.3 35.9201 12 -26.3 34.9861 11.3474 -26.3 34.9159 11.3 -26.3 34.6297 11.0905 -26.3 34.5015 11 -26.3 34 10.7253 -26.3 33.26 10.3 -26.3 33 10.1275 -26.3 32.7998 10 -26.3 32.7119 9.955 -26.3 32.7 9.94744 -26.3 32 9.57049 -26.3 31.7 9.37957 -26.3 31.1218 9.04837 -26.3 31 8.98281 -26.3 30.8405 8.90119 -26.3 30.7 8.81262 -26.3 30 8.43557 -26.3 29.7 8.2454 -26.3 29.6275 8.20091 -26.3 29 7.86356 -26.3 28.9679 7.84779 -26.3 28 7.32648 -26.3 27.7 7.20395 -26.3 27.5697 7.13854 -26.3 27.305 7 -26.3 27 6.85313 -26.3 26.8174 6.81954 -26.3 26.7 6.79583 -26.3 26 6.60634 -26.3 25.7 6.50896 -26.3 25 6.33213 -26.3 24.7 6.23475 -26.3 23.7809 6 -26.3 23.6914 5.97926 -26.3 23 5.80717 -26.3 22.6839 5.80925 -26.3 22 5.7716 -26.3 21.6721 5.77557 -26.3 21 5.79786 -26.3 20.6557 5.80279 -26.3 20 5.83075 -26.3 19.661 5.82937 -26.3 19 5.85756 -26.3 18.4692 6 -26.3 18.4379 6.01065 -26.3 18.3 6.05091 -26.3 18 6.15111 -26.3 17.7 6.31377 -26.3 16.1371 6.98789 -26.3 16 7.05996 -26.3 15.8776 7.13123 -26.3 15 7.59334 -26.3 14.5891 7.98896 -26.3 14.5711 8 -26.3 14.2891 8.21373 -26.3 13.7351 8.91373 -26.3 13 10.0161 -26.3 12.9779 10 -26.3 12.9186 9.95262 -26.3 12.7 9.86026 -26.3 12 9.57909 -26.3 11.7 9.51201 -26.3 11 9.28768 -26.3 10.907 9.14713 -26.3 10.7598 9 -26.3 10.5216 8.3 -26.3 10.4391 8 -26.3 10.3443 7.3 -26.3 10.3089 7 -26.3 10.2382 6 -26.3 10.1067 2.27747e-015 -26.3 
11
28 17.4122 -26.3 27.9749 18 -26.3 27.9828 19 -26.3 28 19.0172 -26.3 28.0072 19.024 -26.3 28.9556 19.9556 -26.3 29 19.6364 -26.3 29.0128 19.0128 -26.3 29.0159 19 -26.3 29 18.9722 -26.3 28.3392 18 -26.3 
14
36.9005 19.8357 -26.3 37 19.7088 -26.3 36.7 19.8298 -26.3 36.1978 20 -26.3 36.0585 20.4311 -26.3 36.0053 21 -26.3 36.0158 21.0388 -26.3 36.2581 22 -26.3 36.3208 22.3 -26.3 36.4391 22 -26.3 36.5492 21.3 -26.3 36.5361 21 -26.3 36.7405 20.3 -26.3 36.8043 20 -26.3 
2
101
10.1062 2.19953e-015 -25.4 10.248 6 -25.4 10.3255 7 -25.4 10.3797 7.4 -25.4 10.4736 8 -25.4 10.6097 8.4 -25.4 10.9159 8.70619 -25.4 11 8.75832 -25.4 11.3348 9 -25.4 11.4935 9.15876 -25.4 11.6 9.27707 -25.4 12 9.40526 -25.4 12.6 9.7962 -25.4 13 9.95687 -25.4 13.2293 9.37293 -25.4 13.4779 9 -25.4 13.6293 8.80676 -25.4 14 8.40825 -25.4 14.2015 8.20676 -25.4 14.3667 8 -25.4 14.6015 7.77393 -25.4 15 7.35802 -25.4 15.5986 7.17393 -25.4 15.9286 7 -25.4 15.9986 6.96892 -25.4 16 6.96821 -25.4 16.6 6.55381 -25.4 17 6.38086 -25.4 17.6 6.22258 -25.4 18 6.04962 -25.4 18.1044 6.02301 -25.4 18.1832 6 -25.4 19 5.78149 -25.4 20 5.74153 -25.4 20.6 5.73585 -25.4 21 5.71879 -25.4 21.6 5.7131 -25.4 22 5.69983 -25.4 23 5.74981 -25.4 23.6 5.58642 -25.4 24.0482 5.69798 -25.4 24.5247 6 -25.4 24.6482 6.12353 -25.4 25 6.21109 -25.4 25.6 6.29856 -25.4 26 6.39961 -25.4 26.6 6.7121 -25.4 27 6.82038 -25.4 27.3779 7 -25.4 27.8142 7.14599 -25.4 28 7.24326 -25.4 28.6 7.63515 -25.4 29.2795 8 -25.4 29.7622 8.16318 -25.4 30 8.29125 -25.4 30.6 8.70154 -25.4 31.1551 9 -25.4 31.705 9.17911 -25.4 32 9.338 -25.4 32.6 9.4414 -25.4 33.0478 9.68252 -25.4 33.4409 10 -25.4 33.6478 10.3923 -25.4 34 10.5952 -25.4 34.6 10.5032 -25.4 34.9598 10.7003 -25.4 35 10.7091 -25.4 35.3448 11 -25.4 35.5823 11.5111 -25.4 35.6 11.5538 -25.4 36 11.8317 -25.4 36.0873 11.9267 -25.4 36.1841 12 -25.4 36.6873 12.4847 -25.4 37 12.8549 -25.4 37.1142 13 -25.4 37.4449 13.4 -25.4 37.9254 14 -25.4 37.9544 14.029 -25.4 38 14.0841 -25.4 38.2685 14.429 -25.4 38.7299 15 -25.4 38.8685 15.1386 -25.4 39 15.3996 -25.4 39.0564 15.5386 -25.4 39.3652 16 -25.4 39.3089 16.1881 -25.4 39 16.6446 -25.4 38.8565 16.7881 -25.4 38.7904 17 -25.4 38.6522 17.4 -25.4 38.5857 17.8963 -25.4 38.6221 17.8737 -25.4 39 17.6498 -25.4 39.6 17.5099 -25.4 40 17.4024 -25.4 41 17.2912 -25.4 42 17.2282 -25.4 43 17.1876 -25.4 50.8 17.0782 -25.4 50.8 2.19953e-015 -25.4 
14
37.3367 20 -25.4 37.2285 20.5337 -25.4 37.1256 21 -25.4 37.1957 22 -25.4 37 22.3216 -25.4 36.8616 22.3922 -25.4 36.7652 22.4568 -25.4 36.7679 22.4 -25.4 36.6844 22 -25.4 36.4438 21.4 -25.4 36.3346 21 -25.4 36.4639 20.6 -25.4 36.7156 20.5337 -25.4 37 20.3624 -25.4 
1
94
10.1052 2.12159e-015 -24.5 10.2584 6 -24.5 10.3432 7 -24.5 10.5068 8 -24.5 11 8.49327 -24.5 11.3392 8.73811 -24.5 11.6751 9 -24.5 12 9.3249 -24.5 12.5 9.38591 -24.5 13 9.71169 -24.5 13.225 9.48662 -24.5 13.4161 9 -24.5 14 8.36913 -24.5 14.3691 8 -24.5 14.7012 7.65341 -24.5 15 7.33063 -24.5 15.1772 7.15341 -24.5 15.6761 7 -24.5 15.6772 6.99941 -24.5 16 6.74875 -24.5 16.5 6.67705 -24.5 17 6.33172 -24.5 17.5 6.19981 -24.5 17.6777 6.02218 -24.5 17.6926 6 -24.5 18 5.76185 -24.5 18.5 5.63999 -24.5 19 5.61813 -24.5 19.5 5.61491 -24.5 20 5.59582 -24.5 22.5 5.58254 -24.5 23 5.60584 -24.5 23.5 5.64369 -24.5 24 5.50754 -24.5 24.3971 5.75922 -24.5 24.7508 6 -24.5 25 6.24921 -24.5 25.5 6.30829 -24.5 26 6.38118 -24.5 26.5 6.42335 -24.5 27 6.68376 -24.5 27.1364 6.74751 -24.5 27.4816 7 -24.5 27.6364 7.15479 -24.5 28 7.27644 -24.5 28.5 7.36136 -24.5 29 7.68793 -24.5 29.0977 7.7397 -24.5 29.4128 8 -24.5 29.5977 8.18497 -24.5 30 8.32095 -24.5 30.5 8.39361 -24.5 31 8.73553 -24.5 31.0417 8.75764 -24.5 31.3301 9 -24.5 31.5417 9.21167 -24.5 32 9.36094 -24.5 32.5 9.42302 -24.5 33 9.50919 -24.5 33.3276 9.77376 -24.5 33.5922 10 -24.5 33.8276 10.2354 -24.5 34 10.5624 -24.5 34.5 10.6164 -24.5 35 10.5397 -24.5 35.2961 10.7894 -24.5 35.537 11 -24.5 35.7961 11.259 -24.5 36 11.6979 -24.5 36.0807 11.759 -24.5 36.3624 12 -24.5 36.5807 12.2183 -24.5 37 12.6222 -24.5 37.0754 12.7183 -24.5 37.3806 13 -24.5 37.781 13.5 -24.5 37.9515 14 -24.5 38 14.0485 -24.5 38.3845 14.5244 -24.5 38.7275 15 -24.5 39 15.2725 -24.5 39.2574 15.6571 -24.5 39.4978 16 -24.5 39.2404 16.3804 -24.5 39 16.7246 -24.5 38.7245 17 -24.5 38.6213 17.8004 -24.5 39 17.5972 -24.5 39.5 17.4981 -24.5 40 17.3815 -24.5 41 17.2803 -24.5 42 17.2218 -24.5 50.8 17.0776 -24.5 50.8 2.12159e-015 -24.5 
1
81
50.8 2.04366e-015 -23.6 50.8 17.0769 -23.6 42 17.2156 -23.6 41 17.2701 -23.6 40 17.3623 -23.6 39.4 17.4812 -23.6 39 17.5496 -23.6 38.6 17.709 -23.6 38.5666 17.7291 -23.6 38.5748 17.6 -23.6 38.6471 17 -23.6 39 16.6471 -23.6 39.1693 16.4129 -23.6 39.4578 16 -23.6 39.2885 15.786 -23.6 39 15.3745 -23.6 38.6255 15 -23.6 38.4115 14.7383 -23.6 38 14.1675 -23.6 37.8325 14 -23.6 37.7787 13.6 -23.6 37.5742 13 -23.6 37.3662 12.816 -23.6 37 12.4779 -23.6 36.5221 12 -23.6 36.338 11.8374 -23.6 36 11.5482 -23.6 35.4518 11 -23.6 35 10.6024 -23.6 34.4 10.5376 -23.6 34 10.5067 -23.6 33.4933 10 -23.6 33.3175 9.84469 -23.6 33 9.5732 -23.6 32.4 9.4987 -23.6 32 9.4629 -23.6 31.5371 9 -23.6 31 8.54402 -23.6 30.4 8.45682 -23.6 30 8.42348 -23.6 29.5765 8 -23.6 29.3781 7.8284 -23.6 29 7.51604 -23.6 28.4 7.41414 -23.6 28 7.38238 -23.6 27.6176 7 -23.6 27.4142 6.83181 -23.6 27 6.52882 -23.6 26.4 6.47822 -23.6 26 6.46096 -23.6 25.4 6.39007 -23.6 25 6.36886 -23.6 24.6311 6 -23.6 24.4245 5.84002 -23.6 24 5.55108 -23.6 23.4 5.50566 -23.6 23 5.49113 -23.6 19 5.50708 -23.6 18.4 5.53331 -23.6 18 5.5369 -23.6 17.7715 5.70029 -23.6 17.3847 6 -23.6 17 6.38469 -23.6 16.4 6.47073 -23.6 16 6.50877 -23.6 15.7623 6.6992 -23.6 15.375 7 -23.6 15 7.37499 -23.6 14.4242 8 -23.6 14 8.42422 -23.6 13.4671 9 -23.6 13 9.4671 -23.6 12.4 9.39389 -23.6 12 9.33067 -23.6 11.6693 9 -23.6 11 8.4796 -23.6 10.5204 8 -23.6 10.3522 7 -23.6 10.2648 6 -23.6 10.2112 5 -23.6 10.1042 2.04365e-015 -23.6 
1
150
10.8024 1.96572e-015 -22.7 10.9448 6 -22.7 11 6.83133 -22.7 11.5545 7 -22.7 12 7.08729 -22.7 12.1322 7.13216 -22.7 13 7.0823 -22.7 13.0261 7.02611 -22.7 13.0608 7 -22.7 13.38 6.38002 -22.7 13.848 6 -22.7 13.9033 5.90333 -22.7 14 5.84772 -22.7 14.4044 5.40436 -22.7 15 5.21573 -22.7 15.1534 5.15344 -22.7 15.8024 5 -22.7 15.9387 4.93865 -22.7 16 4.92248 -22.7 16.7484 4.74843 -22.7 17 4.70105 -22.7 17.599 4.59898 -22.7 18 4.55271 -22.7 18.5243 4.52432 -22.7 19 4.50769 -22.7 19.4821 4.48207 -22.7 21 4.42857 -22.7 21.4257 4.42568 -22.7 22 4.40972 -22.7 23 4.40526 -22.7 23.5406 4.54059 -22.7 24 4.6233 -22.7 24.93 4.93002 -22.7 25 4.94683 -22.7 25.1632 5 -22.7 26 5.19088 -22.7 26.2824 5.28242 -22.7 27 5.44582 -22.7 27.7576 5.75758 -22.7 28 5.82131 -22.7 29 6.44407 -22.7 29.9514 7 -22.7 30 7.0272 -22.7 30.0586 7.05862 -22.7 31 7.51852 -22.7 31.875 8 -22.7 32 8.06019 -22.7 32.1573 8.15726 -22.7 33 8.63074 -22.7 33.5649 9 -22.7 34 9.27288 -22.7 34.774 9.77404 -22.7 35 9.91031 -22.7 35.1374 10 -22.7 36 10.5335 -22.7 37.51 11.51 -22.7 38 11.8104 -22.7 38.2792 12 -22.7 39 12.6537 -22.7 39.2423 13 -22.7 39.4452 13.4452 -22.7 39.7446 14 -22.7 40 14.588 -22.7 40.2155 15 -22.7 40.2555 15.2555 -22.7 40.4259 16 -22.7 40.3704 16.3704 -22.7 40.3271 17 -22.7 40.2759 17.2759 -22.7 40.272 17.292 -22.7 40.2666 17.3218 -22.7 40 17.3389 -22.7 39.3 17.4586 -22.7 39 17.4861 -22.7 38.4883 17.69 -22.7 38.5317 17 -22.7 39 16.5317 -22.7 39.0976 16.4098 -22.7 39.3939 16 -22.7 39.2964 15.8821 -22.7 39 15.5077 -22.7 38.4922 15 -22.7 38.3744 14.8657 -22.7 38 14.4078 -22.7 37.5922 14 -22.7 37.5685 13.7 -22.7 37.4745 13 -22.7 37.3639 12.8962 -22.7 37 12.5741 -22.7 36.4259 12 -22.7 36.3221 11.9022 -22.7 36 11.6178 -22.7 35.3822 11 -22.7 35.2845 10.9086 -22.7 35 10.655 -22.7 34.3 10.601 -22.7 34 10.5896 -22.7 33.4104 10 -22.7 33.3075 9.90373 -22.7 33 9.63193 -22.7 32.3 9.56928 -22.7 32 9.55729 -22.7 31.4427 9 -22.7 31.3345 8.90181 -22.7 31 8.61281 -22.7 30.3 8.55446 -22.7 30 8.54442 -22.7 29.4556 8 -22.7 29.3474 7.90001 -22.7 29 7.59971 -22.7 28 7.52355 -22.7 27.4764 7 -22.7 27 6.60356 -22.7 26.3 6.57336 -22.7 26 6.56526 -22.7 25.3 6.52814 -22.7 25 6.51863 -22.7 24.4814 6 -22.7 24.3616 5.90253 -22.7 24 5.62255 -22.7 23.3 5.59712 -22.7 23 5.5917 -22.7 18 5.61464 -22.7 17.8696 5.71407 -22.7 17.4697 6 -22.7 17.0111 6.45869 -22.7 17 6.45196 -22.7 16.4069 6.40685 -22.7 16.4567 6.52143 -22.7 16.3 6.53633 -22.7 16 6.54314 -22.7 15.4254 7 -22.7 15 7.42546 -22.7 14.8507 7.58404 -22.7 14.4705 8 -22.7 13.8489 8.61983 -22.7 13.4936 9 -22.7 13 9.49365 -22.7 12.3 9.38301 -22.7 12 9.35315 -22.7 11.6468 9 -22.7 11.4659 8.87191 -22.7 11 8.51116 -22.7 10.4888 8 -22.7 10.4541 7.7 -22.7 10.339 7 -22.7 10.3191 6.7 -22.7 10.2591 6 -22.7 10.2084 5 -22.7 10.1032 1.96572e-015 -22.7 
