22
0
1
31
-12.6591 27.2738 -52.12 -12.6377 28.1874 -52.12 -12.6389 29.1972 -52.12 -12.6723 30.1589 -52.12 -12.6915 31.1018 -52.12 -12.6909 31.1206 -52.12 -12.7516 31.9946 -52.12 -12.7508 32.013 -52.12 -12.7481 32.0824 -52.12 -12.8739 32.7948 -52.12 -12.8652 33.0441 -52.12 -12.9128 33.1908 -52.12 -13.0643 33.8151 -52.12 -13.0725 34.0058 -52.12 -13.108 34.1054 -52.12 -13.0213 34 -52.12 -12.7914 33.1377 -52.12 -12.7215 33 -52.12 -12.6324 32.2033 -52.12 -12.6237 32.0099 -52.12 -12.6246 32 -52.12 -12.6056 31.0361 -52.12 -12.6077 31 -52.12 -12.6059 30.626 -52.12 -12.6059 30.6258 -52.12 -12.6031 30.0443 -52.12 -12.6051 30 -52.12 -12.5967 29.0596 -52.12 -12.5978 29 -52.12 -12.5986 15.6143 -52.12 -12.6627 15.7331 -52.12 
0
0
1
22
-11.887 38 -49.42 -11.9012 37.975 -49.42 -11.9465 38.7383 -49.42 -11.9254 38.8144 -49.42 -12.134 39.1239 -49.42 -12.3305 39.5233 -49.42 -12.3469 39.7761 -49.42 -12.6225 40.1071 -49.42 -13.368 40.0921 -49.42 -13.6733 39.9655 -49.42 -13.6734 39.9654 -49.42 -13.663 40 -49.42 -13.6476 40.0248 -49.42 -13.6392 40.0326 -49.42 -13.598 40.066 -49.42 -13.0365 40.3145 -49.42 -12.7439 40.2534 -49.42 -12.4672 40 -49.42 -11.8819 39.0094 -49.42 -11.8801 39.0018 -49.42 -11.8803 39 -49.42 -11.8928 38.0219 -49.42 
1
6
-21.6391 18.2918 -48.52 -21.6378 29 -48.52 -21.6391 29.0147 -48.52 -21.6427 29 -48.52 -21.6428 28.0006 -48.52 -21.6427 28 -48.52 
4
22
-22.9634 15.6742 -47.62 -22.9298 15.7331 -47.62 -22.9271 29.1972 -47.62 -22.9168 29.5606 -47.62 -22.8961 29.9966 -47.62 -22.896 29.997 -47.62 -22.8883 30.1589 -47.62 -22.809 31.1206 -47.62 -22.7147 31.82 -47.62 -22.6882 32.0824 -47.62 -22.5486 32.8279 -47.62 -22.5149 33.0441 -47.62 -22.2915 33.8417 -47.62 -22.4803 33.3544 -47.62 -22.5654 33 -47.62 -22.7341 32.1269 -47.62 -22.748 32 -47.62 -22.8492 31.1844 -47.62 -22.937 30 -47.62 -22.937 29.9973 -47.62 -22.937 29.9968 -47.62 -22.9621 29.2409 -47.62 
20
1.92855 15.5986 -47.62 1.92354 29 -47.62 1.89688 29.8114 -47.62 1.89934 30 -47.62 1.86468 30.8275 -47.62 1.86936 31 -47.62 1.79452 31.8626 -47.62 1.80501 32 -47.62 1.71501 32.9023 -47.62 1.73422 33.0439 -47.62 1.84937 32.6529 -47.62 1.85189 32.0824 -47.62 1.90844 31.754 -47.62 1.92975 31.6398 -47.62 1.9198 31.1206 -47.62 1.92061 30.606 -47.62 1.94552 30.1589 -47.62 1.94734 29.631 -47.62 1.96169 29.1972 -47.62 1.97131 15.7331 -47.62 
13
4.33764 15.5224 -47.62 4.40084 15.4194 -47.62 4.4055 29 -47.62 4.39941 29.1701 -47.62 4.34379 30 -47.62 4.24472 31 -47.62 4.21802 31.1571 -47.62 4.15039 31.5032 -47.62 4.18032 31.2324 -47.62 4.24967 30.1589 -47.62 4.29179 29.1972 -47.62 4.29026 15.7331 -47.62 4.30806 15.6388 -47.62 
11
1.75257 33.229 -47.62 1.82732 34.0058 -47.62 1.87071 34.9107 -47.62 1.86604 34.9675 -47.62 1.88529 35.067 -47.62 1.97837 35.0481 -47.62 2.60022 35.2336 -47.62 2.09002 35.582 -47.62 1.83181 35 -47.62 1.78705 34.3078 -47.62 1.72576 34 -47.62 
1
14
-18.7076 14.4704 -46.72 -19.1216 14.5239 -46.72 -18.5566 15 -46.72 -18.5567 15.8176 -46.72 -18.5486 16 -46.72 -18.5487 20.3505 -46.72 -18.375 20.3244 -46.72 -18.3301 20.3205 -46.72 -18.3233 16 -46.72 -18.1408 15.0704 -46.72 -18.1358 15 -46.72 -17.0214 14.4429 -46.72 -17.9501 14.4429 -46.72 -18.6542 14.4609 -46.72 
1
11
1.11138 34.493 -45.82 1.01205 34.9675 -45.82 0.846088 35.614 -45.82 0.769512 35.9292 -45.82 0.30029 36.8215 -45.82 0.31896 36.1592 -45.82 0.440347 35.0986 -45.82 0.480878 34.541 -45.82 0.637449 34.4127 -45.82 1.05077 34.1393 -45.82 1.17451 34.072 -45.82 
2
19
-18.2513 38 -44.92 -18.1111 38.5664 -44.92 -18.1173 39 -44.92 -17.9441 39.4109 -44.92 -17.8037 39.7315 -44.92 -17.7204 40 -44.92 -17.6419 40.4769 -44.92 -17.6471 40.7154 -44.92 -17.843 40.4034 -44.92 -17.8512 39.7761 -44.92 -17.9377 39.664 -44.92 -18.005 39.5303 -44.92 -18.2292 38.8144 -44.92 -18.4518 38.3452 -44.92 -18.552 38.0695 -44.92 -18.6391 37.8527 -44.92 -18.6902 37.4814 -44.92 -18.6539 37.5749 -44.92 -18.4915 37.8174 -44.92 
22
0.32647 36.5398 -44.92 0.193354 36.7224 -44.92 0.0985435 36.891 -44.92 -0.175851 37.8394 -44.92 -0.178413 37.8527 -44.92 -0.202401 37.9349 -44.92 -0.439263 38.8144 -44.92 -0.532397 38.9794 -44.92 -0.764551 39.5974 -44.92 -0.784046 39.645 -44.92 -0.815153 39.7486 -44.92 -0.766233 39.4813 -44.92 -0.960221 39 -44.92 -0.939681 38.961 -44.92 -0.623546 38.7161 -44.92 -0.458241 38.612 -44.92 -0.297461 38 -44.92 -0.142815 37.1695 -44.92 -0.120212 37 -44.92 -0.074278 36.6038 -44.92 0.196284 36.4232 -44.92 0.453194 36.3268 -44.92 
1
24
-0.193178 37.5389 -44.02 -0.316868 37.7277 -44.02 -0.353057 37.8527 -44.02 -0.568178 38.8144 -44.02 -0.568633 38.8152 -44.02 -1.1339 39.7761 -44.02 -1.17256 39.8584 -44.02 -1.30365 40.1573 -44.02 -1.34253 40.2356 -44.02 -1.52194 40.7378 -44.02 -1.82314 41.366 -44.02 -1.84822 42.0824 -44.02 -1.87264 42 -44.02 -1.91434 41.8347 -44.02 -1.86154 41 -44.02 -1.79559 40.7754 -44.02 -1.63494 40 -44.02 -1.72758 39.7413 -44.02 -1.63692 39 -44.02 -1.41627 38.7669 -44.02 -0.604873 38 -44.02 -0.522248 37.3777 -44.02 -0.24483 37.4956 -44.02 -0.132792 37.4312 -44.02 
0
0
2
13
-10.4814 42.3476 -41.32 -10.2338 42.6613 -41.32 -10.0061 43.2972 -41.32 -9.98863 43.623 -41.32 -9.84221 44.3408 -41.32 -9.82307 44.416 -41.32 -9.78499 44.5847 -41.32 -9.79981 45.2078 -41.32 -9.78062 45.274 -41.32 -9.71894 45 -41.32 -9.74277 44.7495 -41.32 -10.0101 43 -41.32 -10.097 42.0081 -41.32 
7
-10.2173 38.3229 -41.32 -10.1497 41 -41.32 -10.141 41.1667 -41.32 -10.2578 41.128 -41.32 -10.5436 41 -41.32 -10.377 40 -41.32 -10.2692 39 -41.32 
1
22
-14.4968 40 -40.42 -14.5185 39.9824 -40.42 -14.5199 40 -40.42 -14.6568 40.9031 -40.42 -14.6686 41 -40.42 -14.7686 41.0461 -40.42 -14.866 41.1421 -40.42 -15.6065 41.9453 -40.42 -15.5976 41.9522 -40.42 -15.5579 41.9802 -40.42 -15.4893 42.0452 -40.42 -15.0026 42.6613 -40.42 -14.9177 42.7639 -40.42 -14.854 42.8485 -40.42 -14.1499 43.5497 -40.42 -14.0055 43.1701 -40.42 -13.7632 42.6613 -40.42 -13.977 41.6996 -40.42 -13.9916 41.5797 -40.42 -14.0104 41.4774 -40.42 -13.9409 40.7378 -40.42 -13.9939 40.4344 -40.42 
1
22
-15.0945 42.5848 -39.52 -15.3168 42.3742 -39.52 -15.3405 42.3575 -39.52 -15.2882 42.1925 -39.52 -15.2883 42.1924 -39.52 -15.2285 42 -39.52 -14.7655 41.8175 -39.52 -14.4506 41.6994 -39.52 -13.8707 41.4287 -39.52 -13.8327 41.6996 -39.52 -13.7994 42.0548 -39.52 -13.7004 42.6613 -39.52 -13.8962 43.4941 -39.52 -13.9088 43.5272 -39.52 -13.9306 43.5052 -39.52 -14.0966 43.3706 -39.52 -14.9001 42.6613 -39.52 -14.9055 42.6589 -39.52 -14.9057 42.6588 -39.52 -14.9057 42.6588 -39.52 -14.9246 42.6503 -39.52 -15.0067 42.6416 -39.52 
0
0
0
0
0
0
