130
0 1 0 1 1 2 1 2 2 3 2 3 3 6 3 6 5 7 5 7 6 8 6 8 7 10 7 10 8 11 8 11 9 12 11 13 11 13 12 14 12 14 10 15 10 15 11 16 11 16 13 17 13 17 14 18 14 18 15 19 15 19 16 20 16 20 17 21 17 21 18 22 18 22 19 23 19 23 20 24 20 24 21 26 24 26 21 26 22 27 22 27 26 29 26 29 27 30 27 30 30 31 30 31 29 32 29 32 31 33 31 33 31 34 31 34 33 35 34 35 33 35 35 36 35 36 36 37 36 37 
22
0 
0 
0 
0 
1 0 
1 1 
1 2 
2 3 4 
2 5 6 
3 7 8 9 
3 10 11 12 
4 13 14 15 16 
4 17 18 19 20 
4 21 22 23 24 
3 25 26 27 
3 28 29 30 
2 31 32 
2 33 34 
1 35 
1 36 
1 37 
0 
38
4 0 0 -49.42
1 1 
1
15
-8.36004 14.4429 -49.42 -7.40911 14.4429 -49.42 -7.06995 14.5025 -49.42 -6.7051 14.5822 -49.42 -6.51968 14.7349 -49.42 -6.47917 14.7714 -49.42 -6.44844 14.9029 -49.42 -6.65943 15 -49.42 -6.65883 20.8988 -49.42 -7.26307 20.3359 -49.42 -7.38564 20.3188 -49.42 -7.58444 20.3043 -49.42 -7.58914 16 -49.42 -7.58929 15.9957 -49.42 -7.71668 15 -49.42 
5 1 0 -48.52
2 0 2 
1
19
-7.58958 14.4429 -48.52 -7.16796 14.4844 -48.52 -6.47906 14.6129 -48.52 -6.43774 14.6471 -48.52 -6.32506 14.7714 -48.52 -6.19338 15.2742 -48.52 -6.08159 15.7331 -48.52 -6.10086 32.4257 -48.52 -6.62799 32.6948 -48.52 -6.99539 32.8673 -48.52 -6.95162 21 -48.52 -7.7827 20.2497 -48.52 -7.87654 20.2433 -48.52 -8.04027 20.2365 -48.52 -8.04028 17.0006 -48.52 -8.0403 17 -48.52 -8.10837 16 -48.52 -8.23631 15 -48.52 -8.87965 14.4429 -48.52 
6 2 0 -47.62
2 1 3 
1
29
-9.39924 14.4429 -47.62 -7.63083 14.4429 -47.62 -6.92682 14.5521 -47.62 -6.80237 14.6672 -47.62 -6.6395 14.7714 -47.62 -6.35191 15.5079 -47.62 -6.27918 15.7331 -47.62 -6.23115 16.4092 -47.62 -6.20612 17.3584 -47.62 -6.2333 32.7596 -47.62 -6.25646 33.7329 -47.62 -6.29014 34.7114 -47.62 -6.31391 34.9675 -47.62 -6.36881 35.7125 -47.62 -6.42513 35.8438 -47.62 -6.47728 35.9292 -47.62 -6.61557 36.5817 -47.62 -7.1476 36.8413 -47.62 -7.15994 36.8464 -47.62 -7.04878 21 -47.62 -7.14759 20.865 -47.62 -7.30995 20.6676 -47.62 -7.63539 20.2163 -47.62 -8.36745 20.1961 -47.62 -8.51588 20.1923 -47.62 -8.51602 18 -47.62 -8.5563 17 -47.62 -8.62799 16 -47.62 -8.75593 15 -47.62 
7 3 0 -46.72
2 2 6 
1
33
-8.82145 14.4429 -46.72 -7.38967 14.4429 -46.72 -6.68566 14.5521 -46.72 -6.44847 14.7714 -46.72 -6.43044 14.8381 -46.72 -6.40781 14.9355 -46.72 -6.21017 15.7331 -46.72 -6.19165 16.0673 -46.72 -6.25701 17 -46.72 -6.28417 17.6814 -46.72 -6.24751 33 -46.72 -6.18002 33.0568 -46.72 -6.20893 34.9675 -46.72 -6.2526 35.9292 -46.72 -6.40781 36.2159 -46.72 -6.68888 36.652 -46.72 -6.75341 36.891 -46.72 -6.88325 37.7109 -46.72 -6.9993 38.7306 -46.72 -7.01493 38.8144 -46.72 -7.19399 39.4439 -46.72 -7.13411 39.1063 -46.72 -7.00714 38.0429 -46.72 -6.92465 37.0016 -46.72 -6.92149 36.9459 -46.72 -6.80761 21 -46.72 -6.9214 20.8446 -46.72 -7.51557 20.3202 -46.72 -7.52623 18 -46.72 -7.55528 17 -46.72 -7.6007 16 -46.72 -7.6672 15.1804 -46.72 -7.70716 15 -46.72 
7 4 0 -46.72
0 
1
32
0.500942 14.5118 -46.72 0.526889 14.5176 -46.72 1.05866 14.6103 -46.72 1.36567 14.753 -46.72 1.39018 14.7714 -46.72 1.56111 15.2885 -46.72 1.69558 15.7331 -46.72 1.62329 31.1206 -46.72 1.50189 32.0824 -46.72 1.36567 32.3986 -46.72 1.27937 32.5778 -46.72 1.22695 32.694 -46.72 1.14999 33.0441 -46.72 1.17151 33.3665 -46.72 1.27024 33.765 -46.72 1.31679 34.0058 -46.72 1.1612 34.6504 -46.72 1.1438 34.9675 -46.72 0.945361 35.72 -46.72 0.961653 35.9292 -46.72 0.842219 36.6571 -46.72 0.858636 36 -46.72 1.01863 35.0299 -46.72 1.02252 35 -46.72 1.07856 34.7978 -46.72 1.2761 34 -46.72 1.27817 33.9002 -46.72 0.951044 33.0638 -46.72 0.95442 33 -46.72 1.02438 31.0271 -46.72 1.04549 15.0165 -46.72 1.04471 15 -46.72 
8 5 0 -45.82
1 7 
1
29
-19.3626 14.8083 -45.82 -19.5611 14.6326 -45.82 -19.1874 14.4993 -45.82 -19.1429 14.4818 -45.82 -18.413 14.4489 -45.82 -18.0324 14.4429 -45.82 -16.3009 14.4429 -45.82 -15.904 14.6636 -45.82 -16.5769 15 -45.82 -16.7985 16 -45.82 -16.9207 17 -45.82 -16.9207 17.5638 -45.82 -16.95 18 -45.82 -16.95 20.2173 -45.82 -17.4018 20.239 -45.82 -17.4181 20.2609 -45.82 -17.4245 20.2707 -45.82 -18.5791 20.9204 -45.82 -18.7096 21 -45.82 -18.7092 29 -45.82 -18.6881 31 -45.82 -18.6829 31.0899 -45.82 -18.659 32 -45.82 -18.6541 32.0649 -45.82 -18.6439 32.3426 -45.82 -18.7533 32.2743 -45.82 -19.223 32 -45.82 -19.1686 31 -45.82 -19.135 15 -45.82 
8 6 0 -45.82
2 3 8 
1
42
-7.48573 15 -45.82 -8.1291 14.4429 -45.82 -7.14853 14.4429 -45.82 -6.4445 14.5549 -45.82 -6.26046 14.7246 -45.82 -6.57849 15 -45.82 -6.70644 16 -45.82 -6.77808 17 -45.82 -6.84139 18.7394 -45.82 -6.81525 33 -45.82 -6.17758 33.5413 -45.82 -6.21392 35.2704 -45.82 -6.28248 36.2664 -45.82 -6.54308 36.7675 -45.82 -6.62077 36.891 -45.82 -6.68727 37.3069 -45.82 -6.74341 37.8527 -45.82 -6.79948 38.8144 -45.82 -6.9274 39.0771 -45.82 -7.13063 39.3934 -45.82 -7.29334 39.657 -45.82 -7.32645 39.7761 -45.82 -7.53151 40.45 -45.82 -7.60357 40.7378 -45.82 -7.632 40.788 -45.82 -7.75187 41.6996 -45.82 -7.76508 41.8164 -45.82 -7.7574 42.1621 -45.82 -7.8197 42.157 -45.82 -7.85019 42 -45.82 -7.7192 41 -45.82 -7.591 40.1142 -45.82 -7.58014 40 -45.82 -7.47534 39.0564 -45.82 -7.40413 38.0208 -45.82 -7.35003 36.9938 -45.82 -7.22611 21 -45.82 -7.2744 20.9574 -45.82 -7.28509 18 -45.82 -7.31413 17 -45.82 -7.35956 16 -45.82 -7.36264 15.9621 -45.82 
9 7 0 -44.92
2 5 10 
1
38
-19.9775 14.6827 -44.92 -19.6645 14.512 -44.92 -19.6626 14.5103 -44.92 -19.5799 14.4746 -44.92 -18.552 14.4429 -44.92 -16.0597 14.4429 -44.92 -15.8441 14.5742 -44.92 -16.3357 15 -44.92 -16.4637 16 -44.92 -16.5353 17 -44.92 -16.5811 18 -44.92 -16.6001 19 -44.92 -16.6002 20.1903 -44.92 -17.1606 20.2115 -44.92 -17.7244 20.9698 -44.92 -17.7438 21 -44.92 -17.6629 36 -44.92 -17.6329 36.7652 -44.92 -17.8037 36.6252 -44.92 -17.9441 36.5055 -44.92 -17.9962 36.5514 -44.92 -18.9038 36.3179 -44.92 -18.8427 36.8797 -44.92 -18.944 36.1756 -44.92 -19.0228 35.9292 -44.92 -19.1498 35.7246 -44.92 -19.0987 35.7634 -44.92 -18.9139 35.6745 -44.92 -18.6332 35.5853 -44.92 -18.5386 35 -44.92 -18.4569 34 -44.92 -18.3953 33 -44.92 -19.0987 32.3862 -44.92 -19.2715 32.28 -44.92 -19.6908 32 -44.92 -19.6461 31 -44.92 -19.6212 30 -44.92 -19.6208 15 -44.92 
9 8 0 -44.92
2 6 11 
1
37
-7.38837 19.7923 -44.92 -7.36776 33 -44.92 -6.35033 33.8683 -44.92 -6.37408 35.9292 -44.92 -6.38194 36.0658 -44.92 -6.40858 36.891 -44.92 -6.60194 37.2056 -44.92 -6.73297 37.8527 -44.92 -6.80099 38.2668 -44.92 -6.84394 38.8144 -44.92 -6.89861 39.2773 -44.92 -7.08111 39.6467 -44.92 -7.16039 39.7761 -44.92 -7.37261 40.7378 -44.92 -7.44704 40.9062 -44.92 -7.89608 41.6861 -44.92 -7.90452 41.6996 -44.92 -7.98063 42.5634 -44.92 -8.0042 42.6613 -44.92 -8.01691 42.7217 -44.92 -7.99659 43.0293 -44.92 -8.01045 43 -44.92 -8.19687 42.1965 -44.92 -8.18048 42 -44.92 -8.07224 41.1342 -44.92 -7.97225 40.0843 -44.92 -7.9006 39.0484 -44.92 -7.72935 18.9628 -44.92 -7.80578 17 -44.92 -7.87742 16 -44.92 -8.00536 15 -44.92 -8.64871 14.4429 -44.92 -7.44701 14.4429 -44.92 -6.55981 14.5338 -44.92 -7.09812 15 -44.92 -7.22607 16 -44.92 -7.29771 17 -44.92 
9 9 0 -44.92
1 12 
1
17
0.132899 14.4429 -44.92 0.32647 14.4497 -44.92 0.836935 14.4562 -44.92 1.30346 14.7714 -44.92 1.33583 14.9039 -44.92 1.12304 15 -44.92 1.1257 29.4851 -44.92 1.13872 30 -44.92 1.18811 31 -44.92 1.22256 31.4012 -44.92 1.28268 32 -44.92 0.19633 32.3588 -44.92 0.17611 32.368 -44.92 0.205141 16 -44.92 0.204936 15.9957 -44.92 0.0775408 15 -44.92 -0.565798 14.4429 -44.92 
10 10 0 -44.02
2 7 15 
1
70
-19.7625 14.634 -44.02 -19.3388 14.4511 -44.02 -19.0716 14.4429 -44.02 -16.212 14.4429 -44.02 -16.8553 15 -44.02 -16.9833 16 -44.02 -17.0549 17 -44.02 -17.1008 18 -44.02 -17.1191 19 -44.02 -17.1191 20.6299 -44.02 -17.309 20.7302 -44.02 -17.5065 21 -44.02 -17.3931 37 -44.02 -17.3349 38 -44.02 -17.309 38.327 -44.02 -17.2033 38.9085 -44.02 -17.194 39 -44.02 -16.9952 39.7282 -44.02 -16.9564 40 -44.02 -16.8069 40.5652 -44.02 -16.7304 41 -44.02 -16.7437 41.4725 -44.02 -16.7847 41.454 -44.02 -16.777 41.6612 -44.02 -16.8507 41.4928 -44.02 -17.2233 41.0616 -44.02 -17.2239 41.061 -44.02 -17.1498 40.7385 -44.02 -17.1497 40.7378 -44.02 -17.2715 40.396 -44.02 -17.1383 40 -44.02 -17.3089 39.8785 -44.02 -17.7063 39.6537 -44.02 -17.8779 39.3645 -44.02 -17.9373 39.2537 -44.02 -17.9611 39.2173 -44.02 -18.1733 38.8144 -44.02 -18.2449 38.6684 -44.02 -18.6097 37.8527 -44.02 -18.6713 37.456 -44.02 -18.6901 37.2898 -44.02 -18.4637 37.4772 -44.02 -18.2449 37.2795 -44.02 -18.0175 37.176 -44.02 -17.9423 37.1513 -44.02 -17.917 37 -44.02 -18.2449 36.7205 -44.02 -18.4637 36.5228 -44.02 -18.795 36.7971 -44.02 -19.0716 36.3621 -44.02 -19.0758 36.3539 -44.02 -19.1111 36.2744 -44.02 -19.1576 36.0356 -44.02 -19.1455 36 -44.02 -19.1369 35.9352 -44.02 -19.1366 35.9336 -44.02 -19.0841 35.5373 -44.02 -18.9733 35 -44.02 -18.921 34.396 -44.02 -18.8675 34 -44.02 -18.8296 33.3169 -44.02 -18.8028 33 -44.02 -18.7748 32.2694 -44.02 -18.7597 32 -44.02 -18.7335 31 -44.02 -18.719 30 -44.02 -18.7173 17 -44.02 -18.8074 16.2976 -44.02 -18.8089 16 -44.02 -19.0306 15 -44.02 
10 11 0 -44.02
3 8 13 16 
1
35
-7.37026 14.4429 -44.02 -7.03532 14.4956 -44.02 -7.61771 15 -44.02 -7.74566 16 -44.02 -7.81734 17 -44.02 -7.91148 33 -44.02 -6.74057 34 -44.02 -6.65641 37.6337 -44.02 -6.70421 37.7161 -44.02 -6.78982 37.8527 -44.02 -6.79859 37.9381 -44.02 -6.91093 38.8144 -44.02 -6.92323 38.95 -44.02 -6.96242 39.7761 -44.02 -7.21305 40.214 -44.02 -7.34708 40.7378 -44.02 -7.55113 41.3448 -44.02 -7.64422 41.5477 -44.02 -7.72476 41.6996 -44.02 -7.92446 42.3655 -44.02 -7.99462 42.6613 -44.02 -8.18951 43.5874 -44.02 -8.18716 43.623 -44.02 -8.12257 44.3474 -44.02 -8.22868 44 -44.02 -8.22961 43.9923 -44.02 -8.24497 43.9599 -44.02 -8.52785 43 -44.02 -8.49463 42.7133 -44.02 -8.45402 42 -44.02 -8.43309 41.7183 -44.02 -8.32541 17 -44.02 -8.39705 16 -44.02 -8.52499 15 -44.02 -9.16831 14.4429 -44.02 
10 12 0 -44.02
2 9 14 
1
28
1.07809 14.4429 -44.02 1.56186 14.7714 -44.02 1.71681 15.348 -44.02 1.74552 15.4886 -44.02 1.80512 15.7331 -44.02 1.82967 16.6948 -44.02 1.83729 20.7785 -44.02 1.75511 20.8086 -44.02 1.52401 21 -44.02 1.5744 32.4819 -44.02 1.16624 32.6946 -44.02 0.525952 33 -44.02 0.621701 34 -44.02 0.799145 35 -44.02 0.863972 35.2544 -44.02 0.599644 35.9292 -44.02 0.599579 35.9294 -44.02 0.59945 35.9298 -44.02 0.406774 36.2596 -44.02 0.0115356 36.4148 -44.02 -0.244901 36.5044 -44.02 -0.443232 36.5887 -44.02 -0.399474 36.0773 -44.02 -0.343141 35.0492 -44.02 -0.243141 16.9991 -44.02 -0.314138 16 -44.02 -0.44209 15 -44.02 -1.08541 14.4429 -44.02 
11 13 0 -43.12
2 11 17 
1
13
-7.49399 14.4429 -43.12 -8.13733 15 -43.12 -8.26527 16 -43.12 -8.33692 17 -43.12 -8.44447 20.3646 -43.12 -8.59095 20.1646 -43.12 -8.59733 20.1562 -43.12 -8.62577 20.1172 -43.12 -8.74191 20.117 -43.12 -8.84498 17 -43.12 -8.91667 16 -43.12 -9.04461 15 -43.12 -9.68791 14.4429 -43.12 
11 14 0 -43.12
2 12 18 
1
48
1.31924 14.4429 -43.12 1.50825 14.5706 -43.12 1.75993 14.7714 -43.12 1.85853 15.2047 -43.12 2.0112 15.7331 -43.12 2.03672 16.1724 -43.12 2.05328 16.6948 -43.12 2.0665 17.6565 -43.12 2.06649 20.2675 -43.12 1.80133 20.2612 -43.12 0.916095 21 -43.12 0.985945 34.164 -43.12 1.02406 35.145 -43.12 1.02828 35.2276 -43.12 0.596427 35.9292 -43.12 0.410753 36.2198 -43.12 0.410097 36.2212 -43.12 0.397732 36.2459 -43.12 0.16048 36.891 -43.12 0.15082 36.969 -43.12 -0.088813 37.3615 -43.12 -0.148651 37.8052 -43.12 -0.797749 38.7475 -43.12 -0.813335 38.8144 -43.12 -0.931571 39.0286 -43.12 -1.29 39.7761 -43.12 -1.42028 40.0205 -43.12 -1.72338 40.7378 -43.12 -1.82328 40.9176 -43.12 -1.9964 41.1702 -43.12 -2.09418 41.3192 -43.12 -2.64895 42.4955 -43.12 -2.49278 42 -43.12 -2.48725 41.9006 -43.12 -2.1834 40 -43.12 -2.15079 39.7324 -43.12 -2.07763 39 -43.12 -1.90118 38.8419 -43.12 -1.66275 38.6409 -43.12 -0.959133 38 -43.12 -0.88606 37.1 -43.12 -0.829525 36.0718 -43.12 -0.719636 18.0168 -43.12 -0.720096 18 -43.12 -0.762076 17 -43.12 -0.833764 16 -43.12 -0.961712 15 -43.12 -1.60505 14.4429 -43.12 
11 15 0 -43.12
2 10 19 
1
53
-17.8286 37.2364 -43.12 -17.2954 37 -43.12 -17.2536 36.502 -43.12 -17.1977 36 -43.12 -17.1687 35.4286 -43.12 -17.1381 35 -43.12 -17.0934 34 -43.12 -17.042 32 -43.12 -17.0359 31.5186 -43.12 -16.6738 31.831 -43.12 -16.4999 32 -43.12 -16.4402 36 -43.12 -16.2266 36.1854 -43.12 -16.2 36.5895 -43.12 -16.1814 37 -43.12 -16.1353 37.5336 -43.12 -16.1089 38 -43.12 -16.0549 38.464 -43.12 -16.0109 39 -43.12 -15.9466 39.3701 -43.12 -15.8841 40 -43.12 -15.8265 40.2662 -43.12 -15.7204 41 -43.12 -15.6922 41.1499 -43.12 -15.5553 42 -43.12 -15.564 42.0388 -43.12 -15.7777 42.7452 -43.12 -15.8566 42.7077 -43.12 -15.8561 42.7816 -43.12 -15.8828 42.6613 -43.12 -16.2598 41.7093 -43.12 -16.264 41.7033 -43.12 -16.2632 41.6996 -43.12 -16.2652 41.6949 -43.12 -16.3048 41.6234 -43.12 -16.3191 41.5993 -43.12 -16.8867 40.7684 -43.12 -16.9107 40.7378 -43.12 -17.2076 40.2935 -43.12 -17.2769 40.1819 -43.12 -17.3702 40.0486 -43.12 -17.5453 39.7761 -43.12 -17.5965 39.5937 -43.12 -17.7892 39.041 -43.12 -17.8627 38.9039 -43.12 -17.9211 38.8144 -43.12 -18.2425 38.2858 -43.12 -18.4197 38.0309 -43.12 -18.4807 37.933 -43.12 -18.5191 37.8527 -43.12 -18.5813 37.7168 -43.12 -18.5981 37.6749 -43.12 -18.6228 37.551 -43.12 
11 16 0 -43.12
2 11 20 
1
20
-7.98509 33.3989 -43.12 -7.28048 34 -43.12 -7.09071 40 -43.12 -6.95272 40.1165 -43.12 -7.20347 40.5823 -43.12 -7.29309 40.7378 -43.12 -7.3194 40.8748 -43.12 -7.54562 41.6996 -43.12 -7.87748 42.2874 -43.12 -7.99845 42.6613 -43.12 -8.38221 43.5014 -43.12 -8.38952 43.5313 -43.12 -8.41018 43.623 -43.12 -8.43354 44.0315 -43.12 -8.44332 44 -43.12 -8.45978 43.7077 -43.12 -8.34244 43 -43.12 -8.21244 42 -43.12 -8.13822 41 -43.12 -8.09007 40 -43.12 
12 17 0 -42.22
2 13 21 
1
29
-11.8161 14.4429 -42.22 -8.0136 14.4429 -42.22 -8.65696 15 -42.22 -8.7849 16 -42.22 -8.85654 17 -42.22 -8.96196 20.2457 -42.22 -9.11058 20.117 -42.22 -9.44487 20.117 -42.22 -9.5053 19 -42.22 -9.58068 18 -42.22 -9.68891 17 -42.22 -9.85829 16 -42.22 -10.1611 15 -42.22 -10.2653 14.9619 -42.22 -10.3415 15 -42.22 -10.5632 16 -42.22 -10.6872 17 -42.22 -10.7665 18 -42.22 -10.8216 19 -42.22 -10.8932 21 -42.22 -10.8947 21.5451 -42.22 -10.9044 22 -42.22 -10.8441 35 -42.22 -11.3128 35.242 -42.22 -11.5866 35 -42.22 -11.674 17 -42.22 -11.7456 16 -42.22 -11.8736 15 -42.22 -12.1895 14.7264 -42.22 
12 18 0 -42.22
2 14 22 
1
53
0.988596 14.4429 -42.22 1.15103 14.5323 -42.22 1.64913 14.7714 -42.22 1.74008 14.9959 -42.22 1.73534 15 -42.22 1.60742 16 -42.22 1.53813 17 -42.22 1.51215 17.6803 -42.22 1.51215 20.209 -42.22 1.28173 20.2053 -42.22 0.343251 21 -42.22 0.456041 36.3522 -42.22 0.248951 36.5943 -42.22 0.173612 36.891 -42.22 0.152337 37.0353 -42.22 0.0594145 37.8527 -42.22 -0.110787 38.1359 -42.22 -0.560875 38.8144 -42.22 -1.23238 39.681 -42.22 -1.29918 39.7776 -42.22 -1.80217 40.7378 -42.22 -2.01679 41.0982 -42.22 -2.21693 41.4751 -42.22 -2.34288 41.6739 -42.22 -2.35998 41.6996 -42.22 -3.21965 42.6549 -42.22 -3.22616 42.6613 -42.22 -3.39657 43.0623 -42.22 -3.45336 43.1205 -42.22 -3.52977 43.1867 -42.22 -3.57945 43.31 -42.22 -3.56566 43.2192 -42.22 -3.58646 43 -42.22 -3.43112 42.8299 -42.22 -3.33709 42.7612 -42.22 -3.29489 42.7324 -42.22 -3.1272 42.3386 -42.22 -2.99815 42.0691 -42.22 -2.99619 42.0655 -42.22 -2.97603 42 -42.22 -2.96325 41.918 -42.22 -2.75541 41 -42.22 -2.72176 40.7973 -42.22 -2.61623 40 -42.22 -2.58949 39.7311 -42.22 -2.5301 39 -42.22 -2.18238 38.7153 -42.22 -1.38151 38 -42.22 -1.20755 19.0402 -42.22 -1.2817 17 -42.22 -1.35334 16 -42.22 -1.48129 15 -42.22 -2.12465 14.4429 -42.22 
12 19 0 -42.22
2 15 23 
1
48
-17.9246 38.9701 -42.22 -17.8684 38.5845 -42.22 -17.7626 38 -42.22 -17.5337 37.9014 -42.22 -17.1935 37.7616 -42.22 -17.1272 37.7332 -42.22 -15.8115 37.1242 -42.22 -15.7818 38 -42.22 -14.8841 38.7781 -42.22 -14.8482 38.8082 -42.22 -14.8016 38.8488 -42.22 -14.7669 40 -42.22 -14.7202 41 -42.22 -14.6895 41.3838 -42.22 -14.6555 42 -42.22 -14.6077 42.3951 -42.22 -14.5681 43 -42.22 -14.6542 43.5363 -42.22 -14.8831 44 -42.22 -14.8841 44.0029 -42.22 -15.1273 44.4393 -42.22 -15.1274 44.4395 -42.22 -15.3736 44.7651 -42.22 -16.0388 44.8168 -42.22 -16.2656 44.755 -42.22 -16.2665 44.7547 -42.22 -16.3939 44.7199 -42.22 -15.6689 44.7772 -42.22 -15.4652 44.7611 -42.22 -15.2812 44.5847 -42.22 -15.2898 44.2565 -42.22 -15.0838 43.8044 -42.22 -14.9921 43.623 -42.22 -15.1235 43.4843 -42.22 -15.1675 43.4194 -42.22 -15.3955 42.9114 -42.22 -15.4669 42.6613 -42.22 -15.6689 42.4631 -42.22 -15.7587 42.3828 -42.22 -16.2311 41.6996 -42.22 -16.6835 40.9581 -42.22 -16.7523 40.8379 -42.22 -16.7794 40.8038 -42.22 -16.8817 40.6722 -42.22 -16.9281 40.6156 -42.22 -17.5211 39.7761 -42.22 -17.8471 39.1944 -42.22 -17.8898 39.0531 -42.22 
12 20 0 -42.22
2 16 24 
1
23
-8.09599 33.7637 -42.22 -7.95588 33.8842 -42.22 -7.81595 34 -42.22 -7.65964 40 -42.22 -7.15291 40.4308 -42.22 -7.16896 40.5972 -42.22 -7.17463 40.7378 -42.22 -7.21295 40.8111 -42.22 -7.40318 41.6996 -42.22 -7.49842 41.9156 -42.22 -7.75236 42.4094 -42.22 -7.86671 42.6613 -42.22 -7.8954 42.7135 -42.22 -8.3646 43.3104 -42.22 -8.5149 43.623 -42.22 -8.72017 44.3377 -42.22 -8.7307 44 -42.22 -8.67835 43.7756 -42.22 -8.54414 43 -42.22 -8.48324 42.678 -42.22 -8.39664 42 -42.22 -8.35345 41.6131 -42.22 -8.27371 40.5732 -42.22 
13 21 0 -41.32
2 17 26 
1
21
-11.7464 14.4429 -41.32 -8.53325 14.4429 -41.32 -9.17659 15 -41.32 -9.30453 16 -41.32 -9.37617 17 -41.32 -9.48156 20.2457 -41.32 -9.56836 20.1705 -41.32 -9.63021 20.1479 -41.32 -10.2539 21 -41.32 -10.2459 35.9449 -41.32 -10.7849 35.7476 -41.32 -11.0712 35.8934 -41.32 -11.8909 35.1789 -41.32 -11.8894 21 -41.32 -12.0794 20.7404 -41.32 -12.1936 17 -41.32 -12.2652 16 -41.32 -12.3932 15 -41.32 -12.4221 14.975 -41.32 -12.3507 14.7714 -41.32 -11.9305 14.5544 -41.32 
13 22 0 -41.32
2 18 27 
1
52
1.37321 14.8636 -41.32 0.762115 14.5581 -41.32 0.431652 14.6791 -41.32 0.06103 15 -41.32 -0.0669214 16 -41.32 -0.138557 17 -41.32 -0.211857 20.6673 -41.32 -0.392604 20.73 -41.32 -1.13012 21 -41.32 -0.972299 36 -41.32 -0.903329 37 -41.32 -0.812338 38 -41.32 -0.745804 38.4758 -41.32 -0.745367 38.4801 -41.32 -0.672798 39 -41.32 -0.621064 39.2762 -41.32 -1.75199 40.7181 -41.32 -1.76645 40.7378 -41.32 -1.83176 40.8233 -41.32 -2.34572 41.6996 -41.32 -2.45812 41.8433 -41.32 -2.8625 42.183 -41.32 -3.27674 42.5468 -41.32 -3.39422 42.6613 -41.32 -3.41111 42.701 -41.32 -3.86684 43.1618 -41.32 -3.97301 43.2627 -41.32 -4.0561 43.1041 -41.32 -4.46124 43.2845 -41.32 -4.4603 43 -41.32 -3.97589 42.5508 -41.32 -3.85671 42.4524 -41.32 -3.56836 42.1861 -41.32 -3.39663 42.0687 -41.32 -3.36739 42 -41.32 -3.34197 41.8868 -41.32 -3.17256 41 -41.32 -3.14473 40.7882 -41.32 -3.06345 40 -41.32 -3.04214 39.7369 -41.32 -2.99661 39 -41.32 -2.89973 38.9218 -41.32 -2.89939 38.9216 -41.32 -2.70201 38.7627 -41.32 -1.84041 38 -41.32 -1.80133 17 -41.32 -1.87297 16 -41.32 -2.00092 15 -41.32 -2.58597 14.4934 -41.32 -2.42262 14.4429 -41.32 1.09752 14.4429 -41.32 1.51677 14.7393 -41.32 
13 23 0 -41.32
1 19 
1
37
-14.5537 39.5123 -41.32 -14.5385 40 -41.32 -14.4885 41 -41.32 -14.4105 42 -41.32 -14.2885 43 -41.32 -14.3007 43.0712 -41.32 -14.249 43.2379 -41.32 -14.0389 43.818 -41.32 -13.9982 44 -41.32 -14.0487 45 -41.32 -14.249 45.1955 -41.32 -14.7654 45.5528 -41.32 -14.8891 45.5613 -41.32 -14.8509 45.5464 -41.32 -14.6007 45.1331 -41.32 -14.1534 44.5847 -41.32 -14.4578 44.0476 -41.32 -14.4637 43.623 -41.32 -14.4986 43.59 -41.32 -15.078 42.9148 -41.32 -15.0904 42.9016 -41.32 -15.1249 42.8508 -41.32 -15.2695 42.6613 -41.32 -15.3304 42.5863 -41.32 -15.372 42.5377 -41.32 -15.8931 41.9549 -41.32 -16.1356 41.6996 -41.32 -16.1885 41.6242 -41.32 -16.338 41.3199 -41.32 -16.5564 40.9838 -41.32 -16.5656 40.9675 -41.32 -16.5584 40.946 -41.32 -16.2709 40 -41.32 -16.2341 39.7191 -41.32 -16.1157 39 -41.32 -16.0831 38.5883 -41.32 -16.0447 38.226 -41.32 
13 24 0 -41.32
2 20 26 
1
25
-7.89605 42.6613 -41.32 -8.04422 42.9679 -41.32 -8.40602 43.623 -41.32 -8.415 43.647 -41.32 -8.43891 43.6836 -41.32 -8.82625 44.3206 -41.32 -8.90342 44.5847 -41.32 -9.20089 45.3746 -41.32 -9.26017 45 -41.32 -9.26577 44.8487 -41.32 -9.22368 44 -41.32 -9.18748 43.8096 -41.32 -9.0008 43 -41.32 -8.86534 42 -41.32 -8.78456 41 -41.32 -8.60432 33.7842 -41.32 -8.4755 33.8952 -41.32 -8.34822 34 -41.32 -8.21518 40 -41.32 -7.32079 40.7629 -41.32 -7.06109 40.9565 -41.32 -7.30449 41.43 -41.32 -7.43108 41.6584 -41.32 -7.45624 41.6996 -41.32 -7.46965 41.7189 -41.32 
14 25 0 -40.42
0 
1
40
-25.79 29.5448 -40.42 -25.7645 30 -40.42 -25.7979 30.5517 -40.42 -25.7546 31 -40.42 -25.8227 31.5731 -40.42 -25.8171 31.598 -40.42 -25.8122 31.6191 -40.42 -25.9711 31.7038 -40.42 -26.0064 31.7235 -40.42 -25.7245 32.0695 -40.42 -25.7183 32.0824 -40.42 -25.7184 32.0843 -40.42 -25.7185 32.0964 -40.42 -25.7609 32.8961 -40.42 -25.7295 32.9663 -40.42 -25.753 33 -40.42 -25.6973 33.4275 -40.42 -26.0095 33.4367 -40.42 -26.1154 33.0806 -40.42 -26.225 33 -40.42 -26.3156 32.8456 -40.42 -26.3177 32.8349 -40.42 -26.4108 32.2006 -40.42 -26.4693 32 -40.42 -26.5403 31.2654 -40.42 -26.601 31 -40.42 -26.6255 30.628 -40.42 -26.0018 30.1589 -40.42 -26.0901 29.6285 -40.42 -25.9463 29.1972 -40.42 -25.9428 28.5392 -40.42 -25.9207 28.2355 -40.42 -25.9228 24.3886 -40.42 -25.923 24.3765 -40.42 -25.9279 19.8147 -40.42 -25.9281 19.8104 -40.42 -25.9415 17.6429 -40.42 -25.9469 16.6922 -40.42 -25.9542 15.7331 -40.42 -25.7932 15.7066 -40.42 
14 26 0 -40.42
3 21 24 29 
1
57
-12.4522 14.7714 -40.42 -12.2661 14.6091 -40.42 -12.0379 14.4429 -40.42 -9.05286 14.4429 -40.42 -9.69617 15 -40.42 -9.82411 16 -40.42 -9.8958 17 -40.42 -10.0433 33 -40.42 -8.9951 33.9039 -40.42 -8.87787 34 -40.42 -8.76165 40 -40.42 -7.84041 40.7889 -40.42 -7.55165 41 -40.42 -7.48001 41.8914 -40.42 -7.82409 42.4695 -40.42 -7.96184 42.6613 -40.42 -8.05978 42.7934 -40.42 -8.46168 43.623 -40.42 -8.69135 44.0709 -40.42 -8.8415 44.4298 -40.42 -8.91136 44.5847 -40.42 -8.93463 44.6278 -40.42 -9.06392 44.7615 -40.42 -9.17092 45.0505 -40.42 -9.29165 45.0758 -40.42 -9.427 44.7339 -40.42 -9.58757 44.5847 -40.42 -9.71903 44.2873 -40.42 -9.93565 43.8619 -40.42 -10.0022 43.623 -40.42 -10.0451 43.5607 -40.42 -10.1274 43.4189 -40.42 -10.1769 42.6613 -40.42 -10.4675 42.287 -40.42 -10.6572 42.0842 -40.42 -10.5626 42 -40.42 -11.047 41.5686 -40.42 -11.1556 41.0977 -40.42 -11.2019 40.9528 -40.42 -11.3077 40.7378 -40.42 -11.3113 40.7131 -40.42 -11.4978 39.8484 -40.42 -11.5087 39.7783 -40.42 -11.5092 39.7761 -40.42 -11.5281 39.6863 -40.42 -11.5446 39.6635 -40.42 -11.4553 36 -40.42 -11.6546 35.8263 -40.42 -11.6482 21 -40.42 -12.0096 20.5064 -40.42 -12.2616 20.4142 -40.42 -12.3151 19 -40.42 -12.3701 18 -40.42 -12.4495 17 -40.42 -12.5736 16 -40.42 -12.6568 15.6248 -40.42 -12.5548 15.2275 -40.42 
14 27 0 -40.42
2 22 30 
1
45
-2.18145 14.4429 -40.42 0.184754 14.4429 -40.42 -0.458587 15 -40.42 -0.586535 16 -40.42 -0.658187 17 -40.42 -0.753356 20.1365 -40.42 -0.912221 20.1342 -40.42 -1.92226 21 -40.42 -1.77454 38.8825 -40.42 -1.71931 39.8549 -40.42 -1.63938 40.8149 -40.42 -1.62407 40.9331 -40.42 -1.99936 41.3861 -40.42 -2.02527 41.4155 -40.42 -2.18145 41.5377 -40.42 -2.26749 41.6097 -40.42 -2.27163 41.6132 -40.42 -2.37586 41.6996 -40.42 -2.88549 42.057 -40.42 -3.3821 42.4595 -40.42 -3.72516 42.6223 -40.42 -3.77953 42.6613 -40.42 -3.81904 42.7009 -40.42 -3.94881 42.8241 -40.42 -4.29355 43.318 -40.42 -4.47536 43.4031 -40.42 -4.49262 43.4174 -40.42 -4.68427 43.0786 -40.42 -4.70799 43.0409 -40.42 -4.76604 42.8654 -40.42 -4.50935 42.6631 -40.42 -4.37629 42.5636 -40.42 -3.75699 42 -40.42 -3.73077 41.8606 -40.42 -3.61279 41 -40.42 -3.59128 40.7909 -40.42 -3.53103 40 -40.42 -3.47778 39 -40.42 -3.2216 38.7967 -40.42 -2.3166 38 -40.42 -2.32096 17 -40.42 -2.3926 16 -40.42 -2.52055 15 -40.42 -2.90096 14.6705 -40.42 -2.88549 14.6544 -40.42 
15 28 0 -39.52
0 
1
54
-24.7359 15.7331 -39.52 -24.155 14.7714 -39.52 -24.1085 14.753 -39.52 -23.8908 14.688 -39.52 -23.7431 14.7389 -39.52 -24.0383 15 -39.52 -24.0382 15.7938 -39.52 -24.0487 16 -39.52 -24.0404 30 -39.52 -24.0174 31 -39.52 -23.9871 31.7683 -39.52 -23.9871 31.7684 -39.52 -23.9819 32 -39.52 -23.9327 32.7411 -39.52 -23.9229 33 -39.52 -23.6872 33.2204 -39.52 -23.7422 33.3214 -39.52 -23.7337 33.3827 -39.52 -23.7335 33.385 -39.52 -23.6476 34 -39.52 -23.5321 34.1394 -39.52 -23.3929 35 -39.52 -23.3874 35.0141 -39.52 -23.3711 35.0911 -39.52 -23.2377 35.8844 -39.52 -23.2252 36 -39.52 -23.2034 36.8547 -39.52 -23.173 37 -39.52 -22.9285 37.6167 -39.52 -22.812 38 -39.52 -22.8073 38.3241 -39.52 -23.0473 38.084 -39.52 -23.0004 37.8527 -39.52 -23.0265 37.6394 -39.52 -23.2999 37.1403 -39.52 -23.4353 36.891 -39.52 -23.5447 36.4452 -39.52 -23.5477 36.4355 -39.52 -23.7226 35.9292 -39.52 -23.7778 35.8142 -39.52 -23.8907 35.4903 -39.52 -24.14 34.9675 -39.52 -24.2541 34.3205 -39.52 -24.3012 34.0058 -39.52 -24.3015 34.0031 -39.52 -24.4356 33.0441 -39.52 -24.7109 32.0824 -39.52 -24.9177 31.193 -39.52 -24.9265 31.1522 -39.52 -24.9353 31.1206 -39.52 -24.7646 30.1589 -39.52 -24.7136 29.9098 -39.52 -24.7355 29.1972 -39.52 -24.7299 28.9623 -39.52 
15 29 0 -39.52
2 26 32 
1
55
-12.0214 14.6074 -39.52 -12.0071 14.5961 -39.52 -11.7967 14.4429 -39.52 -11.6752 14.4429 -39.52 -11.0926 14.4748 -39.52 -10.0837 14.4429 -39.52 -9.57245 14.4429 -39.52 -10.2158 15 -39.52 -10.3438 16 -39.52 -10.4154 17 -39.52 -10.5674 33 -39.52 -9.51473 33.9097 -39.52 -9.4054 34 -39.52 -9.30065 40 -39.52 -8.36004 40.8086 -39.52 -8.09352 41 -39.52 -8.02082 42 -39.52 -7.93182 42.7368 -39.52 -8.30876 43.3652 -39.52 -8.34375 43.4256 -39.52 -8.49418 43.623 -39.52 -8.60917 43.8948 -39.52 -9.39269 44.0443 -39.52 -9.4542 44.097 -39.52 -9.59197 43.9569 -39.52 -9.67726 43.8262 -39.52 -9.75749 43.6686 -39.52 -9.7702 43.623 -39.52 -10.155 43.0666 -39.52 -10.235 42.9468 -39.52 -10.4062 42.6613 -39.52 -10.4191 42.5352 -39.52 -10.5647 42.4342 -39.52 -10.5991 42.3588 -39.52 -10.9565 41.6996 -39.52 -11.0027 41.3786 -39.52 -11.0454 41.2187 -39.52 -11.133 40.7378 -39.52 -11.5553 40.002 -39.52 -11.6012 39.7761 -39.52 -11.6752 39.4692 -39.52 -11.7196 39.3212 -39.52 -11.8222 38.9068 -39.52 -11.8703 38.8144 -39.52 -11.8719 38.7468 -39.52 -11.9908 37.8527 -39.52 -12.0008 37.8357 -39.52 -12.0008 37.8333 -39.52 -11.9971 37.6439 -39.52 -10.6963 37 -39.52 -10.7562 19 -39.52 -10.8113 18 -39.52 -10.8907 17 -39.52 -11.0147 16 -39.52 -11.2364 15 -39.52 
15 30 0 -39.52
2 27 31 
1
40
-2.96477 14.7714 -39.52 -2.82327 14.675 -39.52 -2.79124 14.6482 -39.52 -2.3899 14.5732 -39.52 -1.94031 14.4429 -39.52 -0.33488 14.4429 -39.52 -0.978175 15 -39.52 -1.10612 16 -39.52 -1.1778 17 -39.52 -1.28026 20.1221 -39.52 -1.43182 20.1208 -39.52 -2.45139 21 -39.52 -2.23837 40.8939 -39.52 -2.20642 41.2625 -39.52 -2.38994 41.416 -39.52 -2.64036 41.7213 -39.52 -2.64434 41.7259 -39.52 -2.79124 41.911 -39.52 -3.34837 42.5662 -39.52 -3.36939 42.5896 -39.52 -3.44704 42.6613 -39.52 -3.90174 43.1344 -39.52 -3.97086 43.1929 -39.52 -4.05239 43.3097 -39.52 -4.31335 43.4318 -39.52 -4.37976 43.4436 -39.52 -4.88544 43.3959 -39.52 -5.01225 42.8239 -39.52 -5.01572 42.7889 -39.52 -5.03031 42.7259 -39.52 -4.89591 42.6316 -39.52 -4.19003 42 -39.52 -4.1709 41.8601 -39.52 -4.07943 41 -39.52 -3.96969 39 -39.52 -3.74121 38.8214 -39.52 -2.80394 38 -39.52 -2.84054 17 -39.52 -2.91222 16 -39.52 -3.04004 15.0008 -39.52 
16 31 0 -38.62
3 30 33 34 
1
47
-3.45873 15.7895 -38.62 -3.45552 15.7331 -38.62 -3.31086 15.0901 -38.62 -3.25867 14.8777 -38.62 -3.22848 14.7714 -38.62 -3.10721 14.6499 -38.62 -2.75455 14.5479 -38.62 -2.20033 14.4429 -38.62 -0.854452 14.4429 -38.62 -1.49781 15 -38.62 -1.62575 16 -38.62 -1.69739 17 -38.62 -1.80052 20.1177 -38.62 -1.95142 20.117 -38.62 -2.89182 20.9314 -38.62 -3.07931 21 -38.62 -3.13987 23 -38.62 -2.90988 38 -38.62 -2.89186 38.1854 -38.62 -2.86533 39 -38.62 -2.81909 40 -38.62 -2.75186 41 -38.62 -2.66161 41.8849 -38.62 -2.65196 42 -38.62 -2.64552 42.0376 -38.62 -2.75448 42.1748 -38.62 -3.10722 42.4758 -38.62 -3.28082 42.6294 -38.62 -3.31083 42.6595 -38.62 -3.31323 42.6613 -38.62 -3.81124 42.9996 -38.62 -4.42136 43.4513 -38.62 -4.67797 43.11 -38.62 -4.92207 42.7732 -38.62 -4.94301 42.6613 -38.62 -4.93338 42.2537 -38.62 -4.64816 42 -38.62 -4.63455 41.8713 -38.62 -4.56151 41 -38.62 -4.52159 40.2888 -38.62 -4.42136 40.088 -38.62 -4.28921 39.7761 -38.62 -4.31058 38.8779 -38.62 -4.26085 38.8395 -38.62 -3.30012 38 -38.62 -3.36017 17 -38.62 -3.43183 16 -38.62 
16 32 0 -38.62
1 29 
1
29
-11.1614 38 -38.62 -10.8918 37.8784 -38.62 -9.89288 37.3824 -38.62 -9.83259 40 -38.62 -8.87962 40.8216 -38.62 -8.63159 41 -38.62 -8.56623 42 -38.62 -8.45445 43 -38.62 -8.36677 43.3901 -38.62 -8.40377 43.5625 -38.62 -8.4323 43.6096 -38.62 -8.44009 43.623 -38.62 -8.52483 43.7773 -38.62 -8.86335 44.0339 -38.62 -9.26354 43.623 -38.62 -9.40131 43.1272 -38.62 -9.97384 42.7124 -38.62 -10.0045 42.6613 -38.62 -10.0925 41.8024 -38.62 -10.2407 41.6996 -38.62 -10.3054 41.025 -38.62 -10.4417 40.7378 -38.62 -10.4482 40.6725 -38.62 -10.5289 40.2515 -38.62 -11.0844 40.4541 -38.62 -11.1577 40.3516 -38.62 -11.2644 40.1617 -38.62 -11.2518 40 -38.62 -11.2 39 -38.62 
17 33 0 -37.72
2 31 35 
1
14
-3.1191 15.1938 -37.72 -2.99918 14.7714 -37.72 -2.86605 14.6371 -37.72 -2.71997 14.5948 -37.72 -2.16204 14.4429 -37.72 -1.35904 14.4429 -37.72 -1.76689 15 -37.72 -1.84801 16 -37.72 -1.89344 17 -37.72 -1.96736 20.8704 -37.72 -3.52738 20.2994 -37.72 -3.46212 17.6565 -37.72 -3.4161 16.6948 -37.72 -3.33867 15.7331 -37.72 
17 34 0 -37.72
2 31 35 
1
21
-4.13152 38.2872 -37.72 -4.06385 41 -37.72 -4.01478 42 -37.72 -3.93829 43 -37.72 -3.92495 43.0991 -37.72 -4.27411 43.4536 -37.72 -4.94095 43.5394 -37.72 -4.9643 43.5072 -37.72 -5.04252 43.0893 -37.72 -5.10664 42.6613 -37.72 -5.04252 42.5178 -37.72 -4.94096 42.2751 -37.72 -4.72138 41.6996 -37.72 -4.67409 41.4046 -37.72 -4.64853 40.7378 -37.72 -4.60483 40.6348 -37.72 -4.53616 40.4846 -37.72 -4.50215 39.7761 -37.72 -4.51098 39.5103 -37.72 -4.43785 38.8144 -37.72 -4.41592 38.5351 -37.72 
18 35 0 -36.82
3 33 34 36 
1
48
-3.34689 14.7714 -36.82 -3.33101 14.7605 -36.82 -3.23958 14.6797 -36.82 -2.6249 14.5285 -36.82 -2.12906 14.4429 -36.82 -0.739011 14.4429 -36.82 -1.38235 15 -36.82 -1.51029 16 -36.82 -1.58194 17 -36.82 -1.66457 35.0944 -36.82 -1.83598 35.1789 -36.82 -2.43704 36 -36.82 -2.41345 37.6828 -36.82 -2.78265 38 -36.82 -2.69659 40 -36.82 -2.61711 41 -36.82 -2.56723 41.3965 -36.82 -2.5269 41.6487 -36.82 -2.61838 41.7638 -36.82 -2.62489 41.7729 -36.82 -3.35468 42.6613 -36.82 -3.35942 42.6668 -36.82 -3.48364 42.803 -36.82 -4.03296 43.2521 -36.82 -4.35009 43.4452 -36.82 -4.73699 43.4831 -36.82 -4.79574 43.1341 -36.82 -5.01876 42.6613 -36.82 -4.99474 42.5979 -36.82 -4.92026 42.4179 -36.82 -4.94262 41.6996 -36.82 -4.93124 41.4616 -36.82 -4.83753 40.7378 -36.82 -4.82419 40.4463 -36.82 -4.51569 39.7761 -36.82 -4.41792 38.9187 -36.82 -4.40931 38.8144 -36.82 -4.35009 38.7102 -36.82 -4.05814 38.1399 -36.82 -4.03204 37.8527 -36.82 -4.05683 36.2158 -36.82 -4.03777 35.9292 -36.82 -4.02274 35.237 -36.82 -3.87261 34.9675 -36.82 -3.87949 33.7539 -36.82 -3.78717 33.0441 -36.82 -3.63854 15.7331 -36.82 -3.48372 15.1526 -36.82 
19 36 0 -35.92
2 35 37 
1
42
-3.19488 14.7425 -35.92 -3.08777 14.6403 -35.92 -2.64869 14.5059 -35.92 -2.38375 14.4429 -35.92 -1.25861 14.4429 -35.92 -1.90194 15 -35.92 -2.02989 16 -35.92 -2.10157 17 -35.92 -2.16792 37 -35.92 -2.35561 37.1722 -35.92 -3.31933 38 -35.92 -3.22097 40.5028 -35.92 -3.14612 41.4654 -35.92 -3.07736 42 -35.92 -3.30216 42.2424 -35.92 -3.51028 42.4826 -35.92 -4.13467 43 -35.92 -4.06962 43.0539 -35.92 -4.49583 43.4761 -35.92 -4.86969 43.2657 -35.92 -5.06094 42.9391 -35.92 -5.19456 42.6613 -35.92 -5.20301 42.3769 -35.92 -4.95485 41.6996 -35.92 -4.86969 41.1013 -35.92 -4.82873 40.8574 -35.92 -4.8205 40.7378 -35.92 -4.68607 40.4278 -35.92 -4.54295 40.1234 -35.92 -4.47421 39.7761 -35.92 -4.41957 39.1 -35.92 -4.28172 38.8144 -35.92 -4.28592 38.5331 -35.92 -4.23822 37.8527 -35.92 -4.24937 36.891 -35.92 -4.19957 35.9292 -35.92 -3.84832 35.3421 -35.92 -3.63984 34.9675 -35.92 -3.5514 16.6948 -35.92 -3.49652 15.7331 -35.92 -3.42008 15.4863 -35.92 -3.22419 14.7714 -35.92 
20 37 0 -35.02
1 36 
1
44
-3.42667 15.0697 -35.02 -3.31805 14.7714 -35.02 -3.19538 14.6861 -35.02 -3.16832 14.6607 -35.02 -2.84662 14.5617 -35.02 -2.28944 14.4778 -35.02 -2.1426 14.4429 -35.02 -1.77821 14.4429 -35.02 -2.42156 15 -35.02 -2.54952 16 -35.02 -2.62114 17 -35.02 -2.70451 37 -35.02 -2.858 37.143 -35.02 -3.85139 38 -35.02 -3.73631 41 -35.02 -3.6542 42 -35.02 -3.81626 42.1917 -35.02 -4.02989 42.3988 -35.02 -4.65638 42.915 -35.02 -4.7533 43 -35.02 -4.65639 43.085 -35.02 -4.20215 43.4593 -35.02 -4.25469 43.5236 -35.02 -4.27878 43.5242 -35.02 -4.95871 43.2509 -35.02 -5.09892 42.877 -35.02 -5.19624 42.6613 -35.02 -5.11542 42.4496 -35.02 -4.96099 42.0737 -35.02 -4.9043 41.6996 -35.02 -4.85417 41.0585 -35.02 -4.72331 40.7378 -35.02 -4.66255 40.3118 -35.02 -4.57543 39.7761 -35.02 -4.27879 39.2016 -35.02 -4.21295 39.0707 -35.02 -4.0922 38.8144 -35.02 -4.11042 37.6007 -35.02 -2.92598 37 -35.02 -2.84241 23.2638 -35.02 -2.84247 23.2619 -35.02 -3.01702 18 -35.02 -3.09644 17 -35.02 -3.22049 16 -35.02 
