148
0 1 0 1 1 2 1 2 2 3 2 3 3 4 3 4 4 5 4 5 5 6 5 6 6 7 6 7 7 8 7 8 8 9 8 9 9 10 9 10 10 11 10 11 11 12 11 12 12 13 12 13 13 14 13 14 14 15 14 15 15 16 15 16 16 17 16 17 17 18 17 18 18 19 18 19 19 20 19 20 20 21 20 21 21 22 21 22 22 23 22 23 23 24 23 24 24 25 24 25 25 26 25 26 26 27 26 27 27 28 27 28 28 29 28 29 28 30 28 30 29 31 29 31 31 32 31 32 32 33 32 33 33 34 33 34 34 35 34 35 35 36 35 36 36 37 36 37 
37
1 0 
1 1 
1 2 
1 3 
1 4 
1 5 
1 6 
1 7 
1 8 
1 9 
1 10 
1 11 
1 12 
1 13 
1 14 
1 15 
1 16 
1 17 
1 18 
1 19 
1 20 
1 21 
1 22 
1 23 
1 24 
1 25 
1 26 
1 27 
1 28 
2 29 30 
1 31 
1 32 
1 33 
1 34 
1 35 
1 36 
1 37 
38
0 0 0 -50.8
1 1 
1
4
3.1106e-015 10.0819 -50.8 50.8 10.0375 -50.8 50.8 50.8 -50.8 4.22057e-007 50.8 -50.8 
1 1 0 -49.9
2 0 2 
1
4
3.0555e-015 10.086 -49.9 50.8 10.0385 -49.9 50.8 50.8 -49.9 3.05549e-015 50.8 -49.9 
2 2 0 -49
2 1 3 
1
5
3.00038e-015 10.0903 -49 16 10.2494 -49 50.8 10.0394 -49 50.8 50.8 -49 3.00038e-015 50.8 -49 
3 3 0 -48.1
2 2 4 
1
9
2.94527e-015 10.095 -48.1 15 10.32 -48.1 16 10.3202 -48.1 16.1 10.3185 -48.1 17 10.2866 -48.1 18 10.2564 -48.1 50.8 10.0404 -48.1 50.8 50.8 -48.1 2.94527e-015 50.8 -48.1 
4 4 0 -47.2
2 3 5 
1
21
2.89017e-015 10.1001 -47.2 8.2 10.2371 -47.2 9 10.2664 -47.2 9.2 10.2694 -47.2 10 10.2935 -47.2 12.2 10.3437 -47.2 13.2 10.3735 -47.2 14 10.4046 -47.2 14.2 10.4092 -47.2 15 10.447 -47.2 16 10.4434 -47.2 16.2 10.4363 -47.2 17 10.3752 -47.2 17.2 10.3689 -47.2 18 10.3247 -47.2 18.2 10.3197 -47.2 19 10.2862 -47.2 20 10.256 -47.2 50.8 10.0415 -47.2 50.8 50.8 -47.2 2.89016e-015 50.8 -47.2 
5 5 0 -46.3
2 4 6 
1
32
7.3 10.2469 -46.3 8.3 10.2902 -46.3 9 10.3325 -46.3 9.3 10.3415 -46.3 10 10.3955 -46.3 10.3 10.4026 -46.3 11 10.4377 -46.3 11.3 10.4459 -46.3 12 10.4884 -46.3 12.3 10.4981 -46.3 13 10.5529 -46.3 13.3 10.5645 -46.3 14 10.6378 -46.3 14.3 10.6519 -46.3 15 10.7546 -46.3 15.3 10.7533 -46.3 16 10.7125 -46.3 16.3 10.6896 -46.3 17 10.5466 -46.3 17.3 10.53 -46.3 18 10.4443 -46.3 18.3 10.4317 -46.3 19 10.3747 -46.3 19.3 10.3649 -46.3 20 10.3241 -46.3 20.3 10.3162 -46.3 21 10.2857 -46.3 22 10.2554 -46.3 50.8 10.0426 -46.3 50.8 50.8 -46.3 2.83506e-015 50.8 -46.3 2.83506e-015 10.1057 -46.3 
6 6 0 -45.4
2 5 7 
1
44
6.4 10.2465 -45.4 7.4 10.2984 -45.4 8 10.347 -45.4 8.4 10.3712 -45.4 9 10.4376 -45.4 9.4 10.4685 -45.4 10 10.5841 -45.4 10.4 10.6041 -45.4 11 10.731 -45.4 11.4 10.7552 -45.4 12 10.8552 -45.4 12.9422 10.9737 -45.4 13 10.9782 -45.4 13.1517 11 -45.4 13.096 12.904 -45.4 13.1494 13 -45.4 13.4003 13.5997 -45.4 15 13.5413 -45.4 15.7924 13 -45.4 16 12.8738 -45.4 16.6605 12 -45.4 16.6564 11.3436 -45.4 16.7511 11 -45.4 16.8397 10.9704 -45.4 17 10.9377 -45.4 17.3721 10.8445 -45.4 17.6 10.7636 -45.4 18 10.7146 -45.4 18.4 10.682 -45.4 19 10.5461 -45.4 19.4 10.5228 -45.4 20 10.4433 -45.4 20.4 10.4258 -45.4 21 10.3736 -45.4 21.4 10.36 -45.4 22 10.3194 -45.4 22.4 10.3061 -45.4 23 10.2677 -45.4 23.4 10.2552 -45.4 24 10.2278 -45.4 50.8 10.0438 -45.4 50.8 50.8 -45.4 2.77995e-015 50.8 -45.4 2.77995e-015 10.1115 -45.4 
7 7 0 -44.5
2 6 8 
1
52
6.5 10.2934 -44.5 7.5 10.374 -44.5 8 10.4453 -44.5 8.5 10.5007 -44.5 9 10.6435 -44.5 9.5 10.7399 -44.5 10 10.95 -44.5 10.1993 11 -44.5 10.4635 11.5365 -44.5 10.4716 12 -44.5 10.6457 12.6457 -44.5 11 13.7711 -44.5 11.0634 13.9038 -44.5 11.0731 14 -44.5 11.5282 15 -44.5 12 15.5331 -44.5 13 16.0335 -44.5 14 16.5035 -44.5 14.534 16.466 -44.5 15 16.4977 -44.5 15.9386 16 -44.5 16 15.9514 -44.5 16.0943 15.9057 -44.5 16.9993 15.2654 -44.5 17 15.265 -44.5 17.7959 15 -44.5 18 14.8403 -44.5 18.6455 14 -44.5 18.6591 13.3409 -44.5 18.7218 13 -44.5 18.7388 12 -44.5 18.7119 11.2881 -44.5 18.706 11 -44.5 18.7869 10.9713 -44.5 19 10.923 -44.5 19.396 10.8194 -44.5 19.5 10.7801 -44.5 20 10.7138 -44.5 20.5 10.6703 -44.5 21 10.5437 -44.5 21.5 10.5099 -44.5 22 10.4106 -44.5 22.5 10.3785 -44.5 23 10.3231 -44.5 23.5 10.3003 -44.5 24 10.2661 -44.5 25 10.2262 -44.5 26 10.1961 -44.5 50.8 10.045 -44.5 50.8 50.8 -44.5 2.72484e-015 50.8 -44.5 2.72484e-015 10.1173 -44.5 
8 8 0 -43.6
2 7 9 
1
62
5.6 10.2814 -43.6 6.6 10.3585 -43.6 7 10.4082 -43.6 7.6 10.4938 -43.6 8 10.5992 -43.6 8.6 10.7707 -43.6 8.98571 10.9962 -43.6 8.99249 11 -43.6 9 11.0501 -43.6 9.13137 11.7082 -43.6 9.53813 13 -43.6 9.80539 13.8054 -43.6 9.87661 14 -43.6 10.8136 16 -43.6 11 16.2721 -43.6 11.704 16.704 -43.6 11.9407 16.8677 -43.6 12 16.907 -43.6 12.1881 17 -43.6 13 17.3622 -43.6 14 17.7785 -43.6 14.9753 18.0147 -43.6 15 18.0211 -43.6 15.0201 18 -43.6 15.5415 17.4 -43.6 15.9903 17.0518 -43.6 16 17.0415 -43.6 16.062 17 -43.6 17 16.4456 -43.6 17.6527 16 -43.6 17.6536 15.9995 -43.6 18 15.8411 -43.6 18.4 15.6357 -43.6 19 15.3485 -43.6 19.4 15.1331 -43.6 19.6044 15 -43.6 20 14.4488 -43.6 20.2833 14 -43.6 20.5442 13.4558 -43.6 20.602 13 -43.6 20.7081 12.2919 -43.6 20.7127 12 -43.6 20.5293 11.4707 -43.6 20.5103 11 -43.6 20.5781 10.9668 -43.6 21 10.86 -43.6 21.1346 10.8009 -43.6 21.4 10.6794 -43.6 22 10.5603 -43.6 22.6 10.4938 -43.6 23 10.4064 -43.6 23.6 10.3653 -43.6 24 10.3197 -43.6 24.6 10.2917 -43.6 25 10.2636 -43.6 25.6 10.2429 -43.6 26 10.2233 -43.6 27 10.1936 -43.6 50.8 10.0462 -43.6 50.8 50.8 -43.6 2.66973e-015 50.8 -43.6 2.66973e-015 10.123 -43.6 
9 9 0 -42.7
2 8 10 
1
50
4.7 10.2682 -42.7 5.7 10.3403 -42.7 6.7 10.4604 -42.7 7 10.526 -42.7 7.7 10.7105 -42.7 8 10.8663 -42.7 8.23859 11 -42.7 8.11095 11.7663 -42.7 8.09678 12 -42.7 8.18211 12.5602 -42.7 8.31902 13 -42.7 8.51941 13.5194 -42.7 8.7201 14 -42.7 10.0106 16.7532 -42.7 10.1576 17 -42.7 11 17.7574 -42.7 11.5508 18 -42.7 14 19.0061 -42.7 15 19.2729 -42.7 15.6879 19 -42.7 16 18.6154 -42.7 16.2694 18 -42.7 17.7645 17 -42.7 18.1659 16.7067 -42.7 18.5269 16.3 -42.7 18.8304 16 -42.7 19 15.9131 -42.7 19.3 15.8305 -42.7 20.3 15.291 -42.7 20.6985 15 -42.7 21 14.5145 -42.7 21.2896 14 -42.7 21.8242 13 -42.7 21.9875 12 -42.7 21.8214 11.5231 -42.7 21.653 11 -42.7 22.3 10.7017 -42.7 23 10.5487 -42.7 23.7 10.4688 -42.7 24 10.4003 -42.7 24.7 10.3511 -42.7 25 10.3155 -42.7 25.7 10.2813 -42.7 26 10.2592 -42.7 27 10.22 -42.7 28 10.1911 -42.7 50.8 10.0476 -42.7 50.8 50.8 -42.7 2.61462e-015 50.8 -42.7 2.61462e-015 10.1292 -42.7 
10 10 0 -41.8
2 9 11 
1
75
4.8 10.3187 -41.8 5.8 10.4263 -41.8 6 10.4654 -41.8 6.8 10.6405 -41.8 7 10.7346 -41.8 7.53006 11 -41.8 7.49338 11.2824 -41.8 7.36915 12 -41.8 7.40888 12.2051 -41.8 7.33553 13 -41.8 7.3377 13.0043 -41.8 7.40962 13.2 -41.8 7.75802 14 -41.8 7.8555 14.2 -41.8 7.90152 14.3083 -41.8 8 14.5234 -41.8 8.24794 15 -41.8 8.28677 15.0595 -41.8 8.35911 15.2 -41.8 8.73036 16 -41.8 8.8333 16.2 -41.8 9 16.5354 -41.8 9.26077 17 -41.8 9.28944 17.048 -41.8 9.36857 17.2 -41.8 9.74045 18 -41.8 9.86133 18.1718 -41.8 10 18.3521 -41.8 10.8 18.7546 -41.8 11 18.9808 -41.8 11.0706 19.0098 -41.8 12 19.4122 -41.8 14 20.2338 -41.8 15 20.5247 -41.8 16 20.3537 -41.8 16.0555 20.3009 -41.8 16.2587 20.2 -41.8 16.3069 20 -41.8 16.4657 19.5804 -41.8 16.7258 19 -41.8 17 18.65 -41.8 18 17.9813 -41.8 18.1297 17.7826 -41.8 18.4789 17.2 -41.8 18.4897 17 -41.8 18.9405 16.3929 -41.8 19 16.2958 -41.8 20 16.0176 -41.8 20.0986 16 -41.8 20.2447 15.9653 -41.8 21 15.5559 -41.8 21.387 15.2447 -41.8 21.4585 15.2 -41.8 21.7407 15 -41.8 22 14.54 -41.8 22.8305 13 -41.8 22.8754 12.3169 -41.8 22.9062 12 -41.8 22.8066 11.6533 -41.8 22.6024 11 -41.8 23.2 10.7181 -41.8 24 10.5355 -41.8 24.8 10.4405 -41.8 25 10.392 -41.8 25.8 10.3331 -41.8 26 10.3084 -41.8 26.8 10.2692 -41.8 27 10.2545 -41.8 27.8 10.2265 -41.8 28 10.2166 -41.8 29 10.1886 -41.8 50.8 10.0489 -41.8 50.8 50.8 -41.8 2.55951e-015 50.8 -41.8 2.55951e-015 10.136 -41.8 
11 11 0 -40.9
2 10 12 
1
77
7 13.0945 -40.9 7.32364 13.9749 -40.9 7.33089 14 -40.9 7.76954 14.9 -40.9 7.80718 15 -40.9 7.8549 15.1 -40.9 9.35156 18 -40.9 10 18.9196 -40.9 10.0713 19 -40.9 10.5704 19.4923 -40.9 11 19.9403 -40.9 11.1037 20 -40.9 11.436 20.2195 -40.9 12 20.6076 -40.9 12.9103 21 -40.9 13 21.0506 -40.9 14 21.4615 -40.9 15 21.7765 -40.9 16 21.6055 -40.9 16.7603 21.2397 -40.9 17 21.1802 -40.9 17.0537 21.0904 -40.9 17.0731 21 -40.9 17.2357 20.1 -40.9 17.276 20 -40.9 18 19.1199 -40.9 18.0369 19.0953 -40.9 18.0859 19 -40.9 18.0902 18.9941 -40.9 18.6736 18.1 -40.9 18.68 17.9 -40.9 18.7288 17 -40.9 18.9965 16.563 -40.9 19 16.5595 -40.9 19.9 16.3002 -40.9 20 16.2389 -40.9 20.9 16.129 -40.9 21.1 16.1144 -40.9 21.1675 16.0867 -40.9 21.3695 16 -40.9 22 15.6351 -40.9 22.5353 15.1675 -40.9 22.633 15.1 -40.9 22.7569 15 -40.9 23 14.5615 -40.9 23.3021 14 -40.9 23.4166 13.7205 -40.9 23.7464 13 -40.9 23.8088 12 -40.9 23.7648 11.8094 -40.9 23.5519 11 -40.9 24.1 10.7339 -40.9 25 10.5159 -40.9 25.9 10.405 -40.9 26 10.3801 -40.9 26.9 10.3137 -40.9 27 10.3013 -40.9 27.9 10.257 -40.9 28 10.2496 -40.9 28.9 10.2181 -40.9 29 10.2132 -40.9 30 10.1859 -40.9 50.8 10.0504 -40.9 50.8 50.8 -40.9 2.5044e-015 50.8 -40.9 2.50441e-015 10.1433 -40.9 3.9 10.2834 -40.9 4 10.2907 -40.9 4.9 10.3779 -40.9 5 10.3911 -40.9 5.9 10.5671 -40.9 6 10.5984 -40.9 6.81467 10.9772 -40.9 6.84828 11 -40.9 6.76833 11.9 -40.9 6.77428 12 -40.9 6.93283 12.9 -40.9 
12 12 0 -40
2 11 13 
1
46
2 10.207 -40 3 10.2539 -40 4 10.3271 -40 5 10.4594 -40 6 10.7716 -40 6.33608 11 -40 6.3956 12 -40 7 13.7492 -40 7.07247 14 -40 7.44886 15 -40 7.92611 16 -40 8.95549 18 -40 9 18.0727 -40 9.63753 19 -40 10.4243 20 -40 11 20.6358 -40 12 21.4759 -40 12.6836 22 -40 13 22.2617 -40 14 22.6891 -40 15 23.0283 -40 17 22.6863 -40 17.5938 22 -40 17.8094 21 -40 18 20.5031 -40 18.3867 20 -40 18.9015 19 -40 18.9649 17 -40 19 16.9649 -40 20 16.3527 -40 22 16.2072 -40 22.5434 16 -40 23 15.7333 -40 23.7693 15 -40 24.3084 14 -40 24.6153 13 -40 24.6801 12 -40 24.4843 11 -40 25 10.7402 -40 26 10.4916 -40 27 10.368 -40 28 10.2941 -40 50.8 10.052 -40 50.8 50.8 -40 2.44929e-015 50.8 -40 2.44929e-015 10.1508 -40 
13 13 0 -39.1
2 12 14 
1
84
3 10.2779 -39.1 3.1 10.2852 -39.1 4 10.3716 -39.1 4.1 10.3848 -39.1 5 10.5601 -39.1 5.1 10.5913 -39.1 5.31959 10.7083 -39.1 5.89637 11 -39.1 6.03361 11.4581 -39.1 6.13716 11.9 -39.1 6.14311 12 -39.1 6.17767 12.1 -39.1 6.5149 13 -39.1 7 14.4039 -39.1 7.00725 14.429 -39.1 7.1334 14.9 -39.1 7.17104 15 -39.1 7.21876 15.1 -39.1 7.57319 16 -39.1 7.99261 16.8909 -39.1 8.04408 16.9909 -39.1 8.04788 17 -39.1 8.56347 18 -39.1 9 18.6962 -39.1 9.2123 19 -39.1 10 20.0092 -39.1 10.2186 20.2731 -39.1 11 21.2671 -39.1 11.3108 21.5463 -39.1 11.796 22 -39.1 13 23.0114 -39.1 13.1295 23.0773 -39.1 14 23.8079 -39.1 14.4397 24 -39.1 15 24.2801 -39.1 17 23.9381 -39.1 17.1443 23.8557 -39.1 17.6022 23.7252 -39.1 18 23.5859 -39.1 18.2164 23 -39.1 18.4026 21.8696 -39.1 18.7418 21 -39.1 18.8064 20.9 -39.1 18.8906 20.7445 -39.1 19 20.4805 -39.1 19.1162 20 -39.1 19.1333 19.8542 -39.1 19.1758 17.8826 -39.1 19.2642 17 -39.1 19.2694 16.9965 -39.1 19.9 16.7004 -39.1 20 16.6392 -39.1 20.1 16.6319 -39.1 21 16.5989 -39.1 21.1 16.5916 -39.1 22 16.3206 -39.1 22.9 16.2553 -39.1 23 16.2171 -39.1 23.7195 16 -39.1 23.8542 15.9 -39.1 23.8807 15.8745 -39.1 24 15.8151 -39.1 24.7797 15 -39.1 25.3137 14 -39.1 25.3541 13.8329 -39.1 25.4776 13 -39.1 25.5424 12 -39.1 25.5075 11.7952 -39.1 25.3898 11 -39.1 25.9 10.7416 -39.1 26 10.7167 -39.1 26.1 10.7043 -39.1 27 10.4799 -39.1 27.1 10.4725 -39.1 28 10.361 -39.1 28.1 10.3561 -39.1 29 10.2894 -39.1 29.1 10.2858 -39.1 30 10.2414 -39.1 31 10.2068 -39.1 50.8 10.0536 -39.1 50.8 50.8 -39.1 2.39418e-015 50.8 -39.1 2.39418e-015 10.1567 -39.1 
14 14 0 -38.2
2 13 15 
1
83
2 10.2307 -38.2 3 10.2955 -38.2 3.2 10.3147 -38.2 4 10.4098 -38.2 4.2 10.4487 -38.2 5 10.6499 -38.2 5.16954 10.7357 -38.2 5.60738 11 -38.2 5.88381 11.8 -38.2 5.94311 12 -38.2 6 12.1646 -38.2 6.02301 12.2481 -38.2 6.16452 12.8 -38.2 6.23946 13 -38.2 6.30857 13.2 -38.2 6.63419 14 -38.2 7 15.0587 -38.2 7.02803 15.1634 -38.2 7.18696 15.8 -38.2 7.26572 16 -38.2 7.60322 16.8 -38.2 8 17.6644 -38.2 8.00084 17.6665 -38.2 8.05216 17.8 -38.2 8.1553 18 -38.2 8.78707 19 -38.2 11 21.8333 -38.2 11.1408 21.965 -38.2 11.1697 22 -38.2 11.9224 22.8 -38.2 11.9476 22.8229 -38.2 14 24.5471 -38.2 14.4083 24.8235 -38.2 14.6318 25 -38.2 15 25.2507 -38.2 15.4353 25.2393 -38.2 16 25.3074 -38.2 16.5944 25.2208 -38.2 17 25.1754 -38.2 17.9363 25.0275 -38.2 18 25.0189 -38.2 18.4034 24.7851 -38.2 18.7473 24 -38.2 18.8212 23.8 -38.2 19.0507 22.4179 -38.2 19.1139 22 -38.2 19.2061 21.7564 -38.2 19.2978 21 -38.2 19.3462 20.8 -38.2 19.4065 18 -38.2 19.5103 17 -38.2 19.6505 16.9342 -38.2 20 16.7253 -38.2 21 16.6783 -38.2 21.2 16.6181 -38.2 22 16.5914 -38.2 22.2 16.5768 -38.2 23 16.3615 -38.2 23.8 16.3034 -38.2 24 16.243 -38.2 24.932 16 -38.2 25 15.9338 -38.2 25.7863 15 -38.2 26.0058 14.5848 -38.2 26.2729 14 -38.2 26.4047 12 -38.2 26.354 11.5937 -38.2 26.2934 11 -38.2 26.8 10.7429 -38.2 27 10.693 -38.2 27.2 10.6682 -38.2 28 10.468 -38.2 28.2 10.4532 -38.2 29 10.3539 -38.2 29.2 10.344 -38.2 30 10.2845 -38.2 30.2 10.2774 -38.2 31 10.2375 -38.2 32 10.2036 -38.2 50.8 10.0554 -38.2 50.8 50.8 -38.2 2.33907e-015 50.8 -38.2 2.33908e-015 10.1596 -38.2 
15 15 0 -37.3
2 14 16 
1
95
2 10.231 -37.3 3 10.2977 -37.3 4 10.4181 -37.3 4.3 10.4935 -37.3 5 10.6937 -37.3 5.16419 10.7928 -37.3 5.37142 11 -37.3 5.47509 11.3 -37.3 5.69558 12 -37.3 5.88756 12.7 -37.3 6 13.0199 -37.3 6.178 13.7 -37.3 6.30011 14 -37.3 6.40377 14.3 -37.3 6.7257 15 -37.3 6.97884 15.667 -37.3 7 15.7283 -37.3 7.0596 15.967 -37.3 7.06993 16 -37.3 7.19649 16.3 -37.3 7.68644 17.7 -37.3 8 18.3828 -37.3 8.01925 18.4322 -37.3 8.17332 18.7 -37.3 8.36185 19 -37.3 9.14193 19.9994 -37.3 9.14225 20 -37.3 11 22.38 -37.3 11.0108 22.3931 -37.3 11.2504 22.7 -37.3 11.5326 23 -37.3 11.9931 23.5473 -37.3 12 23.5538 -37.3 12.3655 23.8616 -37.3 12.5208 24 -37.3 13.7264 25 -37.3 14.3 25.3953 -37.3 15 25.8266 -37.3 15.3 25.8628 -37.3 15.5305 25.9997 -37.3 15.5311 26 -37.3 16 26.2664 -37.3 17 26.2058 -37.3 18 26.1373 -37.3 18.8734 26.0566 -37.3 19 26.0482 -37.3 19.0598 26 -37.3 19.2831 25.5994 -37.3 19.4294 25 -37.3 19.622 24 -37.3 19.8055 23 -37.3 19.7364 22.7758 -37.3 19.6027 22.3 -37.3 19.6481 22 -37.3 19.5427 21.3 -37.3 19.5791 21 -37.3 19.6528 20.3 -37.3 19.713 17.3 -37.3 19.7445 17 -37.3 19.8755 16.9217 -37.3 20 16.7972 -37.3 21 16.7396 -37.3 21.3 16.7296 -37.3 22 16.6959 -37.3 22.3 16.6152 -37.3 23 16.5913 -37.3 23.3 16.5695 -37.3 24 16.4023 -37.3 24.3 16.3404 -37.3 25 16.2896 -37.3 25.7 16.2005 -37.3 26 16.0277 -37.3 26.0449 16 -37.3 26.2757 15.7 -37.3 26.7927 15 -37.3 27.0414 14.3233 -37.3 27.1373 14 -37.3 27.2669 12 -37.3 27.2192 11.3954 -37.3 27.197 11 -37.3 27.7 10.7443 -37.3 28 10.6692 -37.3 28.3 10.6319 -37.3 29 10.4562 -37.3 29.3 10.4338 -37.3 30 10.3466 -37.3 30.3 10.3316 -37.3 31 10.2789 -37.3 31.3 10.2682 -37.3 32 10.2332 -37.3 33 10.2004 -37.3 50.8 10.0574 -37.3 50.8 50.8 -37.3 2.28397e-015 50.8 -37.3 2.28397e-015 10.1594 -37.3 
16 16 0 -36.4
2 15 17 
1
103
6 13.7518 -36.4 6.06493 14 -36.4 6.16117 14.6 -36.4 6.34513 15 -36.4 6.58403 15.6 -36.4 7 16.6964 -36.4 7.00428 16.7101 -36.4 7.10703 17 -36.4 7.14766 17.0767 -36.4 7.59128 17.6 -36.4 7.72949 18 -36.4 7.88587 18.1943 -36.4 8 18.4413 -36.4 8.08804 18.5943 -36.4 8.22871 19 -36.4 8.56129 19.6 -36.4 8.87348 20 -36.4 9 20.1842 -36.4 9.00018 20.1846 -36.4 9.28546 20.6 -36.4 9.59774 21 -36.4 9.91246 21.4583 -36.4 10.2247 21.8583 -36.4 10.7519 22.6 -36.4 10.9248 22.8284 -36.4 11.0587 23 -36.4 11.1716 23.1342 -36.4 11.6098 23.6748 -36.4 12 24.1748 -36.4 12.768 24.872 -36.4 12.8953 25 -36.4 13 25.0794 -36.4 13.4 25.3587 -36.4 15.8842 26.8842 -36.4 16 26.95 -36.4 16.762 27.0455 -36.4 17 27.128 -36.4 19 26.9955 -36.4 19.0211 26.9789 -36.4 20 26.5404 -36.4 20.1067 26.3377 -36.4 20.2356 26 -36.4 20.317 25.4544 -36.4 20.3538 25 -36.4 20.6271 23.6 -36.4 20.561 23 -36.4 20.2313 22.4 -36.4 20.1113 22 -36.4 19.9236 21.5162 -36.4 19.89 21.4 -36.4 19.8298 21 -36.4 19.8358 20.4 -36.4 19.878 20 -36.4 19.9277 17 -36.4 20 16.9277 -36.4 20.4 16.9033 -36.4 21 16.8144 -36.4 21.4 16.7952 -36.4 22 16.7562 -36.4 23 16.7159 -36.4 23.4 16.6203 -36.4 24 16.5983 -36.4 24.4 16.5693 -36.4 25 16.5493 -36.4 25.4 16.4984 -36.4 26 16.3487 -36.4 26.6 16.2888 -36.4 27.0789 16 -36.4 27.3743 15.6 -36.4 27.799 15 -36.4 27.9994 14.0007 -36.4 27.9996 14 -36.4 28.1293 12 -36.4 28.1026 11.2002 -36.4 28.1005 11 -36.4 28.6 10.7456 -36.4 29 10.6452 -36.4 29.4 10.5953 -36.4 30 10.4441 -36.4 30.4 10.414 -36.4 31 10.3381 -36.4 31.4 10.3181 -36.4 32 10.2732 -36.4 33 10.2298 -36.4 34 10.1986 -36.4 50.8 10.0594 -36.4 50.8 50.8 -36.4 2.22886e-015 50.8 -36.4 2.22886e-015 10.1571 -36.4 1 10.1854 -36.4 2 10.2259 -36.4 3 10.2887 -36.4 3.4 10.3371 -36.4 4 10.3999 -36.4 4.4 10.5142 -36.4 5 10.6505 -36.4 5.34947 11 -36.4 5.47547 11.4 -36.4 5.46241 12 -36.4 5.57211 12.4 -36.4 5.82801 13 -36.4 5.94594 13.6 -36.4 5.95827 13.6362 -36.4 
17 17 0 -35.5
2 16 18 
1
112
2 10.218 -35.5 3 10.2753 -35.5 4 10.3733 -35.5 4.5 10.4869 -35.5 5 10.5803 -35.5 5.41971 11 -35.5 5.39333 12 -35.5 5.60659 12.5 -35.5 5.60799 13 -35.5 5.70626 13.5 -35.5 5.97751 14 -35.5 6 14.1145 -35.5 6.14336 15 -35.5 6.34244 15.5 -35.5 6.64267 16 -35.5 6.83285 16.5 -35.5 6.71842 17 -35.5 6.96408 17.2478 -35.5 7 17.3117 -35.5 7.36968 17.7477 -35.5 7.62194 18 -35.5 7.86968 18.2579 -35.5 8 18.4198 -35.5 8.11722 18.7578 -35.5 8.35935 19 -35.5 8.63651 19.5 -35.5 8.64578 20 -35.5 8.89437 20.3285 -35.5 9.23773 20.8285 -35.5 9.40924 21 -35.5 9.73773 21.3969 -35.5 10.0822 21.8969 -35.5 10.1853 22 -35.5 10.5424 22.5 -35.5 10.663 23 -35.5 10.9394 23.3208 -35.5 11 23.404 -35.5 11.3254 23.8207 -35.5 11.6742 24 -35.5 11.8254 24.2203 -35.5 12 24.4443 -35.5 12.2743 24.7202 -35.5 12.4664 25 -35.5 12.7744 25.3753 -35.5 13 25.5465 -35.5 13.5 25.8547 -35.5 13.5387 25.8849 -35.5 13.6727 26 -35.5 14 26.2465 -35.5 16 27.479 -35.5 16.5 27.6523 -35.5 17 27.9788 -35.5 17.9696 27.9859 -35.5 19 27.9177 -35.5 19.7964 27.8789 -35.5 20 27.8527 -35.5 20.958 27.042 -35.5 21 27.0112 -35.5 21.0001 27.0111 -35.5 21.007 27 -35.5 21.2041 26.3227 -35.5 21.2752 26 -35.5 21.3141 25.3684 -35.5 21.3097 25 -35.5 21.4099 24.4875 -35.5 21.4473 24 -35.5 21.2907 23.3168 -35.5 20.2946 21.5 -35.5 20.0997 21 -35.5 20.1066 20.388 -35.5 20.0879 20 -35.5 20.0943 18.424 -35.5 20.0668 18 -35.5 20.0761 17.4833 -35.5 20.2875 17 -35.5 20.5 16.98 -35.5 21 16.9059 -35.5 21.5 16.8734 -35.5 22 16.8322 -35.5 22.5 16.81 -35.5 23 16.7773 -35.5 25 16.7005 -35.5 25.5 16.5757 -35.5 26 16.5578 -35.5 26.5 16.5079 -35.5 27 16.3948 -35.5 27.5 16.3118 -35.5 28 16.0185 -35.5 28.0383 16 -35.5 28.433 15.5 -35.5 28.7734 15 -35.5 28.8297 14.2238 -35.5 28.8618 14 -35.5 28.9915 12 -35.5 28.934 11.1354 -35.5 28.9326 11 -35.5 29 10.9656 -35.5 29.5 10.747 -35.5 30 10.6209 -35.5 30.5 10.5577 -35.5 31 10.4304 -35.5 31.5 10.393 -35.5 32 10.3309 -35.5 32.5 10.3066 -35.5 33 10.2695 -35.5 33.5 10.2521 -35.5 34 10.2275 -35.5 35 10.1967 -35.5 50.8 10.0615 -35.5 50.8 50.8 -35.5 2.17375e-015 50.8 -35.5 2.17374e-015 10.1537 -35.5 
18 18 0 -34.6
2 17 19 
1
114
2 10.2095 -34.6 3 10.2618 -34.6 4 10.349 -34.6 4.6 10.4611 -34.6 5 10.5236 -34.6 5.47644 11 -34.6 5.44789 12 -34.6 5.44957 12.6 -34.6 5.43855 13 -34.6 5.76403 13.6 -34.6 5.96153 14 -34.6 5.98118 14.0527 -34.6 6 14.1484 -34.6 6.08225 14.6527 -34.6 6.1773 15 -34.6 6.53758 15.6 -34.6 6.62039 16 -34.6 6.48307 16.6 -34.6 6.53863 17 -34.6 6.70521 17.1517 -34.6 8 18.4651 -34.6 8.53491 19 -34.6 8.54604 19.6 -34.6 8.54641 20 -34.6 9 20.5963 -34.6 9.40375 21 -34.6 9.60582 21.2709 -34.6 10 21.7473 -34.6 10.2527 22 -34.6 10.3975 22.6 -34.6 10.4622 23 -34.6 11 23.6218 -34.6 11.4185 23.8369 -34.6 11.5816 24 -34.6 11.8185 24.2783 -34.6 12.2305 24.8783 -34.6 12.3522 25 -34.6 13 25.7875 -34.6 13.1743 25.9371 -34.6 13.2724 26 -34.6 13.5743 26.3104 -34.6 14 26.631 -34.6 14.4534 26.9104 -34.6 14.8534 27.2448 -34.6 15.6 27.7048 -34.6 16 27.997 -34.6 17 28.6132 -34.6 17.6 28.6812 -34.6 18 28.9061 -34.6 19 28.8399 -34.6 20.6131 28.7606 -34.6 21 28.6155 -34.6 21.0023 28.6131 -34.6 21.2449 28.4 -34.6 21.6079 28 -34.6 22 27.2894 -34.6 22.1327 27 -34.6 22.1517 26.8483 -34.6 22.3148 26 -34.6 22.2966 25.2966 -34.6 22.2656 25 -34.6 22.2615 24.2896 -34.6 22.1233 24 -34.6 22 23.792 -34.6 21.9506 23.7127 -34.6 21.8856 23.6 -34.6 21.5581 23 -34.6 21.3164 22.6 -34.6 20.9901 22 -34.6 20.8933 21.8501 -34.6 20.6563 21.6 -34.6 20.3278 21 -34.6 20.3694 20.6 -34.6 20.3404 20 -34.6 20.3312 19 -34.6 20.3446 18.6 -34.6 20.3057 18 -34.6 20.5682 17.4 -34.6 20.9494 17.1071 -34.6 21 17.0089 -34.6 22.4 16.8922 -34.6 23 16.853 -34.6 23.6 16.8265 -34.6 24 16.802 -34.6 26 16.7205 -34.6 26.6 16.5847 -34.6 27 16.5682 -34.6 27.6 16.4687 -34.6 28 16.3496 -34.6 28.4 16.2862 -34.6 28.9931 16 -34.6 29 15.9913 -34.6 29.0051 15.9816 -34.6 29.4341 15.4 -34.6 29.6593 15 -34.6 29.8538 12 -34.6 29.7676 11.4391 -34.6 29.747 11 -34.6 30 10.8892 -34.6 30.4 10.7482 -34.6 31 10.5954 -34.6 31.6 10.521 -34.6 32 10.42 -34.6 32.6 10.3755 -34.6 33 10.3253 -34.6 33.6 10.2957 -34.6 34 10.2657 -34.6 34.6 10.2446 -34.6 35 10.2246 -34.6 36 10.1947 -34.6 50.8 10.0638 -34.6 50.8 50.8 -34.6 2.11864e-015 50.8 -34.6 2.11864e-015 10.1497 -34.6 
19 19 0 -33.7
2 18 20 
1
118
2 10.2016 -33.7 3 10.2496 -33.7 4 10.3277 -33.7 4.7 10.4371 -33.7 5 10.4769 -33.7 5.5231 11 -33.7 5.47363 13 -33.7 5.81924 13.7 -33.7 5.81696 14 -33.7 5.84247 14.3 -33.7 5.96641 15 -33.7 6 15.038 -33.7 6.16633 15.1394 -33.7 6.32689 15.3 -33.7 6.47182 16 -33.7 6.56904 16.7 -33.7 6.59889 17 -33.7 6.70849 17.0952 -33.7 7 17.3607 -33.7 7.73457 18.0937 -33.7 8.6339 19 -33.7 8.63576 20 -33.7 9 20.4741 -33.7 9.52591 21 -33.7 9.64639 21.154 -33.7 10 21.6281 -33.7 10.3719 22 -33.7 10.4851 22.7 -33.7 10.5057 23 -33.7 10.6391 23.165 -33.7 11 23.5796 -33.7 11.4204 24 -33.7 12 24.6784 -33.7 12.3216 25 -33.7 13 25.8179 -33.7 13.1717 25.9279 -33.7 13.2438 26 -33.7 13.4717 26.2717 -33.7 14 26.815 -33.7 14.1861 26.9717 -33.7 14.2143 27 -33.7 14.4861 27.257 -33.7 15 27.6854 -33.7 15.3713 27.957 -33.7 15.4519 28 -33.7 15.6714 28.1829 -33.7 16 28.4226 -33.7 16.7 28.8539 -33.7 17 29.1039 -33.7 17.3224 29.3224 -33.7 18 29.7072 -33.7 18.5637 29.7872 -33.7 21 29.6682 -33.7 21.7996 29.2004 -33.7 22 29.1362 -33.7 22.1296 29 -33.7 22.3365 28.6635 -33.7 22.7998 28 -33.7 23.2583 27 -33.7 23.2698 26.7302 -33.7 23.3544 26 -33.7 23.3055 25.8726 -33.7 23.3 25.8224 -33.7 23.2193 25.6498 -33.7 23.1325 25 -33.7 23 24.8834 -33.7 22.932 24.8071 -33.7 22.8539 24.7 -33.7 22.5199 24 -33.7 21.927 23 -33.7 21.8863 22.9327 -33.7 21.7392 22.7 -33.7 21.3163 22 -33.7 21.1635 21.8555 -33.7 21 21.5931 -33.7 20.5852 21.1555 -33.7 20.4956 21 -33.7 20.4187 20.7 -33.7 20.4913 20 -33.7 20.4746 19 -33.7 20.5123 18.7 -33.7 20.5358 18 -33.7 20.8663 17.3582 -33.7 21 17.1108 -33.7 21.7 17.0526 -33.7 22 17.0391 -33.7 23.3 16.9224 -33.7 25 16.8283 -33.7 27 16.7377 -33.7 27.7 16.5293 -33.7 28 16.5026 -33.7 28.7 16.3916 -33.7 29 16.2947 -33.7 29.3 16.2495 -33.7 29.9398 16 -33.7 30 15.9217 -33.7 30.0429 15.817 -33.7 30.3417 15.3 -33.7 30.5339 15 -33.7 30.7649 12 -33.7 30.6274 11.6765 -33.7 30.5184 11 -33.7 31 10.8301 -33.7 31.3 10.7429 -33.7 32 10.5663 -33.7 32.7 10.4784 -33.7 33 10.4084 -33.7 33.7 10.356 -33.7 34 10.3187 -33.7 34.7 10.2839 -33.7 35 10.2614 -33.7 35.7 10.2366 -33.7 36 10.2217 -33.7 37 10.1925 -33.7 50.8 10.066 -33.7 50.8 50.8 -33.7 2.06353e-015 50.8 -33.7 2.06353e-015 10.1456 -33.7 
20 20 0 -32.8
2 19 21 
1
132
6 15.4518 -32.8 6.54821 16 -32.8 6.62781 16.8 -32.8 6.64278 17 -32.8 7 17.3117 -32.8 7.68833 18 -32.8 7.74607 18.0522 -32.8 8.69788 19 -32.8 8.70259 20 -32.8 8.7533 20.064 -32.8 9 20.3853 -32.8 9.61473 21 -32.8 10 21.4931 -32.8 10.5069 22 -32.8 10.562 22.8 -32.8 10.5709 23 -32.8 11 23.5302 -32.8 11.4698 24 -32.8 11.56 24.116 -32.8 12 24.6265 -32.8 12.3735 25 -32.8 13 25.7461 -32.8 13.2539 26 -32.8 14 26.8919 -32.8 14.1081 27 -32.8 14.2754 27.1864 -32.8 15 27.8719 -32.8 15.2147 27.9864 -32.8 15.2283 28 -32.8 15.4147 28.1711 -32.8 16.3746 28.9711 -32.8 16.4288 29 -32.8 17 29.4761 -32.8 17.6294 29.9215 -32.8 17.8294 30.0882 -32.8 18 30.2086 -32.8 18.8 30.4717 -32.8 19 30.6435 -32.8 19.3597 30.6667 -32.8 21.3106 30.5763 -32.8 22 30.4712 -32.8 22.2034 30.3106 -32.8 22.4159 30.2 -32.8 22.6144 30 -32.8 23 29.5951 -32.8 23.1091 29.453 -32.8 23.3379 29.2 -32.8 23.4551 29 -32.8 23.9255 28 -32.8 24.3839 27 -32.8 24.3729 26.724 -32.8 24.394 26 -32.8 24.3304 25.8737 -32.8 24.2 25.5339 -32.8 24.156 25.4602 -32.8 23.9456 25 -32.8 23.7848 24.8626 -32.8 23.2 24.3482 -32.8 23 24.1823 -32.8 22.867 24 -32.8 22.7917 23.9034 -32.8 22.6953 23.8 -32.8 22.212 23 -32.8 22.1084 22.8825 -32.8 22 22.7031 -32.8 21.6077 22.0825 -32.8 21.568 22 -32.8 21.4077 21.8709 -32.8 21 21.4854 -32.8 20.7611 21.0709 -32.8 20.6903 21 -32.8 20.6455 20.8 -32.8 20.4404 20 -32.8 20.4315 19.8 -32.8 20.4184 19 -32.8 20.4591 18.8 -32.8 20.5596 18 -32.8 20.9162 17.3402 -32.8 21 17.2564 -32.8 21.8 17.2206 -32.8 22 17.1488 -32.8 22.8 17.0773 -32.8 23 17.0683 -32.8 24.2 16.9585 -32.8 26.8 16.8135 -32.8 27 16.7996 -32.8 27.8 16.7284 -32.8 28 16.7071 -32.8 28.8 16.4486 -32.8 29 16.432 -32.8 29.8 16.3114 -32.8 30 16.242 -32.8 30.2 16.2128 -32.8 30.7705 16 -32.8 31 15.735 -32.8 31.1364 15.4371 -32.8 31.2951 15.2 -32.8 31.4372 15 -32.8 31.4808 14.6852 -32.8 31.7129 12 -32.8 31.6018 11.8364 -32.8 31.5621 11.8 -32.8 31.213 11 -32.8 31.9603 10.7831 -32.8 32 10.7677 -32.8 33 10.5347 -32.8 33.8 10.4353 -32.8 34 10.3953 -32.8 34.8 10.3354 -32.8 35 10.3115 -32.8 35.8 10.2715 -32.8 36 10.2568 -32.8 36.8 10.2284 -32.8 37 10.2184 -32.8 38 10.1898 -32.8 50.8 10.0685 -32.8 50.8 50.8 -32.8 2.00842e-015 50.8 -32.8 2.00842e-015 10.1418 -32.8 2 10.1944 -32.8 3 10.2385 -32.8 4 10.3086 -32.8 4.8 10.4148 -32.8 5 10.436 -32.8 5.56401 11 -32.8 5.54767 11.8 -32.8 5.54729 12 -32.8 5.52958 12.8 -32.8 5.52314 13.8 -32.8 5.5248 14 -32.8 5.59284 14.8 -32.8 5.59989 15 -32.8 
21 21 0 -31.9
2 20 22 
1
136
2 10.1874 -31.9 3 10.2277 -31.9 3.9 10.2846 -31.9 4 10.2894 -31.9 4.9 10.3848 -31.9 5 10.3923 -31.9 5.6077 11 -31.9 5.61275 14 -31.9 5.64451 14.9 -31.9 5.64591 15 -31.9 6 15.3948 -31.9 6.60524 16 -31.9 6.67259 16.9 -31.9 6.67842 17 -31.9 7 17.2863 -31.9 7.71369 18 -31.9 8 18.2586 -31.9 8.74148 19 -31.9 8.75004 20 -31.9 8.7718 20.0262 -31.9 9 20.3142 -31.9 9.68575 21 -31.9 10 21.404 -31.9 10.596 22 -31.9 10.6361 22.9 -31.9 10.6379 23 -31.9 10.6693 23.0372 -31.9 11 23.443 -31.9 11.557 24 -31.9 11.5942 24.0457 -31.9 12 24.5676 -31.9 12.4324 25 -31.9 12.4781 25.0594 -31.9 13 25.6819 -31.9 13.3181 26 -31.9 13.3776 26.0755 -31.9 14 26.8286 -31.9 14.1714 27 -31.9 14.2469 27.0931 -31.9 15 27.932 -31.9 15.1611 28.0956 -31.9 16 28.8657 -31.9 16.2439 28.9956 -31.9 16.2483 29 -31.9 16.3439 29.0855 -31.9 17.4237 29.9855 -31.9 17.4383 30 -31.9 17.5237 30.0772 -31.9 18.6036 30.9772 -31.9 18.651 31 -31.9 19 31.2881 -31.9 19.9 31.4311 -31.9 20 31.4856 -31.9 20.9 31.4678 -31.9 21 31.4814 -31.9 21.1415 31.4934 -31.9 22 31.4547 -31.9 22.907 31.093 -31.9 23 31.098 -31.9 23.0993 31 -31.9 24 30.054 -31.9 24.0444 30 -31.9 24.0899 29.9101 -31.9 24.5925 29 -31.9 25.5096 27 -31.9 25.4877 26.8324 -31.9 25.4324 26 -31.9 25.3863 25.9247 -31.9 25.1 25.3565 -31.9 25.0822 25.3318 -31.9 24.8843 25 -31.9 24 24.2215 -31.9 23.7281 24 -31.9 23 23.4288 -31.9 22.6004 23 -31.9 22.5664 22.9721 -31.9 22.1 22.4436 -31.9 22 22.4038 -31.9 21.8214 22.0323 -31.9 21.789 22 -31.9 21.7213 21.9408 -31.9 21 21.3597 -31.9 20.6403 21 -31.9 20.6212 20.9 -31.9 20.4198 20 -31.9 20.3767 19 -31.9 20.5805 18 -31.9 21 17.5805 -31.9 21.9 17.2576 -31.9 22 17.2588 -31.9 22.9 17.2183 -31.9 23 17.2182 -31.9 23.9 17.1322 -31.9 24 17.096 -31.9 26 16.9437 -31.9 26.1 16.9351 -31.9 27 16.8727 -31.9 27.9 16.7766 -31.9 28 16.7635 -31.9 28.9 16.6887 -31.9 29 16.6788 -31.9 29.9 16.3665 -31.9 30 16.3587 -31.9 30.9 16.2274 -31.9 31 16.1907 -31.9 31.1 16.1761 -31.9 31.5947 16 -31.9 32 15.5613 -31.9 32.1705 15.1793 -31.9 32.2281 15.1 -31.9 32.2969 15 -31.9 32.3303 14.8454 -31.9 32.4726 14 -31.9 32.5002 13.8012 -31.9 32.6611 12 -31.9 32.6001 11.9267 -31.9 32.1 11.1906 -31.9 32.0649 11.1639 -31.9 31.8874 11 -31.9 32.0649 10.9308 -31.9 32.1 10.9178 -31.9 33 10.7085 -31.9 33.9 10.5283 -31.9 34 10.506 -31.9 34.9 10.3981 -31.9 35 10.3816 -31.9 35.9 10.3151 -31.9 36 10.3037 -31.9 36.9 10.259 -31.9 37 10.2516 -31.9 38 10.2135 -31.9 39 10.1853 -31.9 50.8 10.071 -31.9 50.8 50.8 -31.9 1.95331e-015 50.8 -31.9 1.95331e-015 10.1381 -31.9 
22 22 0 -31
2 21 23 
1
85
4 10.2605 -31 5 10.3357 -31 5.66429 11 -31 5.68764 15 -31 6 15.3505 -31 6.64946 16 -31 6.70781 17 -31 7 17.2648 -31 7.73524 18 -31 8 18.2366 -31 8.76341 19 -31 8.78242 20 -31 9 20.2624 -31 9.73756 21 -31 10 21.3312 -31 10.6688 22 -31 10.6868 23 -31 11 23.3718 -31 11.6282 24 -31 12 24.4574 -31 12.5426 25 -31 13 25.5942 -31 13.4058 26 -31 14 26.7549 -31 14.2451 27 -31 15 27.9308 -31 16.0439 29 -31 17 29.8545 -31 17.1455 30 -31 18 30.7723 -31 18.4734 31 -31 19 31.4445 -31 20 31.9892 -31 21 32.0961 -31 22 32.2308 -31 23 32.5946 -31 23.5496 32 -31 24 31.5632 -31 24.5362 31 -31 25 30.415 -31 25.2596 30 -31 26.6338 27 -31 26.4578 26 -31 26 25.2466 -31 25.8215 25 -31 24.7001 24 -31 24 23.42 -31 23.4647 23 -31 23 22.7213 -31 22 22.3233 -31 21.6767 22 -31 21 21.4082 -31 20.5918 21 -31 20.4011 20 -31 20.3675 19 -31 20.5741 18 -31 21 17.5741 -31 23 17.584 -31 24 17.2224 -31 25 17.1241 -31 26 17.0512 -31 27 16.9599 -31 28 16.8296 -31 29 16.7305 -31 30 16.6525 -31 31 16.2849 -31 32 16.1395 -31 32.4111 16 -31 33 15.2662 -31 33.0975 15 -31 33.3303 14 -31 33.5073 13 -31 33.6093 12 -31 33 11.267 -31 32.6494 11 -31 33 10.8699 -31 34 10.6461 -31 35 10.4813 -31 36 10.3679 -31 37 10.2936 -31 38 10.2435 -31 50.8 10.0737 -31 50.8 50.8 -31 1.8982e-015 50.8 -31 1.8982e-015 10.1344 -31 
23 23 0 -30.1
2 22 24 
1
148
3 10.1953 -30.1 4 10.2349 -30.1 4.1 10.2425 -30.1 5 10.2945 -30.1 5.7055 11 -30.1 5.72446 15 -30.1 6 15.316 -30.1 6.68399 16 -30.1 6.73195 17 -30.1 7 17.2465 -30.1 7.75348 18 -30.1 8 18.2219 -30.1 8.7781 19 -30.1 8.80606 20 -30.1 8.97824 20.1993 -30.1 9 20.2255 -30.1 9.77451 21 -30.1 10 21.2774 -30.1 10.7226 22 -30.1 10.7244 22.1 -30.1 10.7259 23 -30.1 11 23.3219 -30.1 11.6781 24 -30.1 11.9628 24.3387 -30.1 12 24.3844 -30.1 12.6156 25 -30.1 12.9543 25.4178 -30.1 13 25.4772 -30.1 13.5228 26 -30.1 14 26.6205 -30.1 14.3795 27 -30.1 14.9245 27.7479 -30.1 15 27.841 -30.1 15.159 28 -30.1 15.9069 28.8631 -30.1 16.9044 29.8592 -30.1 17 29.9447 -30.1 17.0553 30 -30.1 18 30.8452 -30.1 18.0473 30.868 -30.1 18.1794 31 -30.1 18.9473 31.6965 -30.1 19 31.741 -30.1 19.1 31.7954 -30.1 19.1026 31.7971 -30.1 19.4954 32 -30.1 20 32.3874 -30.1 21 32.5051 -30.1 21.1 32.5186 -30.1 21.9768 33 -30.1 21.8693 33.21 -30.1 21.5289 34 -30.1 21.1026 34.8974 -30.1 21.1572 35 -30.1 21.2564 35.7435 -30.1 22 35.8191 -30.1 22.1747 35.8253 -30.1 25 35.8593 -30.1 25.2178 35.7122 -30.1 25.6619 35 -30.1 25.9581 34.5932 -30.1 26 34.499 -30.1 26.1018 34 -30.1 26.1414 33.8236 -30.1 26.3849 33 -30.1 26.0162 32.0348 -30.1 26.0046 32 -30.1 26 31.9421 -30.1 25.8144 31.1856 -30.1 25.9123 31 -30.1 26 30.8402 -30.1 27.3669 27.8586 -30.1 27.7136 27 -30.1 27.4915 26 -30.1 27.4664 25.7653 -30.1 27.5206 25 -30.1 27 24.5618 -30.1 26.8807 24.4957 -30.1 26 24.2684 -30.1 25.9 24.1786 -30.1 25 23.4295 -30.1 24.97 23.4036 -30.1 24.5294 23.042 -30.1 24.4758 23 -30.1 23.9465 22.7224 -30.1 23.9 22.6946 -30.1 23 22.5729 -30.1 22.1 22.3396 -30.1 22 22.2998 -30.1 21.7002 22 -30.1 21.0677 21.6017 -30.1 21 21.5426 -30.1 20.4574 21 -30.1 20.3729 20.1 -30.1 20.3538 20 -30.1 20.3682 19.1 -30.1 20.3649 19 -30.1 20.5679 18 -30.1 21 17.5679 -30.1 23 17.5901 -30.1 23.1 17.554 -30.1 24 17.5623 -30.1 24.1 17.5525 -30.1 25 17.2506 -30.1 25.1 17.2434 -30.1 27 17.0662 -30.1 27.9 16.9229 -30.1 28 16.9099 -30.1 28.1 16.9 -30.1 29 16.792 -30.1 29.1 16.7842 -30.1 30 16.7011 -30.1 30.1 16.6643 -30.1 31 16.5985 -30.1 31.1 16.5839 -30.1 32 16.2336 -30.1 32.9 16.1028 -30.1 33.1989 16 -30.1 33.2566 15.9266 -30.1 33.2663 15.9 -30.1 33.8916 15 -30.1 33.9149 14.9 -30.1 34.1721 14 -30.1 34.3589 13 -30.1 34.3805 12.841 -30.1 34.5346 12 -30.1 34 11.4275 -30.1 33.9609 11.3874 -30.1 33.9 11.3141 -30.1 33.4579 11.0267 -30.1 33.4229 11 -30.1 33.4579 10.987 -30.1 33.9 10.8311 -30.1 34 10.8087 -30.1 34.1 10.7923 -30.1 35 10.5982 -30.1 35.1 10.5869 -30.1 36 10.4584 -30.1 36.1 10.4509 -30.1 37 10.3532 -30.1 37.1 10.3482 -30.1 38 10.2841 -30.1 39 10.2369 -30.1 40 10.2028 -30.1 50.8 10.0768 -30.1 50.8 50.8 -30.1 1.84309e-015 50.8 -30.1 1.84309e-015 10.1292 -30.1 
24 24 0 -29.2
2 23 25 
1
181
3 10.1805 -29.2 4 10.2138 -29.2 5 10.2621 -29.2 5.73792 11 -29.2 5.75538 15 -29.2 6 15.2844 -29.2 6.71565 16 -29.2 6.75313 17 -29.2 7 17.2303 -29.2 7.76976 18 -29.2 8 18.2084 -29.2 8.7916 19 -29.2 8.82156 20 -29.2 8.96174 20.1528 -29.2 9 20.1971 -29.2 9.8029 21 -29.2 10 21.2369 -29.2 10.7631 22 -29.2 10.7603 23 -29.2 11 23.2826 -29.2 11.7174 24 -29.2 12 24.3309 -29.2 12.6691 25 -29.2 12.9247 25.3046 -29.2 13 25.3975 -29.2 13.6025 26 -29.2 13.9072 26.3769 -29.2 14 26.498 -29.2 14.502 27 -29.2 14.8789 27.4939 -29.2 15 27.6601 -29.2 15.3399 28 -29.2 15.8338 28.7166 -29.2 16 28.9084 -29.2 16.0916 29 -29.2 16.8082 29.7909 -29.2 17.0182 30 -29.2 17.8091 30.7626 -29.2 18 30.9332 -29.2 18.0668 31 -29.2 19 31.8365 -29.2 19.0875 31.8817 -29.2 19.2958 32 -29.2 19.8875 32.511 -29.2 20 32.5973 -29.2 20.2 32.6211 -29.2 20.8591 32.9491 -29.2 20.9573 33 -29.2 20.7947 33.3219 -29.2 20.551 34 -29.2 20.4565 34.2 -29.2 20.2665 35 -29.2 20.2735 35.2 -29.2 20.3172 36 -29.2 20.8837 36.8 -29.2 20.9974 36.9231 -29.2 21 36.9255 -29.2 21.2367 37 -29.2 21.4822 37.0823 -29.2 22 37.269 -29.2 23 37.5052 -29.2 23.2728 37.5496 -29.2 24 37.7213 -29.2 24.9673 37.9673 -29.2 25 37.9695 -29.2 25.0476 37.9524 -29.2 25.0891 38 -29.2 25.521 38.1142 -29.2 26 38.2685 -29.2 26.4937 38.2838 -29.2 27 38.443 -29.2 27.5365 38.4056 -29.2 28 38.391 -29.2 29 38.3179 -29.2 29.9256 38 -29.2 30 37.9631 -29.2 30.064 37.936 -29.2 31 37.2083 -29.2 31.2534 37 -29.2 31.9578 36.0958 -29.2 32 36.0461 -29.2 32.047 36 -29.2 32 35.8596 -29.2 31.3892 35.6108 -29.2 29.1864 35.8136 -29.2 29 35.8597 -29.2 28.0638 36 -29.2 28 36.0106 -29.2 27.9883 36.0117 -29.2 27 36.278 -29.2 26.8036 36.1964 -29.2 26.8484 36 -29.2 26.8949 35.8949 -29.2 26.7895 35.5833 -29.2 26.4866 35 -29.2 26.5275 34.8 -29.2 27.0595 33 -29.2 26.9655 32.0648 -29.2 26.9437 32 -29.2 26.8262 31.2351 -29.2 26.8213 31.2 -29.2 26.8055 31 -29.2 26.8972 30.8 -29.2 26.9959 30.6713 -29.2 27 30.6649 -29.2 27.4873 30 -29.2 27.9434 29.0566 -29.2 28.4279 28 -29.2 28.5196 27.7663 -29.2 28.7576 27 -29.2 28.7064 26.7145 -29.2 28.6972 26 -29.2 28.8318 25 -29.2 28.763 24.237 -29.2 28.5853 24 -29.2 28.5669 23.9836 -29.2 28 23.6668 -29.2 26 23.1512 -29.2 25.6413 22.9345 -29.2 25 22.8208 -29.2 24.8 22.7148 -29.2 24 22.631 -29.2 23.2 22.399 -29.2 23 22.372 -29.2 22.2 22.3265 -29.2 22 22.2746 -29.2 21.7254 22 -29.2 21 21.5487 -29.2 20.4513 21 -29.2 20.3405 20.2 -29.2 20.3217 20 -29.2 20.3615 19.2 -29.2 20.3647 19 -29.2 20.5676 18 -29.2 21 17.5676 -29.2 24 17.5966 -29.2 24.2 17.5295 -29.2 25 17.5397 -29.2 25.2 17.5222 -29.2 26 17.5144 -29.2 26.2 17.4946 -29.2 27 17.1759 -29.2 28.032 17 -29.2 28.8 16.8886 -29.2 29 16.8646 -29.2 29.2 16.8462 -29.2 30 16.7574 -29.2 31 16.6739 -29.2 31.2 16.596 -29.2 32 16.541 -29.2 32.2 16.5119 -29.2 33 16.1825 -29.2 33.8 16.0661 -29.2 33.9909 16 -29.2 34 15.9869 -29.2 34.1209 15.7953 -29.2 34.6856 15 -29.2 34.9813 14 -29.2 35.082 13.5176 -29.2 35.2007 13 -29.2 35.3874 12 -29.2 34.9271 11.5184 -29.2 34.8 11.3823 -29.2 34.2946 11.0639 -29.2 34.1963 11 -29.2 34.2946 10.9654 -29.2 34.8 10.7955 -29.2 35 10.7524 -29.2 35.2 10.7238 -29.2 36 10.5654 -29.2 36.2 10.5437 -29.2 37 10.436 -29.2 37.2 10.4217 -29.2 38 10.3393 -29.2 38.2 10.3296 -29.2 39 10.275 -29.2 40 10.2305 -29.2 50.8 10.08 -29.2 50.8 50.8 -29.2 1.78798e-015 50.8 -29.2 1.78799e-015 10.1231 -29.2 
25 25 0 -28.3
2 24 26 
1
200
4 10.1961 -28.3 5 10.2358 -28.3 5.76419 11 -28.3 5.7811 15 -28.3 5.92863 15.1664 -28.3 6 15.2496 -28.3 6.75039 16 -28.3 6.77653 17 -28.3 6.92733 17.1467 -28.3 7 17.2147 -28.3 7.78534 18 -28.3 8 18.1962 -28.3 8.80377 19 -28.3 8.83154 20 -28.3 8.94743 20.119 -28.3 9 20.1763 -28.3 9.82372 21 -28.3 9.94269 21.1375 -28.3 10 21.206 -28.3 10.794 22 -28.3 10.789 23 -28.3 11 23.2482 -28.3 11.7518 24 -28.3 12 24.2902 -28.3 12.7098 25 -28.3 13 25.3403 -28.3 13.6597 26 -28.3 13.8858 26.2698 -28.3 14 26.4112 -28.3 14.5888 27 -28.3 14.8587 27.3347 -28.3 15 27.52 -28.3 15.48 28 -28.3 15.8148 28.4407 -28.3 16 28.7094 -28.3 16.2906 29 -28.3 16.7313 29.595 -28.3 17 29.8916 -28.3 17.1084 30 -28.3 17.6842 30.7 -28.3 18 30.9991 -28.3 18.0009 31 -28.3 18.014 31.0198 -28.3 18.3 31.2754 -28.3 19 31.9219 -28.3 19.0781 31.9663 -28.3 19.1118 32 -28.3 19.61 32.7 -28.3 19.955 33 -28.3 19.787 34 -28.3 19.7411 34.368 -28.3 19.744 35 -28.3 19.7647 35.4191 -28.3 19.8033 36 -28.3 20 36.4307 -28.3 20.0465 36.519 -28.3 20.1574 36.7 -28.3 20.3699 37 -28.3 21 37.7427 -28.3 21.3 37.8508 -28.3 21.4867 37.9963 -28.3 21.4911 38 -28.3 22 38.3962 -28.3 24 38.8685 -28.3 24.437 39 -28.3 24.6892 39.0816 -28.3 27 39.8821 -28.3 27.1184 39.8816 -28.3 27.4994 40 -28.3 27.7794 40.0532 -28.3 28 40.0822 -28.3 28.1168 40 -28.3 28.6958 39.6462 -28.3 29.6052 39 -28.3 29.6556 38.9311 -28.3 29.7 38.8984 -28.3 30 38.7343 -28.3 30.7 38.2381 -28.3 31 38.036 -28.3 31.0507 38 -28.3 31.4088 37.7 -28.3 32 37.2612 -28.3 32.3702 37 -28.3 32.6523 36.7 -28.3 32.85 36.5395 -28.3 33 36.4018 -28.3 33.3662 36 -28.3 34 35.3613 -28.3 34.3314 35 -28.3 34.8721 34.3355 -28.3 35 34.1961 -28.3 35.2366 34 -28.3 35.2533 33.3592 -28.3 35.3037 33 -28.3 35.179 32.2118 -28.3 35.1571 32 -28.3 35 31.8275 -28.3 34.1521 31.8762 -28.3 34 31.9355 -28.3 33.8598 32 -28.3 33.0405 32.4811 -28.3 33 32.5028 -28.3 32.3635 32.6518 -28.3 31.5889 33 -28.3 31 33.3291 -28.3 30.5619 33.4381 -28.3 30.4635 33.488 -28.3 30 33.7014 -28.3 29.3129 34 -28.3 29 34.1801 -28.3 28.7749 34.2251 -28.3 28 34.6057 -28.3 27.4302 34 -28.3 27.7258 33 -28.3 27.7047 32.7 -28.3 27.8009 32 -28.3 27.7411 31.8452 -28.3 27.7 31.5584 -28.3 27.492 31.0132 -28.3 27.4901 31 -28.3 27.7097 30.7 -28.3 27.8557 30.4854 -28.3 28.1621 30 -28.3 28.2997 29.7 -28.3 28.8511 29 -28.3 29 28.7284 -28.3 29.0603 28.596 -28.3 29.5092 28 -28.3 29.7747 27.2253 -28.3 29.8428 27 -28.3 29.9509 26.0491 -28.3 29.9504 26 -28.3 30.0851 25 -28.3 30.1348 24.2681 -28.3 30.1663 24 -28.3 30 23.505 -28.3 29.6079 23 -28.3 29.3668 22.896 -28.3 29 22.7802 -28.3 26 22.0293 -28.3 25.4842 22.2694 -28.3 25.3 22.3445 -28.3 25 22.2914 -28.3 24.3 22.4298 -28.3 24 22.3984 -28.3 23.3 22.3939 -28.3 23 22.3069 -28.3 22 22.2467 -28.3 21.7533 22 -28.3 21 21.5384 -28.3 20.4616 21 -28.3 20.3188 20 -28.3 20.3648 19 -28.3 20.568 18 -28.3 21 17.568 -28.3 25 17.6064 -28.3 25.3 17.6035 -28.3 26 17.6105 -28.3 26.3 17.491 -28.3 27 17.4844 -28.3 27.3 17.4333 -28.3 28 17.1152 -28.3 28.6758 17 -28.3 28.9233 16.9643 -28.3 29 16.952 -28.3 29.3 16.9187 -28.3 30 16.8235 -28.3 30.3 16.7977 -28.3 31 16.7257 -28.3 32 16.6486 -28.3 32.3 16.5251 -28.3 33 16.4807 -28.3 33.3 16.4371 -28.3 34 16.1312 -28.3 34.7 16.0294 -28.3 34.7771 16 -28.3 35 15.6854 -28.3 35.0259 15.6444 -28.3 35.4797 15 -28.3 35.7761 14 -28.3 36.0054 13.1317 -28.3 36.0425 13 -28.3 36.2293 12 -28.3 35.7 11.453 -28.3 34.9697 11 -28.3 35.7 10.7629 -28.3 36 10.7035 -28.3 36.3 10.6631 -28.3 37 10.5354 -28.3 37.3 10.5045 -28.3 38 10.4152 -28.3 38.3 10.3947 -28.3 39 10.3263 -28.3 39.3 10.3122 -28.3 40 10.2663 -28.3 41 10.2243 -28.3 50.8 10.0835 -28.3 50.8 50.8 -28.3 1.73288e-015 50.8 -28.3 1.73288e-015 10.1171 -28.3 
26 26 0 -27.4
2 25 27 
1
204
4 10.1808 -27.4 5 10.2127 -27.4 5.78729 11 -27.4 5.80446 15 -27.4 6 15.2188 -27.4 6.78118 16 -27.4 6.79876 17 -27.4 6.91383 17.1151 -27.4 7.80106 18 -27.4 8 18.1853 -27.4 8.81465 19 -27.4 8.83961 20 -27.4 8.93377 20.092 -27.4 9.83995 21 -27.4 9.93202 21.1033 -27.4 10 21.1818 -27.4 10.8182 22 -27.4 10.8126 23 -27.4 11 23.2186 -27.4 11.7814 24 -27.4 12 24.2559 -27.4 12.7441 25 -27.4 13 25.2973 -27.4 13.7027 26 -27.4 14 26.3499 -27.4 14.6501 27 -27.4 14.8458 27.2342 -27.4 15 27.4255 -27.4 15.5745 28 -27.4 15.8087 28.2906 -27.4 16 28.5425 -27.4 16.4575 29 -27.4 16.7482 29.3791 -27.4 17 29.7191 -27.4 17.2809 30 -27.4 17.6099 30.4 -27.4 17.6943 31 -27.4 17.989 31.3422 -27.4 18 31.3535 -27.4 18.4 31.7229 -27.4 18.4203 31.7509 -27.4 18.6694 32 -27.4 19 32.5378 -27.4 19.0193 32.5566 -27.4 19.0725 32.6 -27.4 19.3572 33 -27.4 19.2894 33.4 -27.4 19.2935 34.4 -27.4 19.309 35 -27.4 19.3793 36 -27.4 19.864 37 -27.4 20 37.1879 -27.4 20.4035 37.6648 -27.4 21 38.4915 -27.4 21.4985 38.9117 -27.4 22 39.5033 -27.4 22.9922 39.7706 -27.4 23 39.7725 -27.4 23.8549 40.0391 -27.4 24.5627 40.235 -27.4 25 40.3352 -27.4 25.4153 40.4481 -27.4 26 40.5709 -27.4 26.7376 40.7376 -27.4 27 40.81 -27.4 27.2531 40.6964 -27.4 27.6 40.5541 -27.4 28 40.6067 -27.4 30.2374 39 -27.4 30.2614 38.9813 -27.4 30.6 38.7296 -27.4 31 38.4461 -27.4 31.3801 38.0978 -27.4 31.5177 38 -27.4 31.7801 37.8037 -27.4 32 37.5109 -27.4 32.3622 37.2037 -27.4 32.651 37 -27.4 32.7622 36.898 -27.4 33 36.7816 -27.4 33.6 36.4706 -27.4 34 36.0651 -27.4 34.0723 36 -27.4 35 34.9887 -27.4 35.0191 34.9729 -27.4 35.4242 34.6 -27.4 35.8509 34.1953 -27.4 36 34.0439 -27.4 36.0893 34 -27.4 36.2136 33.7864 -27.4 36.5788 33 -27.4 36.5836 32.4164 -27.4 36.5534 32 -27.4 36.4711 31.4711 -27.4 36.4384 31.0681 -27.4 36.4313 31 -27.4 36 30.7834 -27.4 35.5311 30.7376 -27.4 35 30.6974 -27.4 34.2273 31 -27.4 34.1818 31.0337 -27.4 34 31.1046 -27.4 32.0547 32 -27.4 32.0508 32.0021 -27.4 31 32.4855 -27.4 30.4 32.8152 -27.4 30 32.989 -27.4 29.9811 33 -27.4 29.7115 33.1667 -27.4 29.4 33.3473 -27.4 29 33.5317 -27.4 28.8163 33.351 -27.4 28.3424 33.5066 -27.4 28.3954 33 -27.4 28.4503 32.6 -27.4 28.6237 32 -27.4 28.421 31.4 -27.4 28.2642 31 -27.4 28.387 30.8132 -27.4 28.5206 30.6 -27.4 28.6777 30 -27.4 29.7462 28.6 -27.4 29.8433 28.4808 -27.4 30.2128 28 -27.4 30.3591 27.6 -27.4 30.8531 27 -27.4 31 26.5069 -27.4 31.0572 26.2678 -27.4 31.1877 26 -27.4 31.2649 25.3779 -27.4 31.3384 25 -27.4 31.4729 24 -27.4 31.3263 23.3263 -27.4 31.3032 23 -27.4 31 22.3271 -27.4 30.4725 22 -27.4 30.1663 21.8941 -27.4 30 21.8823 -27.4 29.4112 21.7091 -27.4 29 21.6563 -27.4 27 21.1664 -27.4 26.1265 21.1145 -27.4 26 21.0846 -27.4 25.4 21.4184 -27.4 25 21.5939 -27.4 24.1919 22.0206 -27.4 24 22.0586 -27.4 23.7496 22.1221 -27.4 23.4 22.2273 -27.4 23 22.2248 -27.4 22.4 22.2409 -27.4 22 22.2163 -27.4 21.7837 22 -27.4 21 21.5276 -27.4 20.4724 21 -27.4 20.324 20 -27.4 20.365 19 -27.4 20.5683 18 -27.4 21 17.5683 -27.4 26 17.6183 -27.4 26.4 17.6145 -27.4 27 17.6229 -27.4 27.4 17.4412 -27.4 28 17.4192 -27.4 28.6 17.1257 -27.4 29.6 16.9566 -27.4 30 16.9022 -27.4 30.4 16.861 -27.4 31 16.786 -27.4 31.4 16.7537 -27.4 32 16.6963 -27.4 33 16.6256 -27.4 33.4 16.4508 -27.4 34 16.4165 -27.4 34.4 16.3584 -27.4 35 16.08 -27.4 35.3972 16.0069 -27.4 35.4133 16 -27.4 35.695 15.6 -27.4 35.8521 15.4377 -27.4 36 15.3863 -27.4 36.2768 15 -27.4 36.6831 13.6 -27.4 36.8624 13 -27.4 37.035 12.1597 -27.4 37.0711 12 -27.4 36.6 11.5216 -27.4 35.7434 11 -27.4 36.6 10.733 -27.4 37 10.66 -27.4 37.4 10.609 -27.4 38 10.5076 -27.4 38.4 10.4685 -27.4 39 10.396 -27.4 39.4 10.3698 -27.4 40 10.314 -27.4 40.4 10.2958 -27.4 41 10.258 -27.4 41.4 10.2448 -27.4 42 10.2165 -27.4 50.8 10.0873 -27.4 50.8 50.8 -27.4 1.67777e-015 50.8 -27.4 1.67777e-015 10.1116 -27.4 
27 27 0 -26.5
2 26 28 
1
220
1.62265e-015 10.1065 -26.5 5 10.1909 -26.5 5.80912 11 -26.5 5.82485 15 -26.5 6 15.194 -26.5 6.806 16 -26.5 6.8181 17 -26.5 7.81643 18 -26.5 8 18.1751 -26.5 8.82483 19 -26.5 8.84696 20 -26.5 8.92154 20.0698 -26.5 9.85345 21 -26.5 10 21.1625 -26.5 10.8375 22 -26.5 10.832 23 -26.5 11 23.194 -26.5 11.8061 24 -26.5 12 24.226 -26.5 12.7739 25 -26.5 13 25.2628 -26.5 13.7372 26 -26.5 14 26.3044 -26.5 14.6955 27 -26.5 15 27.3599 -26.5 15.64 28 -26.5 15.8049 28.1968 -26.5 16 28.4391 -26.5 16.5609 29 -26.5 16.7578 29.2429 -26.5 17 29.5588 -26.5 17.4412 30 -26.5 17.5116 30.5 -26.5 17.5473 31 -26.5 18 31.5198 -26.5 18.4802 32 -26.5 18.6874 32.5 -26.5 18.8986 32.8222 -26.5 19 32.9871 -26.5 19.0158 33 -26.5 18.9788 33.6143 -26.5 18.8512 34 -26.5 19.0042 34.9547 -26.5 19.0054 35 -26.5 19.0592 35.1063 -26.5 19.1896 35.5 -26.5 19.226 36 -26.5 19.4718 36.5 -26.5 19.694 37 -26.5 20.2025 37.7058 -26.5 20.4529 38 -26.5 21 38.7632 -26.5 21.0746 38.8512 -26.5 21.1782 39 -26.5 21.602 39.5 -26.5 21.9503 40 -26.5 21.9984 40.0668 -26.5 22 40.0686 -26.5 22.5 40.2015 -26.5 23 40.6704 -26.5 23.898 40.9255 -26.5 24 40.9528 -26.5 24.1959 41 -26.5 24.6819 41.0947 -26.5 25 41.1722 -26.5 25.513 41.2636 -26.5 26 41.3804 -26.5 26.5815 41.5815 -26.5 27 41.6697 -26.5 27.1712 41.5942 -26.5 27.3186 41.5 -26.5 27.8162 41 -26.5 28 40.9246 -26.5 28.5 40.5526 -26.5 29 40.1973 -26.5 29.7304 39.6619 -26.5 30 39.4361 -26.5 30.2472 39.1619 -26.5 30.7472 38.7903 -26.5 31 38.6521 -26.5 31.2999 38.2903 -26.5 31.6166 38 -26.5 31.7999 37.756 -26.5 32 37.5559 -26.5 32.4017 37.256 -26.5 32.7035 37 -26.5 32.9017 36.903 -26.5 33 36.8047 -26.5 33.5 36.5456 -26.5 34 36.3234 -26.5 34.4447 36.1438 -26.5 34.6045 36 -26.5 34.9447 35.6292 -26.5 35 35.5952 -26.5 35.546 35 -26.5 35.9276 34.6125 -26.5 36 34.5335 -26.5 36.5 34.1792 -26.5 36.8349 34.0372 -26.5 36.9103 34 -26.5 37 33.8601 -26.5 37.008 33.8349 -26.5 37.206 33.5 -26.5 37.6201 33 -26.5 37.6463 32.3717 -26.5 37.651 32 -26.5 37.624 31.624 -26.5 37.6255 31 -26.5 37.4954 30.723 -26.5 37 30.5373 -26.5 36.992 30.533 -26.5 36.5 30.286 -26.5 35 30.1634 -26.5 34.5226 30.2151 -26.5 34.5 30.2181 -26.5 34 30.3982 -26.5 33.5 30.6346 -26.5 33 30.8618 -26.5 32.5649 31.1255 -26.5 32.5 31.1623 -26.5 32 31.3924 -26.5 31.5 31.7648 -26.5 30.9742 32 -26.5 30.7986 32.0858 -26.5 30.5 32.2765 -26.5 30 32.5513 -26.5 29.8621 32.3605 -26.5 29.0366 32.9495 -26.5 29.354 32 -26.5 29.1468 31.2027 -26.5 29.121 31 -26.5 29.2405 30.4029 -26.5 29.1933 30 -26.5 31.5034 27 -26.5 31.747 26.5 -26.5 31.9504 26.2394 -26.5 32 26.1697 -26.5 32.1165 26 -26.5 32.2232 25.4589 -26.5 32.4557 25 -26.5 32.5115 24.5 -26.5 32.7262 24 -26.5 32.7089 23.7089 -26.5 32.7918 23 -26.5 32.6057 22.3943 -26.5 32.4742 22 -26.5 32.4085 20.5915 -26.5 32 20.1536 -26.5 31.8806 20.1194 -26.5 31 20.2288 -26.5 30.7675 20.2325 -26.5 30 20.2824 -26.5 29.7451 20.2549 -26.5 28.2215 20.2215 -26.5 28 20.1636 -26.5 27.0654 20.0599 -26.5 27 20.0441 -26.5 26.4038 20.2722 -26.5 26 20.2922 -26.5 23 21.8786 -26.5 22.7613 22 -26.5 22.4726 22.0829 -26.5 22 22.0956 -26.5 21.9044 22 -26.5 21.8988 21.9898 -26.5 21.5 21.7512 -26.5 21 21.525 -26.5 20.475 21 -26.5 20.4136 20.5 -26.5 20.3381 20 -26.5 20.3458 19.5 -26.5 20.3652 19 -26.5 20.5687 18 -26.5 21 17.5687 -26.5 27 17.6376 -26.5 27.5 17.6193 -26.5 28 17.6377 -26.5 28.5 17.3931 -26.5 29 17.2264 -26.5 29.5 17.1251 -26.5 30 17.0132 -26.5 30.0419 17 -26.5 30.5 16.9257 -26.5 31 16.8631 -26.5 31.5 16.8153 -26.5 32 16.7523 -26.5 32.5 16.7145 -26.5 33 16.6691 -26.5 34 16.605 -26.5 34.5 16.3731 -26.5 35 16.1751 -26.5 35.5 16.1154 -26.5 36 16.0235 -26.5 36.0668 16 -26.5 36.4713 15.5 -26.5 36.896 15.1508 -26.5 37 15.0929 -26.5 37.0794 15 -26.5 37.661 13 -26.5 37.8775 12.157 -26.5 37.9129 12 -26.5 37.5 11.5878 -26.5 36.5437 11.0139 -26.5 36.5175 11 -26.5 36.9739 10.8601 -26.5 37 10.8492 -26.5 37.5 10.7647 -26.5 38 10.6208 -26.5 38.5 10.5604 -26.5 39 10.4819 -26.5 39.5 10.4355 -26.5 40 10.3779 -26.5 40.5 10.3464 -26.5 41 10.298 -26.5 41.5 10.2744 -26.5 42 10.243 -26.5 43 10.2046 -26.5 50.8 10.0915 -26.5 50.8 50.8 -26.5 1.62266e-015 50.8 -26.5 
28 28 0 -25.6
3 27 29 30 
1
239
5 10.1711 -25.6 5.82886 11 -25.6 5.84165 15 -25.6 6 15.174 -25.6 6.82601 16 -25.6 6.83459 17 -25.6 8 18.165 -25.6 8.83495 19 -25.6 8.85393 20 -25.6 9 20.1371 -25.6 9.86284 21 -25.6 9.91622 21.0551 -25.6 10 21.1469 -25.6 10.8531 22 -25.6 10.848 23 -25.6 11 23.1736 -25.6 11.8264 24 -25.6 12 24.2005 -25.6 12.7995 25 -25.6 13 25.2331 -25.6 13.7669 26 -25.6 14 26.2691 -25.6 14.7309 27 -25.6 15 27.3119 -25.6 15.6881 28 -25.6 16 28.3689 -25.6 16.6311 29 -25.6 16.7638 29.1578 -25.6 17 29.4493 -25.6 17.5507 30 -25.6 17.5935 30.6 -25.6 17.611 31 -25.6 17.7514 31.1717 -25.6 18 31.4533 -25.6 18.5467 32 -25.6 18.7954 32.6 -25.6 18.7697 33 -25.6 18.5711 33.6 -25.6 18.562 34 -25.6 18.726 34.6 -25.6 18.7317 35 -25.6 18.9324 35.254 -25.6 19 35.3816 -25.6 19.1565 35.854 -25.6 19.3025 36 -25.6 19.5691 36.6 -25.6 19.6119 37 -25.6 20 37.548 -25.6 20.3004 37.901 -25.6 20.3994 38 -25.6 20.7004 38.317 -25.6 21.1244 38.917 -25.6 21.2073 39 -25.6 21.6252 39.6 -25.6 21.7223 40 -25.6 21.9422 40.2538 -25.6 22 40.334 -25.6 22.5501 40.8538 -25.6 22.8763 41 -25.6 22.9501 41.0719 -25.6 23 41.1042 -25.6 23.6 41.2504 -25.6 24 41.5172 -25.6 24.6 41.6635 -25.6 25.6857 42 -25.6 26 42.251 -25.6 26.8584 43 -25.6 27 43.1323 -25.6 27.1816 43 -25.6 27.4672 42.5328 -25.6 27.823 42.0535 -25.6 27.8612 42 -25.6 28 41.8483 -25.6 28.0204 41.823 -25.6 28.3812 41.4 -25.6 28.5494 41 -25.6 29 40.6651 -25.6 29.0666 40.6054 -25.6 29.3431 40.4 -25.6 29.568 40 -25.6 29.8916 39.729 -25.6 30 39.6205 -25.6 30.2154 39.329 -25.6 30.5121 39 -25.6 30.8154 38.8341 -25.6 31.2104 38.4341 -25.6 31.5703 38 -25.6 32 37.5703 -25.6 32.3038 37.3599 -25.6 32.7859 37 -25.6 33 36.7859 -25.6 33.6 36.5194 -25.6 34 36.4574 -25.6 34.3703 36.2155 -25.6 34.904 36 -25.6 34.9703 35.9593 -25.6 35 35.9296 -25.6 35.4 35.729 -25.6 36 35.0917 -25.6 36.1024 35 -25.6 36.1893 34.9052 -25.6 36.4 34.7208 -25.6 37 34.2956 -25.6 37.4 34.1191 -25.6 37.7262 34 -25.6 38 33.7328 -25.6 38.0826 33.5698 -25.6 38.2232 33.4 -25.6 38.6492 33 -25.6 38.7171 31.3691 -25.6 38.7244 31 -25.6 38.3478 30.3478 -25.6 38.3286 30 -25.6 38.1722 29.9489 -25.6 37.3191 29.8832 -25.6 37 29.8659 -25.6 36.4 29.8201 -25.6 36 29.8077 -25.6 35.6 29.801 -25.6 35 29.7517 -25.6 34.6 29.8349 -25.6 34 29.8991 -25.6 33.8529 30 -25.6 33.8484 30.0035 -25.6 33.6 30.1833 -25.6 33 30.467 -25.6 32.6959 30.6872 -25.6 32.1738 31 -25.6 32.0959 31.0441 -25.6 32 31.0918 -25.6 31.6 31.413 -25.6 31 31.8599 -25.6 30.8196 31.491 -25.6 30.0977 31.9823 -25.6 30.0583 32 -25.6 30 32.0373 -25.6 29.9731 32 -25.6 29.9848 31.055 -25.6 29.9778 31 -25.6 29.7582 30.6084 -25.6 29.7544 30.6 -25.6 29.684 30 -25.6 29.9962 29.5931 -25.6 30 29.5878 -25.6 30.3304 29.1931 -25.6 32.0242 27 -25.6 32.4403 26.4 -25.6 32.7474 26 -25.6 33.0566 25.3942 -25.6 33.2889 25 -25.6 33.5315 24.4 -25.6 33.7537 24 -25.6 34 23.2288 -25.6 34.0288 23.1202 -25.6 34.0896 23 -25.6 34.1208 22.8792 -25.6 34 22.0487 -25.6 33.9953 22.0104 -25.6 33.9929 22 -25.6 33.8612 19.179 -25.6 33.8444 19 -25.6 33.2502 18.2502 -25.6 33.2022 18 -25.6 33.0803 17.9197 -25.6 33 17.9168 -25.6 32.467 18 -25.6 30 18.3047 -25.6 29.7023 18.2977 -25.6 29 18.3136 -25.6 28.6937 18.3063 -25.6 28 18.3316 -25.6 27.5034 18.4966 -25.6 27.0695 18.7841 -25.6 27 18.8472 -25.6 26.7701 19 -25.6 26.5805 19.1547 -25.6 26 19.4981 -25.6 23 21.09 -25.6 22.8336 21.2679 -25.6 22.6 21.6308 -25.6 22 21.9506 -25.6 21.6 21.8094 -25.6 21 21.5381 -25.6 20.4619 21 -25.6 20.4291 20.6 -25.6 20.3555 20 -25.6 20.3654 19 -25.6 20.5691 18 -25.6 21 17.5691 -25.6 26.6 17.6381 -25.6 27 17.7251 -25.6 27.6 17.7472 -25.6 28 17.9067 -25.6 28.7338 17.9143 -25.6 29 17.8255 -25.6 29.7482 17.835 -25.6 30 17.784 -25.6 30.3014 17.6986 -25.6 31 17.7959 -25.6 31.516 17 -25.6 31.5775 16.9628 -25.6 32 16.9096 -25.6 32.555 16.9048 -25.6 33 16.8644 -25.6 33.5453 16.8615 -25.6 34 16.8292 -25.6 34.2719 16.7746 -25.6 34.4 16.7372 -25.6 35 16.4997 -25.6 35.6 16.428 -25.6 36 16.1767 -25.6 36.3534 16.0654 -25.6 36.5396 16 -25.6 36.9534 15.7695 -25.6 37 15.7569 -25.6 37.4 15.5389 -25.6 37.7547 15.1511 -25.6 37.8838 15 -25.6 38.7433 12 -25.6 38.4 11.6594 -25.6 37.4 11.0573 -25.6 37.2919 11 -25.6 37.3232 10.9869 -25.6 37.4 10.9567 -25.6 38 10.7841 -25.6 38.6 10.6899 -25.6 39 10.5859 -25.6 39.6 10.5168 -25.6 40 10.4564 -25.6 40.6 10.3984 -25.6 41 10.3446 -25.6 41.6 10.307 -25.6 42 10.2743 -25.6 43 10.2271 -25.6 44 10.1935 -25.6 50.8 10.0959 -25.6 50.8 50.8 -25.6 1.56755e-015 50.8 -25.6 1.56755e-015 10.1018 -25.6 
29 29 0 -24.7
2 28 31 
1
188
5.84524 11 -24.7 5.85552 15 -24.7 6 15.1576 -24.7 6.8424 16 -24.7 6.84867 17 -24.7 7 17.1562 -24.7 8.84509 19 -24.7 8.86092 20 -24.7 9 20.1317 -24.7 9.90658 21.0375 -24.7 10 21.1339 -24.7 10.8661 22 -24.7 10.8614 23 -24.7 11 23.1566 -24.7 11.8434 24 -24.7 12 24.1791 -24.7 12.8209 25 -24.7 13 25.2069 -24.7 13.7931 26 -24.7 14 26.2397 -24.7 14.7603 27 -24.7 15 27.2751 -24.7 15.7249 28 -24.7 16 28.318 -24.7 16.682 29 -24.7 17 29.3759 -24.7 17.6241 30 -24.7 17.6642 31 -24.7 17.7544 31.1153 -24.7 18 31.4157 -24.7 18.5843 32 -24.7 18.5393 32.7 -24.7 18.5379 33 -24.7 18.522 33.7 -24.7 18.5361 34.7 -24.7 18.5292 35 -24.7 18.6487 35.1659 -24.7 19 35.6104 -24.7 19.3896 36 -24.7 19.4645 36.7 -24.7 19.49 37 -24.7 19.6304 37.2372 -24.7 20 37.7639 -24.7 20.2361 38 -24.7 21 38.8013 -24.7 21.1987 39 -24.7 21.3688 39.7 -24.7 21.456 40 -24.7 22 40.6235 -24.7 22.5708 40.8794 -24.7 22.6914 41 -24.7 22.8708 41.1847 -24.7 23 41.3105 -24.7 23.7 41.7774 -24.7 24 41.9345 -24.7 24.2053 42 -24.7 24.4276 42.1353 -24.7 25 42.8869 -24.7 27 44.7661 -24.7 27.829 45 -24.7 27.9656 45.0187 -24.7 28 45.0209 -24.7 28.027 45 -24.7 28.2417 44.3 -24.7 28.3505 44 -24.7 28.5772 43.4266 -24.7 28.7341 43 -24.7 29 42.3568 -24.7 29.3611 41.3 -24.7 29.602 40.4775 -24.7 29.8705 40 -24.7 30 39.8705 -24.7 30.099 39.8102 -24.7 30.476 39.3 -24.7 30.569 39 -24.7 31 38.569 -24.7 31.1318 38.3769 -24.7 32 37.5001 -24.7 32.1481 37.3683 -24.7 32.6798 37 -24.7 33 36.6798 -24.7 33.7 36.5713 -24.7 34 36.5755 -24.7 34.8777 36 -24.7 35 35.8777 -24.7 35.7 35.5265 -24.7 36 35.414 -24.7 36.3 35.3171 -24.7 36.3521 35.2748 -24.7 37 34.7013 -24.7 37.0319 34.6772 -24.7 37.3 34.5049 -24.7 38 34.1961 -24.7 38.5421 34 -24.7 39 33.675 -24.7 39.2104 33.3726 -24.7 39.2853 33.3 -24.7 39.6728 33 -24.7 39.7716 30.3927 -24.7 39.7746 30 -24.7 39.5983 29.8821 -24.7 39.3 29.6743 -24.7 39 29.6524 -24.7 38.7 29.6474 -24.7 38 29.5991 -24.7 37.7 29.594 -24.7 37 29.5561 -24.7 36.7 29.5511 -24.7 36 29.5293 -24.7 35.7 29.481 -24.7 35 29.4693 -24.7 34.7 29.66 -24.7 34 29.8055 -24.7 33.7169 30 -24.7 33.2822 30.3147 -24.7 33 30.4188 -24.7 32.7 30.4716 -24.7 32 30.9022 -24.7 31.8494 31 -24.7 31.7798 31.0835 -24.7 31.7 31.1633 -24.7 31 31.7254 -24.7 30.6844 31.0798 -24.7 30.544 31 -24.7 30.4235 30.7 -24.7 30.0321 30 -24.7 30.6173 29.3 -24.7 30.9364 29 -24.7 31.4777 28.3 -24.7 31.7351 28 -24.7 32.2755 27.3 -24.7 32.5235 27 -24.7 32.9638 26.4301 -24.7 33.2114 26.1301 -24.7 33.3119 26 -24.7 33.7244 25.3 -24.7 33.9549 25 -24.7 34.3113 24.3 -24.7 34.4717 24 -24.7 34.9847 23 -24.7 35 22.9407 -24.7 35.0003 22.9399 -24.7 35.1806 22.3 -24.7 35.3359 22 -24.7 35.3149 21.3149 -24.7 35.3743 21 -24.7 35.437 20.563 -24.7 35.4123 20 -24.7 35.4606 19.5394 -24.7 35.4367 19 -24.7 35.4257 18.5743 -24.7 35.3567 17 -24.7 35.4776 16.9512 -24.7 36 16.623 -24.7 36.4616 16.4776 -24.7 36.8208 16.3 -24.7 36.9378 16.1909 -24.7 37 16.1018 -24.7 37.0896 16 -24.7 37.3 15.9087 -24.7 38 15.5273 -24.7 38.3 15.3796 -24.7 38.4625 15.2275 -24.7 38.6883 15 -24.7 39.4585 12.3 -24.7 39.5002 12 -24.7 39.4913 11.9884 -24.7 39.3 11.7871 -24.7 39 11.5478 -24.7 38.3 11.1202 -24.7 38.0706 11 -24.7 38.2066 10.9471 -24.7 38.3 10.9123 -24.7 39 10.7303 -24.7 39.7 10.6247 -24.7 40 10.5527 -24.7 40.7 10.4587 -24.7 41 10.4036 -24.7 41.7 10.3464 -24.7 42 10.3119 -24.7 42.7 10.2742 -24.7 43 10.2535 -24.7 44 10.213 -24.7 50.8 10.1009 -24.7 50.8 50.8 -24.7 1.51244e-015 50.8 -24.7 1.51244e-015 10.0975 -24.7 5 10.1548 -24.7 
29 30 0 -24.7
1 28 
1
23
20.8694 18 -24.7 21 17.8694 -24.7 26 17.9335 -24.7 26.9503 17.9818 -24.7 27 17.9926 -24.7 27.016 18 -24.7 27 18.0145 -24.7 26.1814 18.053 -24.7 26 18.173 -24.7 25.448 18.979 -24.7 25.4127 19 -24.7 24.5271 19.4729 -24.7 24 19.2862 -24.7 23.2053 19.7947 -24.7 23 19.8836 -24.7 22.8725 20 -24.7 22 20.9969 -24.7 21.9976 21 -24.7 21.4587 21.4161 -24.7 21 21.2542 -24.7 20.7458 21 -24.7 20.6638 20 -24.7 20.6655 19 -24.7 
30 31 0 -23.8
2 29 32 
1
194
1.45733e-015 10.0931 -23.8 5 10.1412 -23.8 5.8588 11 -23.8 5.86716 15 -23.8 6 15.144 -23.8 6.85606 16 -23.8 6.86074 17 -23.8 7 17.1446 -23.8 8.85486 19 -23.8 8.86795 20 -23.8 9 20.1266 -23.8 9.87338 21 -23.8 9.89779 21.0232 -23.8 10.8767 22 -23.8 10.8728 23 -23.8 11 23.1425 -23.8 11.8575 24 -23.8 12 24.1614 -23.8 12.8386 25 -23.8 13 25.1848 -23.8 13.8152 26 -23.8 14 26.2132 -23.8 14.7868 27 -23.8 15 27.2452 -23.8 15.7548 28 -23.8 16 28.2785 -23.8 16.7215 29 -23.8 17 29.3219 -23.8 17.6781 30 -23.8 17.7069 31 -23.8 17.7594 31.0624 -23.8 18 31.3697 -23.8 18.6303 32 -23.8 18.6266 32.8 -23.8 18.64 34 -23.8 18.6182 35 -23.8 19 35.5285 -23.8 19.4715 36 -23.8 19.5395 36.8 -23.8 19.5415 37 -23.8 19.6255 37.154 -23.8 20 37.7864 -23.8 20.2136 38 -23.8 20.3676 38.1734 -23.8 21 38.8306 -23.8 21.1694 39 -23.8 21.4021 39.8 -23.8 21.4657 40 -23.8 21.5755 40.1131 -23.8 22 40.5916 -23.8 22.4084 41 -23.8 22.5215 41.121 -23.8 23 41.6137 -23.8 23.6737 41.921 -23.8 23.8176 42 -23.8 23.8737 42.1472 -23.8 24.2391 42.9472 -23.8 24.2593 43 -23.8 24.6862 44 -23.8 24.6751 44.2 -23.8 24.9378 45 -23.8 25 45.0649 -23.8 25.2754 45.1102 -23.8 25.8 45.3353 -23.8 26 45.2961 -23.8 26.8 45.5054 -23.8 27 45.5227 -23.8 27.8 45.575 -23.8 28 45.5913 -23.8 28.2 45.5519 -23.8 28.92 45 -23.8 29.0478 44.6279 -23.8 29.3265 44 -23.8 30.0036 42.0081 -23.8 30.0054 42 -23.8 30.1342 41.5 -23.8 30.219 41.2 -23.8 30.2385 41 -23.8 30.2493 40.8 -23.8 30.4285 40 -23.8 30.3944 39.8 -23.8 30.6426 39 -23.8 31 38.6426 -23.8 31.0719 38.5122 -23.8 31.4233 38 -23.8 32 37.4233 -23.8 32.0753 37.3514 -23.8 32.4702 37 -23.8 33 36.4702 -23.8 33.8 36.4813 -23.8 34 36.4787 -23.8 34.0938 36.406 -23.8 34.7062 36 -23.8 35 35.7062 -23.8 35.8 35.4062 -23.8 36 35.4108 -23.8 36.8 35.1523 -23.8 37 35.1513 -23.8 37.1485 35.0539 -23.8 37.9485 34.5405 -23.8 38 34.489 -23.8 38.8 34.1996 -23.8 39 34.0584 -23.8 39.2 34.0745 -23.8 39.3965 34 -23.8 40 33.6493 -23.8 40.3115 33.2742 -23.8 40.4056 33.2 -23.8 40.5905 33 -23.8 40.6408 32.6292 -23.8 40.6879 31 -23.8 40.6219 30.7371 -23.8 40.6422 30 -23.8 40.6117 29.9712 -23.8 40.2 29.6569 -23.8 40 29.5862 -23.8 39.8 29.5486 -23.8 39 29.4903 -23.8 36 29.4455 -23.8 35.8 29.4652 -23.8 35 29.3364 -23.8 34.8 29.3556 -23.8 34 29.864 -23.8 33.8 29.8702 -23.8 33.4238 29.9824 -23.8 33.3987 30 -23.8 33 30.1471 -23.8 32.9148 30.2777 -23.8 32.8 30.3925 -23.8 32 30.5333 -23.8 31.8951 30.6185 -23.8 31.308 31 -23.8 31 31.308 -23.8 30.6257 31.0951 -23.8 30.5306 31 -23.8 30.4738 30.8 -23.8 30.1526 30 -23.8 30.8481 29.3335 -23.8 31 29.253 -23.8 31.131 29.1335 -23.8 31.2876 29 -23.8 31.931 28.2506 -23.8 32 28.1223 -23.8 32.0826 28.0506 -23.8 33.7792 26 -23.8 34.3987 25.2 -23.8 34.5965 25 -23.8 35 24.2455 -23.8 35.0195 24.2208 -23.8 35.0315 24.2 -23.8 35.196 24 -23.8 35.7727 23 -23.8 36.0994 22.3588 -23.8 36.2721 22 -23.8 36.383 21.2 -23.8 36.4325 21 -23.8 36.776 18.4524 -23.8 36.8095 18 -23.8 36.9473 17.1251 -23.8 36.9593 17 -23.8 37 16.9416 -23.8 37.1523 16.6263 -23.8 37.5276 16.2 -23.8 37.5653 16 -23.8 37.99 15.8158 -23.8 38 15.8058 -23.8 38.8 15.4121 -23.8 39 15.3364 -23.8 39.2 15.2497 -23.8 39.2494 15.2084 -23.8 39.4851 15 -23.8 39.6225 14.5504 -23.8 40.044 13.0886 -23.8 40.0677 13 -23.8 40.1763 12.2 -23.8 40.1585 12 -23.8 40.0236 11.8535 -23.8 40 11.8226 -23.8 39.2 11.1842 -23.8 39 11.0702 -23.8 38.8662 11 -23.8 39.2 10.877 -23.8 40 10.6852 -23.8 40.8 10.5381 -23.8 41 10.4855 -23.8 41.8 10.3935 -23.8 42 10.3586 -23.8 42.8 10.3034 -23.8 43 10.2846 -23.8 44 10.2355 -23.8 45 10.2004 -23.8 50.8 10.1062 -23.8 50.8 50.8 -23.8 1.45733e-015 50.8 -23.8 
31 32 0 -22.9
2 31 33 
1
200
5 10.1298 -22.9 5.87019 11 -22.9 5.87708 15 -22.9 6 15.1324 -22.9 6.86758 16 -22.9 6.87116 17 -22.9 7 17.1342 -22.9 8.86402 19 -22.9 8.87482 20 -22.9 9 20.1214 -22.9 9.87853 21 -22.9 10 21.1157 -22.9 10.8843 22 -22.9 10.8825 23 -22.9 11 23.1306 -22.9 11.8694 24 -22.9 12 24.1466 -22.9 12.8534 25 -22.9 13 25.1663 -22.9 13.8337 26 -22.9 14 26.1905 -22.9 14.8095 27 -22.9 15 27.2176 -22.9 15.7824 28 -22.9 16 28.2434 -22.9 16.7566 29 -22.9 17 29.2761 -22.9 17.7239 30 -22.9 17.7412 31 -22.9 17.7638 31.0253 -22.9 18 31.3059 -22.9 18.6941 32 -22.9 18.6881 35 -22.9 18.7161 35.04 -22.9 19 35.4269 -22.9 19.5731 36 -22.9 19.5826 37 -22.9 19.6217 37.065 -22.9 20 37.758 -22.9 20.242 38 -22.9 20.307 38.0918 -22.9 21 38.8721 -22.9 21.1279 39 -22.9 21.4139 39.9 -22.9 21.4488 40 -22.9 22 40.5676 -22.9 22.4324 41 -22.9 23 41.6085 -22.9 23.6475 41.964 -22.9 23.6836 42 -22.9 23.7476 42.0891 -22.9 24.0906 42.9891 -22.9 24.1015 43 -22.9 24.4855 43.9 -22.9 24.5103 44 -22.9 24.4606 44.9 -22.9 24.4772 45 -22.9 24.5249 45.0454 -22.9 25 45.5412 -22.9 25.9 45.3649 -22.9 26 45.3766 -22.9 26.9 45.4543 -22.9 27 45.4572 -22.9 27.9 45.5304 -22.9 28 45.5336 -22.9 28.9 45.3567 -22.9 29 45.3146 -22.9 29.1 45.3569 -22.9 29.7564 45.0794 -22.9 29.92 45 -22.9 30 44.8405 -22.9 30.0296 44.7564 -22.9 30.2066 44.1 -22.9 30.3605 44 -22.9 30.2093 43.9026 -22.9 30.2066 43.9 -22.9 30.5001 43 -22.9 30.7229 42 -22.9 30.7353 41.805 -22.9 30.8136 41 -22.9 30.7917 40.9378 -22.9 30.781 40.9 -22.9 30.8297 40 -22.9 30.8052 39.9 -22.9 30.6518 39 -22.9 31 38.6517 -22.9 31.0343 38.5869 -22.9 31.3578 38 -22.9 32 37.3578 -22.9 32.0304 37.3236 -22.9 32.369 37 -22.9 33 36.369 -22.9 34 36.3555 -22.9 34.0338 36.3271 -22.9 34.4561 36 -22.9 35 35.4561 -22.9 36 35.4779 -22.9 36.9 35.4732 -22.9 37 35.4774 -22.9 37.0692 35.4381 -22.9 37.7375 35 -22.9 38 34.7375 -22.9 38.9 34.1021 -22.9 39 34.0873 -22.9 39.9 34.1595 -22.9 40 34.1583 -22.9 40.4153 34 -22.9 41 33.5054 -22.9 41.0266 33.4757 -22.9 41.2165 33.1 -22.9 41.2815 33 -22.9 41.5078 32.1 -22.9 41.5437 32 -22.9 41.5686 31.8026 -22.9 41.5916 31 -22.9 41.5421 30.9354 -22.9 41.5107 30.9 -22.9 41.2132 30 -22.9 41.1445 29.9577 -22.9 41 29.8281 -22.9 40.9 29.8001 -22.9 40 29.482 -22.9 39.9 29.4807 -22.9 39 29.3117 -22.9 37 29.2958 -22.9 36.9 29.3026 -22.9 36 29.2952 -22.9 34 29.4917 -22.9 33.9 29.4916 -22.9 33 29.5196 -22.9 32.5766 30 -22.9 32 30.5766 -22.9 31.9581 30.6167 -22.9 31.4861 31 -22.9 31 31.4861 -22.9 30.5139 31 -22.9 30.5225 30.9 -22.9 30.267 30 -22.9 30.9504 29.6378 -22.9 31 29.5882 -22.9 31.0597 29.5378 -22.9 31.6492 29 -22.9 31.9597 28.4227 -22.9 32 28.3824 -22.9 32.073 28.3227 -22.9 32.4445 28 -22.9 32.973 27.3723 -22.9 33 27.3273 -22.9 33.0621 27.2723 -22.9 34 26.1383 -22.9 34.0497 26.0841 -22.9 34.1191 26 -22.9 34.9497 25.1596 -22.9 35 25.114 -22.9 35.0766 25.0596 -22.9 35.1645 25 -22.9 35.9047 24.1 -22.9 35.997 24.0129 -22.9 36 24.0106 -22.9 36.0107 24 -22.9 36.5873 23 -22.9 37.0292 22.0734 -22.9 37.0626 22 -22.9 37.2853 21.1 -22.9 37.3209 21 -22.9 37.8601 17 -22.9 38.0393 16.0525 -22.9 38.0441 16 -22.9 38.084 15.9549 -22.9 38.1 15.9389 -22.9 39 15.5982 -22.9 39.9 15.208 -22.9 40 15.1488 -22.9 40.0784 15.124 -22.9 40.237 15 -22.9 40.525 14.1 -22.9 40.5856 14 -22.9 40.6733 13.6484 -22.9 40.8467 13 -22.9 40.8103 12.8023 -22.9 40.7388 12 -22.9 40.707 11.9514 -22.9 40.1 11.2923 -22.9 40.0446 11.2408 -22.9 40 11.2114 -22.9 39.6657 11 -22.9 40.0446 10.8639 -22.9 40.1 10.8444 -22.9 41 10.6077 -22.9 41.9 10.4509 -22.9 42 10.4213 -22.9 42.9 10.3364 -22.9 43 10.3227 -22.9 43.9 10.2695 -22.9 44 10.2616 -22.9 45 10.2199 -22.9 50.8 10.1116 -22.9 50.8 50.8 -22.9 1.40222e-015 50.8 -22.9 1.40222e-015 10.0888 -22.9 
32 33 0 -22
2 32 34 
1
135
5 10.1201 -22 5.87989 11 -22 5.88562 15 -22 6 15.1226 -22 6.87742 16 -22 6.88021 17 -22 7 17.125 -22 8.87249 19 -22 8.88141 20 -22 9.88376 21 -22 10 21.1117 -22 10.8883 22 -22 10.8909 23 -22 11 23.1204 -22 11.8796 24 -22 12 24.1341 -22 12.8659 25 -22 13 25.1508 -22 13.8492 26 -22 14 26.1713 -22 14.8287 27 -22 15 27.192 -22 15.808 28 -22 16 28.2117 -22 16.7883 29 -22 17 29.2359 -22 17.7641 30 -22 17.7746 31 -22 18 31.2528 -22 18.7472 32 -22 18.7576 33 -22 18.7206 35 -22 19 35.3998 -22 19.6002 36 -22 19.6088 37 -22 20 37.6503 -22 20.3497 38 -22 21 38.9178 -22 21.0822 39 -22 21.4309 40 -22 22.415 41 -22 23 41.6395 -22 23.3605 42 -22 24 42.8908 -22 24.1092 43 -22 24.3573 44 -22 24.5232 45 -22 25 45.4542 -22 26 45.5709 -22 28 45.6319 -22 29 45.2108 -22 30 45.6338 -22 30.9736 45 -22 31 44.9736 -22 32 44.2085 -22 32.5642 44 -22 33 43.5594 -22 33.3928 43 -22 32 42.0787 -22 31.0842 43 -22 31 43.026 -22 30.9732 43 -22 31 42.846 -22 31.8553 42 -22 31 40.3778 -22 30.8936 40 -22 30.6486 39 -22 31 38.6486 -22 31.3427 38 -22 32 37.3427 -22 32.3037 37 -22 33 36.3037 -22 34 36.2836 -22 34.3383 36 -22 35 35.3383 -22 36 35.3512 -22 37 35.3927 -22 37.6919 35 -22 38 34.6919 -22 39 34.5437 -22 40 34.532 -22 41 34.1363 -22 41.2661 34 -22 41.9158 33 -22 42.2456 32 -22 42.4955 31 -22 42 30.3536 -22 41.6861 30 -22 41 29.5769 -22 40 29.297 -22 37 29.2665 -22 36 29.3343 -22 34 29.5445 -22 33 29.5435 -22 32.5995 30 -22 32 30.5995 -22 31.5814 31 -22 31 31.5814 -22 30.4186 31 -22 30.5044 30 -22 31 29.5044 -22 31.5967 29 -22 32 28.5967 -22 32.7303 28 -22 33 27.55 -22 33.6213 27 -22 34 26.5421 -22 34.4966 26 -22 35 25.5441 -22 35.7661 25 -22 36 24.8209 -22 36.8252 24 -22 37.3979 23 -22 37.8532 22 -22 38.2093 21 -22 38.7486 17 -22 38.8396 16 -22 39 15.8396 -22 40 15.2475 -22 40.7838 15 -22 41 14.8394 -22 41.3901 14 -22 41.5732 13 -22 41.318 12 -22 41 11.5141 -22 40.4462 11 -22 41 10.8044 -22 42 10.509 -22 43 10.3721 -22 44 10.2933 -22 45 10.242 -22 50.8 10.1166 -22 50.8 50.8 -22 1.34711e-015 50.8 -22 1.34711e-015 10.0845 -22 
33 34 0 -21.1
2 33 35 
1
207
1.292e-015 10.0804 -21.1 5 10.1119 -21.1 5.88812 11 -21.1 5.89295 15 -21.1 6 15.1142 -21.1 6.88579 16 -21.1 6.88801 17 -21.1 7 17.117 -21.1 8.88017 19 -21.1 8.88759 20 -21.1 9.88891 21 -21.1 10 21.1077 -21.1 10.8923 22 -21.1 10.898 23 -21.1 11 23.1119 -21.1 11.8882 24 -21.1 12 24.1237 -21.1 12.8763 25 -21.1 13 25.1381 -21.1 13.8619 26 -21.1 14 26.1557 -21.1 14.8443 27 -21.1 15 27.1721 -21.1 15.8279 28 -21.1 16 28.1878 -21.1 16.8122 29 -21.1 17 29.2067 -21.1 17.7933 30 -21.1 17.8014 31 -21.1 18 31.2176 -21.1 18.7824 32 -21.1 18.7834 32.1 -21.1 18.7591 33 -21.1 18.7182 35 -21.1 18.9721 35.3435 -21.1 19 35.3835 -21.1 19.6165 36 -21.1 19.6232 37 -21.1 19.9609 37.5288 -21.1 20 37.5939 -21.1 20.4061 38 -21.1 20.935 38.8166 -21.1 21 38.9084 -21.1 21.0916 39 -21.1 21.4359 40 -21.1 21.9431 40.4617 -21.1 22.4798 41 -21.1 22.9415 41.5427 -21.1 23 41.6067 -21.1 23.3934 42 -21.1 24 42.8283 -21.1 24.1717 43 -21.1 24.1965 43.1 -21.1 24.4371 44 -21.1 24.591 45 -21.1 25 45.3919 -21.1 26 45.5015 -21.1 26.1 45.5044 -21.1 27 45.5625 -21.1 28 45.5903 -21.1 28.1 45.5482 -21.1 29 45.5537 -21.1 29.1 45.596 -21.1 29.1578 45.6562 -21.1 29.5016 46 -21.1 30 46.6392 -21.1 30.6549 46.9168 -21.1 30.9075 47 -21.1 31 47.053 -21.1 31.1197 47 -21.1 31.6986 46.4615 -21.1 32 46.1975 -21.1 32.5101 46 -21.1 33 45.8189 -21.1 33.7368 45.2632 -21.1 33.7821 45.2272 -21.1 34 45.0462 -21.1 34.9198 44 -21.1 34.9209 43.0791 -21.1 34.9335 43 -21.1 34.8043 42.6896 -21.1 34.5709 42 -21.1 34.2714 41.3823 -21.1 34.1008 41 -21.1 34 40.8226 -21.1 33.7454 40.6541 -21.1 33 40.2835 -21.1 32.815 40.2167 -21.1 32 40.435 -21.1 31.9323 40.376 -21.1 31.9 40.3138 -21.1 31 40.12 -21.1 30.9894 40.0823 -21.1 30.9071 40 -21.1 30.6146 39.1 -21.1 30.5901 39 -21.1 31 38.5901 -21.1 31.3417 38.0649 -21.1 31.376 38 -21.1 32 37.376 -21.1 32.2893 37.0343 -21.1 32.3196 37 -21.1 33 36.3196 -21.1 33.1 36.3176 -21.1 34 36.3381 -21.1 34.2746 36.0284 -21.1 34.3084 36 -21.1 35 35.3084 -21.1 35.1 35.3097 -21.1 37 35.3758 -21.1 37.6484 35 -21.1 38 34.6484 -21.1 38.1 34.6336 -21.1 39 34.6587 -21.1 39.1 34.6576 -21.1 40 34.9086 -21.1 41.9 34.1404 -21.1 42 34.0891 -21.1 42.1136 34 -21.1 42.1591 33.8864 -21.1 42.5501 33 -21.1 42.8799 32 -21.1 42.8491 31.1 -21.1 42.8741 31 -21.1 42.293 30.1 -21.1 42.215 30 -21.1 42 29.8248 -21.1 41.9686 29.8016 -21.1 41.9 29.7593 -21.1 41 29.3555 -21.1 40.1 29.295 -21.1 40 29.267 -21.1 38 29.2439 -21.1 37.1 29.2688 -21.1 37 29.2679 -21.1 36.1 29.3866 -21.1 36 29.3933 -21.1 34 29.6187 -21.1 33.1 29.5732 -21.1 33 29.5731 -21.1 32.6248 30 -21.1 32 30.6248 -21.1 31.6857 30.9599 -21.1 31.6439 31 -21.1 31 31.6439 -21.1 30.3561 31 -21.1 30.4524 30.1 -21.1 30.461 30 -21.1 31 29.461 -21.1 31.5416 29 -21.1 32 28.5416 -21.1 32.6564 28 -21.1 32.6834 27.955 -21.1 33 27.6384 -21.1 33.7389 27.055 -21.1 33.801 27 -21.1 33.8389 26.9542 -21.1 34 26.7931 -21.1 34.9 26.0741 -21.1 34.9446 26.03 -21.1 34.9721 26 -21.1 35 25.9747 -21.1 35.0425 25.9446 -21.1 36 25.2037 -21.1 36.3936 25 -21.1 36.5082 24.9 -21.1 36.5383 24.8761 -21.1 37 24.6238 -21.1 37.6399 24 -21.1 38 23.3737 -21.1 38.2067 23 -21.1 38.6437 22 -21.1 38.6793 21.9 -21.1 39.07 21 -21.1 39.2326 20 -21.1 39.5193 17.8642 -21.1 39.5824 17 -21.1 39.5936 16.8809 -21.1 39.6916 16 -21.1 39.7066 15.984 -21.1 39.9 15.7906 -21.1 40 15.7313 -21.1 41 15.4634 -21.1 41.7286 15 -21.1 41.772 14.9 -21.1 41.8745 14.6764 -21.1 42 14.3118 -21.1 42.173 14 -21.1 42.2942 13 -21.1 41.9573 12.1797 -21.1 41.9228 12.1 -21.1 41.8972 12 -21.1 41.2384 11.1 -21.1 41.1691 11 -21.1 41.2066 10.9804 -21.1 41.9 10.6806 -21.1 42 10.6511 -21.1 42.1 10.6374 -21.1 43 10.4422 -21.1 43.1 10.4343 -21.1 44 10.335 -21.1 44.1 10.3298 -21.1 45 10.2696 -21.1 46 10.2256 -21.1 50.8 10.1215 -21.1 50.8 50.8 -21.1 1.292e-015 50.8 -21.1 
34 35 0 -20.2
2 34 36 
1
211
1.2369e-015 10.0766 -20.2 5 10.1047 -20.2 5.89532 11 -20.2 5.8994 15 -20.2 6 15.1069 -20.2 6.89311 16 -20.2 6.89492 17 -20.2 7 17.1098 -20.2 8.88716 19 -20.2 8.89337 20 -20.2 10 21.1038 -20.2 10.8962 22 -20.2 10.9035 23 -20.2 11 23.1043 -20.2 11.8957 24 -20.2 12 24.1147 -20.2 12.8853 25 -20.2 13 25.1281 -20.2 13.8719 26 -20.2 14 26.1426 -20.2 14.8574 27 -20.2 15 27.1559 -20.2 15.8441 28 -20.2 16 28.1687 -20.2 16.8313 29 -20.2 17 29.1838 -20.2 17.8162 30 -20.2 17.8207 31 -20.2 17.9609 31.1818 -20.2 18 31.2245 -20.2 18.7755 32 -20.2 18.7222 35 -20.2 19 35.3685 -20.2 19.6316 36 -20.2 19.6365 37 -20.2 20 37.5594 -20.2 20.4406 38 -20.2 20.8825 38.4831 -20.2 21 38.6646 -20.2 21.3354 39 -20.2 21.4042 39.2 -20.2 21.5514 40 -20.2 22 40.4081 -20.2 22.5919 41 -20.2 22.8974 41.4369 -20.2 23 41.5575 -20.2 23.4425 42 -20.2 23.8794 42.528 -20.2 24 42.6923 -20.2 24.3077 43 -20.2 24.3612 43.2 -20.2 24.5257 44 -20.2 24.5562 44.2 -20.2 24.6425 45 -20.2 25 45.3444 -20.2 25.2 45.3661 -20.2 26 45.4302 -20.2 26.2 45.4431 -20.2 27 45.5253 -20.2 28 45.5537 -20.2 28.2 45.5549 -20.2 29 45.8263 -20.2 29.1737 46 -20.2 29.6643 46.8 -20.2 29.9175 47 -20.2 30 47.0513 -20.2 31 47.6242 -20.2 31.0694 47.5935 -20.2 31.6416 47.9075 -20.2 32 48.112 -20.2 32.284 48 -20.2 33 47.5215 -20.2 33.4602 47 -20.2 33.6175 46.8 -20.2 33.8613 46.5817 -20.2 36 44.1536 -20.2 36.1087 44 -20.2 36 43.6216 -20.2 35.8412 43.1691 -20.2 35.8387 43 -20.2 35.3481 41.4888 -20.2 35 40.4793 -20.2 34.7761 40 -20.2 34.2453 39.2453 -20.2 34.0892 39 -20.2 34 38.9445 -20.2 33 39.2671 -20.2 32.6984 39.3566 -20.2 32 39.5864 -20.2 31.6923 39.59 -20.2 31 39.8179 -20.2 30.9817 39.7896 -20.2 30.7068 39.2 -20.2 30.6418 39 -20.2 31 38.6418 -20.2 31.3998 38.1167 -20.2 31.4758 38 -20.2 32 37.4758 -20.2 32.3228 37.0759 -20.2 32.3871 37 -20.2 33 36.3871 -20.2 34 36.4168 -20.2 34.2495 36.0688 -20.2 34.3105 36 -20.2 35 35.3105 -20.2 35.2 35.3167 -20.2 36 35.3249 -20.2 37 35.3602 -20.2 37.608 35 -20.2 38 34.608 -20.2 38.2 34.6136 -20.2 39.2 34.8924 -20.2 39.2357 34.9067 -20.2 39.4823 35 -20.2 40 35.2617 -20.2 40.6558 35 -20.2 40.8 34.9532 -20.2 42 34.4636 -20.2 42.794 34.0282 -20.2 42.8299 34 -20.2 42.9181 33.8 -20.2 42.9964 33.4807 -20.2 43 33.4717 -20.2 43.1422 32.7457 -20.2 43.0667 31 -20.2 43 30.7482 -20.2 42.9832 30.6905 -20.2 42.7592 30.2 -20.2 42.63 30 -20.2 42.0541 29.6678 -20.2 42 29.6238 -20.2 41.2 29.3966 -20.2 41 29.3068 -20.2 40 29.2344 -20.2 38 29.2098 -20.2 37.2 29.3254 -20.2 37 29.3309 -20.2 36.2 29.4535 -20.2 36 29.4799 -20.2 35 29.5958 -20.2 34.2 29.6443 -20.2 34 29.6652 -20.2 33 29.6054 -20.2 32.6502 30 -20.2 32 30.6502 -20.2 31.7545 30.9255 -20.2 31.6846 31 -20.2 31 31.6846 -20.2 30.3154 31 -20.2 30.4206 30 -20.2 31 29.4206 -20.2 31.4902 29 -20.2 32 28.4902 -20.2 32.5832 28 -20.2 33 27.5832 -20.2 33.5559 27.1296 -20.2 33.7201 27 -20.2 34 26.7201 -20.2 34.2 26.5603 -20.2 35 26.075 -20.2 35.225 26.0044 -20.2 35.425 25.849 -20.2 36 25.6218 -20.2 36.7439 25.049 -20.2 36.8385 25 -20.2 36.9439 24.9424 -20.2 37 24.9052 -20.2 37.8 24.6282 -20.2 38.4545 24 -20.2 38.5673 23.8 -20.2 39 23.0013 -20.2 39.0007 23 -20.2 39.8675 21 -20.2 40.0164 20.3798 -20.2 40.1209 20 -20.2 40.3906 18 -20.2 40.405 17.6887 -20.2 40.4036 17 -20.2 40.4367 16.7453 -20.2 40.5573 16 -20.2 40.5982 15.957 -20.2 40.8 15.7553 -20.2 41 15.7018 -20.2 41.5524 15.1036 -20.2 41.7153 15 -20.2 41.7524 14.8922 -20.2 42 14.3144 -20.2 42.8 14.1531 -20.2 42.8612 14.064 -20.2 42.8967 14 -20.2 43.0152 13 -20.2 42.8749 12.7447 -20.2 42.8 12.5624 -20.2 42.4842 12.0177 -20.2 42.4766 12 -20.2 41.9923 11.2581 -20.2 41.9431 11.2 -20.2 41.7967 11 -20.2 41.9508 10.9334 -20.2 42 10.9069 -20.2 42.2 10.8635 -20.2 43 10.5454 -20.2 43.2 10.5233 -20.2 44 10.3906 -20.2 44.2 10.3772 -20.2 45 10.3044 -20.2 46 10.2503 -20.2 47 10.2122 -20.2 50.8 10.1264 -20.2 50.8 50.8 -20.2 1.23689e-015 50.8 -20.2 
35 36 0 -19.3
2 35 37 
1
228
5 10.0983 -19.3 5.90167 11 -19.3 5.90514 15 -19.3 6 15.1005 -19.3 6.89957 16 -19.3 6.90106 17 -19.3 7 17.1034 -19.3 7.89665 18 -19.3 8.89353 19 -19.3 8.89874 20 -19.3 10.9003 22 -19.3 10.9072 23 -19.3 10.9714 23.067 -19.3 11 23.0978 -19.3 11.9022 24 -19.3 12 24.1078 -19.3 12.8922 25 -19.3 13 25.1194 -19.3 13.8806 26 -19.3 14 26.1315 -19.3 14.8685 27 -19.3 15 27.1425 -19.3 15.8575 28 -19.3 16 28.153 -19.3 16.847 29 -19.3 16.9506 29.1175 -19.3 17 29.1711 -19.3 17.8289 30 -19.3 17.83 30.3 -19.3 17.8188 31 -19.3 18 31.237 -19.3 18.763 32 -19.3 18.7295 35 -19.3 19 35.3546 -19.3 19.6455 36 -19.3 19.6489 37 -19.3 19.8918 37.3449 -19.3 20 37.5106 -19.3 20.4894 38 -19.3 20.8343 38.322 -19.3 21 38.5032 -19.3 21.4968 39 -19.3 21.5521 39.3 -19.3 21.6334 40 -19.3 22 40.33 -19.3 22.67 41 -19.3 23 41.4784 -19.3 23.5216 42 -19.3 23.8362 42.3585 -19.3 24 42.5565 -19.3 24.4435 43 -19.3 24.5051 43.3 -19.3 24.594 44 -19.3 24.6264 44.3 -19.3 24.6827 45 -19.3 25 45.3069 -19.3 25.3 45.3309 -19.3 26 45.3735 -19.3 27 45.484 -19.3 27.3 45.4926 -19.3 28 45.6825 -19.3 28.3 45.7842 -19.3 28.3908 45.8423 -19.3 28.664 46 -19.3 29 46.9776 -19.3 29.0017 46.9849 -19.3 29.011 47 -19.3 29.3 47.1798 -19.3 30.3 47.7527 -19.3 30.8401 48 -19.3 31 48.0588 -19.3 31.1351 48.121 -19.3 31.3 48.2148 -19.3 32 48.4106 -19.3 32.7 48.4393 -19.3 33 48.3178 -19.3 33.3278 48 -19.3 33.5849 47.7 -19.3 33.7117 47.5873 -19.3 34.2935 47 -19.3 34.543 46.7 -19.3 34.7356 46.5285 -19.3 35.259 46 -19.3 35.5011 45.7 -19.3 35.7618 45.4673 -19.3 36.2274 45 -19.3 36.439 44.7 -19.3 36.9889 44 -19.3 36.7984 43.5413 -19.3 36.7129 43.3 -19.3 36.6255 43 -19.3 36.365 42.3 -19.3 36.2763 42 -19.3 36 41.2491 -19.3 35.9579 41.1462 -19.3 35.9071 41 -19.3 35.8094 40.7491 -19.3 35.6422 40.3 -19.3 35.539 40 -19.3 35.1333 39 -19.3 35 38.8341 -19.3 34.8203 38.6946 -19.3 34.7 38.6197 -19.3 34.1188 38.2251 -19.3 34 38.1605 -19.3 33.3 38.3573 -19.3 32 38.7843 -19.3 31.8798 38.5531 -19.3 31.5117 38.1969 -19.3 31.6616 38 -19.3 32 37.6616 -19.3 32.3793 37.1499 -19.3 32.5003 37 -19.3 33 36.5003 -19.3 34 36.537 -19.3 34.2654 36.1305 -19.3 34.359 36 -19.3 35 35.359 -19.3 35.3 35.3621 -19.3 36 35.3218 -19.3 36.3 35.3322 -19.3 37 35.3674 -19.3 37.5025 35.107 -19.3 37.6822 35 -19.3 38 34.6822 -19.3 38.3 34.7658 -19.3 38.4978 34.8583 -19.3 38.8246 35 -19.3 39 35.1539 -19.3 39.0968 35.2146 -19.3 39.3 35.3173 -19.3 40 35.6249 -19.3 41.5659 35 -19.3 41.7 34.9563 -19.3 42 34.8335 -19.3 42.7 34.5196 -19.3 43 34.355 -19.3 43.2888 34 -19.3 43.3471 33.7 -19.3 43.2276 31 -19.3 43.0626 30.3 -19.3 43 30.071 -19.3 42.9676 30 -19.3 42.916 29.9587 -19.3 42.7 29.8341 -19.3 42 29.4095 -19.3 41.3 29.3629 -19.3 41 29.2777 -19.3 40 29.1988 -19.3 39 29.1835 -19.3 38.3 29.2618 -19.3 38 29.2587 -19.3 37.3 29.3943 -19.3 37 29.4377 -19.3 36.3 29.5243 -19.3 36 29.5703 -19.3 35.3 29.6238 -19.3 35 29.6581 -19.3 34.3 29.6719 -19.3 34 29.6901 -19.3 33 29.634 -19.3 32.6733 30 -19.3 32 30.6733 -19.3 31.7078 31 -19.3 31 31.7078 -19.3 30.2922 31 -19.3 30.3544 30.3 -19.3 30.3859 30 -19.3 31 29.3859 -19.3 31.4468 29 -19.3 32 28.4468 -19.3 32.5228 28 -19.3 33 27.5228 -19.3 33.6301 27 -19.3 34 26.6301 -19.3 34.3 26.4481 -19.3 35 26.3696 -19.3 35.5045 26.0265 -19.3 35.5889 26 -19.3 35.8045 25.9148 -19.3 36 25.7193 -19.3 36.7 25.4161 -19.3 37 25.1885 -19.3 37.3414 25 -19.3 37.3647 24.986 -19.3 37.7 24.8109 -19.3 38 24.7071 -19.3 38.7 24.5368 -19.3 39.2691 24 -19.3 39.4313 23.7 -19.3 39.7912 23 -19.3 40.658 21 -19.3 40.7406 20.7 -19.3 41.0094 20 -19.3 41.2133 18.4844 -19.3 41.2665 18 -19.3 41.2479 17.4507 -19.3 41.2245 17 -19.3 41.2983 16.5988 -19.3 41.4274 16 -19.3 41.7068 15.7 -19.3 41.9143 15 -19.3 42 14.8 -19.3 42.0172 14.7833 -19.3 42.7 14.5246 -19.3 43 14.464 -19.3 43.4467 14.0228 -19.3 43.4636 14 -19.3 43.648 13.3 -19.3 43.6837 13 -19.3 43.2286 12.3 -19.3 43.0564 12 -19.3 42.4031 11 -19.3 42.4173 10.9901 -19.3 42.7 10.8319 -19.3 43 10.7126 -19.3 43.3 10.6629 -19.3 44 10.4713 -19.3 44.3 10.444 -19.3 45 10.3528 -19.3 45.3 10.3358 -19.3 46 10.2823 -19.3 47 10.2331 -19.3 48 10.1952 -19.3 50.8 10.1312 -19.3 50.8 50.8 -19.3 1.18179e-015 50.8 -19.3 1.18178e-015 10.0731 -19.3 
36 37 0 -18.4
1 36 
1
238
1.12667e-015 10.672 -18.4 5 10.6963 -18.4 5.30371 11 -18.4 5.307 15 -18.4 5.96889 15.6655 -18.4 6 15.6984 -18.4 6.30162 16 -18.4 6.30302 17 -18.4 6.96778 17.6676 -18.4 7 17.7013 -18.4 8 18.7044 -18.4 8.2956 19 -18.4 8.3005 20 -18.4 10.3016 22 -18.4 10.3082 23 -18.4 10.9691 23.6635 -18.4 11 23.6957 -18.4 11.9685 24.6709 -18.4 12 24.7057 -18.4 12.9661 25.6792 -18.4 13 25.7166 -18.4 13.9636 26.6881 -18.4 14 26.728 -18.4 14.9611 27.6962 -18.4 15 27.7382 -18.4 15.9591 28.7043 -18.4 16 28.7481 -18.4 16.9587 29.721 -18.4 17 29.7678 -18.4 17.2322 30 -18.4 17.2162 31 -18.4 17.9615 31.7907 -18.4 18 31.8412 -18.4 18.1588 32 -18.4 18.1266 34 -18.4 18.1321 35 -18.4 18.9794 35.9231 -18.4 19 35.95 -18.4 19.05 36 -18.4 19.053 37 -18.4 19.3638 37.3638 -18.4 19.3897 38 -18.4 19.5016 38.4984 -18.4 20 38.877 -18.4 20.1781 39 -18.4 20.6178 39.3822 -18.4 21 39.5164 -18.4 21.0562 40 -18.4 21.9542 40.8667 -18.4 22 40.9077 -18.4 22.0923 41 -18.4 22.6514 41.6514 -18.4 22.5967 42 -18.4 22.6499 42.3501 -18.4 23 42.9574 -18.4 23.0192 43 -18.4 23.431 43.569 -18.4 24 43.8835 -18.4 24.0148 44 -18.4 24.0952 45 -18.4 25 45.8952 -18.4 26 45.956 -18.4 26.3863 46 -18.4 26.529 46.471 -18.4 26.7309 47 -18.4 26.776 47.224 -18.4 27 47.6366 -18.4 27.0633 47.9367 -18.4 27.159 48 -18.4 27.5123 48.4877 -18.4 28 48.6634 -18.4 28.1688 48.8312 -18.4 28.7334 49 -18.4 28.8866 49.1134 -18.4 29 49.1431 -18.4 29.5236 49.4764 -18.4 30 49.5732 -18.4 30.2877 49.7123 -18.4 31 49.8309 -18.4 31.1125 49.8875 -18.4 31.8329 50 -18.4 31.9507 50.0493 -18.4 32 50.0585 -18.4 32.7467 50.2533 -18.4 33 50.2772 -18.4 34 49.8333 -18.4 37 46.8269 -18.4 37.9093 46 -18.4 38 45.9094 -18.4 38.6654 45 -18.4 38.8928 44.1072 -18.4 38.9406 44 -18.4 38.8719 43.1281 -18.4 38.8215 43 -18.4 38.6883 42.3117 -18.4 38.5394 42 -18.4 38.4486 41.5514 -18.4 38.1497 41 -18.4 38.121 40.879 -18.4 38 40.6513 -18.4 37.8789 40.1211 -18.4 37.8055 40 -18.4 37.6482 39.3518 -18.4 37.4473 39 -18.4 37.349 38.651 -18.4 37 38.25 -18.4 36.8376 39 -18.4 36 39.4878 -18.4 35.8013 39 -18.4 35.0444 38.1265 -18.4 35 38.0713 -18.4 34.895 38 -18.4 34.6754 37.6754 -18.4 35 37.587 -18.4 35.9544 37 -18.4 35.612 36.388 -18.4 34.8968 36.1032 -18.4 34.9665 36.0195 -18.4 34.9792 36 -18.4 35 35.9792 -18.4 36 35.9217 -18.4 37 35.972 -18.4 37.081 35.919 -18.4 37.2581 36 -18.4 37.5159 36.4841 -18.4 38 36.6742 -18.4 38.1232 36.8768 -18.4 38.3945 37 -18.4 38.6158 37.3842 -18.4 39 37.4761 -18.4 39.4412 37.5588 -18.4 40 37.5794 -18.4 40.8011 37.1989 -18.4 41 37.1383 -18.4 41.2924 37 -18.4 42 36.7779 -18.4 42.4358 36.5642 -18.4 43 36.3809 -18.4 43.6555 36 -18.4 44 35.8346 -18.4 44.806 35 -18.4 44.9674 34.0326 -18.4 44.9828 34 -18.4 44.9553 33.0447 -18.4 44.952 33 -18.4 44.9269 32.0731 -18.4 44.9217 32 -18.4 44.8968 31.1032 -18.4 44.8302 30.1698 -18.4 44.7777 30 -18.4 44.6413 29.3587 -18.4 44.3911 29 -18.4 44.2877 28.7123 -18.4 44 28.5553 -18.4 43.7687 28.2313 -18.4 43 28.0763 -18.4 42.9405 28.0595 -18.4 42.2186 28 -18.4 42.0375 27.9625 -18.4 42 27.9588 -18.4 41.2057 27.7943 -18.4 41 27.7747 -18.4 40.3573 27.6427 -18.4 40 27.6125 -18.4 39 27.5922 -18.4 38.2776 27.7224 -18.4 38 27.629 -18.4 37.3936 28 -18.4 37 28.1449 -18.4 36.004 29 -18.4 36 29.0005 -18.4 35 29.0769 -18.4 34 29.0966 -18.4 33 29.0432 -18.4 32.1187 29.9577 -18.4 32.0808 30 -18.4 32 30.0808 -18.4 31.1598 30.949 -18.4 31.1141 31 -18.4 31 31.1141 -18.4 30.8859 31 -18.4 30.9748 30 -18.4 31 29.9748 -18.4 31.4322 29.5678 -18.4 32 29.2906 -18.4 32.4338 29 -18.4 33 28.7063 -18.4 33.9231 28.0769 -18.4 34 28.0359 -18.4 34.0546 28 -18.4 35 27.5915 -18.4 35.653 27.347 -18.4 36 27.2945 -18.4 36.7323 27 -18.4 37 26.9439 -18.4 37.1115 26.8885 -18.4 38 26.6384 -18.4 38.6454 26.3546 -18.4 39.9901 26 -18.4 40 25.9984 -18.4 40.0125 25.9875 -18.4 41 25.2903 -18.4 41.2524 25 -18.4 41.4866 24.5134 -18.4 41.8101 24 -18.4 42 23.4834 -18.4 42.2407 23 -18.4 42.3826 22.6174 -18.4 42.6951 22 -18.4 43 21.1607 -18.4 43.0797 21 -18.4 43.121 20.879 -18.4 43.5314 20 -18.4 43.5972 19.4028 -18.4 43.6667 19 -18.4 43.67 18.33 -18.4 43.6907 18 -18.4 43.6657 17.3343 -18.4 43.6415 17 -18.4 43.6431 16.3569 -18.4 43.6166 16 -18.4 44 15.5654 -18.4 44.5342 15 -18.4 45 14.4302 -18.4 45.3176 14 -18.4 45.3966 13.6034 -18.4 45.6595 13 -18.4 45.6145 12.3855 -18.4 45.4014 12 -18.4 45.3046 11.6954 -18.4 45 11.3908 -18.4 44.8937 11.1063 -18.4 44.7705 11 -18.4 45 10.9701 -18.4 46 10.8936 -18.4 50.8 10.7328 -18.4 50.8 50.8 -18.4 1.12668e-015 50.8 -18.4 
