45
0
0
0
0
2
18
-18.3472 -3.20897 -48.0443 -18.1579 -3.38195 -48.0443 -18.2971 -3.00719 -48.0443 -18.2971 -2.98452 -48.0443 -18.4157 -2.56581 -48.0443 -18.4238 -2.53147 -48.0443 -18.655 -1.84606 -48.0443 -19.838 -1.56006 -48.0443 -19.8379 -2.68251 -48.0443 -19.2844 -2.63849 -48.0443 -19.5402 -2.36539 -48.0443 -19.0637 -2.02884 -48.0443 -18.99 -2.03033 -48.0443 -18.8538 -2.58479 -48.0443 -18.8448 -2.60347 -48.0443 -18.4703 -2.57368 -48.0443 -18.811 -2.67358 -48.0443 -18.7801 -2.73749 -48.0443 
13
-19.6817 -0.45256 -48.0443 -19.5438 -0.464356 -48.0443 -19.5417 -0.465846 -48.0443 -18.9899 -0.856029 -48.0443 -18.8218 -0.15578 -48.0443 -18.8221 0.151605 -48.0443 -18.8074 0.155991 -48.0443 -18.8048 -0.537786 -48.0443 -18.7747 -0.897721 -48.0443 -19.838 -1.26836 -48.0443 -19.8379 -0.145917 -48.0443 -19.3335 0.00192197 -48.0443 -19.3319 -0.000147929 -48.0443 
1
18
-17.5067 -2.26859 -47.1443 -17.3226 -2.94479 -47.1443 -17.3226 -2.70235 -47.1443 -17.4399 -1.62327 -47.1443 -17.4399 -1.20515 -47.1443 -17.4722 -0.231868 -47.1443 -17.4722 0.231869 -47.1443 -17.4397 1.20533 -47.1443 -17.4397 1.6231 -47.1443 -17.3224 2.70247 -47.1443 -17.3224 2.9499 -47.1443 -17.5078 2.26916 -47.1443 -17.6029 1.73981 -47.1443 -17.6967 1.04386 -47.1443 -17.7408 0.283415 -47.1443 -17.7405 -0.28398 -47.1443 -17.6955 -1.04335 -47.1443 -17.601 -1.74141 -47.1443 
0
0
0
0
0
0
1
17
21.0277 -13.2123 -40.8443 21.1745 -13.0222 -40.8443 21.3683 -12.6997 -40.8443 21.4205 -12.6498 -40.8443 21.4747 -12.5817 -40.8443 22.1568 -11.8116 -40.8443 22.7271 -11.0045 -40.8443 22.8236 -10.9243 -40.8443 23.0621 -10.7354 -40.8443 22.6354 -10.9458 -40.8443 22.4596 -11.2363 -40.8443 22.1761 -11.5971 -40.8443 21.7383 -12.1299 -40.8443 21.3065 -12.6213 -40.8443 21.2687 -12.7279 -40.8443 21.2418 -12.7887 -40.8443 21.0453 -13.1833 -40.8443 
2
63
15.9416 -17.2856 -39.9443 15.9079 -17.3047 -39.9443 15.9163 -17.2993 -39.9443 16.0561 -17.0497 -39.9443 16.0928 -16.9968 -39.9443 16.1295 -16.9706 -39.9443 17.2245 -16.3828 -39.9443 17.2298 -16.3781 -39.9443 17.2305 -16.3776 -39.9443 17.2361 -16.3727 -39.9443 17.3168 -16.3057 -39.9443 17.332 -16.2923 -39.9443 18.112 -15.5961 -39.9443 18.3442 -15.3523 -39.9443 18.7311 -15.0081 -39.9443 18.7922 -14.9277 -39.9443 18.8408 -14.8492 -39.9443 18.8918 -14.7333 -39.9443 19.4003 -14.1421 -39.9443 19.6485 -14.006 -39.9443 19.8396 -13.9894 -39.9443 20.1071 -13.7367 -39.9443 20.1453 -13.7032 -39.9443 20.4989 -13.0413 -39.9443 20.6789 -12.7279 -39.9443 21.5254 -12.4174 -39.9443 21.5595 -12.4026 -39.9443 21.5807 -12.392 -39.9443 22.3918 -11.076 -39.9443 22.8396 -10.4538 -39.9443 23.3957 -10.1596 -39.9443 23.5674 -10.0625 -39.9443 23.186 -11.0034 -39.9443 22.4866 -11.6422 -39.9443 22.1413 -11.9357 -39.9443 21.8271 -12.1841 -39.9443 21.7677 -12.2588 -39.9443 21.678 -12.3445 -39.9443 21.0665 -13.1218 -39.9443 20.4684 -13.4867 -39.9443 20.3298 -13.6778 -39.9443 20.1697 -13.8465 -39.9443 19.6309 -14.2676 -39.9443 19.272 -14.5705 -39.9443 19.1095 -14.6954 -39.9443 18.9292 -14.9018 -39.9443 18.8796 -14.947 -39.9443 18.4646 -15.3585 -39.9443 18.1654 -15.6264 -39.9443 17.8662 -15.8548 -39.9443 17.7507 -15.9586 -39.9443 17.5891 -16.0981 -39.9443 17.5301 -16.1567 -39.9443 17.529 -16.1578 -39.9443 17.4528 -16.2336 -39.9443 17.3582 -16.3058 -39.9443 17.3371 -16.3214 -39.9443 17.2128 -16.4134 -39.9443 17.2125 -16.4136 -39.9443 16.6753 -16.8108 -39.9443 16.4159 -16.9852 -39.9443 16.4138 -16.9863 -39.9443 16.3919 -17.0011 -39.9443 
51
22.3918 11.076 -39.9443 22.4309 11.0218 -39.9443 22.4518 11.0336 -39.9443 22.9348 11.2348 -39.9443 22.6335 11.512 -39.9443 22.1419 11.935 -39.9443 21.8272 12.1836 -39.9443 21.7897 12.2365 -39.9443 21.7675 12.2584 -39.9443 21.3814 12.8985 -39.9443 21.0546 13.1131 -39.9443 20.4683 13.4575 -39.9443 20.1508 13.8329 -39.9443 19.8976 14.0927 -39.9443 19.1095 14.6993 -39.9443 19.0902 14.7164 -39.9443 18.8803 14.9467 -39.9443 18.4636 15.3575 -39.9443 17.9177 15.8446 -39.9443 17.7507 15.9583 -39.9443 17.5893 16.0981 -39.9443 17.3585 16.3055 -39.9443 16.6761 16.8111 -39.9443 16.393 17.0008 -39.9443 16.3919 17.0014 -39.9443 15.9526 17.2775 -39.9443 15.9026 17.2689 -39.9443 16.092 16.9963 -39.9443 16.0944 16.9936 -39.9443 16.1281 16.9706 -39.9443 17.226 16.3839 -39.9443 17.3077 16.316 -39.9443 17.3169 16.3081 -39.9443 18.1088 15.5939 -39.9443 18.1448 15.5563 -39.9443 18.206 15.4876 -39.9443 18.3241 15.3665 -39.9443 18.7311 15.0042 -39.9443 18.7601 14.9565 -39.9443 18.8389 14.8492 -39.9443 18.8898 14.7319 -39.9443 19.4007 14.1421 -39.9443 19.8394 13.9892 -39.9443 20.1453 13.7023 -39.9443 20.3214 13.4078 -39.9443 20.4988 13.0412 -39.9443 20.5452 12.9495 -39.9443 20.8805 12.8237 -39.9443 21.1071 12.5273 -39.9443 21.5595 12.4024 -39.9443 21.5805 12.3919 -39.9443 
0
0
1
29
-15.1549 -2.40673 -37.2443 -15.0816 -2.28159 -37.2443 -14.7339 -1.77512 -37.2443 -14.3212 -1.00857 -37.2443 -14.1777 -0.754174 -37.2443 -14.11 -0.612167 -37.2443 -13.8601 -0.000639991 -37.2443 -14.1121 0.613643 -37.2443 -14.1416 0.678064 -37.2443 -14.4329 1.27206 -37.2443 -14.7338 1.7752 -37.2443 -15.0816 2.28084 -37.2443 -15.3397 2.72115 -37.2443 -15.3194 2.67172 -37.2443 -15.2401 2.4594 -37.2443 -15.0849 2.12098 -37.2443 -15.0214 2.00003 -37.2443 -14.8431 1.5596 -37.2443 -14.6479 1.10044 -37.2443 -14.6479 1.10027 -37.2443 -14.5921 0.973081 -37.2443 -14.5834 0.951009 -37.2443 -14.507 0.353532 -37.2443 -14.506 -0.353157 -37.2443 -14.5809 -0.952976 -37.2443 -14.8431 -1.56278 -37.2443 -14.968 -1.87259 -37.2443 -15.0662 -2.10801 -37.2443 -15.0895 -2.19513 -37.2443 
2
19
-14.5638 -1.46707 -36.3443 -14.432 -1.16333 -36.3443 -14.2778 -0.828189 -36.3443 -14.2632 -0.797801 -36.3443 -14.2301 -0.718908 -36.3443 -14.177 -0.602204 -36.3443 -14.1776 0.601571 -36.3443 -14.2505 0.759151 -36.3443 -14.2791 0.828801 -36.3443 -14.3843 1.05847 -36.3443 -14.5637 1.4679 -36.3443 -14.4398 1.34671 -36.3443 -14.03 0.759759 -36.3443 -13.7088 0.449339 -36.3443 -13.5245 0.208376 -36.3443 -13.3223 -0.00702353 -36.3443 -13.7079 -0.449906 -36.3443 -14.285 -1.17373 -36.3443 -14.44 -1.34654 -36.3443 
11
18.0859 2.93808 -36.3443 18.2271 2.93825 -36.3443 18.4179 2.95496 -36.3443 18.4179 3.70367 -36.3443 18.423 3.83443 -36.3443 17.8377 4.24951 -36.3443 17.8378 5.52812 -36.3443 17.8453 5.67664 -36.3443 17.8181 5.69593 -36.3443 17.845 2.98847 -36.3443 17.9544 2.94017 -36.3443 
1
31
-14.1327 -1.17133 -35.4443 -14.1272 -1.15811 -35.4443 -13.9255 -0.714622 -35.4443 -13.7739 -0.402497 -35.4443 -13.7406 -0.274362 -35.4443 -13.7388 0.275415 -35.4443 -13.7444 0.30257 -35.4443 -13.7722 0.405084 -35.4443 -13.9254 0.718496 -35.4443 -14.1987 1.30897 -35.4443 -14.6298 1.86548 -35.4443 -14.7421 2.03596 -35.4443 -14.0532 1.3625 -35.4443 -13.8658 1.11617 -35.4443 -13.8574 1.09498 -35.4443 -13.5871 0.943986 -35.4443 -13.3704 0.735085 -35.4443 -13.1012 0.507189 -35.4443 -13.1015 0.242378 -35.4443 -13.0732 3.01184e-007 -35.4443 -13.1015 -0.242377 -35.4443 -13.1013 -0.519519 -35.4443 -13.3973 -0.791498 -35.4443 -13.5383 -0.917119 -35.4443 -13.8573 -1.09527 -35.4443 -13.8656 -1.11625 -35.4443 -14.0532 -1.36317 -35.4443 -14.7756 -2.06491 -35.4443 -14.3802 -1.53694 -35.4443 -14.3258 -1.47213 -35.4443 -14.1991 -1.30905 -35.4443 
0
0
0
0
2
10
15.1103 -8.5239 -30.9443 15.109 -8.539 -30.9443 15.1048 -8.85787 -30.9443 15.1712 -5.56384 -30.9443 15.1632 -5.43537 -30.9443 15.1333 -5.38646 -30.9443 15.1323 -5.711 -30.9443 15.1315 -5.725 -30.9443 15.1232 -7.11878 -30.9443 15.1222 -7.13356 -30.9443 
12
15.1323 5.60269 -30.9443 15.1328 5.59117 -30.9443 15.1338 5.38719 -30.9443 15.1631 5.43508 -30.9443 15.1712 5.56357 -30.9443 15.171 5.56686 -30.9443 15.171 5.5722 -30.9443 15.1065 8.79777 -30.9443 15.1103 8.44666 -30.9443 15.1112 8.43545 -30.9443 15.1232 7.02334 -30.9443 15.1238 7.01165 -30.9443 
0
0
1
27
10.8782 -12.4753 -28.2443 10.854 -12.471 -28.2443 10.7432 -12.4959 -28.2443 10.1912 -12.3533 -28.2443 10.1607 -12.3414 -28.2443 10.1272 -12.3329 -28.2443 9.44411 -12.2057 -28.2443 8.76837 -12.2681 -28.2443 8.75653 -12.2754 -28.2443 8.81616 -12.0636 -28.2443 8.8516 -12.0208 -28.2443 8.86752 -11.9417 -28.2443 9.05811 -11.3137 -28.2443 9.2627 -11.2719 -28.2443 9.46423 -11.1076 -28.2443 9.8595 -11.0134 -28.2443 10.7421 -10.6093 -28.2443 10.7533 -10.6049 -28.2443 10.762 -10.6022 -28.2443 11.2737 -10.5853 -28.2443 12.2037 -10.308 -28.2443 12.1553 -10.7767 -28.2443 12.1384 -10.8706 -28.2443 11.9944 -11.55 -28.2443 11.8837 -11.9436 -28.2443 11.7379 -12.1997 -28.2443 11.4859 -12.5629 -28.2443 
2
28
8.66637 -11.3283 -27.3443 8.66658 -11.3283 -27.3443 8.69657 -11.3289 -27.3443 8.96542 -11.3107 -27.3443 9.02301 -11.3022 -27.3443 9.22714 -11.3138 -27.3443 9.72921 -11.4555 -27.3443 10.2104 -11.6173 -27.3443 10.4022 -11.6654 -27.3443 10.519 -11.7111 -27.3443 10.5422 -11.7174 -27.3443 10.586 -11.7148 -27.3443 10.6813 -11.55 -27.3443 11.0201 -10.8706 -27.3443 11.0801 -10.7389 -27.3443 11.1784 -10.1912 -27.3443 11.2181 -9.94581 -27.3443 10.9142 -10.0823 -27.3443 10.3737 -10.3525 -27.3443 9.71725 -10.5631 -27.3443 9.58183 -10.5543 -27.3443 9.30009 -10.8581 -27.3443 8.95946 -11.1444 -27.3443 8.93118 -11.1675 -27.3443 8.83463 -11.1872 -27.3443 8.20768 -10.9969 -27.3443 8.09165 -11.3137 -27.3443 8.08907 -11.3211 -27.3443 
23
8.08873 11.3209 -27.3443 8.09129 11.3137 -27.3443 8.20827 10.9973 -27.3443 8.83477 11.1871 -27.3443 8.95954 11.1443 -27.3443 10.0959 10.9179 -27.3443 10.2235 10.8579 -27.3443 10.2727 10.8826 -27.3443 10.3737 10.958 -27.3443 10.5775 10.9063 -27.3443 11.0955 10.6585 -27.3443 11.0811 10.7394 -27.3443 11.0214 10.8703 -27.3443 10.6831 11.5497 -27.3443 10.5949 11.7026 -27.3443 10.586 11.7161 -27.3443 10.5446 11.7187 -27.3443 10.4788 11.6931 -27.3443 10.4013 11.6666 -27.3443 10.2083 11.6185 -27.3443 9.22712 11.3145 -27.3443 9.0226 11.3025 -27.3443 8.69682 11.3284 -27.3443 
1
22
8.0781 -9.97934 -26.4443 7.71525 -9.94156 -26.4443 7.68849 -9.89135 -26.4443 7.6883 -9.89101 -26.4443 7.60491 -9.73421 -26.4443 7.60292 -9.72684 -26.4443 7.60663 -9.72059 -26.4443 7.61207 -9.72297 -26.4443 7.72977 -9.77644 -26.4443 8.05951 -9.89776 -26.4443 8.19249 -9.75074 -26.4443 8.65886 -9.26534 -26.4443 9.47372 -9.32891 -26.4443 10.2522 -9.10369 -26.4443 10.1997 -9.47994 -26.4443 10.1854 -9.51179 -26.4443 10.1607 -9.57119 -26.4443 9.74391 -10.5165 -26.4443 9.68595 -10.5535 -26.4443 9.07381 -10.3397 -26.4443 8.71807 -10.2004 -26.4443 8.32713 -9.99992 -26.4443 
0
0
0
0
0
1
14
-3.22486 -5.78452 -21.0443 -2.99738 -5.9064 -21.0443 -2.84452 -6.01465 -21.0443 -2.13949 -6.37556 -21.0443 -2.08695 -6.39411 -21.0443 -1.73522 -6.58253 -21.0443 -0.236055 -7.16406 -21.0443 -0.233761 -7.16501 -21.0443 -0.241416 -7.15693 -21.0443 -1.00281 -6.48297 -21.0443 -1.10456 -6.40843 -21.0443 -3.64505 -5.0357 -21.0443 -3.5866 -5.27338 -21.0443 -3.54336 -5.65685 -21.0443 
0
0
0
0
0
0
0
0
0
1
13
-4.02887 -5.66775 -12.0443 -3.9289 -5.6129 -12.0443 -3.9908 -5.43538 -12.0443 -4.0293 -5.41114 -12.0443 -4.0855 -5.36859 -12.0443 -4.71406 -4.53938 -12.0443 -4.77118 -4.49463 -12.0443 -4.96234 -4.38152 -12.0443 -6.07285 -3.83003 -12.0443 -6.50737 -3.78967 -12.0443 -6.52423 -3.874 -12.0443 -6.52442 -3.87464 -12.0443 -6.52941 -3.89961 -12.0443 
