160
0 1 0 1 1 2 1 2 2 3 2 3 3 4 3 4 4 5 4 5 5 6 5 6 6 7 6 7 7 8 7 8 8 11 8 11 9 12 9 12 10 13 10 13 12 14 12 14 13 15 13 15 14 16 14 16 15 17 15 17 16 18 16 18 17 19 17 19 18 20 18 20 19 21 19 21 20 22 20 22 21 23 21 23 22 24 22 24 23 25 23 25 24 26 24 26 25 27 25 27 26 28 26 28 27 29 27 29 28 30 28 30 29 31 29 31 30 32 30 32 31 33 31 33 33 34 33 34 35 36 35 36 36 37 36 37 37 38 37 38 38 39 38 39 39 40 39 40 40 41 40 41 41 42 41 42 42 43 42 43 
45
0 
0 
0 
0 
0 
0 
1 0 
1 1 
1 2 
1 3 
1 4 
1 5 
1 6 
1 7 
3 8 9 10 
3 11 12 13 
2 14 15 
2 16 17 
2 18 19 
2 20 21 
2 22 23 
2 24 25 
2 26 27 
2 28 29 
2 30 31 
2 32 33 
1 34 
0 
0 
0 
0 
0 
0 
0 
0 
1 35 
1 36 
1 37 
1 38 
1 39 
1 40 
1 41 
1 42 
1 43 
0 
44
6 0 0 -46.2443
1 1 
1
65
-15.5873 -5.85674 -46.2443 -15.3547 -6.25787 -46.2443 -15.3268 -6.32843 -46.2443 -15.3268 -6.30561 -46.2443 -15.2978 -6.18093 -46.2443 -15.3438 -5.79704 -46.2443 -15.5607 -5.17349 -46.2443 -15.7088 -5.00591 -46.2443 -15.8606 -4.69903 -46.2443 -15.9811 -4.43963 -46.2443 -15.9963 -4.41791 -46.2443 -16.1141 -4.15064 -46.2443 -16.4206 -2.95306 -46.2443 -16.4206 -2.7038 -46.2443 -16.5385 -1.62222 -46.2443 -16.5385 -1.2062 -46.2443 -15.9811 -0.555676 -46.2443 -15.7916 -0.320111 -46.2443 -15.7916 0.320112 -46.2443 -15.8627 0.388276 -46.2443 -15.9811 0.55568 -46.2443 -16.4663 1.12204 -46.2443 -16.4664 1.1222 -46.2443 -16.5384 1.20622 -46.2443 -16.5384 1.62221 -46.2443 -16.4955 2.01518 -46.2443 -16.4956 2.01524 -46.2443 -16.4205 2.70383 -46.2443 -16.4205 2.95303 -46.2443 -16.1141 4.15062 -46.2443 -15.9963 4.41796 -46.2443 -15.9811 4.4397 -46.2443 -15.7086 5.00563 -46.2443 -15.5607 5.17343 -46.2443 -15.3437 5.79685 -46.2443 -15.3508 6.11367 -46.2443 -15.3287 6.28614 -46.2443 -15.3546 6.23083 -46.2443 -15.6661 5.67963 -46.2443 -15.9177 5.01259 -46.2443 -15.9293 4.97823 -46.2443 -16.0656 4.60335 -46.2443 -16.2831 3.82876 -46.2443 -16.3899 3.47383 -46.2443 -16.433 3.28939 -46.2443 -16.4469 3.21548 -46.2443 -16.6379 2.29036 -46.2443 -16.7122 1.73422 -46.2443 -16.7123 1.73311 -46.2443 -16.7135 1.72047 -46.2443 -16.7989 1.04544 -46.2443 -16.8394 0.284425 -46.2443 -16.839 -0.28502 -46.2443 -16.7936 -1.04191 -46.2443 -16.7135 -1.66564 -46.2443 -16.7065 -1.73757 -46.2443 -16.6416 -2.2263 -46.2443 -16.6346 -2.28839 -46.2443 -16.4422 -3.2833 -46.2443 -16.4331 -3.32246 -46.2443 -16.3997 -3.4811 -46.2443 -16.1978 -4.18132 -46.2443 -16.0513 -4.63637 -46.2443 -15.9213 -5.01039 -46.2443 -15.6683 -5.68145 -46.2443 
7 1 0 -45.3443
2 0 2 
1
69
-15.3596 -6.12389 -45.3443 -15.3534 -6.13435 -45.3443 -15.2438 -6.3691 -45.3443 -15.0435 -5.86951 -45.3443 -15.08 -5.46998 -45.3443 -15.0802 -5.29182 -45.3443 -15.0929 -5.10503 -45.3443 -15.5929 -4.54433 -45.3443 -15.639 -4.45101 -45.3443 -15.639 -4.03427 -45.3443 -15.6339 -4.01616 -45.3443 -15.6901 -3.2961 -45.3443 -15.7309 -3.10181 -45.3443 -15.7309 -2.55504 -45.3443 -15.7509 -2.3403 -45.3443 -15.7811 -1.72307 -45.3443 -15.7811 -1.10535 -45.3443 -15.4669 -0.758199 -45.3443 -14.9707 -0.264182 -45.3443 -14.6655 3.26926e-005 -45.3443 -14.9706 0.264227 -45.3443 -15.4668 0.757435 -45.3443 -15.6808 0.96249 -45.3443 -15.7816 1.10503 -45.3443 -15.7816 1.72339 -45.3443 -15.76 1.94966 -45.3443 -15.7288 2.55648 -45.3443 -15.7288 3.10038 -45.3443 -15.6883 3.29304 -45.3443 -15.6926 3.34877 -45.3443 -15.6379 4.03496 -45.3443 -15.6379 4.45032 -45.3443 -15.6231 4.47855 -45.3443 -15.592 4.54301 -45.3443 -15.0925 5.10447 -45.3443 -15.0799 5.46994 -45.3443 -15.0431 5.8698 -45.3443 -15.2015 6.20914 -45.3443 -15.262 6.37235 -45.3443 -15.3553 6.13269 -45.3443 -15.3685 6.10557 -45.3443 -15.3811 6.06072 -45.3443 -15.7242 4.99827 -45.3443 -15.7886 4.61123 -45.3443 -15.8206 4.4449 -45.3443 -15.9639 3.80903 -45.3443 -16.1338 2.86463 -45.3443 -16.1709 2.59657 -45.3443 -16.2547 1.5666 -45.3443 -16.2724 1.40779 -45.3443 -16.2805 1.31523 -45.3443 -16.3374 0.0313369 -45.3443 -16.3338 0.00554386 -45.3443 -16.3338 -0.00584456 -45.3443 -16.3331 -0.0204325 -45.3443 -16.3354 -0.0762041 -45.3443 -16.2794 -1.3148 -45.3443 -16.2711 -1.40903 -45.3443 -16.2703 -1.41498 -45.3443 -16.2546 -1.55366 -45.3443 -16.1678 -2.5947 -45.3443 -16.1312 -2.86676 -45.3443 -16.0818 -3.18298 -45.3443 -15.9729 -3.81567 -45.3443 -15.8305 -4.41478 -45.3443 -15.8244 -4.44242 -45.3443 -15.7205 -4.99603 -45.3443 -15.3811 -6.05527 -45.3443 -15.3671 -6.1049 -45.3443 
8 2 0 -44.4443
2 1 3 
1
46
-15.4569 -5.92761 -44.4443 -15.4175 -5.65685 -44.4443 -15.4339 -4.94975 -44.4443 -15.4347 -4.94297 -44.4443 -14.9827 -3.89217 -44.4443 -14.9827 -3.86193 -44.4443 -14.9845 -3.84275 -44.4443 -15.0259 -3.23968 -44.4443 -15.0259 -2.41717 -44.4443 -14.9527 -2.3438 -44.4443 -14.1494 -1.62276 -44.4443 -13.5385 -1.12059 -44.4443 -13.2283 -0.554383 -44.4443 -13.2283 0.554384 -44.4443 -13.5385 1.12034 -44.4443 -14.1493 1.62278 -44.4443 -14.9526 2.34369 -44.4443 -15.0258 2.41722 -44.4443 -15.0258 3.23964 -44.4443 -15.0219 3.28236 -44.4443 -14.9814 3.86284 -44.4443 -14.9814 3.89184 -44.4443 -15.4328 4.94165 -44.4443 -15.4319 4.94975 -44.4443 -15.4176 5.65685 -44.4443 -15.4613 5.95625 -44.4443 -15.5508 5.55145 -44.4443 -15.5528 5.51351 -44.4443 -15.5848 5.37821 -44.4443 -15.592 5.32896 -44.4443 -15.7749 4.31173 -44.4443 -16.0178 3.12471 -44.4443 -16.1328 2.28876 -44.4443 -16.1402 2.22365 -44.4443 -16.1707 1.87405 -44.4443 -16.2391 0.795013 -44.4443 -16.2465 0.568785 -44.4443 -16.2466 -0.569198 -44.4443 -16.24 -0.78205 -44.4443 -16.1699 -1.87371 -44.4443 -16.1382 -2.22541 -44.4443 -16.0085 -3.11841 -44.4443 -15.9415 -3.47959 -44.4443 -15.7674 -4.30676 -44.4443 -15.5976 -5.27541 -44.4443 -15.5752 -5.34113 -44.4443 
9 3 0 -43.5443
2 2 4 
1
39
-15.5554 -4.95267 -43.5443 -15.3171 -4.40328 -43.5443 -15.1315 -3.95076 -43.5443 -14.8434 -3.32404 -43.5443 -14.3125 -2.28518 -43.5443 -14.0357 -1.76172 -43.5443 -14.0328 -1.41421 -43.5443 -14.0421 -1.06217 -43.5443 -14.0402 -0.707106 -43.5443 -14.0446 -0.35378 -43.5443 -13.8501 6.12701e-005 -43.5443 -14.0443 0.353581 -43.5443 -14.0398 0.707107 -43.5443 -14.0418 1.06244 -43.5443 -14.0324 1.41421 -43.5443 -14.0351 1.76127 -43.5443 -14.3123 2.28536 -43.5443 -14.8436 3.32389 -43.5443 -15.1316 3.9509 -43.5443 -15.2187 4.15727 -43.5443 -15.3167 4.40351 -43.5443 -15.5076 4.80112 -43.5443 -15.5078 4.80166 -43.5443 -15.5711 4.95497 -43.5443 -15.591 4.81815 -43.5443 -15.8684 3.65546 -43.5443 -15.9301 3.122 -43.5443 -15.9353 3.09099 -43.5443 -16.0296 2.41067 -43.5443 -16.1071 1.61068 -43.5443 -16.1386 1.12889 -43.5443 -16.167 0.209492 -43.5443 -16.167 -0.209843 -43.5443 -16.137 -1.12804 -43.5443 -16.1051 -1.61243 -43.5443 -16.0277 -2.40963 -43.5443 -15.9265 -3.09745 -43.5443 -15.8555 -3.64662 -43.5443 -15.6157 -4.67603 -43.5443 
10 4 0 -42.6443
2 3 5 
1
41
-15.3385 -4.16473 -42.6443 -15.185 -3.86034 -42.6443 -14.7602 -2.91042 -42.6443 -14.7567 -2.82843 -42.6443 -14.7668 -2.74181 -42.6443 -14.7601 -2.12132 -42.6443 -14.7906 -1.51766 -42.6443 -14.7149 -1.36429 -42.6443 -14.1699 -0.335474 -42.6443 -13.9854 0.00026081 -42.6443 -14.1695 0.335663 -42.6443 -14.7145 1.36458 -42.6443 -14.7898 1.51714 -42.6443 -14.7596 2.12132 -42.6443 -14.7669 2.7417 -42.6443 -14.7568 2.82843 -42.6443 -14.7604 2.91052 -42.6443 -14.9535 3.33321 -42.6443 -15.185 3.86034 -42.6443 -15.2459 3.97743 -42.6443 -15.3385 4.16467 -42.6443 -15.6163 4.69012 -42.6443 -15.6894 4.23845 -42.6443 -15.7086 3.97364 -42.6443 -15.7114 3.95981 -42.6443 -15.754 3.72787 -42.6443 -15.8532 2.92229 -42.6443 -15.8869 2.59587 -42.6443 -15.9015 2.47849 -42.6443 -15.9843 1.65619 -42.6443 -16.0241 1.03299 -42.6443 -16.0467 0.341493 -42.6443 -16.0461 -0.341359 -42.6443 -16.0219 -1.03482 -42.6443 -15.983 -1.65555 -42.6443 -15.8998 -2.47995 -42.6443 -15.7366 -3.69848 -42.6443 -15.7253 -3.75758 -42.6443 -15.6878 -3.98863 -42.6443 -15.6786 -4.15795 -42.6443 -15.6069 -4.6726 -42.6443 
11 5 0 -41.7443
2 4 6 
1
37
-15.6006 -3.50796 -41.7443 -15.5732 -4.28934 -41.7443 -15.44 -4.02746 -41.7443 -15.3168 -3.53553 -41.7443 -15.3272 -3.12337 -41.7443 -15.3146 -2.82843 -41.7443 -15.3472 -2.54762 -41.7443 -15.0779 -1.88539 -41.7443 -14.5595 -0.837796 -41.7443 -14.115 -6.02347e-005 -41.7443 -14.5594 0.837833 -41.7443 -15.0779 1.8854 -41.7443 -15.3467 2.5473 -41.7443 -15.314 2.82843 -41.7443 -15.3267 3.12369 -41.7443 -15.3167 3.53553 -41.7443 -15.4401 4.02754 -41.7443 -15.5309 4.20217 -41.7443 -15.5947 4.33105 -41.7443 -15.5959 4.31444 -41.7443 -15.6408 3.41344 -41.7443 -15.6404 3.40823 -41.7443 -15.6424 3.38414 -41.7443 -15.6596 3.30302 -41.7443 -15.783 2.155 -41.7443 -15.7835 2.15061 -41.7443 -15.8056 1.90991 -41.7443 -15.8742 0.855899 -41.7443 -15.8847 0.495093 -41.7443 -15.8851 -0.495187 -41.7443 -15.8745 -0.856413 -41.7443 -15.8067 -1.90939 -41.7443 -15.7845 -2.15162 -41.7443 -15.6341 -3.25995 -41.7443 -15.631 -3.27538 -41.7443 -15.6108 -3.38759 -41.7443 -15.6063 -3.40995 -41.7443 
12 6 0 -40.8443
2 5 7 
1
23
-15.6225 -1.61767 -40.8443 -15.5032 -2.58851 -40.8443 -15.5031 -2.58899 -40.8443 -15.4833 -2.73457 -40.8443 -14.9203 -1.36049 -40.8443 -14.4041 -0.311298 -40.8443 -14.31 -0.133498 -40.8443 -14.1564 -0.00172541 -40.8443 -14.31 0.132967 -40.8443 -14.4043 0.311106 -40.8443 -14.9203 1.36048 -40.8443 -15.5159 2.81389 -40.8443 -15.5162 2.81236 -40.8443 -15.5179 2.80422 -40.8443 -15.518 2.8039 -40.8443 -15.519 2.79945 -40.8443 -15.5389 2.61404 -40.8443 -15.6463 1.38614 -40.8443 -15.6498 1.33368 -40.8443 -15.6918 0.00453705 -40.8443 -15.6918 -0.00482839 -40.8443 -15.6476 -1.33239 -40.8443 -15.6439 -1.38814 -40.8443 
13 7 0 -39.9443
2 6 8 
1
24
-15.4171 -1.0034 -39.9443 -15.3405 -1.7516 -39.9443 -15.2911 -2.13604 -39.9443 -15.21 -1.93865 -39.9443 -15.2075 -1.93519 -39.9443 -15.2047 -1.93186 -39.9443 -14.4987 -1.02224 -39.9443 -13.7958 -0.362064 -39.9443 -13.696 -0.175582 -39.9443 -13.5975 0.000353038 -39.9443 -13.696 0.175616 -39.9443 -13.7958 0.362165 -39.9443 -14.2394 0.762052 -39.9443 -14.4986 1.0223 -39.9443 -14.7556 1.29492 -39.9443 -15.21 1.93128 -39.9443 -15.3409 2.25209 -39.9443 -15.3437 2.23667 -39.9443 -15.3838 1.7819 -39.9443 -15.4179 1.00453 -39.9443 -15.424 0.906892 -39.9443 -15.4389 0.462091 -39.9443 -15.439 -0.462468 -39.9443 -15.4231 -0.907846 -39.9443 
14 8 0 -39.0443
2 7 11 
1
31
-15.112 -1.85026 -39.0443 -15.2 -2.13948 -39.0443 -15.2342 -2.31288 -39.0443 -15.2883 -2.65371 -39.0443 -14.6958 -1.95702 -39.0443 -14.5749 -1.7461 -39.0443 -14.0807 -0.732885 -39.0443 -14.0631 -0.693796 -39.0443 -13.7091 4.74124e-005 -39.0443 -14.063 0.693858 -39.0443 -14.0806 0.732777 -39.0443 -14.2979 1.1878 -39.0443 -14.5749 1.7461 -39.0443 -14.6188 1.82608 -39.0443 -14.6958 1.95703 -39.0443 -15.1113 2.36557 -39.0443 -15.2894 2.6551 -39.0443 -15.3168 2.68456 -39.0443 -15.2941 2.43606 -39.0443 -15.2887 2.35108 -39.0443 -15.1624 1.81432 -39.0443 -15.1535 1.71951 -39.0443 -15.1504 1.64316 -39.0443 -15.1816 0.91659 -39.0443 -15.1818 0.911577 -39.0443 -15.1546 0.460995 -39.0443 -15.1545 -0.461411 -39.0443 -15.1544 -0.466712 -39.0443 -15.1747 -0.911982 -39.0443 -15.1107 -1.57569 -39.0443 -15.1186 -1.70892 -39.0443 
14 9 0 -39.0443
1 12 
1
59
15.1584 -16.0119 -39.0443 15.6572 -16.2635 -39.0443 15.537 -16.5596 -39.0443 15.3472 -16.9706 -39.0443 15.2078 -17.1489 -39.0443 15.1358 -17.2379 -39.0443 15.4919 -17.028 -39.0443 15.7402 -16.872 -39.0443 16.7208 -16.2066 -39.0443 16.8507 -16.1089 -39.0443 17.4656 -15.6264 -39.0443 17.6383 -15.4965 -39.0443 18.2096 -15.0092 -39.0443 19.4612 -14.0679 -39.0443 19.5683 -13.9936 -39.0443 20.5525 -13.4808 -39.0443 20.9271 -13.2654 -39.0443 21.0806 -13.13 -39.0443 21.3524 -12.9088 -39.0443 21.4641 -12.7666 -39.0443 21.6977 -12.2639 -39.0443 22.2859 -12.1038 -39.0443 22.3458 -12.0312 -39.0443 22.918 -10.6641 -39.0443 22.9887 -9.97259 -39.0443 22.0737 -11.5003 -39.0443 21.7808 -11.8972 -39.0443 21.4613 -12.0208 -39.0443 20.7308 -12.437 -39.0443 20.6596 -12.4746 -39.0443 20.6223 -12.4922 -39.0443 20.2755 -12.933 -39.0443 19.893 -13.3907 -39.0443 19.7718 -13.435 -39.0443 19.646 -13.5108 -39.0443 19.2454 -13.7227 -39.0443 18.759 -14.003 -39.0443 18.6128 -14.0643 -39.0443 18.4581 -14.1421 -39.0443 18.2959 -14.6087 -39.0443 18.1902 -14.8492 -39.0443 18.1187 -14.9645 -39.0443 17.8311 -15.087 -39.0443 17.0072 -15.547 -39.0443 16.9832 -15.5563 -39.0443 16.971 -15.5671 -39.0443 16.8979 -15.5972 -39.0443 16.8979 -15.5154 -39.0443 16.4168 -14.859 -39.0443 16.0192 -14.8043 -39.0443 15.9444 -14.8344 -39.0443 15.9382 -14.8368 -39.0443 15.0027 -15.1329 -39.0443 14.5743 -15.2866 -39.0443 14.5475 -15.5563 -39.0443 14.5437 -15.5843 -39.0443 14.6406 -15.6308 -39.0443 14.7408 -15.7083 -39.0443 15.0027 -15.9264 -39.0443 
14 10 0 -39.0443
1 13 
1
64
22.9643 10.0138 -39.0443 22.9858 10.0067 -39.0443 22.9182 10.6637 -39.0443 22.3455 12.0307 -39.0443 22.2929 12.0961 -39.0443 22.2859 12.1012 -39.0443 21.4398 12.7491 -39.0443 21.3949 12.8099 -39.0443 21.1309 13.0826 -39.0443 21.0693 13.1589 -39.0443 20.9271 13.2878 -39.0443 20.5685 13.4918 -39.0443 20.4477 13.5486 -39.0443 19.5683 13.9862 -39.0443 18.2095 15.0137 -39.0443 17.6405 15.4977 -39.0443 17.528 15.5798 -39.0443 17.0711 15.9366 -39.0443 17.0161 15.9773 -39.0443 16.8507 16.1081 -39.0443 16.7203 16.206 -39.0443 15.739 16.8709 -39.0443 15.4919 17.0268 -39.0443 15.1357 17.2378 -39.0443 15.2077 17.1487 -39.0443 15.3031 17.0225 -39.0443 15.3475 16.9706 -39.0443 15.5364 16.56 -39.0443 15.6562 16.2635 -39.0443 15.415 16.1365 -39.0443 15.0027 15.9268 -39.0443 14.7408 15.7083 -39.0443 14.5477 15.5563 -39.0443 14.5742 15.2865 -39.0443 15.0026 15.1334 -39.0443 15.9391 14.8374 -39.0443 16.0157 14.8068 -39.0443 16.4169 14.8638 -39.0443 17.0702 15.1705 -39.0443 16.8886 15.5089 -39.0443 16.8886 15.6037 -39.0443 16.9734 15.5688 -39.0443 16.9735 15.5686 -39.0443 17.6983 15.1641 -39.0443 17.78 15.0942 -39.0443 17.8311 15.0909 -39.0443 18.1217 14.9666 -39.0443 18.1844 14.8636 -39.0443 18.195 14.8492 -39.0443 18.301 14.6051 -39.0443 18.4573 14.1421 -39.0443 18.7587 14.0028 -39.0443 19.2453 13.7227 -39.0443 19.3535 13.6504 -39.0443 19.4332 13.6167 -39.0443 19.8255 13.4118 -39.0443 19.893 13.3907 -39.0443 20.6222 12.4921 -39.0443 20.6596 12.4745 -39.0443 20.9514 12.281 -39.0443 21.0781 12.2229 -39.0443 21.5714 11.9694 -39.0443 21.7807 11.8971 -39.0443 22.0737 11.5004 -39.0443 
15 11 0 -38.1443
1 8 
1
31
-14.922 -1.30694 -38.1443 -14.9265 -1.345 -38.1443 -14.9391 -1.37622 -38.1443 -14.9425 -1.38417 -38.1443 -15.3019 -2.40886 -38.1443 -15.3075 -2.42732 -38.1443 -15.3088 -2.43354 -38.1443 -15.4876 -3.11872 -38.1443 -14.9431 -2.26357 -38.1443 -14.6747 -1.78927 -38.1443 -14.3925 -1.23876 -38.1443 -14.1817 -0.771518 -38.1443 -13.8951 -0.17621 -38.1443 -13.7995 0.00114003 -38.1443 -13.895 0.176284 -38.1443 -13.9883 0.38029 -38.1443 -14.1816 0.771715 -38.1443 -14.3924 1.23876 -38.1443 -14.6747 1.78927 -38.1443 -14.8199 2.05413 -38.1443 -14.9431 2.26358 -38.1443 -15.5657 3.24154 -38.1443 -15.5439 3.16799 -38.1443 -15.3085 2.43351 -38.1443 -15.3018 2.40774 -38.1443 -15.038 1.60429 -38.1443 -14.9646 1.39953 -38.1443 -14.9388 1.33599 -38.1443 -14.8333 0.0518358 -38.1443 -14.833 -0.0523171 -38.1443 -14.8471 -0.348715 -38.1443 
15 12 0 -38.1443
2 9 14 
1
51
14.1027 -15.9081 -38.1443 14.8086 -16.2635 -38.1443 14.8217 -16.2876 -38.1443 14.8482 -16.9706 -38.1443 14.6377 -17.1535 -38.1443 14.9024 -17.002 -38.1443 15.921 -16.3635 -38.1443 15.9507 -16.3434 -38.1443 16.8757 -15.6797 -38.1443 16.9436 -15.6264 -38.1443 17.3095 -15.3493 -38.1443 17.8302 -14.9959 -38.1443 18.4519 -14.5451 -38.1443 18.6683 -14.382 -38.1443 18.8012 -14.3236 -38.1443 19.1269 -14.0954 -38.1443 19.8039 -13.6739 -38.1443 20.0272 -13.5604 -38.1443 20.8349 -13.0441 -38.1443 21.0011 -12.9088 -38.1443 21.2994 -12.5293 -38.1443 21.3859 -12.4273 -38.1443 21.4937 -12.285 -38.1443 21.5268 -12.2294 -38.1443 21.5427 -12.1858 -38.1443 22.0055 -11.55 -38.1443 22.0385 -11.2873 -38.1443 21.9726 -11.3964 -38.1443 21.1745 -11.7955 -38.1443 21.1737 -11.7959 -38.1443 20.7938 -11.9771 -38.1443 20.6636 -12.1567 -38.1443 20.1661 -12.9474 -38.1443 19.7596 -13.1507 -38.1443 19.2363 -13.3673 -38.1443 19.0511 -13.435 -38.1443 18.9456 -13.4985 -38.1443 18.3453 -13.7987 -38.1443 18.3439 -13.7993 -38.1443 18.3321 -13.8052 -38.1443 18.3226 -13.7893 -38.1443 17.1777 -13.2073 -38.1443 17.0702 -13.1442 -38.1443 16.557 -12.8357 -38.1443 16.5297 -13.2045 -38.1443 15.5169 -13.5194 -38.1443 15.1617 -13.6514 -38.1443 14.1026 -13.9784 -38.1443 13.7787 -14.0876 -38.1443 13.7264 -14.8492 -38.1443 13.6604 -15.5563 -38.1443 
15 13 0 -38.1443
2 10 15 
1
53
22.0052 11.5497 -38.1443 21.5275 12.1747 -38.1443 21.5071 12.2291 -38.1443 21.4244 12.3564 -38.1443 21.3859 12.4067 -38.1443 21.3442 12.4631 -38.1443 21.3318 12.4759 -38.1443 20.9377 12.9641 -38.1443 20.8433 13.0497 -38.1443 20.1364 13.5418 -38.1443 20.0272 13.5696 -38.1443 19.8051 13.6745 -38.1443 19.1317 14.0937 -38.1443 18.8022 14.324 -38.1443 18.6683 14.3828 -38.1443 17.8366 15 -38.1443 17.3095 15.3547 -38.1443 17.2541 15.3952 -38.1443 17.2169 15.4242 -38.1443 16.9009 15.6578 -38.1443 16.8746 15.6787 -38.1443 15.9507 16.3424 -38.1443 15.9205 16.3629 -38.1443 14.904 17.0028 -38.1443 14.7241 17.1063 -38.1443 14.8511 16.9706 -38.1443 14.8217 16.2875 -38.1443 14.8084 16.2635 -38.1443 14.1027 15.908 -38.1443 13.661 15.5563 -38.1443 13.7264 14.8492 -38.1443 13.7792 14.088 -38.1443 14.1027 13.9783 -38.1443 15.1614 13.6511 -38.1443 15.5169 13.5191 -38.1443 16.5292 13.2041 -38.1443 16.5569 12.8357 -38.1443 17.1778 13.2073 -38.1443 18.3226 13.7893 -38.1443 18.332 13.7986 -38.1443 18.3322 13.8052 -38.1443 18.9456 13.4985 -38.1443 19.0061 13.4582 -38.1443 19.4923 13.2521 -38.1443 19.5778 13.2074 -38.1443 19.7595 13.1505 -38.1443 20.1659 12.9473 -38.1443 20.6631 12.157 -38.1443 20.7937 11.9769 -38.1443 21.1737 11.7959 -38.1443 21.1739 11.7958 -38.1443 21.9727 11.3964 -38.1443 22.0382 11.2878 -38.1443 
16 14 0 -37.2443
2 12 16 
1
53
13.9267 -16.2635 -37.2443 14.282 -16.91 -37.2443 15.0508 -16.4721 -37.2443 15.0519 -16.4714 -37.2443 16.0446 -15.8144 -37.2443 16.3067 -15.6264 -37.2443 16.4095 -15.5574 -37.2443 17.0568 -15.1714 -37.2443 17.387 -14.947 -37.2443 17.7684 -14.7271 -37.2443 18.1158 -14.5679 -37.2443 18.1205 -14.5648 -37.2443 19.1272 -14.1413 -37.2443 19.3173 -14.0522 -37.2443 19.9973 -13.6629 -37.2443 20.356 -13.4279 -37.2443 20.4612 -13.3544 -37.2443 20.486 -13.317 -37.2443 20.8871 -12.4446 -37.2443 21.0153 -12.2294 -37.2443 21.1651 -11.8176 -37.2443 21.1963 -11.55 -37.2443 21.2139 -11.3565 -37.2443 20.9873 -11.4775 -37.2443 20.3838 -12.465 -37.2443 20.2737 -12.5201 -37.2443 20.2001 -12.552 -37.2443 19.7498 -12.7279 -37.2443 19.1858 -13.032 -37.2443 18.8595 -13.1952 -37.2443 18.6358 -13.2733 -37.2443 18.4372 -13.3754 -37.2443 18.095 -13.1951 -37.2443 17.4453 -12.8011 -37.2443 17.2008 -12.6577 -37.2443 17.0155 -12.5443 -37.2443 17.0155 -11.4974 -37.2443 16.9477 -11.178 -37.2443 16.9476 -10.288 -37.2443 16.0311 -10.5661 -37.2443 15.7885 -10.6298 -37.2443 15.7253 -11.9993 -37.2443 14.6169 -12.3366 -37.2443 14.4365 -12.397 -37.2443 13.756 -12.6023 -37.2443 12.8814 -14.0532 -37.2443 12.8712 -14.2237 -37.2443 12.7555 -14.2592 -37.2443 12.1386 -15.2574 -37.2443 12.7408 -15.5458 -37.2443 12.7623 -15.5516 -37.2443 12.7619 -15.5563 -37.2443 13.2027 -15.9008 -37.2443 
16 15 0 -37.2443
2 13 17 
1
55
16.0311 10.5661 -37.2443 16.9476 10.288 -37.2443 16.9477 11.178 -37.2443 17.0155 11.4974 -37.2443 17.0155 12.5443 -37.2443 18.0951 13.195 -37.2443 18.4373 13.3753 -37.2443 18.8595 13.1951 -37.2443 19.1857 13.032 -37.2443 19.3787 12.9156 -37.2443 19.5876 12.8258 -37.2443 19.9676 12.6318 -37.2443 20.2737 12.5199 -37.2443 20.3837 12.4649 -37.2443 20.9872 11.4774 -37.2443 21.0679 11.428 -37.2443 21.214 11.3542 -37.2443 21.1962 11.5497 -37.2443 21.1649 11.8175 -37.2443 21.0105 12.2291 -37.2443 20.9762 12.282 -37.2443 20.887 12.4442 -37.2443 20.4859 13.3162 -37.2443 20.3559 13.4274 -37.2443 20.3446 13.4341 -37.2443 19.9959 13.6629 -37.2443 19.3151 14.0503 -37.2443 19.1271 14.1421 -37.2443 18.1224 14.5658 -37.2443 17.7683 14.7292 -37.2443 17.5176 14.8779 -37.2443 17.2945 15.028 -37.2443 17.1816 15.0925 -37.2443 17.059 15.1726 -37.2443 16.4205 15.5617 -37.2443 16.4095 15.5692 -37.2443 16.055 15.8216 -37.2443 16.0437 15.8288 -37.2443 15.053 16.4717 -37.2443 15.0508 16.473 -37.2443 14.2884 16.909 -37.2443 13.9274 16.2635 -37.2443 13.2027 15.9004 -37.2443 12.7621 15.5563 -37.2443 12.7625 15.5515 -37.2443 12.7404 15.5454 -37.2443 12.1437 15.249 -37.2443 12.7554 14.2596 -37.2443 12.8715 14.224 -37.2443 12.8818 14.0529 -37.2443 13.7559 12.6024 -37.2443 14.3324 12.4286 -37.2443 14.5168 12.3671 -37.2443 15.7253 11.9993 -37.2443 15.7885 10.6298 -37.2443 
17 16 0 -36.3443
2 14 18 
1
53
13.0187 -16.2635 -36.3443 13.2815 -16.7059 -36.3443 13.3799 -16.9008 -36.3443 14.1076 -16.526 -36.3443 14.1507 -16.5017 -36.3443 15.1443 -15.9004 -36.3443 15.5031 -15.6639 -36.3443 15.5095 -15.6599 -36.3443 16.2511 -15.3241 -36.3443 16.8683 -14.9621 -36.3443 17.4347 -14.8023 -36.3443 18.255 -14.3797 -36.3443 18.5339 -14.2207 -36.3443 19.5859 -13.6877 -36.3443 19.6314 -13.6379 -36.3443 19.8484 -13.3851 -36.3443 20.1701 -12.9088 -36.3443 20.2757 -12.2294 -36.3443 20.3177 -11.8608 -36.3443 19.3738 -12.1599 -36.3443 18.8884 -11.8563 -36.3443 17.8487 -11.1772 -36.3443 17.8487 -10.036 -36.3443 17.8087 -9.79126 -36.3443 17.8087 -8.59351 -36.3443 17.7827 -8.39544 -36.3443 17.7827 -7.1609 -36.3443 17.7647 -6.99399 -36.3443 17.7647 -5.73394 -36.3443 17.8453 -5.67664 -36.3443 17.8378 -5.52813 -36.3443 17.8377 -4.24949 -36.3443 18.423 -3.83442 -36.3443 18.4179 -3.70367 -36.3443 18.418 -2.955 -36.3443 18.2272 -2.93824 -36.3443 17.954 -2.94017 -36.3443 17.845 -2.98836 -36.3443 17.8333 -4.36821 -36.3443 16.5453 -4.7493 -36.3443 16.4194 -4.78266 -36.3443 16.3477 -8.97458 -36.3443 15.131 -9.33825 -36.3443 14.9314 -9.38733 -36.3443 14.8869 -10.7701 -36.3443 13.7169 -11.1222 -36.3443 13.6541 -11.1395 -36.3443 13.469 -11.4457 -36.3443 13.4106 -12.9012 -36.3443 11.7877 -15.5305 -36.3443 12.2065 -15.8496 -36.3443 12.2683 -15.8792 -36.3443 12.3027 -15.9065 -36.3443 
17 17 0 -36.3443
2 15 19 
1
47
17.7647 5.78658 -36.3443 17.7647 6.99397 -36.3443 17.7827 7.16091 -36.3443 17.7827 8.39543 -36.3443 17.8088 8.59354 -36.3443 17.8088 9.79124 -36.3443 17.8489 10.0361 -36.3443 17.8489 11.1771 -36.3443 18.8885 11.8562 -36.3443 19.3737 12.1596 -36.3443 20.3175 11.8605 -36.3443 20.2755 12.2291 -36.3443 20.1698 12.9085 -36.3443 19.8153 13.4081 -36.3443 19.6848 13.5746 -36.3443 19.6203 13.6297 -36.3443 19.5859 13.6679 -36.3443 18.5409 14.2254 -36.3443 18.5033 14.2423 -36.3443 18.2272 14.3993 -36.3443 17.5395 14.7682 -36.3443 17.438 14.8043 -36.3443 16.8683 14.9618 -36.3443 16.2546 15.3263 -36.3443 16.145 15.3775 -36.3443 16.1362 15.3829 -36.3443 15.6075 15.6309 -36.3443 15.5095 15.6913 -36.3443 15.1635 15.9136 -36.3443 15.0752 15.9638 -36.3443 14.959 16.0338 -36.3443 14.3732 16.3701 -36.3443 14.1508 16.505 -36.3443 14.1106 16.5278 -36.3443 13.3881 16.9003 -36.3443 13.29 16.7119 -36.3443 13.0167 16.2635 -36.3443 12.3026 15.9078 -36.3443 11.8502 15.5563 -36.3443 11.7902 15.5266 -36.3443 14.6558 10.8398 -36.3443 14.8869 10.7701 -36.3443 14.9314 9.38733 -36.3443 15.131 9.33825 -36.3443 16.3477 8.97458 -36.3443 16.4022 6.18471 -36.3443 16.5453 6.14824 -36.3443 
18 18 0 -35.4443
2 16 20 
1
71
12.0793 -16.2635 -35.4443 12.2525 -16.7562 -35.4443 12.2278 -16.9091 -35.4443 13.0765 -16.5193 -35.4443 13.2507 -16.4312 -35.4443 14.167 -15.9316 -35.4443 14.6095 -15.6654 -35.4443 14.6818 -15.6264 -35.4443 15.3079 -15.3796 -35.4443 15.9684 -15.0971 -35.4443 16.5566 -14.9903 -35.4443 16.6516 -14.9709 -35.4443 16.7831 -14.9372 -35.4443 17.3271 -14.7835 -35.4443 17.8856 -14.5541 -35.4443 17.9427 -14.5251 -35.4443 18.6859 -14.1278 -35.4443 18.9085 -13.8492 -35.4443 19.1006 -13.5882 -35.4443 19.3074 -13.0451 -35.4443 19.3332 -12.9088 -35.4443 19.4199 -12.2294 -35.4443 19.4835 -11.55 -35.4443 19.5949 -9.29357 -35.4443 19.2762 -9.39003 -35.4443 19.276 -8.99463 -35.4443 19.2445 -8.90826 -35.4443 19.2302 -8.68864 -35.4443 19.2298 -8.68596 -35.4443 19.2299 -8.68347 -35.4443 19.1877 -8.03845 -35.4443 19.1875 -7.51777 -35.4443 19.1855 -7.51095 -35.4443 19.1603 -7.43014 -35.4443 19.1532 -7.27479 -35.4443 19.1533 -7.27264 -35.4443 19.153 -7.27031 -35.4443 19.1259 -6.66786 -35.4443 19.1259 -6.06001 -35.4443 19.1036 -5.97641 -35.4443 19.1001 -5.8671 -35.4443 19.1002 -5.86514 -35.4443 19.1002 -5.86318 -35.4443 19.0815 -5.28513 -35.4443 19.0815 -4.61442 -35.4443 19.0805 -4.61036 -35.4443 19.0638 -4.53615 -35.4443 19.062 -4.46272 -35.4443 19.062 -4.46088 -35.4443 19.0621 -4.45904 -35.4443 19.0487 -3.89404 -35.4443 19.0486 -3.24177 -35.4443 18.6859 -3.05521 -35.4443 17.3272 -2.93631 -35.4443 17.0706 -3.0379 -35.4443 16.9496 -3.0973 -35.4443 16.9496 -3.10686 -35.4443 16.901 -3.12122 -35.4443 15.9684 -3.57947 -35.4443 15.922 -3.58454 -35.4443 15.5311 -3.81137 -35.4443 15.4771 -7.83379 -35.4443 14.2311 -9.92178 -35.4443 12.5119 -12.7589 -35.4443 12.4242 -14.1421 -35.4443 12.4141 -14.2422 -35.4443 11.8822 -15.08 -35.4443 11.3461 -15.885 -35.4443 11.4027 -15.9318 -35.4443 11.7671 -16.114 -35.4443 11.9092 -16.1791 -35.4443 
18 19 0 -35.4443
2 17 21 
1
72
17.3271 2.93632 -35.4443 18.6859 3.05477 -35.4443 19.0488 3.24176 -35.4443 19.0487 3.89407 -35.4443 19.0663 3.95508 -35.4443 19.0795 4.53133 -35.4443 19.0797 4.53352 -35.4443 19.0797 4.53559 -35.4443 19.0815 4.61444 -35.4443 19.0815 5.28511 -35.4443 19.104 5.34732 -35.4443 19.1222 5.93855 -35.4443 19.1222 5.94083 -35.4443 19.1225 5.94322 -35.4443 19.1258 6.06001 -35.4443 19.1259 6.66786 -35.4443 19.1277 6.67223 -35.4443 19.1541 6.73061 -35.4443 19.1804 7.34702 -35.4443 19.1804 7.35226 -35.4443 19.1875 7.51776 -35.4443 19.1877 8.03846 -35.4443 19.2225 8.09896 -35.4443 19.2622 8.75573 -35.4443 19.2621 8.75895 -35.4443 19.2624 8.76225 -35.4443 19.2764 8.99489 -35.4443 19.2762 9.39001 -35.4443 19.5948 9.29352 -35.4443 19.4833 11.5497 -35.4443 19.4196 12.2291 -35.4443 19.3331 12.9085 -35.4443 19.3074 13.0449 -35.4443 19.0949 13.5879 -35.4443 19.0569 13.6331 -35.4443 18.9086 13.8489 -35.4443 18.7069 14.1044 -35.4443 18.6859 14.1246 -35.4443 17.9392 14.5222 -35.4443 17.3272 14.7899 -35.4443 16.6541 14.9723 -35.4443 16.4557 15.0112 -35.4443 15.9683 15.0929 -35.4443 15.3238 15.3905 -35.4443 15.2226 15.4318 -35.4443 15.1256 15.4858 -35.4443 14.6602 15.6759 -35.4443 14.6095 15.7035 -35.4443 14.1859 15.9447 -35.4443 14.1389 15.9691 -35.4443 14.0022 16.0448 -35.4443 13.3658 16.3739 -35.4443 13.2507 16.4369 -35.4443 13.0815 16.5226 -35.4443 12.2307 16.911 -35.4443 12.254 16.7572 -35.4443 12.0758 16.2635 -35.4443 11.7656 16.1151 -35.4443 11.4027 15.9336 -35.4443 11.3447 15.8883 -35.4443 11.4027 15.7987 -35.4443 11.8823 15.0801 -35.4443 12.4143 14.2421 -35.4443 12.8169 13.5731 -35.4443 13.9407 11.7486 -35.4443 14.0025 10.2906 -35.4443 15.4771 7.83379 -35.4443 15.5201 4.92458 -35.4443 15.6453 4.89389 -35.4443 16.9367 4.51209 -35.4443 16.9497 3.09767 -35.4443 17.0708 3.03778 -35.4443 
19 20 0 -34.5443
2 18 22 
1
59
10.3073 -17.6542 -34.5443 10.8733 -17.0427 -34.5443 10.8946 -17.0288 -34.5443 10.992 -16.9771 -34.5443 11.0055 -16.971 -34.5443 11.949 -16.4445 -34.5443 12.3508 -16.2647 -34.5443 13.2099 -15.8464 -34.5443 13.7095 -15.5766 -34.5443 14.2251 -15.4009 -34.5443 14.2437 -15.3913 -34.5443 14.284 -15.3779 -34.5443 15.0683 -15.0794 -34.5443 15.2104 -15.0776 -34.5443 15.7271 -15.0397 -34.5443 16.4272 -14.9251 -34.5443 17.1701 -14.7012 -34.5443 17.7859 -14.44 -34.5443 17.8337 -14.3949 -34.5443 17.9477 -14.2676 -34.5443 18.0744 -13.9818 -34.5443 18.3399 -13.5882 -34.5443 18.4655 -12.9181 -34.5443 18.4671 -12.9088 -34.5443 18.5445 -12.2294 -34.5443 18.6016 -11.55 -34.5443 18.7919 -4.5345 -34.5443 18.7339 -4.07657 -34.5443 18.4614 -3.40932 -34.5443 17.786 -3.16706 -34.5443 16.7827 -3.55674 -34.5443 16.637 -3.55703 -34.5443 16.4272 -3.57378 -34.5443 16.1636 -3.70607 -34.5443 16.0261 -3.7726 -34.5443 15.2796 -4.10773 -34.5443 15.0683 -4.21093 -34.5443 14.9847 -4.22048 -34.5443 14.6195 -4.83393 -34.5443 14.5445 -9.12963 -34.5443 12.1815 -12.9986 -34.5443 12.1815 -13.2412 -34.5443 12.1 -13.6294 -34.5443 12.08 -13.7007 -34.5443 12.08 -14.5836 -34.5443 11.9168 -14.693 -34.5443 11.4073 -15.0126 -34.5443 11.3789 -15.1952 -34.5443 11.3915 -15.5109 -34.5443 11.3479 -15.57 -34.5443 11.261 -15.694 -34.5443 10.7067 -16.4409 -34.5443 10.565 -16.8393 -34.5443 10.6499 -16.8903 -34.5443 10.8065 -16.9706 -34.5443 10.5952 -17.2712 -34.5443 10.5027 -17.419 -34.5443 10.4633 -17.4559 -34.5443 10.3949 -17.5263 -34.5443 
19 21 0 -34.5443
2 19 23 
1
61
16.4272 3.57369 -34.5443 16.7829 3.55662 -34.5443 17.7859 3.16733 -34.5443 18.461 3.40937 -34.5443 18.7338 4.07627 -34.5443 18.7917 4.5343 -34.5443 18.6015 11.5497 -34.5443 18.5444 12.2291 -34.5443 18.4669 12.9085 -34.5443 18.4652 12.918 -34.5443 18.3398 13.5879 -34.5443 18.0698 13.9782 -34.5443 17.9401 14.2673 -34.5443 17.8846 14.3208 -34.5443 17.7859 14.4345 -34.5443 17.244 14.6796 -34.5443 17.1751 14.7044 -34.5443 16.4271 14.9299 -34.5443 15.7308 15.0418 -34.5443 15.2076 15.0821 -34.5443 15.0683 15.0874 -34.5443 14.308 15.3946 -34.5443 14.2555 15.4217 -34.5443 14.2014 15.4411 -34.5443 13.7095 15.6082 -34.5443 13.0522 15.9414 -34.5443 12.3508 16.2693 -34.5443 11.9528 16.4469 -34.5443 11.9295 16.4567 -34.5443 11.9293 16.4568 -34.5443 10.9919 16.9462 -34.5443 10.9217 16.9895 -34.5443 10.8502 17.026 -34.5443 10.2925 17.6643 -34.5443 10.278 17.6791 -34.5443 10.3251 17.5853 -34.5443 10.5027 17.4189 -34.5443 10.5954 17.2707 -34.5443 10.8061 16.9706 -34.5443 10.65 16.8905 -34.5443 10.5563 16.8342 -34.5443 10.6229 16.6117 -34.5443 10.706 16.4404 -34.5443 11.7477 15.932 -34.5443 11.8744 15.8524 -34.5443 11.8744 15.2603 -34.5443 11.8778 15.2464 -34.5443 11.9169 15.1234 -34.5443 12.002 14.734 -34.5443 12.0087 14.625 -34.5443 12.0811 14.5843 -34.5443 12.0811 14.4484 -34.5443 12.9438 13.0899 -34.5443 13.0387 11.6086 -34.5443 14.5445 9.12963 -34.5443 14.6195 4.83393 -34.5443 14.986 4.21842 -34.5443 15.0683 4.21092 -34.5443 15.3345 4.09235 -34.5443 15.5007 4.00883 -34.5443 16.0249 3.7731 -34.5443 
20 22 0 -33.6443
2 20 24 
1
53
11.1016 -16.2756 -33.6443 11.4508 -16.0495 -33.6443 11.9307 -15.7951 -33.6443 12.2865 -15.6264 -33.6443 12.8095 -15.3948 -33.6443 13.1398 -15.2913 -33.6443 13.2211 -15.2758 -33.6443 14.1683 -14.9681 -33.6443 14.317 -14.9804 -33.6443 14.629 -14.9856 -33.6443 15.1135 -14.9796 -33.6443 15.5271 -14.9505 -33.6443 15.961 -14.8915 -33.6443 16.1112 -14.8924 -33.6443 16.3761 -14.8621 -33.6443 16.6783 -14.8183 -33.6443 16.6983 -14.8113 -33.6443 16.886 -14.7544 -33.6443 17.0472 -14.5574 -33.6443 17.2499 -14.2676 -33.6443 17.2887 -14.1486 -33.6443 17.4587 -13.5882 -33.6443 17.5795 -12.9088 -33.6443 17.6546 -12.2294 -33.6443 17.709 -11.55 -33.6443 17.8927 -4.75597 -33.6443 17.8298 -4.49235 -33.6443 17.6389 -4.07657 -33.6443 17.182 -3.85157 -33.6443 16.9409 -3.76214 -33.6443 16.8859 -3.73477 -33.6443 15.9356 -3.68016 -33.6443 15.5271 -3.80383 -33.6443 14.8658 -4.15558 -33.6443 13.6983 -6.12174 -33.6443 13.5888 -10.4418 -33.6443 13.1306 -11.1897 -33.6443 13.1307 -11.8617 -33.6443 13.0825 -12.0655 -33.6443 13.0355 -12.2473 -33.6443 13.0355 -13.2086 -33.6443 12.7686 -13.3574 -33.6443 12.6933 -13.7815 -33.6443 12.6918 -14.3797 -33.6443 12.4311 -14.7165 -33.6443 11.0168 -15.6103 -33.6443 10.9226 -15.7378 -33.6443 10.8198 -15.8845 -33.6443 10.5539 -16.3452 -33.6443 10.3481 -16.9652 -33.6443 10.3414 -16.9808 -33.6443 10.2959 -17.0753 -33.6443 10.8705 -16.4042 -33.6443 
20 23 0 -33.6443
2 21 25 
1
59
14.866 4.15529 -33.6443 15.5271 3.80377 -33.6443 15.9361 3.68022 -33.6443 16.8859 3.73475 -33.6443 16.9406 3.762 -33.6443 17.6384 4.07627 -33.6443 17.8297 4.49218 -33.6443 17.8926 4.75567 -33.6443 17.709 11.5497 -33.6443 17.6545 12.2291 -33.6443 17.5795 12.9085 -33.6443 17.4584 13.5879 -33.6443 17.2884 14.1481 -33.6443 17.2495 14.2673 -33.6443 17.0492 14.5557 -33.6443 16.886 14.7559 -33.6443 16.6736 14.8213 -33.6443 16.3785 14.8635 -33.6443 16.3408 14.8569 -33.6443 15.9604 14.8923 -33.6443 15.5271 14.95 -33.6443 15.1126 14.9807 -33.6443 14.6474 14.9983 -33.6443 14.3066 14.998 -33.6443 14.1684 14.9834 -33.6443 13.3683 15.2408 -33.6443 13.2416 15.2648 -33.6443 13.1502 15.2983 -33.6443 12.8096 15.4058 -33.6443 12.7393 15.4364 -33.6443 12.3551 15.6117 -33.6443 11.9726 15.7791 -33.6443 11.9337 15.797 -33.6443 11.4507 16.0528 -33.6443 11.2372 16.1612 -33.6443 10.8684 16.4025 -33.6443 10.3758 16.969 -33.6443 10.3055 17.0549 -33.6443 10.3413 16.9808 -33.6443 10.3481 16.9652 -33.6443 10.3675 16.9241 -33.6443 10.8195 15.8843 -33.6443 11.0169 15.7927 -33.6443 11.2138 15.7147 -33.6443 11.8941 15.385 -33.6443 12.0139 15.3146 -33.6443 12.0371 14.9371 -33.6443 12.4311 14.7161 -33.6443 12.6918 14.3797 -33.6443 12.6918 13.9045 -33.6443 12.7477 13.6137 -33.6443 12.7686 13.3574 -33.6443 13.0355 13.2086 -33.6443 13.0355 12.2473 -33.6443 13.0832 12.0442 -33.6443 13.1307 11.8617 -33.6443 13.1306 11.1897 -33.6443 13.5888 10.4418 -33.6443 13.6983 6.12174 -33.6443 
21 24 0 -32.7443
2 22 26 
1
64
10.2114 -16.4485 -32.7443 10.3293 -16.3058 -32.7443 10.4259 -16.1807 -32.7443 10.5507 -16.0338 -32.7443 10.8025 -15.7198 -32.7443 11.8508 -15.1023 -32.7443 11.9096 -15.0777 -32.7443 12.0653 -15.0343 -32.7443 12.3593 -14.947 -32.7443 13.2683 -14.7532 -32.7443 13.2761 -14.7547 -32.7443 13.2822 -14.7556 -32.7443 13.2903 -14.7565 -32.7443 13.7362 -14.8174 -32.7443 14.234 -14.8586 -32.7443 14.6272 -14.8651 -32.7443 15.0416 -14.8104 -32.7443 15.2704 -14.8027 -32.7443 15.7297 -14.7589 -32.7443 15.7428 -14.7573 -32.7443 15.8975 -14.7363 -32.7443 15.9119 -14.7364 -32.7443 15.9859 -14.7279 -32.7443 16.3253 -14.2676 -32.7443 16.349 -14.2065 -32.7443 16.5489 -13.5882 -32.7443 16.6485 -13.0594 -32.7443 16.6742 -12.9088 -32.7443 16.7517 -12.2294 -32.7443 16.807 -11.55 -32.7443 16.9923 -4.75598 -32.7443 16.6039 -4.07657 -32.7443 15.9859 -3.76327 -32.7443 15.8971 -3.78982 -32.7443 15.8522 -3.80955 -32.7443 14.6272 -4.23547 -32.7443 14.2304 -4.43581 -32.7443 14.2252 -4.9713 -32.7443 13.6454 -5.94781 -32.7443 13.6286 -6.00529 -32.7443 13.603 -6.0689 -32.7443 14.1359 -6.44862 -32.7443 14.1359 -7.69351 -32.7443 14.1139 -7.8784 -32.7443 14.1139 -9.09216 -32.7443 14.0811 -9.31586 -32.7443 14.0811 -10.4831 -32.7443 14.0277 -10.7678 -32.7443 14.0277 -11.8596 -32.7443 13.9245 -12.255 -32.7443 13.9245 -13.2008 -32.7443 12.8601 -13.7772 -32.7443 12.8542 -13.8108 -32.7443 12.8536 -13.8578 -32.7443 12.57 -13.9952 -32.7443 12.2107 -14.1421 -32.7443 12.0176 -14.6808 -32.7443 11.9265 -14.8492 -32.7443 11.8868 -14.8646 -32.7443 10.9193 -15.3184 -32.7443 10.8512 -15.4044 -32.7443 10.6964 -15.5563 -32.7443 10.2918 -16.238 -32.7443 10.2718 -16.2748 -32.7443 
21 25 0 -32.7443
2 23 27 
1
63
15.9859 3.76328 -32.7443 16.6034 4.07627 -32.7443 16.9923 4.75568 -32.7443 16.8068 11.5497 -32.7443 16.7515 12.2291 -32.7443 16.6741 12.9085 -32.7443 16.6482 13.059 -32.7443 16.5484 13.5879 -32.7443 16.3486 14.206 -32.7443 16.3248 14.2673 -32.7443 15.986 14.7309 -32.7443 15.8956 14.7394 -32.7443 15.7382 14.7603 -32.7443 15.294 14.8005 -32.7443 15.2719 14.8034 -32.7443 14.6272 14.8643 -32.7443 14.2309 14.8636 -32.7443 13.6106 14.7969 -32.7443 13.2687 14.7458 -32.7443 13.2683 14.7457 -32.7443 13.0145 14.7926 -32.7443 12.6044 14.9226 -32.7443 12.0324 15.0491 -32.7443 11.9096 15.0941 -32.7443 11.7634 15.1565 -32.7443 11.6309 15.2256 -32.7443 10.8606 15.6803 -32.7443 10.8032 15.7199 -32.7443 10.5507 16.0331 -32.7443 10.5003 16.1002 -32.7443 10.211 16.4492 -32.7443 10.2718 16.2748 -32.7443 10.2793 16.2546 -32.7443 10.2918 16.238 -32.7443 10.696 15.5563 -32.7443 10.9193 15.3185 -32.7443 11.5311 15.0327 -32.7443 11.5666 15.0203 -32.7443 11.9253 14.8492 -32.7443 12.0168 14.6803 -32.7443 12.155 14.6543 -32.7443 12.2238 14.1365 -32.7443 12.8536 13.8578 -32.7443 12.8601 13.7773 -32.7443 12.9453 13.7298 -32.7443 13.5188 12.9139 -32.7443 13.5188 12.5419 -32.7443 13.5412 12.4068 -32.7443 13.5644 12.151 -32.7443 14.0277 11.8596 -32.7443 14.0277 10.7678 -32.7443 14.0811 10.4831 -32.7443 14.0811 9.31588 -32.7443 14.1139 9.09215 -32.7443 14.1139 7.87841 -32.7443 14.1359 7.6935 -32.7443 14.1359 6.44864 -32.7443 13.603 6.06891 -32.7443 13.6272 5.99097 -32.7443 13.6417 5.954 -32.7443 14.2252 4.9713 -32.7443 14.2304 4.4354 -32.7443 14.6272 4.23513 -32.7443 
22 26 0 -31.8443
2 24 28 
1
58
10.7914 -14.8492 -31.8443 10.7518 -14.8964 -31.8443 10.7234 -14.9358 -31.8443 10.9476 -14.7921 -31.8443 11.0095 -14.755 -31.8443 11.0189 -14.7516 -31.8443 11.8921 -14.4951 -31.8443 11.9351 -14.4914 -31.8443 12.3683 -14.403 -31.8443 12.7149 -14.4706 -31.8443 13.0835 -14.5565 -31.8443 13.3708 -14.6094 -31.8443 13.7272 -14.663 -31.8443 14.0035 -14.6459 -31.8443 14.0289 -14.6472 -31.8443 14.9971 -14.5622 -31.8443 15.0529 -14.5549 -31.8443 15.086 -14.5538 -31.8443 15.3261 -14.2676 -31.8443 15.3502 -14.2227 -31.8443 15.6055 -13.5882 -31.8443 15.71 -13.1184 -31.8443 15.7493 -12.9088 -31.8443 15.8351 -12.2294 -31.8443 15.8946 -11.55 -31.8443 16.0806 -5.43538 -31.8443 16.0451 -5.20241 -31.8443 16.0113 -4.75597 -31.8443 15.8505 -4.44711 -31.8443 15.6206 -4.3608 -31.8443 15.0859 -4.12623 -31.8443 14.9845 -4.16502 -31.8443 14.9845 -4.82867 -31.8443 14.9784 -4.95969 -31.8443 14.9779 -6.2382 -31.8443 14.9695 -6.38879 -31.8443 14.9688 -7.64599 -31.8443 14.9568 -7.82453 -31.8443 14.9559 -9.05112 -31.8443 14.9377 -9.27205 -31.8443 14.9367 -10.4517 -31.8443 14.8738 -10.5543 -31.8443 14.3389 -10.9084 -31.8443 14.327 -11.0127 -31.8443 14.3196 -11.1978 -31.8443 14.3196 -11.4296 -31.8443 14.306 -11.5252 -31.8443 14.2592 -12.6548 -31.8443 14.2592 -12.8011 -31.8443 13.4595 -13.1994 -31.8443 13.0249 -13.3425 -31.8443 12.7647 -13.435 -31.8443 12.4842 -13.5539 -31.8443 12.0453 -13.7619 -31.8443 11.7679 -13.8678 -31.8443 11.5404 -14.0714 -31.8443 11.358 -14.1421 -31.8443 10.9422 -14.6983 -31.8443 
22 27 0 -31.8443
2 25 29 
1
51
15.0859 4.12625 -31.8443 15.2964 4.20762 -31.8443 15.8503 4.44697 -31.8443 16.0111 4.75567 -31.8443 16.045 5.20205 -31.8443 16.0805 5.43508 -31.8443 15.8945 11.5497 -31.8443 15.8351 12.2291 -31.8443 15.7492 12.9085 -31.8443 15.7099 13.1179 -31.8443 15.6051 13.5879 -31.8443 15.3497 14.222 -31.8443 15.326 14.2673 -31.8443 15.086 14.5487 -31.8443 14.0309 14.6483 -31.8443 13.7271 14.6616 -31.8443 13.0843 14.5557 -31.8443 12.3683 14.3993 -31.8443 12.3056 14.407 -31.8443 11.891 14.494 -31.8443 11.8467 14.5111 -31.8443 11.0095 14.753 -31.8443 10.7319 14.9316 -31.8443 10.7924 14.8492 -31.8443 10.9428 14.6987 -31.8443 11.3587 14.1421 -31.8443 11.7679 13.8679 -31.8443 12.0453 13.7619 -31.8443 12.2057 13.7061 -31.8443 12.3717 13.663 -31.8443 12.9043 13.3925 -31.8443 13.0248 13.3425 -31.8443 13.4595 12.7626 -31.8443 13.8692 12.5253 -31.8443 14.2992 12.255 -31.8443 14.2992 11.6557 -31.8443 14.3196 11.4296 -31.8443 14.3196 11.1978 -31.8443 14.326 11.1423 -31.8443 14.3312 10.9137 -31.8443 14.8737 10.5543 -31.8443 14.9366 10.4516 -31.8443 14.9366 9.34731 -31.8443 14.9546 9.14808 -31.8443 14.9559 7.91947 -31.8443 14.9678 7.75486 -31.8443 14.9688 6.49614 -31.8443 14.9771 6.35514 -31.8443 14.9779 5.07552 -31.8443 14.9839 4.95126 -31.8443 14.9845 4.16504 -31.8443 
23 28 0 -30.9443
2 26 30 
1
36
11.4683 -13.9257 -30.9443 11.9495 -14.0736 -30.9443 12.3476 -14.1807 -30.9443 12.4972 -14.2182 -30.9443 12.5284 -14.2266 -30.9443 12.6855 -14.2572 -30.9443 12.8272 -14.2903 -30.9443 13.4772 -14.2645 -30.9443 14.1859 -14.2702 -30.9443 14.2319 -14.2324 -30.9443 14.272 -14.1827 -30.9443 14.6052 -13.5882 -30.9443 14.7403 -13.155 -30.9443 14.7965 -12.9088 -30.9443 14.9007 -12.2294 -30.9443 14.934 -11.9332 -30.9443 14.9695 -11.55 -30.9443 15.0642 -9.96836 -30.9443 14.4861 -10.9109 -30.9443 14.4599 -11.1216 -30.9443 14.4399 -11.7492 -30.9443 14.4399 -12.2924 -30.9443 13.9737 -12.5255 -30.9443 13.6019 -12.6634 -30.9443 13.4429 -12.7279 -30.9443 13.2099 -12.8369 -30.9443 12.5596 -13.1621 -30.9443 12.343 -13.2318 -30.9443 11.9292 -13.3455 -30.9443 11.8356 -13.3841 -30.9443 11.2673 -13.8705 -30.9443 11.1453 -13.737 -30.9443 10.8381 -13.6882 -30.9443 10.4067 -13.6832 -30.9443 10.5569 -14.1421 -30.9443 10.5145 -14.1869 -30.9443 
23 29 0 -30.9443
2 27 31 
1
35
14.9695 11.5497 -30.9443 14.934 11.9329 -30.9443 14.9006 12.2291 -30.9443 14.7965 12.9085 -30.9443 14.7402 13.1546 -30.9443 14.6049 13.5879 -30.9443 14.2794 14.1877 -30.9443 14.2227 14.2343 -30.9443 14.1859 14.2781 -30.9443 12.8271 14.2789 -30.9443 12.5415 14.217 -30.9443 12.3708 14.1756 -30.9443 11.4683 13.9243 -30.9443 11.4422 13.9258 -30.9443 11.2614 13.9702 -30.9443 10.7527 14.1231 -30.9443 10.5126 14.1895 -30.9443 10.5575 14.1421 -30.9443 10.4063 13.6829 -30.9443 10.774 13.7218 -30.9443 11.1453 13.7387 -30.9443 11.2666 13.8717 -30.9443 11.3703 13.8087 -30.9443 11.9292 13.3455 -30.9443 12.4927 13.1929 -30.9443 12.5254 13.1762 -30.9443 12.5595 13.1621 -30.9443 13.2099 12.8369 -30.9443 13.6018 12.6634 -30.9443 13.9737 12.5254 -30.9443 14.4398 12.2924 -30.9443 14.4398 11.7493 -30.9443 14.4637 11.5816 -30.9443 14.4861 10.911 -30.9443 15.0642 9.9683 -30.9443 
24 30 0 -30.0443
2 28 32 
1
40
9.58031 -14.1489 -30.0443 10.0653 -13.5882 -30.0443 10.2227 -13.4742 -30.0443 10.2833 -13.4435 -30.0443 10.5683 -13.3626 -30.0443 10.6598 -13.3753 -30.0443 10.7442 -13.4071 -30.0443 11.3341 -13.5828 -30.0443 11.9272 -13.7882 -30.0443 12.0075 -13.7922 -30.0443 12.104 -13.8043 -30.0443 12.7315 -13.8335 -30.0443 12.7628 -13.838 -30.0443 13.286 -13.8201 -30.0443 13.4601 -13.6085 -30.0443 13.4774 -13.5882 -30.0443 13.7128 -13.1509 -30.0443 13.7933 -12.9088 -30.0443 13.9379 -12.2294 -30.0443 13.9767 -11.9786 -30.0443 14.0258 -11.55 -30.0443 14.0343 -11.4545 -30.0443 13.5459 -11.6035 -30.0443 13.1345 -11.8071 -30.0443 13.0738 -11.8312 -30.0443 12.816 -11.9221 -30.0443 12.6763 -11.9853 -30.0443 12.5723 -12.0208 -30.0443 12.4108 -12.7279 -30.0443 12.1299 -12.8511 -30.0443 11.6595 -13.0863 -30.0443 11.5837 -13.1175 -30.0443 11.5242 -13.1684 -30.0443 11.449 -13.0862 -30.0443 10.9328 -12.7638 -30.0443 10.2453 -12.9147 -30.0443 10.2284 -12.9207 -30.0443 9.93816 -13.2533 -30.0443 9.7125 -13.435 -30.0443 9.63447 -13.915 -30.0443 
24 31 0 -30.0443
2 29 33 
1
37
9.71207 13.435 -30.0443 10.2283 12.9207 -30.0443 10.2453 12.9147 -30.0443 10.4815 12.8539 -30.0443 10.9328 12.7637 -30.0443 11.4492 13.0862 -30.0443 11.5242 13.1684 -30.0443 11.6595 13.0862 -30.0443 12.1298 12.851 -30.0443 12.2327 12.8147 -30.0443 12.4104 12.7279 -30.0443 12.5719 12.0208 -30.0443 12.816 11.922 -30.0443 13.0737 11.8311 -30.0443 13.1345 11.807 -30.0443 13.5462 11.6032 -30.0443 14.0342 11.4544 -30.0443 14.0257 11.5497 -30.0443 13.9766 11.9783 -30.0443 13.9379 12.2291 -30.0443 13.7932 12.9085 -30.0443 13.7126 13.1505 -30.0443 13.4795 13.5879 -30.0443 13.2956 13.8007 -30.0443 13.2859 13.8111 -30.0443 12.8142 13.8356 -30.0443 12.1219 13.805 -30.0443 12.1046 13.8036 -30.0443 11.9271 13.7867 -30.0443 10.7182 13.4251 -30.0443 10.6454 13.3995 -30.0443 10.6418 13.3989 -30.0443 10.5683 13.3884 -30.0443 10.3063 13.4594 -30.0443 10.1077 13.5879 -30.0443 9.57794 14.1573 -30.0443 9.63422 13.9148 -30.0443 
25 32 0 -29.1443
1 30 
1
38
10.5685 -12.9948 -29.1443 10.7162 -13.0153 -29.1443 11.0271 -13.1325 -29.1443 11.4169 -13.1779 -29.1443 11.9191 -13.2127 -29.1443 12.1848 -13.2259 -29.1443 12.3859 -13.2512 -29.1443 12.3917 -13.2472 -29.1443 12.5646 -13.0614 -29.1443 12.6506 -12.9088 -29.1443 12.7586 -12.619 -29.1443 12.9155 -12.2294 -29.1443 12.9779 -11.9949 -29.1443 13.0491 -11.55 -29.1443 13.0724 -11.3609 -29.1443 13.0248 -11.3845 -29.1443 12.9806 -11.402 -29.1443 12.1737 -11.8054 -29.1443 12.1708 -11.8067 -29.1443 12.147 -11.8148 -29.1443 11.6983 -11.8214 -29.1443 11.5795 -11.8255 -29.1443 10.7595 -12.0782 -29.1443 10.4356 -12.0471 -29.1443 9.85686 -12.02 -29.1443 9.85517 -12.0199 -29.1443 9.85443 -12.0199 -29.1443 9.85424 -12.0208 -29.1443 9.85326 -12.022 -29.1443 9.44685 -12.7038 -29.1443 9.34528 -12.843 -29.1443 9.20107 -12.9721 -29.1443 9.14723 -13.2643 -29.1443 9.24018 -13.2068 -29.1443 9.66835 -12.8947 -29.1443 9.98205 -12.9098 -29.1443 10.3143 -12.9886 -29.1443 10.5432 -12.9908 -29.1443 
25 33 0 -29.1443
2 31 34 
1
30
13.0492 11.5497 -29.1443 12.978 11.9946 -29.1443 12.9155 12.2291 -29.1443 12.7577 12.6194 -29.1443 12.6496 12.9085 -29.1443 12.5647 13.0612 -29.1443 12.559 13.065 -29.1443 12.3859 13.2507 -29.1443 11.0271 13.131 -29.1443 10.713 13.0206 -29.1443 10.6638 13.0126 -29.1443 10.5518 12.9966 -29.1443 10.3121 12.9899 -29.1443 10.2613 12.9814 -29.1443 9.98006 12.9129 -29.1443 9.66834 12.899 -29.1443 9.4908 13.0073 -29.1443 9.14807 13.2548 -29.1443 9.20057 12.9718 -29.1443 9.34528 12.8423 -29.1443 9.85267 12.023 -29.1443 9.85425 12.0208 -29.1443 9.85444 12.0199 -29.1443 10.7595 12.0781 -29.1443 11.5793 11.8254 -29.1443 12.1471 11.8148 -29.1443 12.1738 11.8054 -29.1443 12.9805 11.402 -29.1443 13.0247 11.3844 -29.1443 13.0724 11.3608 -29.1443 
26 34 0 -28.2443
1 33 
1
30
9.85951 11.0135 -28.2443 10.0149 10.9751 -28.2443 10.5736 10.6951 -28.2443 10.6013 10.7158 -28.2443 11.2738 11.052 -28.2443 11.3393 11.0192 -28.2443 11.3393 10.566 -28.2443 12.2039 10.3081 -28.2443 12.1556 10.7767 -28.2443 12.1388 10.8703 -28.2443 11.995 11.5497 -28.2443 11.884 11.9434 -28.2443 11.6014 12.3621 -28.2443 11.486 12.5552 -28.2443 10.8792 12.4732 -28.2443 10.7605 12.499 -28.2443 10.1907 12.3533 -28.2443 10.1625 12.3423 -28.2443 10.1603 12.3415 -28.2443 10.1271 12.3332 -28.2443 9.89456 12.3302 -28.2443 8.76833 12.2699 -28.2443 8.71354 12.3097 -28.2443 8.69803 12.3192 -28.2443 8.8176 12.0646 -28.2443 8.82297 12.064 -28.2443 8.85406 12.0208 -28.2443 8.87019 11.9399 -28.2443 9.05786 11.3137 -28.2443 9.4642 11.1076 -28.2443 
35 35 0 -20.1443
1 36 
1
52
-7.14322 -3.53478 -20.1443 -7.14278 -3.53509 -20.1443 -6.7577 -3.73223 -20.1443 -6.72579 -3.74351 -20.1443 -5.97165 -4.12057 -20.1443 -5.89979 -4.17145 -20.1443 -5.76077 -4.24264 -20.1443 -5.72752 -4.53733 -20.1443 -5.35035 -5.09548 -20.1443 -5.31153 -5.1159 -20.1443 -5.10032 -5.25421 -20.1443 -4.28119 -5.66926 -20.1443 -4.204 -5.69909 -20.1443 -3.89737 -5.86055 -20.1443 -3.87575 -5.87471 -20.1443 -3.04271 -6.29216 -20.1443 -3.00044 -6.32209 -20.1443 -2.57738 -6.53868 -20.1443 -2.48318 -6.57194 -20.1443 -1.87114 -6.87795 -20.1443 -1.75745 -6.95843 -20.1443 -1.53748 -7.07106 -20.1443 -1.4849 -7.5373 -20.1443 -1.46952 -7.77817 -20.1443 -1.26463 -7.86326 -20.1443 -1.06893 -7.96632 -20.1443 -0.96877 -8.03191 -20.1443 -0.321825 -8.35971 -20.1443 -0.081553 -8.44095 -20.1443 -0.0765556 -8.48528 -20.1443 -0.0469511 -8.49714 -20.1443 0.388579 -8.7149 -20.1443 0.388464 -8.70671 -20.1443 0.210731 -7.90702 -20.1443 0.149785 -7.51668 -20.1443 -0.690458 -6.89217 -20.1443 -0.784724 -6.81866 -20.1443 -1.16079 -6.61425 -20.1443 -1.82382 -6.1946 -20.1443 -1.93855 -6.16498 -20.1443 -2.04929 -6.0519 -20.1443 -2.83782 -5.55282 -20.1443 -3.128 -5.47791 -20.1443 -3.40811 -5.19188 -20.1443 -3.85184 -4.91104 -20.1443 -4.31747 -4.79084 -20.1443 -4.76695 -4.33186 -20.1443 -4.877 -4.27714 -20.1443 -5.54568 -4.16991 -20.1443 -6.11716 -3.79526 -20.1443 -6.12573 -3.79226 -20.1443 -7.1623 -3.50223 -20.1443 
36 36 0 -19.2443
2 35 37 
1
54
-7.9841 -3.1672 -19.2443 -7.96057 -3.53553 -19.2443 -7.88134 -3.56844 -19.2443 -6.94966 -4.03429 -19.2443 -6.85863 -4.09389 -19.2443 -6.36462 -4.3442 -19.2443 -6.2116 -4.40335 -19.2443 -5.77808 -4.62008 -19.2443 -5.19229 -5.62008 -19.2443 -5.17623 -5.6306 -19.2443 -4.83912 -5.80144 -19.2443 -4.79739 -5.81756 -19.2443 -4.02071 -6.20587 -19.2443 -3.95165 -6.25109 -19.2443 -3.50358 -6.47812 -19.2443 -3.3831 -6.52467 -19.2443 -2.84914 -6.79167 -19.2443 -2.72708 -6.87159 -19.2443 -2.3334 -7.07107 -19.2443 -2.29033 -7.74561 -19.2443 -2.289 -7.77817 -19.2443 -2.26112 -7.79007 -19.2443 -2.13322 -7.85672 -19.2443 -1.09178 -8.37745 -19.2443 -1.04467 -8.4083 -19.2443 -0.642558 -8.61204 -19.2443 -0.554687 -8.64599 -19.2443 0.0797903 -8.96324 -19.2443 0.179896 -9.0288 -19.2443 0.220029 -9.0491 -19.2443 0.546697 -8.43356 -19.2443 0.472617 -7.92478 -19.2443 0.250814 -7.59916 -19.2443 -0.168657 -7.01944 -19.2443 -0.231688 -6.98554 -19.2443 -0.883167 -6.81736 -19.2443 -1.26013 -6.43243 -19.2443 -1.59049 -6.25475 -19.2443 -2.07263 -6.13028 -19.2443 -2.3516 -5.8454 -19.2443 -2.94929 -5.52396 -19.2443 -3.26209 -5.44321 -19.2443 -3.44308 -5.25839 -19.2443 -4.3081 -4.79316 -19.2443 -4.45155 -4.75613 -19.2443 -4.53456 -4.67137 -19.2443 -5.45918 -4.17409 -19.2443 -5.56952 -4.10872 -19.2443 -5.61792 -4.07864 -19.2443 -5.63468 -4.07086 -19.2443 -5.66688 -4.05817 -19.2443 -6.50986 -3.70887 -19.2443 -6.85673 -3.59581 -19.2443 -7.62337 -3.37673 -19.2443 
37 37 0 -18.3443
2 36 38 
1
46
-8.80374 -3.53553 -18.3443 -8.6938 -3.58247 -18.3443 -7.94215 -3.95829 -18.3443 -7.84357 -4.01974 -18.3443 -7.26915 -4.30937 -18.3443 -7.11154 -4.37359 -18.3443 -6.77058 -4.54408 -18.3443 -6.62995 -4.63174 -18.3443 -5.99925 -4.94975 -18.3443 -5.97038 -5.65686 -18.3443 -5.89434 -5.68931 -18.3443 -5.01321 -6.12988 -18.3443 -4.93207 -6.18044 -18.3443 -4.41494 -6.44121 -18.3443 -4.28312 -6.49491 -18.3443 -3.84164 -6.71566 -18.3443 -3.71844 -6.79242 -18.3443 -3.16589 -7.07107 -18.3443 -3.13702 -7.77817 -18.3443 -3.09488 -7.79616 -18.3443 -2.08429 -8.30142 -18.3443 -2.02056 -8.34114 -18.3443 -1.56067 -8.57304 -18.3443 -1.45472 -8.61623 -18.3443 -0.912719 -8.88722 -18.3443 -0.806927 -8.95314 -18.3443 -0.208824 -9.25478 -18.3443 -0.056425 -9.31685 -18.3443 0.176631 -8.89429 -18.3443 0.282345 -8.69575 -18.3443 0.235073 -7.57685 -18.3443 0.227167 -7.56308 -18.3443 0.168494 -7.47607 -18.3443 0.14041 -7.43726 -18.3443 -0.213796 -7.24676 -18.3443 -0.324281 -7.18131 -18.3443 -3.94975 -4.89183 -18.3443 -5.00257 -4.27989 -18.3443 -5.20811 -4.20985 -18.3443 -6.25307 -3.80534 -18.3443 -7.54236 -3.43618 -18.3443 -7.61523 -3.40969 -18.3443 -7.72291 -3.35204 -18.3443 -7.92574 -3.26534 -18.3443 -8.57041 -3.01571 -18.3443 -8.82508 -3.01168 -18.3443 
38 38 0 -17.4443
2 37 39 
1
62
-9.67841 -2.95057 -17.4443 -9.66247 -3.53553 -17.4443 -9.5379 -3.58985 -17.4443 -8.94236 -3.88773 -17.4443 -8.84046 -3.9491 -17.4443 -8.17032 -4.28615 -17.4443 -8.01156 -4.35313 -17.4443 -7.77079 -4.47352 -17.4443 -7.63406 -4.55587 -17.4443 -6.85095 -4.94975 -17.4443 -6.83088 -5.65685 -17.4443 -6.73309 -5.69947 -17.4443 -6.01342 -6.05931 -17.4443 -5.92595 -6.11198 -17.4443 -5.32056 -6.41647 -17.4443 -5.18313 -6.47445 -17.4443 -4.84185 -6.6451 -17.4443 -4.71955 -6.71876 -17.4443 -4.0191 -7.07107 -17.4443 -3.99903 -7.77817 -17.4443 -3.92805 -7.80911 -17.4443 -3.08449 -8.23089 -17.4443 -3.01145 -8.27487 -17.4443 -2.47077 -8.54679 -17.4443 -2.35472 -8.59577 -17.4443 -1.91292 -8.81668 -17.4443 -1.80504 -8.88165 -17.4443 -1.10808 -9.23216 -17.4443 -0.940523 -9.30287 -17.4443 -0.741342 -9.40247 -17.4443 -0.598639 -9.48842 -17.4443 -0.201957 -9.6879 -17.4443 -0.200576 -9.67359 -17.4443 -0.198208 -9.35169 -17.4443 0.331043 -8.36707 -17.4443 0.334927 -8.30717 -17.4443 0.328327 -7.94078 -17.4443 0.323189 -7.93557 -17.4443 -0.0589483 -7.46977 -17.4443 -0.236005 -6.98104 -17.4443 -0.444536 -6.90015 -17.4443 -0.672896 -6.6141 -17.4443 -1.15983 -6.2755 -17.4443 -1.61856 -6.18673 -17.4443 -2.03171 -5.6692 -17.4443 -2.12867 -5.60178 -17.4443 -2.79258 -5.47331 -17.4443 -3.18084 -4.98697 -17.4443 -3.39051 -4.87136 -17.4443 -3.96661 -4.75988 -17.4443 -4.41716 -4.50234 -17.4443 -4.7493 -4.41266 -17.4443 -5.69994 -4.10255 -17.4443 -5.74691 -4.0838 -17.4443 -5.95388 -3.95609 -17.4443 -6.10812 -3.86474 -17.4443 -6.67595 -3.60031 -17.4443 -7.20197 -3.48894 -17.4443 -7.46693 -3.28556 -17.4443 -8.07069 -3.00937 -17.4443 -8.8257 -3.0013 -17.4443 -9.56692 -2.97349 -17.4443 
39 39 0 -16.5443
2 38 40 
1
59
-10.5428 -2.82739 -16.5443 -10.5425 -2.82757 -16.5443 -10.5408 -2.82843 -16.5443 -10.5407 -2.83093 -16.5443 -10.3258 -3.17145 -16.5443 -8.91159 -4.17393 -16.5443 -8.77557 -4.40622 -16.5443 -8.64245 -4.48439 -16.5443 -7.69988 -4.95772 -16.5443 -7.61033 -4.99644 -16.5443 -7.4973 -5.17411 -16.5443 -4.70494 -7.14859 -16.5443 -4.67544 -7.16379 -16.5443 -4.66889 -7.17409 -16.5443 -1.84048 -9.17407 -16.5443 -1.74614 -9.33511 -16.5443 -1.6079 -9.41632 -16.5443 -0.636369 -9.90422 -16.5443 -0.583352 -9.92714 -16.5443 -0.426263 -10.1741 -16.5443 -0.241334 -10.4898 -16.5443 -0.214037 -10.4615 -16.5443 -0.0864448 -10.2293 -16.5443 -0.0768708 -10.1912 -16.5443 -0.0666355 -10.1671 -16.5443 -0.0485429 -8.84368 -16.5443 -0.0528488 -8.83239 -16.5443 -0.0487611 -8.82094 -16.5443 0.172178 -8.15299 -16.5443 0.281183 -7.69544 -16.5443 0.202475 -7.30736 -16.5443 -0.12602 -6.94545 -16.5443 -0.214063 -6.86061 -16.5443 -0.508814 -6.74627 -16.5443 -0.659199 -6.5579 -16.5443 -1.57291 -6.05412 -16.5443 -1.68284 -6.03285 -16.5443 -1.73893 -5.96259 -16.5443 -3.81876 -4.7963 -16.5443 -4.29045 -4.51072 -16.5443 -4.82043 -4.27998 -16.5443 -5.36009 -4.15749 -16.5443 -5.64931 -3.96815 -16.5443 -6.16439 -3.65662 -16.5443 -7.00815 -3.36732 -16.5443 -7.25491 -3.31571 -16.5443 -7.42224 -3.18726 -16.5443 -8.18228 -3.03384 -16.5443 -8.26185 -3.01343 -16.5443 -8.31448 -2.99713 -16.5443 -9.7257 -2.9748 -16.5443 -10.5335 -2.76588 -16.5443 -10.6257 -2.7348 -16.5443 -10.8434 -2.60483 -16.5443 -11.0845 -2.48299 -16.5443 -11.6288 -2.27202 -16.5443 -11.6332 -2.27196 -16.5443 -11.5601 -2.31619 -16.5443 -11.538 -2.32786 -16.5443 
40 40 0 -15.6443
2 39 41 
1
55
-8.61715 -4.93577 -15.6443 -8.40921 -5.04018 -15.6443 -8.39737 -5.0453 -15.6443 -5.10645 -6.69074 -15.6443 -4.52066 -7.69073 -15.6443 -2.17751 -8.86232 -15.6443 -1.59172 -9.86231 -15.6443 -1.58261 -9.86767 -15.6443 -1.34563 -9.98667 -15.6443 -1.32624 -9.99505 -15.6443 -0.526289 -10.395 -15.6443 -0.475066 -10.1912 -15.6443 -0.226428 -9.60586 -15.6443 -0.224407 -9.51179 -15.6443 -0.220251 -9.42209 -15.6443 -0.445127 -8.83239 -15.6443 -0.23938 -8.25625 -15.6443 -0.245394 -8.04548 -15.6443 -0.310715 -7.47359 -15.6443 -0.576906 -7.13611 -15.6443 -0.733663 -6.79418 -15.6443 -0.87348 -6.68504 -15.6443 -1.11408 -6.45328 -15.6443 -1.34666 -6.32158 -15.6443 -1.40954 -6.28099 -15.6443 -2.30195 -5.63829 -15.6443 -5.19044 -4.01205 -15.6443 -5.40138 -3.96438 -15.6443 -5.55627 -3.86297 -15.6443 -6.43154 -3.67122 -15.6443 -6.54929 -3.63762 -15.6443 -6.94652 -3.48726 -15.6443 -7.06328 -3.42375 -15.6443 -7.90809 -3.04023 -15.6443 -8.07041 -2.98996 -15.6443 -9.35406 -2.96351 -15.6443 -9.73804 -2.91394 -15.6443 -9.93752 -2.88458 -15.6443 -10.2902 -2.79844 -15.6443 -10.6257 -2.48362 -15.6443 -10.9935 -2.27239 -15.6443 -12.2623 -2.26585 -15.6443 -12.2795 -2.37931 -15.6443 -12.2304 -2.414 -15.6443 -12.2271 -2.41628 -15.6443 -12.2187 -2.42223 -15.6443 -11.5457 -2.75873 -15.6443 -11.5294 -2.76862 -15.6443 -11.392 -2.84056 -15.6443 -11.2553 -2.9092 -15.6443 -11.2257 -2.92207 -15.6443 -10.9316 -3.06913 -15.6443 -10.9309 -3.06948 -15.6443 -9.20681 -3.93331 -15.6443 -8.6212 -4.93333 -15.6443 
41 41 0 -14.7443
2 40 42 
1
36
-10.351 -3.10651 -14.7443 -10.3506 -3.10683 -14.7443 -2.35849 -8.75807 -14.7443 -2.35833 -8.75818 -14.7443 -1.25567 -9.53791 -14.7443 -1.15123 -9.48617 -14.7443 -1.10584 -8.15947 -14.7443 -1.12541 -7.47359 -14.7443 -1.25121 -6.89051 -14.7443 -1.26224 -6.79418 -14.7443 -1.40212 -6.59114 -14.7443 -1.76342 -6.16874 -14.7443 -1.91864 -6.00364 -14.7443 -2.01408 -5.937 -14.7443 -3.00213 -5.41095 -14.7443 -3.37284 -5.18421 -14.7443 -3.45734 -5.13793 -14.7443 -5.08688 -4.16751 -14.7443 -5.20402 -4.1069 -14.7443 -6.09046 -3.73613 -14.7443 -6.31011 -3.67361 -14.7443 -7.44933 -3.24907 -14.7443 -7.55955 -3.19833 -14.7443 -7.80925 -3.15428 -14.7443 -8.34751 -3.03884 -14.7443 -8.56283 -2.97992 -14.7443 -9.04211 -2.97247 -14.7443 -9.13496 -2.95347 -14.7443 -10.1669 -2.61966 -14.7443 -10.3182 -2.5827 -14.7443 -10.4102 -2.4964 -14.7443 -11.2924 -2.31529 -14.7443 -11.297 -2.33583 -14.7443 -11.2972 -2.3366 -14.7443 -11.2975 -2.33809 -14.7443 -11.3169 -2.42356 -14.7443 
42 42 0 -13.8443
2 41 43 
1
29
-2.19683 -8.23599 -13.8443 -2.1963 -8.23635 -13.8443 -2.15568 -8.26511 -13.8443 -2.06857 -8.2221 -13.8443 -2.06845 -8.22203 -13.8443 -2.05115 -8.21349 -13.8443 -2.00586 -6.88664 -13.8443 -2.01645 -6.79418 -13.8443 -2.05582 -6.73704 -13.8443 -2.33284 -6.11478 -13.8443 -2.45728 -6.02786 -13.8443 -2.6922 -5.82818 -13.8443 -2.83216 -5.65452 -13.8443 -2.91405 -5.55808 -13.8443 -3.55438 -5.07906 -13.8443 -5.6317 -3.88285 -13.8443 -5.67778 -3.86291 -13.8443 -6.4872 -3.71791 -13.8443 -6.72498 -3.66101 -13.8443 -6.9905 -3.59137 -13.8443 -7.13448 -3.53416 -13.8443 -7.1915 -3.502 -13.8443 -7.93082 -3.15688 -13.8443 -8.28114 -2.98611 -13.8443 -8.34926 -2.9766 -13.8443 -9.45088 -2.98104 -13.8443 -9.46876 -3.09396 -13.8443 -9.46279 -3.09819 -13.8443 -9.46264 -3.09831 -13.8443 
43 43 0 -12.9443
1 42 
1
24
-3.24706 -6.85695 -12.9443 -3.24634 -6.85748 -12.9443 -3.05574 -6.99223 -12.9443 -2.95117 -6.94067 -12.9443 -2.94617 -6.79418 -12.9443 -2.97161 -6.66215 -12.9443 -3.0118 -6.11478 -12.9443 -3.3264 -5.55423 -12.9443 -3.36785 -5.43538 -12.9443 -3.71638 -5.216 -12.9443 -3.8141 -5.142 -12.9443 -4.29636 -4.8813 -12.9443 -4.52388 -4.74436 -12.9443 -5.17288 -4.28338 -12.9443 -5.28213 -4.21953 -12.9443 -5.32882 -4.1944 -12.9443 -6.01034 -3.89695 -12.9443 -6.45492 -3.68999 -12.9443 -6.53164 -3.68284 -12.9443 -6.64412 -3.64422 -12.9443 -7.73937 -3.23943 -12.9443 -7.89047 -3.1758 -12.9443 -8.36761 -3.11064 -12.9443 -8.3902 -3.22019 -12.9443 
