46
1
4
0 50.8 0 0 10.042 0 50.8 10.0338 0 50.8 50.8 0 
1
4
50.8 10.0346 0.9 50.8 50.8 0.9 0 50.8 0.9 0 10.043 0.9 
1
4
0 10.0441 1.8 0 50.8 1.8 50.8 50.8 1.8 50.8 10.0354 1.8 
1
4
50.8 10.0362 2.7 50.8 50.8 2.7 0 50.8 2.7 0 10.0452 2.7 
1
4
50.8 10.0371 3.6 50.8 50.8 3.6 0 50.8 3.6 0 10.0463 3.6 
1
4
0 10.0475 4.5 50.8 10.0379 4.5 50.8 50.8 4.5 0 50.8 4.5 
1
4
0 10.0487 5.4 50.8 10.0388 5.4 50.8 50.8 5.4 0 50.8 5.4 
1
4
0 10.0498 6.3 50.8 10.0397 6.3 50.8 50.8 6.3 0 50.8 6.3 
1
4
50.8 10.0406 7.2 50.8 50.8 7.2 0 50.8 7.2 0 10.0511 7.2 
1
4
50.8 10.0415 8.1 50.8 50.8 8.1 0 50.8 8.1 0 10.0523 8.1 
1
4
0 50.8 9 50.8 50.8 9 50.8 10.0424 9 1.77636e-015 10.0534 9 
1
4
0 10.0545 9.9 0 50.8 9.9 50.8 50.8 9.9 50.8 10.0433 9.9 
1
4
0 10.0556 10.8 50.8 10.0441 10.8 50.8 50.8 10.8 0 50.8 10.8 
1
4
0 10.0566 11.7 50.8 10.0449 11.7 50.8 50.8 11.7 0 50.8 11.7 
1
6
0 10.0575 12.6 21 10.2646 12.6 24 10.2366 12.6 50.8 10.0457 12.6 50.8 50.8 12.6 0 50.8 12.6 
1
9
0 10.0584 13.5 16 10.2149 13.5 19 10.2908 13.5 21 10.3277 13.5 24 10.2848 13.5 24.5 10.2642 13.5 50.8 10.0465 13.5 50.8 50.8 13.5 0 50.8 13.5 
2
23
0 10.0594 14.4 15 10.2136 14.4 16 10.2461 14.4 16.4 10.2677 14.4 17 10.2899 14.4 17.4 10.3167 14.4 18 10.335 14.4 18.4 10.3529 14.4 19 10.3687 14.4 19.4 10.3944 14.4 21 10.4303 14.4 23 10.3899 14.4 23.4 10.368 14.4 24 10.3548 14.4 24.4 10.3273 14.4 25 10.3026 14.4 27 10.2645 14.4 27.4 10.25 14.4 28 10.239 14.4 28.4 10.2225 14.4 50.8 10.0473 14.4 50.8 50.8 14.4 0 50.8 14.4 
61
17 17.412 14.4 17.3492 17 14.4 18 16.0428 14.4 18.035 16 14.4 18.4945 15.4945 14.4 18.8663 15 14.4 19 14.8528 14.4 19.4595 14.4595 14.4 20 14.1075 14.4 20.2524 14 14.4 20.8074 13.8074 14.4 21 13.7024 14.4 21.7864 13.7864 14.4 22 13.8547 14.4 22.8568 14 14.4 23 14.0431 14.4 23.3733 15 14.4 23.5265 15.5265 14.4 23.6833 16 14.4 23.7809 16.3951 14.4 23.9966 17 14.4 23.997 17.0062 14.4 24 17.0169 14.4 24.2108 18 14.4 24.2119 18.2119 14.4 24 18.8014 14.4 23.9131 19 14.4 23.3891 19.3891 14.4 23 19.8181 14.4 22.7664 20 14.4 22 20.6231 14.4 21.2814 21 14.4 20.3655 21.3655 14.4 19.0842 21.9158 14.4 19 21.9537 14.4 18.9359 21.9786 14.4 18.887 22 14.4 18 22.3041 14.4 17.0904 23 14.4 17 23.2007 14.4 16.5995 24 14.4 16.2498 25.2498 14.4 16 25.3513 14.4 15.1468 25.1468 14.4 15 25.1041 14.4 14.9234 25 14.4 14.899 24.899 14.4 14.4464 24 14.4 14.382 23.4775 14.4 14.3024 23 14.4 14.364 22.5863 14.4 14.3474 22 14.4 14.488 21.512 14.4 14.7289 21 14.4 15 20.506 14.4 15.3896 20 14.4 15.7876 19.2124 14.4 15.918 19 14.4 15.9843 18.8881 14.4 16 18.8594 14.4 16.6902 18 14.4 
3
32
0 10.0603 15.3 14 10.2106 15.3 15 10.2441 15.3 15.3 10.2607 15.3 16 10.2877 15.3 16.3 10.3126 15.3 17 10.3503 15.3 17.3 10.3921 15.3 18 10.439 15.3 18.3 10.4762 15.3 19 10.5075 15.3 19.3 10.5534 15.3 20.3 10.616 15.3 21 10.6309 15.3 21.3 10.6086 15.3 22 10.5847 15.3 22.3 10.5688 15.3 23 10.555 15.3 23.3 10.5052 15.3 24 10.4668 15.3 24.3 10.4393 15.3 25 10.3913 15.3 25.3 10.3786 15.3 26 10.3637 15.3 26.3 10.351 15.3 27 10.3376 15.3 27.3 10.3122 15.3 28 10.2868 15.3 28.3 10.2654 15.3 50.8 10.0479 15.3 50.8 50.8 15.3 0 50.8 15.3 
83
13.9878 20.8517 15.3 13.9224 21 15.3 13.843 21.208 15.3 13.6653 21.7 15.3 13.5938 22 15.3 13.5474 22.7 15.3 13.5018 23 15.3 13.6098 23.7 15.3 13.6104 24 15.3 13.7218 24.7 15.3 13.8253 25 15.3 13.9336 25.3 15.3 13.9987 25.8069 15.3 14 25.8151 15.3 14.0788 26 15.3 14.1931 26.066 15.3 14.7 26.3925 15.3 15 26.7961 15.3 15.553 27 15.3 16 27.1933 15.3 16.2715 27.2715 15.3 17 27.4614 15.3 17.1706 27.2632 15.3 17.1598 27 15.3 17.1821 26.8748 15.3 17.3127 26.3 15.3 17.2759 26 15.3 17.4198 25.7 15.3 17.678 25 15.3 17.8725 24.3 15.3 17.9937 24.1732 15.3 18.0768 24 15.3 18.1331 23.6802 15.3 18.2992 23.3 15.3 18.4661 23.0893 15.3 18.6418 23 15.3 19 22.8099 15.3 19.3488 22.7364 15.3 20 22.5671 15.3 20.0927 22.5346 15.3 20.3 22.4716 15.3 21 22.2936 15.3 21.3 22.2021 15.3 22 22.015 15.3 22.0197 22 15.3 22.1919 21.8047 15.3 22.836 21.3 15.3 22.9441 21.1981 15.3 23 21.1618 15.3 23.1729 21 15.3 23.2117 20.9502 15.3 24 20.2217 15.3 24.2471 20.0041 15.3 24.9471 19.3484 15.3 25 19.3017 15.3 25.2725 19 15.3 25.2775 18.3 15.3 25.4722 18 15.3 25.23 17.23 15.3 25.1746 17 15.3 25 16.3898 15.3 24.9512 16.2006 15.3 24.888 16 15.3 24.83 15.3046 15.3 24.7538 15 15.3 24.5668 14.536 15.3 24.4727 14 15.3 24 13.5212 15.3 23.4624 13 15.3 23 12.578 15.3 22.5007 12.5007 15.3 22 12.4018 15.3 21.2701 12.2202 15.3 21 12.1476 15.3 20.4892 12.2674 15.3 20 12.4242 15.3 19 12.9784 15.3 18 13.9005 15.3 17.9902 13.915 15.3 17.9367 14 15.3 15 18.9641 15.3 14.964 19.036 15.3 14 20.8265 15.3 
40
22.9183 33.9183 15.3 23 33.7299 15.3 23.3736 33 15.3 25 31.8085 15.3 26 31.1903 15.3 26.2226 31.2088 15.3 27 31.2883 15.3 27.3144 31.3144 15.3 28 31.4253 15.3 28.9435 32 15.3 29 32.0926 15.3 29.5352 33 15.3 29.9055 34 15.3 30 34.2521 15.3 30.1605 35 15.3 30.1425 35.1425 15.3 30.1917 36 15.3 30 36.3991 15.3 29.2424 37.2424 15.3 29 37.5706 15.3 28.2258 38.2258 15.3 28 38.3977 15.3 27.2929 39 15.3 27.1385 39.1385 15.3 27 39.2431 15.3 26.2021 39.2021 15.3 26 39.1872 15.3 25.3919 39 15.3 25 38.8608 15.3 24.6102 38.6102 15.3 24 38.2423 15.3 23.6614 38 15.3 23.1517 37.1517 15.3 23.0463 37 15.3 23 36.8386 15.3 22.8057 36 15.3 22.8326 35.8326 15.3 22.7044 35 15.3 22.7771 34.7771 15.3 22.8951 34 15.3 
2
135
0 10.0613 16.2 13 10.2025 16.2 13.2 10.2122 16.2 14 10.2386 16.2 14.2 10.2516 16.2 15 10.2846 16.2 15.2 10.3017 16.2 16 10.3459 16.2 16.2 10.3747 16.2 17 10.441 16.2 17.2 10.5002 16.2 18 10.6116 16.2 18.8 10.7108 16.2 19 10.7834 16.2 19.9361 11 16.2 19.6649 11.2597 16.2 19 11.6105 16.2 18.9311 11.6649 16.2 18.5832 12 16.2 18 12.5444 16.2 17.6813 13 16.2 17.0597 14 16.2 16 15.7889 16.2 15.9596 15.8618 16.2 15.8861 16 16.2 15.7394 16.2606 16.2 15 17.5202 16.2 14.9387 17.6449 16.2 14.8584 17.8 16.2 14.7672 18 16.2 14.3694 18.8 16.2 14.2779 19 16.2 14 19.5734 16.2 13.9619 19.6639 16.2 13.8959 19.8 16.2 13.8218 20 16.2 13.4691 20.8 16.2 13.442 21 16.2 13.2515 21.8 16.2 13.1003 22.8 16.2 13.0874 23 16.2 13.0892 23.8 16.2 13.0855 24 16.2 13.3613 24.8 16.2 13.3869 25 16.2 13.6758 25.8 16.2 13.7587 26 16.2 13.8357 26.1628 16.2 14 26.5717 16.2 14.2462 26.9628 16.2 14.2645 27 16.2 14.399 27.2 16.2 14.5316 27.3233 16.2 15 27.7307 16.2 15.3741 28 16.2 15.6767 28.2563 16.2 15.8 28.3493 16.2 16 28.5361 16.2 16.9335 29 16.2 17 29.0521 16.2 17.0802 29 16.2 17.3072 28.6928 16.2 17.6787 28.2328 16.2 17.8869 28 16.2 17.7515 27.7062 16.2 17.7224 27 16.2 17.6855 26.9005 16.2 17.6589 26.8 16.2 17.5609 26 16.2 17.9445 25.2 16.2 17.9766 25 16.2 18.3601 24.2 16.2 18.3776 24 16.2 18.8228 23.4381 16.2 19 23.3572 16.2 19.2 23.3343 16.2 20 23.1636 16.2 20.2 23.143 16.2 20.7363 23 16.2 21 22.9198 16.2 21.2613 22.8448 16.2 22 22.6194 16.2 22.0481 22.5878 16.2 22.5598 22.2 16.2 22.7117 22.0764 16.2 23 21.805 16.2 23.0867 21.7283 16.2 23.6513 21.2 16.2 23.7646 21.1002 16.2 24 20.8807 16.2 25.1407 19.8756 16.2 25.7483 19.2 16.2 25.8075 19.1295 16.2 25.8937 19 16.2 26 18.8147 16.2 26.336 18.2 16.2 26.4153 18 16.2 26.3033 17.2 16.2 26.3494 17 16.2 26.3416 16.9678 16.2 26.3083 16.8 16.2 26.2471 16 16.2 26.2062 15.8 16.2 26.1217 15 16.2 26 14.2057 16.2 25.9983 14.199 16.2 25.937 14 16.2 25.1474 13.2157 16.2 25 13.0982 16.2 24.9031 13 16.2 24.1667 12.3026 16.2 24 12.1338 16.2 23.8608 12 16.2 23.2618 11.4847 16.2 23 11.2727 16.2 22 11.1198 16.2 21.5104 11 16.2 21.7077 10.9667 16.2 22.5153 10.9088 16.2 23 10.883 16.2 23.2299 10.8141 16.2 24 10.6863 16.2 24.112 10.6742 16.2 24.2 10.6592 16.2 25 10.5858 16.2 25.2 10.5589 16.2 26 10.5252 16.2 26.2 10.4902 16.2 27 10.4563 16.2 27.2 10.415 16.2 29 10.273 16.2 29.2 10.2616 16.2 50.8 10.0485 16.2 50.8 50.8 16.2 0 50.8 16.2 
52
23.7946 30.7946 16.2 24 30.6226 16.2 24.8523 30 16.2 25 29.933 16.2 25.109 29.891 16.2 26 29.623 16.2 26.6983 29.6315 16.2 27 29.5787 16.2 27.3381 29.6399 16.2 28 29.7451 16.2 28.7831 30 16.2 29 30.0794 16.2 29.3579 30.3579 16.2 30 30.8094 16.2 30.1515 31 16.2 31 31.9339 16.2 31.0471 32 16.2 31.0973 32.0973 16.2 31.6328 33 16.2 31.6721 33.5826 16.2 31.7488 34 16.2 31.7074 35 16.2 31.6514 35.4786 16.2 31.5801 36 16.2 30 39.2798 16.2 29.5049 40 16.2 29 40.384 16.2 28 40.8101 16.2 27.6367 40.948 16.2 27.1217 41.1217 16.2 27 41.1446 16.2 26.141 41.141 16.2 26 41.1612 16.2 25 40.9755 16.2 24.9289 40.9603 16.2 24 40.6958 16.2 23.0786 40 16.2 23 39.9177 16.2 22.262 39 16.2 22 38.6954 16.2 21.3182 38 16.2 21.1142 37.5124 16.2 20.8642 37 16.2 20.8529 36.8529 16.2 20.669 36 16.2 20.6935 34.6935 16.2 20.855 34 16.2 20.8642 33.8642 16.2 21.1079 33 16.2 22 32.0038 16.2 22.0045 32 16.2 23.4007 31 16.2 
1
199
0 10.0621 17.1 12 10.184 17.1 13 10.2195 17.1 14 10.2693 17.1 14.1 10.2793 17.1 15 10.3378 17.1 15.1 10.3533 17.1 16 10.4302 17.1 16.1 10.46 17.1 17 10.5896 17.1 17.9 10.8559 17.1 18 10.9106 17.1 18.2115 11 17.1 18 11.2345 17.1 17.4423 12 17.1 17 12.6461 17.1 16.7772 13 17.1 16 14.3172 17.1 15.9509 14.4257 17.1 15.6877 14.9 17.1 15.646 15 17.1 15.1674 15.9 17.1 15.1197 16 17.1 15 16.2338 17.1 14.9684 16.309 17.1 14.6924 16.9 17.1 14.6517 17 17.1 14.2415 17.9 17.1 14.1995 18 17.1 14 18.4474 17.1 13.8156 18.9 17.1 13.7815 19 17.1 13.4477 19.9 17.1 13.3126 20.9 17.1 13.2954 21 17.1 13.1626 21.9 17.1 13.0981 22.9 17.1 13.0781 24 17.1 13.1932 24.9 17.1 13.2079 25 17.1 13.5807 25.9 17.1 13.594 26 17.1 13.6535 26.0818 17.1 14.082 26.9818 17.1 14.1002 27 17.1 14.7056 27.9 17.1 14.7613 28 17.1 14.7874 28.0524 17.1 15 28.2604 17.1 15.7678 28.9524 17.1 15.8006 29 17.1 15.8678 29.0684 17.1 16.8666 29.9684 17.1 16.8965 30 17.1 16.9299 30.1852 17.1 16.8987 30.2862 17.1 17 30.8584 17.1 17.4165 30.5835 17.1 17.1104 31 17.1 17 31.0893 17.1 16.734 32 17.1 16.9 32.4657 17.1 17 32.8032 17.1 17.2968 32.5876 17.1 18 32.3081 17.1 18.9457 32.0543 17.1 19 32.0744 17.1 19.2493 32.3716 17.1 19.2891 33 17.1 19.2463 36.4008 17.1 19.2524 37 17.1 19.3466 37.1771 17.1 19.8069 38 17.1 19.8229 38.0164 17.1 19.9 38.1117 17.1 20 38.1905 17.1 20.826 39.033 17.1 20.9 39.119 17.1 21 39.2105 17.1 22 40.2316 17.1 22.6235 41 17.1 22.8178 41.1702 17.1 22.9 41.2639 17.1 23 41.3242 17.1 24.6666 42.0636 17.1 24.9 42.1538 17.1 25.167 42.2465 17.1 26 42.4866 17.1 26.1392 42.4694 17.1 27 42.3328 17.1 28.0685 42.1337 17.1 28.1618 42.1 17.1 28.1933 42.0945 17.1 28.4631 42 17.1 29 41.7879 17.1 30.0675 41.1093 17.1 30.0784 41.1 17.1 30.1109 41.0735 17.1 30.1784 41 17.1 31 40.0426 17.1 31.0338 40 17.1 32.9684 36 17.1 33.1087 35.1087 17.1 33.1099 35 17.1 33 34.2582 17.1 32.9959 34.2355 17.1 32.9625 34 17.1 32.7567 33 17.1 32.3617 32 17.1 32 31.2963 17.1 31.8012 31 17.1 31.0245 30 17.1 31 29.9823 17.1 30.9447 29.9447 17.1 30.6181 29.715 17.1 30 29.2382 17.1 29.3962 29 17.1 29 28.8721 17.1 28 28.556 17.1 27.8128 28.5157 17.1 27 28.418 17.1 26.8616 28.4431 17.1 26 28.582 17.1 25.9 28.6177 17.1 25 28.9001 17.1 24.7186 29 17.1 24 29.3006 17.1 23.8751 29.355 17.1 23 29.8371 17.1 22.9342 29.8751 17.1 22.7069 30 17.1 20.9793 31 17.1 20.8181 31.1148 17.1 20 31.6289 17.1 19.0294 31.9706 17.1 19 31.8568 17.1 18.5771 31.4487 17.1 18.6641 31 17.1 18.2719 30.2719 17.1 18.1114 30 17.1 18.0668 29.9332 17.1 18.1905 29.6312 17.1 18.5114 29 17.1 18.4568 28.9203 17.1 18.4479 28.9 17.1 18.5906 28 17.1 18.2186 27 17.1 18.1678 26.9 17.1 18 26.4473 17.1 17.8815 26 17.1 18 25.2335 17.1 18.0019 25.2247 17.1 18.0259 25.1 17.1 18.0755 25 17.1 18.1211 24.9 17.1 18.1995 24 17.1 18.9971 23.6362 17.1 19 23.633 17.1 21 23.4134 17.1 21.1 23.3968 17.1 22 23.1973 17.1 22.1 23.1527 17.1 22.3352 23 17.1 23 22.4591 17.1 25.7917 20 17.1 26 19.7521 17.1 26.4154 19.1 17.1 26.4595 19 17.1 26.8165 18.1 17.1 26.8482 18 17.1 27.0477 17.1 17.1 27.0589 17 17.1 27.0502 16.9 17.1 27 16.6168 17.1 26.8776 16 17.1 26.8579 15.8531 17.1 26.6834 15 17.1 26.6685 14.8933 17.1 26.4887 14 17.1 26.4752 13.9 17.1 26.4268 13 17.1 26.4247 12.9 17.1 26.2119 12 17.1 26.2185 11.9 17.1 26 11.4829 17.1 25.0594 11 17.1 25.3469 10.9512 17.1 26 10.8636 17.1 26.0948 10.812 17.1 26.1 10.8085 17.1 27 10.6513 17.1 27.1 10.6145 17.1 28 10.4284 17.1 28.1 10.4117 17.1 29.1 10.3268 17.1 30.1 10.2702 17.1 50.8 10.0491 17.1 50.8 50.8 17.1 0 50.8 17.1 
1
111
0 10.0628 18 0 50.8 18 50.8 50.8 18 50.8 10.0496 18 31 10.2911 18 30 10.3448 18 29 10.4307 18 28 10.5974 18 27 10.9652 18 26.9476 11 18 26.8819 12 18 26.9033 13 18 27.151 15 18 27.3265 17 18 27.2138 18 18 26.8904 19 18 26.4496 20 18 26 20.5144 18 23.1744 23 18 23 23.1228 18 22 23.5695 18 21 23.7356 18 20 23.8391 18 19 23.9676 18 18.9712 24 18 18.5143 25 18 18.0191 26 18 18.5275 27 18 18.9113 28 18 19 28.2026 18 19.6389 29 18 19.9291 30 18 20 30.1225 18 20.3507 30 18 21 29.8532 18 22 29.2743 18 22.5358 29 18 23 28.8073 18 26 27.7423 18 27 27.5832 18 28 27.8517 18 29 28.1665 18 30 28.4985 18 31 28.9258 18 31.1212 29 18 32 29.6117 18 32.53 30 18 33 30.859 18 33.0567 31 18 33.4794 32 18 33.8535 33 18 34 33.7134 18 34.0488 34 18 34.1641 35 18 34.1602 36 18 34 36.6546 18 33.8681 37 18 32.4163 40 18 32 40.5515 18 31.6343 41 18 31 41.7351 18 30.6754 42 18 30 42.4076 18 29 42.9449 18 28.6847 43 18 27 43.2176 18 26 43.2779 18 25 43.0171 18 24.945 43 18 24 42.679 18 23 42.3183 18 22.3122 42 18 22 41.766 18 21 40.754 18 20.1649 40 18 20 39.8313 18 19.0661 39 18 19 38.9376 18 18 38.2065 18 17.7665 38 18 17.5487 37 18 17.497 36 18 17 35.1249 18 16.9473 35 18 16.5422 34 18 16.019 33 18 16 32.9355 18 15.6962 32 18 15.986 31 18 16.2993 30 18 16 29.6839 18 15.3283 29 18 15 28.5236 18 14.7393 28 18 14.1817 27 18 14 26.8183 18 13.4054 26 18 13.1253 24 18 13.1569 22 18 13.2238 21 18 13.3963 20 18 13.5281 19 18 13.8691 18 18 16 12.859 18 16.508 12 18 17.285 11 18 17 10.8456 18 16 10.5485 18 15 10.3934 18 14 10.2937 18 13 10.2336 18 
1
210
0 10.0634 18.9 12 10.2029 18.9 13 10.2454 18.9 14 10.3103 18.9 15 10.4217 18.9 15.9 10.6377 18.9 16 10.6532 18.9 16.1 10.6829 18.9 16.1671 10.7208 18.9 16.7079 11 18.9 16.6844 11.0368 18.9 16.6352 11.1 18.9 16.0629 12 18.9 16.0121 12.0859 18.9 16 12.1114 18.9 15.5533 13.1 18.9 13.9234 17.1 18.9 13.6554 18 18.9 13.6213 18.1 18.9 13.4255 19 18.9 13.3033 20 18.9 13.2861 20.1 18.9 13.21 21.1 18.9 13.2008 22.1 18.9 13.3119 23 18.9 13.3103 23.1 18.9 13.3969 24 18.9 13.4116 24.1 18.9 13.4764 25 18.9 13.4897 25.1 18.9 13.54 26 18.9 13.9405 26.5122 18.9 14 26.594 18.9 14.406 27 18.9 14.4617 27.1 18.9 14.5257 28 18.9 14.9739 28.5929 18.9 15 28.6453 18.9 15.0328 28.6929 18.9 15.3399 29 18.9 15.734 29.9 18.9 15.8237 30 18.9 15.8012 30.0955 18.9 15.7998 30.1 18.9 15.7253 31 18.9 15.4359 32 18.9 15.4838 32.9 18.9 15.5159 33 18.9 16 33.8787 18.9 16.0019 33.8818 18.9 16.0119 33.9 18.9 16.0642 34 18.9 16.1047 34.1 18.9 16.0294 35 18.9 16.0399 35.0399 18.9 16 35.0846 18.9 15.9607 35.243 18.9 15.6474 36 18.9 15.6547 36.2587 18.9 15.5998 37 18.9 15.6579 37.3663 18.9 15.7017 38 18.9 15.9556 38.9058 18.9 15.979 39 18.9 16 39.0156 18.9 16.2527 39.1235 18.9 17 39.515 18.9 17.46 39.8321 18.9 18 40.1848 18.9 18.1772 40.2816 18.9 19 40.7027 18.9 19.2514 40.8907 18.9 19.4247 41 18.9 20 41.342 18.9 20.4833 41.7194 18.9 20.8585 42 18.9 21 42.0867 18.9 22 42.6036 18.9 22.1 42.6488 18.9 23 42.9896 18.9 23.0296 43 18.9 24.1 43.3394 18.9 25 43.5815 18.9 25.9 43.8025 18.9 26 43.8286 18.9 26.9 43.8268 18.9 27.9 43.7696 18.9 28 43.7572 18.9 28.9 43.6868 18.9 29 43.6731 18.9 29.1959 43.6052 18.9 30 43.4319 18.9 30.9185 43 18.9 31 42.9539 18.9 31.2412 42.7588 18.9 31.6332 42.5338 18.9 32 42.3349 18.9 32.2337 42 18.9 33 41.0648 18.9 33.0422 41 18.9 33.1717 40.8386 18.9 33.7965 40 18.9 34 39.5793 18.9 34.2128 39 18.9 34.2725 38.8277 18.9 34.49 38 18.9 34.526 37.8885 18.9 34.6983 37 18.9 34.7073 36.9655 18.9 34.7233 36.9 18.9 34.7649 36 18.9 34.7856 35.1 18.9 34.786 35 18.9 34.7484 34.1 18.9 34.7369 34 18.9 34.6815 33.1 18.9 34.6657 33 18.9 34.6001 32.7982 18.9 34.3158 32 18.9 34 31.3356 18.9 33.9479 31.2508 18.9 33.8738 31.1 18.9 33.8315 31 18.9 33.3685 30.1 18.9 33.3328 30 18.9 33 29.5762 18.9 32.953 29.5379 18.9 32.9 29.4991 18.9 32.4188 29.0612 18.9 32 28.7182 18.9 31.9121 28.657 18.9 31.9 28.6496 18.9 31 28.1943 18.9 30.9 28.1516 18.9 30 27.8032 18.9 29 27.4608 18.9 28 27.1542 18.9 27 26.8858 18.9 26 26.9462 18.9 25.8443 27 18.9 25 27.3178 18.9 24.7972 27.3874 18.9 24 27.6753 18.9 23.0126 28 18.9 23 28.0045 18.9 22.9974 28.0055 18.9 22.6798 28.1305 18.9 22 28.3859 18.9 21.6908 28.5122 18.9 21 28.7793 18.9 20.8542 28.7271 18.9 20 28.6466 18.9 19.9639 28.6277 18.9 19.9 28.5479 18.9 19.0066 28.0203 18.9 19 28.011 18.9 18.9911 27.9908 18.9 18.7327 27.1 18.9 18.6943 27 18.9 18.4948 26.1 18.9 18.444 26 18.9 18.5635 25.1 18.9 18.613 25 18.9 18.6587 24.9 18.9 18.6652 24.8905 18.9 19 24.304 18.9 20 24.1613 18.9 20.9 23.9462 18.9 21 23.9359 18.9 21.9 23.6813 18.9 22 23.6647 18.9 22.9 23.3862 18.9 23 23.3415 18.9 23.8708 23.0123 18.9 23.8882 23 18.9 23.9708 22.9276 18.9 24 22.9125 18.9 25.094 22 18.9 26.2947 20.9514 18.9 26.3396 20.9 18.9 26.9198 20 18.9 26.9638 19.9 18.9 26.9758 19.8646 18.9 27.2749 19 18.9 27.5959 18 18.9 27.538 17.1 18.9 27.5492 17 18.9 27.5025 16.1 18.9 27.4938 16 18.9 27.4911 15.1 18.9 27.4823 15 18.9 27.545 14.1 18.9 27.5334 14 18.9 27.6936 13.1 18.9 27.6785 13 18.9 27.6784 12.8845 18.9 27.8819 12 18.9 27.9245 11.0755 18.9 27.9312 11 18.9 27.935 10.9977 18.9 28 10.9738 18.9 28.041 10.9597 18.9 28.9 10.6413 18.9 29.9 10.4756 18.9 30.9 10.3788 18.9 31.9 10.315 18.9 32.9 10.2697 18.9 50.8 10.0501 18.9 50.8 50.8 18.9 0 50.8 18.9 
1
224
0 10.064 19.8 12 10.2103 19.8 13 10.2561 19.8 14 10.3275 19.8 14.8 10.4314 19.8 15 10.4539 19.8 15.8 10.6918 19.8 16 10.7398 19.8 16.1299 10.8068 19.8 16.3231 11 19.8 16.1959 11.2 19.8 16.1901 11.213 19.8 16 11.7213 19.8 15.8384 12 19.8 15.8358 12.0057 19.8 15.7474 12.2 19.8 15.2855 13 19.8 14 16.1413 19.8 13.991 16.1649 19.8 13.9768 16.2 19.8 13.7742 17 19.8 13.7147 17.2 19.8 13.3935 18 19.8 13.35 18.2 19.8 13.3299 19 19.8 13.3056 19.2 19.8 13.2873 20 19.8 13.2719 20.2 19.8 13.3277 21 19.8 13.3261 21.2 19.8 13.4132 22 19.8 13.4379 22.2 19.8 13.4884 23 19.8 13.5077 23.2 19.8 13.5477 24 19.8 13.5621 24.2 19.8 13.5944 25 19.8 13.6056 25.2 19.8 13.6323 26 19.8 13.911 26.3334 19.8 14 26.4473 19.8 14.5527 27 19.8 14.567 27.2 19.8 14.597 28 19.8 14.9004 28.3809 19.8 15 28.5126 19.8 15.4874 29 19.8 15.5749 29.2 19.8 15.5837 30 19.8 15.5672 30.2 19.8 15.513 31 19.8 15.4552 31.2 19.8 15.3548 32 19.8 15.3655 32.2 19.8 15.232 33 19.8 15.4965 33.8 19.8 15.6067 34 19.8 15.5941 34.2 19.8 15.3644 35 19.8 15.2816 35.2 19.8 14.9156 36 19.8 14.8402 36.3062 19.8 14.5288 37 19.8 14.5305 37.3088 19.8 14.4429 38 19.8 14.498 38.3771 19.8 14.6341 39 19.8 15 39.4755 19.8 15.2 39.6438 19.8 15.6562 39.9186 19.8 15.7783 40 19.8 16 40.1372 19.8 16.4967 40.4967 19.8 17 40.8446 19.8 17.2164 41 19.8 17.3421 41.1361 19.8 18 41.4663 19.8 18.2291 41.5464 19.8 19 41.6287 19.8 19.2 41.7438 19.8 19.4941 41.9067 19.8 19.6795 42 19.8 20 42.1496 19.8 20.2 42.27 19.8 21 42.6687 19.8 21.2 42.7722 19.8 22 43.1709 19.8 22.2 43.2454 19.8 23 43.6007 19.8 23.2 43.6641 19.8 24 43.8829 19.8 26 44.3785 19.8 26.2407 44.3802 19.8 27 44.4184 19.8 29 44.3037 19.8 29.3916 44.2661 19.8 30 44.2314 19.8 30.9749 44 19.8 30.9901 43.9954 19.8 31 43.9908 19.8 31.0115 43.9885 19.8 31.0879 44 19.8 31.7067 44.0744 19.8 32 44.1198 19.8 32.9421 44 19.8 32.9927 43.9927 19.8 33 43.9879 19.8 33.0569 43.9431 19.8 33.9423 43.2973 19.8 34 43.257 19.8 34.2543 43 19.8 34.8176 41.8176 19.8 34.8304 41 19.8 34.9034 40.9034 19.8 34.885 40 19.8 35 39.3783 19.8 35.0247 39.2325 19.8 35.0504 39 19.8 35.1315 38.6071 19.8 35.246 38 19.8 35.2895 37.7146 19.8 35.3318 37 19.8 35.3916 35 19.8 35.3813 34.726 19.8 35.3661 34 19.8 35.3157 33.6261 19.8 35.1756 33 19.8 34.9291 32.2 19.8 34.5656 31.2 19.8 33.9988 30.015 19.8 33.991 30 19.8 33.8806 29.85 19.8 33.8 29.7473 19.8 33.2661 29.0973 19.8 33 28.794 19.8 32.8931 28.6967 19.8 32.8 28.6205 19.8 32.2937 28.1238 19.8 32.1535 28 19.8 32 27.8861 19.8 31.7658 27.7913 19.8 30 27.1078 19.8 29 26.7552 19.8 28 26.4598 19.8 27.8 26.4062 19.8 27 26.2751 19.8 26.8 26.2868 19.8 26 26.3738 19.8 24.2307 27 19.8 24.1444 27.0334 19.8 23.9112 27.1185 19.8 23.2 27.369 19.8 23 27.4354 19.8 22 27.7856 19.8 21.5373 28 19.8 21.4221 28.0588 19.8 21.2 28.1621 19.8 21 28.2395 19.8 20.8 28.2206 19.8 20 28.6554 19.8 19.8015 28.5382 19.8 19.5178 28 19.8 19.0015 27.5953 19.8 19 27.5932 19.8 18.9426 27.3953 19.8 18.5473 27 19.8 18.4553 26.2 19.8 18.411 26 19.8 18.5865 25.2 19.8 18.613 25 19.8 19 24.315 19.8 19.8 24.343 19.8 20 24.3141 19.8 20.8 24.0905 19.8 21 24.0427 19.8 22.8 23.5255 19.8 23 23.4636 19.8 23.8 23.1803 19.8 24 23.1047 19.8 24.2946 23 19.8 24.3015 22.9966 19.8 24.8 22.7809 19.8 25 22.6144 19.8 25.7891 22.0301 19.8 25.8253 22 19.8 25.9891 21.8575 19.8 26 21.8485 19.8 26.8 21.2579 19.8 27 21.0833 19.8 27.0905 21 19.8 27.2145 20.7881 19.8 27.4989 20 19.8 27.5064 19.9843 19.8 27.8415 19 19.8 27.9056 18.8 19.8 27.9982 18.0667 19.8 28.008 18 19.8 28.0282 17.2343 19.8 28.0442 17 19.8 28.0705 16.374 19.8 28.2027 14.6056 19.8 28.2716 14 19.8 28.328 13.7313 19.8 28.4964 13 19.8 28.7823 12.2177 19.8 28.8403 12 19.8 29 11.4465 19.8 29.0317 11.3793 19.8 29.1852 11 19.8 29.3906 10.9292 19.8 29.8 10.7578 19.8 30 10.7247 19.8 30.8 10.5391 19.8 31 10.5195 19.8 31.8 10.4185 19.8 32 10.4055 19.8 32.8 10.341 19.8 33 10.3318 19.8 33.8 10.2767 19.8 34 10.2695 19.8 34.8 10.2268 19.8 50.8 10.0506 19.8 50.8 50.8 19.8 0 50.8 19.8 
1
224
0 10.0643 20.7 12 10.2164 20.7 13 10.265 20.7 14 10.3417 20.7 15 10.4806 20.7 15.3 10.5698 20.7 15.3955 10.691 20.7 15.7045 11 20.7 15.6578 11.1938 20.7 15.5962 11.3 20.7 15.6693 12 20.7 15.4961 12.3 20.7 15.0625 13 20.7 14.9382 13.3 20.7 14.5592 14 20.7 14.0372 15.2911 20.7 14 15.4761 20.7 13.8874 15.9911 20.7 13.884 16 20.7 13.808 16.3 20.7 13.4838 17 20.7 13.3633 17.3 20.7 13.3155 18 20.7 13.308 18.3 20.7 13.3262 19 20.7 13.2966 20 20.7 13.3175 20.3 20.7 13.4066 21 20.7 13.4393 21.3 20.7 13.534 22 20.7 13.6128 23.3 20.7 13.1817 23.7106 20.7 13 23.8923 20.7 12.9225 24 20.7 13 24.0874 20.7 13.1733 24.2115 20.7 13.6619 24.7 20.7 13.6976 26 20.7 13.8955 26.2215 20.7 14 26.3466 20.7 14.6534 27 20.7 14.6647 27.3 20.7 14.6742 28 20.7 15 28.414 20.7 15.586 29 20.7 15.5893 29.3 20.7 15.5663 30 20.7 15.4939 31 20.7 15.4563 31.3 20.7 15.3818 32 20.7 15.2164 33 20.7 15.3156 33.3 20.7 15.1103 34 20.7 15 34.3292 20.7 14.9682 34.4298 20.7 14.6741 35.146 20.7 14.605 35.3 20.7 14.3205 36 20.7 14.1859 36.3 20.7 14.0488 36.6192 20.7 13.8941 37 20.7 13.8273 37.379 20.7 13.6633 38 20.7 13.7169 38.4779 20.7 13.6882 39 20.7 13.9038 39.8389 20.7 13.9315 40 20.7 14 40.0726 20.7 14.2362 40.2362 20.7 15.3807 41 20.7 16 41.6687 20.7 16.3474 42 20.7 16.5155 42.1201 20.7 17 42.2434 20.7 17.4582 42.2722 20.7 18 42.2143 20.7 18.4903 42.2016 20.7 19 42.1238 20.7 19.11 42.17 20.7 19.3 42.2586 20.7 20.3 42.7517 20.7 21 43.1191 20.7 21.1241 43.177 20.7 21.3 43.2646 20.7 22 43.6281 20.7 22.8457 44 20.7 23 44.0605 20.7 23.2892 44.1291 20.7 23.3 44.1319 20.7 24 44.3301 20.7 24.7 44.5173 20.7 25.3 44.6647 20.7 26 44.8521 20.7 26.9577 44.9789 20.7 27 44.981 20.7 27.808 44.9138 20.7 28 44.9029 20.7 28.7 44.8423 20.7 29 44.8253 20.7 29.7 44.7687 20.7 30 44.7516 20.7 30.3 44.7136 20.7 31.158 45 20.7 31.5217 45.0875 20.7 32 45.2815 20.7 32.431 45.3349 20.7 33 45.5645 20.7 33.6088 45.6088 20.7 34 45.4392 20.7 35 44.9061 20.7 35.979 44 20.7 35.9867 43.9867 20.7 36 43.7373 20.7 36.0226 43.0761 20.7 36.0295 43 20.7 35.99 42.01 20.7 35.9907 42.0065 20.7 35.9922 42 20.7 35.9568 41.0515 20.7 35.9558 41 20.7 35.8791 39.1353 20.7 35.894 39 20.7 35.8008 38.2543 20.7 35.8488 38 20.7 35.8847 37.1939 20.7 35.8961 37 20.7 35.9762 35 20.7 35.9198 34.1688 20.7 35.9163 34 20.7 35.7146 33.3 20.7 35.6474 33 20.7 35.3466 32 20.7 35 30.9612 20.7 34.7585 30.3 20.7 34.6159 30 20.7 34.0834 29.3 20.7 34.0312 29.2354 20.7 34 29.1913 20.7 33.8429 29 20.7 33.7998 28.959 20.7 33.7 28.8452 20.7 33.0006 28.1863 20.7 33 28.1857 20.7 32.8108 28 20.7 32.8101 27.9995 20.7 32.7 27.9178 20.7 32 27.2954 20.7 31.7 27.1793 20.7 31.3725 27 20.7 31 26.8075 20.7 30.7 26.6954 20.7 30 26.4126 20.7 29 26.0496 20.7 28.5029 25.9067 20.7 28 25.7908 20.7 27.5913 25.7541 20.7 27 25.7733 20.7 26.4944 25.8105 20.7 26 25.8336 20.7 25.515 26 20.7 23 26.8918 20.7 22.3 27.1882 20.7 22 27.2938 20.7 21.3 27.6743 20.7 21 27.8135 20.7 20.5855 28.0388 20.7 20.3 28.1461 20.7 20 28.3091 20.7 19.8936 28.1073 20.7 19.7863 28 20.7 19.1936 27.7134 20.7 19 27.5616 20.7 18.4384 27 20.7 18.4251 26.3 20.7 18.3906 26 20.7 18.6141 25 20.7 18.7311 24.7925 20.7 19 24.5236 20.7 19.7 24.5184 20.7 20 24.5289 20.7 20.7 24.2033 20.7 21 24.1195 20.7 21.3954 24.0192 20.7 21.6954 23.9343 20.7 22 23.8659 20.7 23 23.5678 20.7 24.6198 23 20.7 24.8067 22.9191 20.7 25 22.8504 20.7 25.7 22.6588 20.7 26 22.437 20.7 26.8973 22 20.7 26.8992 21.9989 20.7 27 21.9244 20.7 27.2325 21.7752 20.7 27.3142 21.7 20.7 27.7817 21.3653 20.7 28.1336 21 20.7 28.4802 20 20.7 28.6975 19.3025 20.7 28.7984 19 20.7 28.7341 18.2659 20.7 28.7723 18 20.7 28.7418 17.2935 20.7 28.908 15 20.7 29.038 14.2411 20.7 29.0943 14 20.7 29.2117 13.5414 20.7 29.7123 12.7 20.7 30.3419 12 20.7 30.3899 11.6101 20.7 30.549 11 20.7 30.7017 10.9361 20.7 31 10.8669 20.7 31.0025 10.8661 20.7 31.7 10.62 20.7 32 10.5821 20.7 32.7 10.4288 20.7 33 10.4046 20.7 33.7 10.322 20.7 34.7 10.2522 20.7 50.8 10.051 20.7 50.8 50.8 20.7 0 50.8 20.7 
1
237
0 10.0645 21.6 12 10.2213 21.6 13 10.2724 21.6 14 10.3538 21.6 15 10.5046 21.6 15.4954 11 21.6 15.5372 11.4 21.6 15.4225 12 21.6 15.1762 12.3975 21.6 15 12.8718 21.6 14.9212 13 21.6 14.7046 13.4 21.6 14.3137 14 21.6 14.153 14.4 21.6 14 14.9676 21.6 13.9888 15 21.6 13.9013 15.4 21.6 13.5833 16 21.6 13.398 16.4 21.6 13.3478 17 21.6 13.3205 17.4 21.6 13.3226 18 21.6 13.3405 19 21.6 13.3275 19.4 21.6 13.3534 20 21.6 13.4043 20.4 21.6 13.4632 21 21.6 13.5173 21.4 21.6 13.5848 22 21.6 13.6105 22.4 21.6 13.0278 23 21.6 13 23.0278 21.6 12.8443 23.2511 21.6 12.7371 23.4 21.6 12.7523 24 21.6 12.8928 24.1528 21.6 13 24.2737 21.6 13.7263 25 21.6 13.7492 26 21.6 14 26.2845 21.6 14.7155 27 21.6 14.7225 28 21.6 14.8788 28.1909 21.6 15 28.3458 21.6 15.6542 29 21.6 15.6216 30 21.6 15.5918 30.4 21.6 15.5679 31 21.6 15.4562 32 21.6 15.3903 32.4 21.6 15.2607 33 21.6 15.167 33.3464 21.6 15 33.7373 21.6 14.8439 33.9464 21.6 14.6576 34.4 21.6 14.2925 35 21.6 14.13 35.4 21.6 13.8119 36 21.6 13.7628 36.1262 21.6 13.6516 36.4 21.6 13.3879 37 21.6 13.2822 37.4 21.6 13.1347 38 21.6 13.0404 38.9117 21.6 12.9918 39.9551 21.6 12.9877 40 21.6 13 40.0638 21.6 13.5549 41 21.6 14 41.4005 21.6 14.5611 42 21.6 14.6069 42.0322 21.6 15 42.3781 21.6 15.2778 42.5771 21.6 15.4 42.6762 21.6 16 42.6927 21.6 16.6 42.5884 21.6 17 42.6902 21.6 17.6 42.5859 21.6 18 42.5431 21.6 19 42.398 21.6 19.4 42.5943 21.6 20 42.9641 21.6 20.4 43.1717 21.6 21 43.4669 21.6 21.4 43.6746 21.6 22 43.9109 21.6 22.207 44 21.6 22.4 44.0756 21.6 23 44.3006 21.6 23.6 44.5022 21.6 24 44.6154 21.6 26 45.1463 21.6 26.6 45.1657 21.6 27 45.2212 21.6 27.6 45.2754 21.6 28 45.2479 21.6 28.6 45.3043 21.6 29.4838 45.2369 21.6 30 45.2561 21.6 30.4 45.3708 21.6 31.9515 46 21.6 33 46.45 21.6 33.4 46.4835 21.6 34 46.7816 21.6 34.3465 46.6535 21.6 35 46.5456 21.6 36 45.4875 21.6 36.0429 45.4373 21.6 36.3758 45 21.6 36.5156 44.8017 21.6 36.6343 44.6 21.6 36.7187 44.422 21.6 36.8859 44 21.6 37.0362 43 21.6 37.0595 42.1387 21.6 37.0751 42 21.6 37.0182 41.0336 21.6 37.0124 41 21.6 37 40.9561 21.6 36.7699 40.3355 21.6 36.7568 40 21.6 36.7101 39.8846 21.6 36.5598 39.4 21.6 36.5168 39 21.6 36.3457 38.4 21.6 36.2919 38 21.6 36.2998 37.4 21.6 36.3554 36 21.6 36.3304 35.4 21.6 36.3462 35 21.6 36.2735 34 21.6 36.2151 33.4 21.6 36 32.5887 21.6 35.8264 32 21.6 35.4928 31 21.6 35.2431 30.4 21.6 35.1113 30 21.6 35 29.8304 21.6 34.9292 29.735 21.6 34.6524 29.4 21.6 34.348 29 21.6 34.0249 28.6728 21.6 33.0003 27.7062 21.6 32.6 27.3503 21.6 32 26.7933 21.6 31.9213 26.7478 21.6 31.6 26.5818 21.6 31 26.2344 21.6 30.6 26.0727 21.6 30.4651 26 21.6 30 25.7594 21.6 29.6 25.6158 21.6 29 25.345 21.6 28.6 25.2529 21.6 28 25.2631 21.6 27.6 25.2761 21.6 27 25.2104 21.6 26.2681 25.1653 21.6 26 25.1779 21.6 25.737 25.2681 21.6 25.7281 25.2719 21.6 25.3813 25.4047 21.6 25 25.5942 21.6 24.0079 25.9946 21.6 24 25.9981 21.6 23.4 26.2278 21.6 23 26.3687 21.6 22.4 26.6948 21.6 22 26.8642 21.6 21 27.4089 21.6 20.4 27.7675 21.6 20 27.983 21.6 19.9387 27.8962 21.6 19.6 27.7324 21.6 19.355 27.2362 21.6 19.0137 27 21.6 18.9904 26 21.6 19 25.9574 21.6 19.044 25.956 21.6 19.7931 25.3425 21.6 20 25.1357 21.6 20.1808 25 21.6 20.3167 24.8434 21.6 20.6 24.56 21.6 21 24.374 21.6 21.6 24.3507 21.6 22 24.2722 21.6 22.4357 24 21.6 22.4696 23.9609 21.6 22.6 23.8305 21.6 23 23.7104 21.6 23.6 23.469 21.6 24 23.3311 21.6 24.6 23.2475 21.6 25 23.0899 21.6 25.548 23 21.6 25.7534 22.9758 21.6 26 22.9083 21.6 26.8087 22.9289 21.6 27 22.8491 21.6 27.3859 22.6141 21.6 28 22.3704 21.6 28.4701 22 21.6 29 21.4211 21.6 29.0711 21.3164 21.6 29.2258 21 21.6 29.3248 20.6752 21.6 29.5519 20 21.6 29.6261 19.3739 21.6 29.6794 19.1624 21.6 29.7232 19 21.6 29.6624 18.391 21.6 29.6299 18 21.6 29.571 17.4 21.6 29.5527 17 21.6 29.5428 16.4 21.6 29.6029 15.6 21.6 29.6875 15 21.6 30 14.2013 21.6 30.0115 14.1823 21.6 30.1604 14 21.6 31 13.0669 21.6 31.2192 12.5682 21.6 31.4147 12 21.6 31.4379 11.6143 21.6 31.4394 11.6 21.6 31.4656 11 21.6 31.8642 10.8594 21.6 32 10.7638 21.6 32.6 10.5556 21.6 33 10.468 21.6 33.6 10.3767 21.6 34 10.3295 21.6 35 10.2513 21.6 50.8 10.0512 21.6 50.8 50.8 21.6 0 50.8 21.6 
1
217
0 10.0645 22.5 12 10.2221 22.5 13 10.2749 22.5 14 10.3604 22.5 15 10.5231 22.5 15.4769 11 22.5 15.3813 11.5 22.5 15.2947 12 22.5 15.1478 12.3953 22.5 15 12.543 22.5 14.7279 12.8953 22.5 14.6635 13 22.5 14.3377 13.5 22.5 14.246 14 22.5 14.1362 14.4176 22.5 14 14.5538 22.5 13.7472 14.9176 22.5 13.7185 15 22.5 13.4536 15.5 22.5 13.4025 16 22.5 13.3607 16.5 22.5 13.3303 17 22.5 13.3321 17.5 22.5 13.3553 19 22.5 13.3769 19.5 22.5 13.4712 20.5 22.5 13.5101 21 22.5 13.5663 21.5 22.5 13.6136 22 22.5 13 22.6136 22.5 12.7468 23 22.5 12.774 24 22.5 13 24.2449 22.5 13.7551 25 22.5 13.7843 26 22.5 13.8853 26.1089 22.5 14 26.2405 22.5 14.7595 27 22.5 14.7598 28 22.5 15 28.2943 22.5 15.7057 29 22.5 15.6895 29.5 22.5 15.6621 30 22.5 15.6422 30.5 22.5 15.601 31 22.5 15.5434 31.5 22.5 15.4748 32 22.5 15.3668 32.5 22.5 15.1398 32.6929 22.5 15 32.8327 22.5 14.8492 33 22.5 14.7544 33.3257 22.5 14.6243 33.5 22.5 14.5236 34 22.5 14.2193 34.5 22.5 14.014 34.9544 22.5 14 34.99 22.5 13.9934 35 22.5 13.4669 36 22.5 13.2471 36.5 22.5 13.0143 37 22.5 13 37.0568 22.5 12.8996 37.5 22.5 12.7261 38 22.5 12.6755 38.5 22.5 12.6449 39 22.5 12.5987 39.5 22.5 12.6365 40 22.5 12.7121 40.5 22.5 12.817 41 22.5 12.938 41.5 22.5 12.9384 41.5006 22.5 13 41.5786 22.5 13.4552 42 22.5 13.4557 42.0005 22.5 13.5 42.0415 22.5 14 42.4535 22.5 14.5 42.5155 22.5 15 42.9554 22.5 15.5 42.9692 22.5 16 43.0054 22.5 16.6661 42.9964 22.5 17.1764 42.9077 22.5 17.5 42.8591 22.5 18 42.7721 22.5 18.5 42.7161 22.5 19 42.6461 22.5 19.4091 42.8954 22.5 19.6047 43 22.5 19.9091 43.2234 22.5 20 43.2822 22.5 20.5 43.4697 22.5 21 43.7156 22.5 21.4958 43.9108 22.5 23.5 44.662 22.5 24 44.8301 22.5 25.5 45.2351 22.5 26 45.3303 22.5 26.5 45.3379 22.5 27 45.354 22.5 27.5 45.3618 22.5 28 45.407 22.5 28.5 45.4706 22.5 29 45.5176 22.5 29.5 45.6343 22.5 30 45.6528 22.5 30.5 45.8555 22.5 30.6052 45.9248 22.5 30.7322 46 22.5 31 46.169 22.5 31.5 46.3771 22.5 32 46.6974 22.5 32.6562 47 22.5 32.7008 47.0177 22.5 33 47.1824 22.5 33.5 47.3938 22.5 34 47.5331 22.5 34.5 47.4439 22.5 35 47.4039 22.5 35.5 47.3139 22.5 35.8769 47.0121 22.5 35.8965 47 22.5 36 46.8909 22.5 36.3017 46.5569 22.5 36.3507 46.5 22.5 36.549 46.2475 22.5 37 45.6454 22.5 37.4452 45 22.5 37.5544 44.4456 22.5 37.6209 44.2667 22.5 37.7265 44 22.5 37.6601 43.4712 22.5 37.7309 43 22.5 37.7145 42.9107 22.5 37.6592 42.5 22.5 37.7154 42 22.5 37.6152 41.5 22.5 37.5294 41 22.5 37.4292 40.5 22.5 37.2743 40 22.5 37.173 39.5 22.5 37 38.869 22.5 36.8796 38.4808 22.5 36.7424 38 22.5 36.6731 37.5 22.5 36.6797 37 22.5 36.6467 36.5 22.5 36.6665 36 22.5 36.6288 35.5 22.5 36.6079 35 22.5 36.3856 32.5 22.5 36.2539 32 22.5 36.0592 31.5 22.5 36.014 31.3552 22.5 35.8956 31 22.5 35.6636 30.5 22.5 35.4555 30 22.5 35.145 29.5499 22.5 35 29.3291 22.5 34.7693 29.0499 22.5 34.726 29 22.5 34 28.2603 22.5 33.7599 28.033 22.5 33.2599 27.5217 22.5 32.7292 27.0217 22.5 32.2292 26.5396 22.5 32 26.3295 22.5 31.5 26.0399 22.5 31.4994 26.0396 22.5 31.4467 26 22.5 31 25.7089 22.5 30.9993 25.7085 22.5 30 25.1899 22.5 29.5846 25 22.5 29 24.4937 22.5 28.1906 24 22.5 29.0015 23.014 22.5 29.0139 23 22.5 29.4966 22.614 22.5 29.609 22.5 22.5 29.6124 22.4964 22.5 29.9832 22 22.5 30 21.9592 22.5 30.2005 21.3427 22.5 30.599 20 22.5 30.5492 19.4589 22.5 30.5927 19 22.5 30.4946 18 22.5 30.4293 17.5 22.5 30.3819 17 22.5 30.3638 16.4308 22.5 30.274 16 22.5 30.3181 15.6414 22.5 30.3496 15.5 22.5 30.3611 15 22.5 30.7693 14.5 22.5 30.8387 14.4732 22.5 31 14.3552 22.5 31.2318 14 22.5 31.2449 13.9331 22.5 31.4378 13.5 22.5 31.3094 13 22.5 31.5816 12.5 22.5 31.7537 12 22.5 31.8582 11.5 22.5 31.88 11 22.5 31.9932 10.9204 22.5 32 10.9136 22.5 32.5 10.7051 22.5 33 10.5315 22.5 33.5 10.4311 22.5 34 10.355 22.5 34.5 10.3059 22.5 35 10.2641 22.5 50.8 10.0513 22.5 50.8 50.8 22.5 0 50.8 22.5 
1
208
0 10.0643 23.4 12 10.2191 23.4 13 10.2716 23.4 14 10.3571 23.4 14.4 10.4154 23.4 15 10.5169 23.4 15.4831 11 23.4 15.3129 12 23.4 15 12.3129 23.4 14.4663 13 23.4 14.3562 13.6 23.4 14.2926 14 23.4 14 14.2926 23.4 13.5045 15 23.4 13.4433 15.6 23.4 13.383 16.6 23.4 13.3648 17 23.4 13.3795 17.6 23.4 13.3652 18 23.4 13.371 18.6 23.4 13.3946 19 23.4 13.4489 19.6 23.4 13.5244 20.6 23.4 13.5497 21 23.4 13.6064 21.6 23.4 13.6385 22 23.4 13 22.6385 23.4 12.7577 23 23.4 12.786 24 23.4 12.8694 24.0873 23.4 13 24.2284 23.4 13.7716 25 23.4 13.8028 26 23.4 13.8788 26.0734 23.4 14 26.2042 23.4 14.7958 27 23.4 14.7899 28 23.4 14.8681 28.1078 23.4 15 28.2701 23.4 15.7299 29 23.4 15.6753 30 23.4 15.5932 31 23.4 15.4562 32 23.4 15 32.4562 23.4 14.5057 33 23.4 14.3849 33.6 23.4 14.295 34 23.4 14 34.7495 23.4 13.8344 35 23.4 13.5185 35.6 23.4 13.2977 36 23.4 13.1003 36.4292 23.4 13 36.5295 23.4 12.7866 36.8292 23.4 12.7144 37 23.4 12.5063 37.6 23.4 12.4608 38 23.4 12.4242 38.6 23.4 12.4075 39 23.4 12.4828 40 23.4 12.6088 40.6 23.4 12.6345 41 23.4 12.7796 41.6 23.4 12.8011 42 23.4 12.9996 42.2932 23.4 13 42.2939 23.4 13.4 42.3471 23.4 14 42.8415 23.4 14.4 42.8655 23.4 15 42.9399 23.4 15.4238 42.9705 23.4 15.4533 43 23.4 15.8238 43.1995 23.4 16 43.2122 23.4 16.4 43.0383 23.4 17 43.0618 23.4 17.4 43.0876 23.4 17.9185 43 23.4 18.4 42.9267 23.4 19 42.8595 23.4 19.2348 42.9851 23.4 19.2497 43 23.4 20 43.5469 23.4 20.4 43.6495 23.4 21.2855 43.9814 23.4 21.3041 44 23.4 21.6855 44.2526 23.4 22 44.3704 23.4 22.4 44.4237 23.4 24 45.0235 23.4 24.6 45.1926 23.4 25 45.3266 23.4 25.4 45.3678 23.4 26 45.4819 23.4 28 45.5126 23.4 28.4 45.5329 23.4 29 45.6092 23.4 29.4 45.694 23.4 30 45.8339 23.4 30.193 45.9482 23.4 30.328 46 23.4 30.593 46.1384 23.4 31.5438 46.7384 23.4 31.686 47 23.4 31.9438 47.2147 23.4 32 47.2502 23.4 32.4 47.2787 23.4 33 47.6089 23.4 33.6 47.776 23.4 34 47.9846 23.4 34.7676 47.9739 23.4 35 47.9325 23.4 35.6403 47.8955 23.4 36 47.8307 23.4 36.7207 47.2793 23.4 37 47.1505 23.4 37.0118 47.1268 23.4 37.0607 47 23.4 37.1916 46.6969 23.4 37.3965 46.4 23.4 37.5095 46 23.4 37.9046 45.4271 23.4 38.0177 45.0271 23.4 38.0318 45 23.4 38.1457 44.6 23.4 38.2078 44 23.4 38.1048 43 23.4 38.0321 42.6 23.4 37.9514 42 23.4 37.9336 41.9111 23.4 37.8812 41.6 23.4 37.761 41 23.4 37.7108 40.6 23.4 37.5907 40 23.4 37.4601 39.6 23.4 37.3386 39 23.4 37.2416 38.6 23.4 37.0818 38 23.4 37.012 37.6243 23.4 36.9291 37.0243 23.4 36.9247 37 23.4 36.8855 36.6 23.4 36.8459 36 23.4 36.8067 35.6 23.4 36.7614 35 23.4 36.7222 34.6 23.4 36.6746 34 23.4 36.5495 32.6 23.4 36.4877 32 23.4 36.3552 31.6 23.4 36.1214 31 23.4 36.0474 30.823 23.4 36 30.7153 23.4 35.7727 30.223 23.4 35.6779 30 23.4 35.4302 29.6 23.4 35.0123 29 23.4 35 28.9857 23.4 34.4 28.3728 23.4 34 27.9496 23.4 33.4 27.3364 23.4 33 26.9134 23.4 32.4 26.3351 23.4 32 25.9125 23.4 31.9366 25.8648 23.4 31.4 25.515 23.4 31.1228 25.2503 23.4 31 25.1487 23.4 30.7144 25 23.4 30.0056 24.0282 23.4 29.9747 24 23.4 30.4571 23.4571 23.4 31 22.1788 23.4 31.3351 20.7659 23.4 31.4325 20.4 23.4 31.4845 20 23.4 31.4035 19.6 23.4 31.3499 19 23.4 31.2682 18.6 23.4 31.2122 18 23.4 31.0988 17.1762 23.4 31.0614 17 23.4 31 16.8455 23.4 30.9067 16.6491 23.4 30.8872 16.6 23.4 30.7621 16 23.4 30.6677 15.6 23.4 30.6815 15 23.4 30.886 14.8504 23.4 31 14.7365 23.4 31.4787 14 23.4 31.526 13.6 23.4 31.3719 13 23.4 31.4596 12.6 23.4 31.7863 12 23.4 31.7644 11.6 23.4 31.8898 11 23.4 32 10.8898 23.4 32.4 10.7788 23.4 33 10.5285 23.4 33.4 10.4758 23.4 34 10.3552 23.4 34.4 10.3242 23.4 35 10.2652 23.4 36 10.2106 23.4 50.8 10.0513 23.4 50.8 50.8 23.4 0 50.8 23.4 
1
209
0 10.064 24.3 13.3 10.2836 24.3 14 10.3413 24.3 14.3 10.3742 24.3 15 10.4761 24.3 15.5239 11 24.3 15.408 11.7 24.3 15.3699 12 24.3 15 12.3699 24.3 14.8541 12.5372 24.3 14.4915 13 24.3 14.3802 13.7 24.3 14.3369 14 24.3 14 14.3369 24.3 13.8715 14.526 24.3 13.5354 15 24.3 13.4937 15.7 24.3 13.4164 17.7 24.3 13.4132 18 24.3 13.4545 18.7 24.3 13.4653 19 24.3 13.5158 19.7 24.3 13.5276 20 24.3 13.5718 20.7 24.3 13.5847 21 24.3 13.6408 21.7 24.3 13.3537 22 24.3 13 22.3537 24.3 12.9231 22.4576 24.3 12.7583 22.7 24.3 12.7946 24 24.3 12.854 24.06 24.3 13 24.2128 24.3 13.7872 25 24.3 13.8139 26 24.3 14 26.1809 24.3 14.8191 27 24.3 14.8046 28 24.3 15 28.2693 24.3 15.7307 29 24.3 15.6765 30 24.3 15.5957 31 24.3 15.4998 31.7 24.3 15.4657 32 24.3 15 32.4657 24.3 14.8643 32.6203 24.3 14.515 33 24.3 14.3578 33.7 24.3 14.3162 34 24.3 14.1227 34.4912 24.3 14 34.6139 24.3 13.8533 34.7912 24.3 13.7152 35 24.3 13.3288 35.7 24.3 13.301 36 24.3 13 36.301 24.3 12.8676 36.4755 24.3 12.4941 37 24.3 12.4145 37.7 24.3 12.3738 38.7 24.3 12.368 39 24.3 12.4205 39.7 24.3 12.4321 40 24.3 12.4772 40.7 24.3 12.4871 41 24.3 12.5246 41.7 24.3 12.5332 42 24.3 12.6526 42.136 24.3 13 42.6491 24.3 13.3 42.681 24.3 14 42.7741 24.3 14.3 42.8253 24.3 15 42.8674 24.3 15.1326 43 24.3 15.3517 43.1454 24.3 16 43.4945 24.3 16.3 43.5005 24.3 17 43.1963 24.3 17.3 43.2027 24.3 18 43.248 24.3 18.3 43.1289 24.3 19 43.0081 24.3 19.0261 43.0387 24.3 19.7 43.5266 24.3 20 43.7042 24.3 20.7 43.8838 24.3 20.7341 43.9258 24.3 20.8083 44 24.3 21 44.1382 24.3 21.0326 44.156 24.3 21.7 44.598 24.3 22 44.637 24.3 22.3 44.7019 24.3 23 44.795 24.3 23.4396 44.9598 24.3 23.5604 45 24.3 23.7396 45.0748 24.3 24 45.1724 24.3 24.3 45.3249 24.3 25 45.5595 24.3 25.3 45.5702 24.3 26 45.6422 24.3 28.3 45.6723 24.3 29 45.708 24.3 29.3 45.7276 24.3 30 45.8759 24.3 30.2362 45.9665 24.3 30.2697 46 24.3 30.5362 46.1891 24.3 31 46.4313 24.3 31.2489 46.8891 24.3 31.3598 47 24.3 32 47.531 24.3 32.3 47.5883 24.3 33 47.6383 24.3 33.5244 47.9125 24.3 33.6119 48 24.3 33.8244 48.1558 24.3 34 48.241 24.3 34.3 48.2108 24.3 35 48.3164 24.3 35.3 48.3824 24.3 36.3 48.3001 24.3 37 48.2366 24.3 37.1469 48.0678 24.3 37.2122 48 24.3 37.1138 47.7 24.3 37.3839 47 24.3 37.5485 46.7 24.3 37.9131 45.4093 24.3 38 45.3224 24.3 38.1438 45.1093 24.3 38.1748 45 24.3 38.2053 44.7 24.3 38.4047 44 24.3 38.4193 43.7 24.3 38.3473 43 24.3 38.2042 42.7 24.3 38.077 42 24.3 38.0312 41.8109 24.3 38 41.6553 24.3 37.9082 41.1109 24.3 37.8841 41 24.3 37.835 40.7 24.3 37.7129 39.7 24.3 37.4843 39 24.3 37.459 38.7 24.3 37.2894 38 24.3 37.1264 37.7 24.3 36.9965 37 24.3 36.9006 36 24.3 36.8777 35.7 24.3 36.8091 35 24.3 36.7699 34.7 24.3 36.6006 33 24.3 36.6246 32.7 24.3 36.5426 31.7 24.3 36.3107 31 24.3 36.1296 30.7414 24.3 35.8341 30.0414 24.3 35.7785 30 24.3 35.6028 29.7 24.3 35.1695 29 24.3 35.1007 28.908 24.3 35 28.791 24.3 34.4485 28.208 24.3 34.2626 28 24.3 32.5239 26.1622 24.3 32.3771 26 24.3 32.2239 25.811 24.3 32 25.5743 24.3 31.515 25.111 24.3 31.434 25 24.3 31.4414 24.7 24.3 31.3435 24 24.3 31.3249 23.7 24.3 31.4639 23 24.3 31.5185 22.7 24.3 31.8489 21.3 24.3 31.9118 21 24.3 32 20.3378 24.3 32.0145 20.2069 24.3 32.0431 20 24.3 31.9879 19.3759 24.3 31.7076 18 24.3 31.5904 17.7 24.3 31.4416 17 24.3 30.9658 15.8026 24.3 30.9333 15.7 24.3 30.7681 15 24.3 31 14.7681 24.3 31.132 14.5006 24.3 31.4554 14 24.3 31.5736 13 24.3 31.5683 12.7 24.3 31.7218 12 24.3 31.7124 11.7 24.3 31.6741 11 24.3 32 10.6741 24.3 32.3 10.6308 24.3 33 10.4366 24.3 33.3 10.4121 24.3 34 10.3198 24.3 34.3 10.3038 24.3 35 10.2494 24.3 36 10.2027 24.3 50.8 10.0512 24.3 50.8 50.8 24.3 0 50.8 24.3 
1
187
0 10.0636 25.2 14 10.3154 25.2 14.2 10.333 25.2 15 10.4205 25.2 15.5795 11 25.2 15.4779 11.8 25.2 15.4587 12 25.2 15 12.4587 25.2 14.5275 13 25.2 14.4122 13.8 25.2 14.3994 14 25.2 14 14.3994 25.2 13.9241 14.4957 25.2 13.5815 15 25.2 13.5086 17.8 25.2 13.5126 18 25.2 13.5414 18.8 25.2 13.5454 19 25.2 13.5821 20 25.2 13.6162 20.8 25.2 13 21.4107 25.2 12.7429 21.8 25.2 12.8052 24 25.2 13.8039 25 25.2 13.8258 26 25.2 13.8582 26.0349 25.2 14.8255 27 25.2 14.8052 28 25.2 15 28.2675 25.2 15.7325 29 25.2 15.6894 29.8 25.2 15.6816 30 25.2 15.6185 30.8 25.2 15.6074 31 25.2 15.5164 31.8 25.2 15.5007 32 25.2 15 32.5007 25.2 14.5594 33 25.2 14.4486 33.8 25.2 14.4288 34 25.2 14 34.4288 25.2 13.5267 35 25.2 13.4524 35.8 25.2 13.4452 36 25.2 13 36.4452 25.2 12.9299 36.5346 25.2 12.5768 37 25.2 12.5465 37.8 25.2 12.5235 39 25.2 12.6197 42 25.2 12.6818 42.0652 25.2 13 42.4279 25.2 13.2 42.4382 25.2 14 42.5231 25.2 14.2 42.5371 25.2 15 42.6737 25.2 15.3263 43 25.2 15.4158 43.0788 25.2 16 43.4665 25.2 18 43.5042 25.2 18.2 43.5221 25.2 19 43.2044 25.2 19.2 43.2413 25.2 20 43.7148 25.2 20.2852 44 25.2 21 44.5166 25.2 22 44.6446 25.2 22.2 44.684 25.2 23 44.8571 25.2 23.322 44.9643 25.2 23.3577 45 25.2 23.522 45.114 25.2 24 45.3135 25.2 24.2 45.34 25.2 25 45.7467 25.2 26 45.7849 25.2 26.2 45.7954 25.2 27 45.8031 25.2 27.2 45.8152 25.2 28 45.823 25.2 28.2 45.8371 25.2 29 45.8451 25.2 29.2 45.8501 25.2 30 45.9025 25.2 30.0975 46 25.2 30.2893 46.1279 25.2 31 46.6322 25.2 31.3678 47 25.2 31.4957 47.0999 25.2 32 47.5139 25.2 32.2 47.5441 25.2 33 47.6968 25.2 33.3032 48 25.2 34 48.513 25.2 34.2 48.5275 25.2 35 48.4469 25.2 35.2 48.45 25.2 36 48.6259 25.2 36.2 48.6014 25.2 37 48.5406 25.2 37.4718 48 25.2 37.4853 47.8 25.2 37.2231 47 25.2 37.242 46.8 25.2 37.6808 46 25.2 38 45.6808 25.2 38.088 45.5682 25.2 38.4714 45 25.2 38.4833 44.8 25.2 38.5648 44 25.2 38.564 43.8 25.2 38.6029 43 25.2 38.6046 42.8 25.2 38.223 42 25.2 38.1222 41.8312 25.2 38 41.327 25.2 37.9359 41.0312 25.2 37.9048 41 25.2 37.8881 40.8 25.2 37.7571 40 25.2 37.6425 39 25.2 37.5581 38 25.2 37.4539 37.8 25.2 37.0191 37 25.2 36.8358 34.8 25.2 36.7312 34 25.2 36.7195 33.8 25.2 36.638 33 25.2 36.6345 32.8 25.2 36.6986 32 25.2 36.6834 31.8 25.2 36.6108 31 25.2 36.483 30.8256 25.2 36 30.1359 25.2 35.8517 30.0256 25.2 35.8261 30 25.2 35.7728 29.8 25.2 35.3044 29 25.2 35.1833 28.8491 25.2 35 28.6036 25.2 34.5044 28.0491 25.2 34.4553 28 25.2 33.5475 27.0436 25.2 33.504 27 25.2 33.3475 26.8236 25.2 33 26.4563 25.2 32.6086 26.0236 25.2 32.5849 26 25.2 32.4113 25.8 25.2 32 25.2927 25.2 31.7865 25 25.2 31.7841 24.9805 25.2 31.7668 24.8 25.2 31.7865 24 25.2 31.737 23.2 25.2 31.7686 23 25.2 31.7935 22.6726 25.2 32.1111 21 25.2 32.2467 20 25.2 32.2652 19.8 25.2 32.2955 19 25.2 32.231 18.8 25.2 32.0734 18 25.2 32.0393 17.9247 25.2 31.727 17.1247 25.2 31.6866 17 25.2 31.5933 16.8 25.2 31.2754 16 25.2 31.3156 15.8 25.2 31.0547 15 25.2 31.1064 14.9134 25.2 31.4584 14.2 25.2 31.442 14 25.2 31.4386 13.8 25.2 31.5329 13 25.2 31.4843 11 25.2 32 10.4843 25.2 32.2 10.4665 25.2 33 10.3511 25.2 33.2 10.34 25.2 34 10.2748 25.2 34.2 10.267 25.2 35 10.2244 25.2 36 10.1887 25.2 50.8 10.051 25.2 50.8 50.8 25.2 0 50.8 25.2 
1
176
0 10.0631 26.1 14 10.29 26.1 14.1 10.2972 26.1 15 10.3765 26.1 15.6235 11 26.1 15.5372 11.9 26.1 15.531 12 26.1 15 12.531 26.1 14.5899 13 26.1 14.5323 13.9 26.1 14.5286 14 26.1 14 14.5286 26.1 13.9681 14.5666 26.1 13.6268 15 26.1 13.5804 16.9 26.1 13.58 17 26.1 13.642 19.9 26.1 13.5384 20 26.1 13 20.5384 26.1 12.9755 20.5746 26.1 12.7417 20.9 26.1 12.8189 24 26.1 13.8209 25 26.1 13.8391 26 26.1 13.854 26.017 26.1 14 26.1739 26.1 14.8261 27 26.1 14.8073 28 26.1 15 28.2617 26.1 15.7383 29 26.1 15.7001 30 26.1 15.6503 30.9 26.1 15.5428 31 26.1 15.5785 31.0369 26.1 15.6416 31.1 26.1 15.5711 32 26.1 15 32.5711 26.1 14.613 33 26.1 14.5242 33.9 26.1 14.5182 34 26.1 14 34.5182 26.1 13.597 35 26.1 13.5642 35.9 26.1 13.5631 36 26.1 13 36.5631 26.1 12.9712 36.5973 26.1 12.6558 37 26.1 12.6369 37.9 26.1 12.5285 38 26.1 12.5656 38.0304 26.1 12.6353 38.1 26.1 12.6196 39 26.1 12.6959 42 26.1 13 42.319 26.1 13.1 42.322 26.1 14 42.3682 26.1 14.1 42.3715 26.1 15 42.4343 26.1 15.5656 43 26.1 15.5974 43.0297 26.1 16 43.3842 26.1 17 43.3949 26.1 17.1 43.3996 26.1 18 43.4098 26.1 19 43.4989 26.1 19.1 43.5131 26.1 20 43.6788 26.1 20.3212 44 26.1 20.3791 44.0488 26.1 21 44.502 26.1 22 44.6219 26.1 22.1 44.64 26.1 23 44.8174 26.1 23.1826 45 26.1 24 45.568 26.1 24.1 45.5785 26.1 25 45.6974 26.1 28.1 45.8612 26.1 29 45.9244 26.1 29.1 45.9228 26.1 30 45.9452 26.1 30.0548 46 26.1 31 46.63 26.1 31.37 47 26.1 31.4244 47.0465 26.1 32 47.4961 26.1 32.1 47.5019 26.1 33 47.6376 26.1 33.3624 48 26.1 34 48.4774 26.1 34.1 48.478 26.1 35 48.5433 26.1 36 48.5576 26.1 36.1 48.5544 26.1 37 48.4439 26.1 37.034 48.4068 26.1 37.395 48 26.1 37.3992 47.9 26.1 37.4597 47 26.1 37.464 46.9 26.1 37.5488 46 26.1 38 45.5488 26.1 38.0364 45.5063 26.1 38.4324 45 26.1 38.434 44.9 26.1 38.4879 44 26.1 38.4825 43 26.1 38.4915 42 26.1 38.454 41.9474 26.1 38 41.1876 26.1 37.8124 41 26.1 37.8144 40.9 26.1 37.7396 40 26.1 37.7416 39.9 26.1 37.6376 39 26.1 37.6361 38.9 26.1 37.5594 38 26.1 37.556 37.9 26.1 37.0353 36.9039 26.1 36.9489 36.0039 26.1 36.945 36 26.1 36.793 34 26.1 36.7351 33 26.1 36.7179 32 26.1 36.6424 31 26.1 36.5754 30.9127 26.1 36 30.1278 26.1 35.8722 30 26.1 35.6053 29 26.1 35 28.2447 26.1 34.7553 28 26.1 34.6791 27.909 26.1 34 27.205 26.1 33.795 27 26.1 33.7173 26.9 26.1 33.6443 26.8238 26.1 33 26.0974 26.1 32.9026 26 26.1 32.8936 25.9833 26.1 32.8263 25.9 26.1 32.0448 25 26.1 32.0162 24.9 26.1 32.0116 24.8583 26.1 32 24.7746 26.1 31.9258 24 26.1 32 23.4993 26.1 32.0997 22.9 26.1 32.1091 22 26.1 32.1385 21.9 26.1 32.3143 21 26.1 32.3191 20.9 26.1 32.4323 20 26.1 32.4234 19.9 26.1 32.5065 19 26.1 32.4985 18.9 26.1 32.2083 18 26.1 32.1537 17.9263 26.1 32 17.5875 26.1 31.8178 17.0263 26.1 31.7916 17 26.1 31.7736 16.9 26.1 31.354 16 26.1 31.3431 15.9 26.1 31.5239 15 26.1 31.4432 14 26.1 31.4394 13.9 26.1 31.3791 11 26.1 32 10.3791 26.1 32.1 10.3729 26.1 33 10.2925 26.1 33.1 10.2884 26.1 34 10.2382 26.1 35 10.2006 26.1 50.8 10.0506 26.1 50.8 50.8 26.1 0 50.8 26.1 
1
110
0 10.0625 27 14 10.2684 27 15 10.3409 27 15.6591 11 27 15.5976 12 27 15 12.5976 27 14.657 13 27 14.6207 14 27 14 14.6207 27 13.6813 15 27 13.6503 16 27 13.6463 17 27 13.6742 19 27 13 19.6742 27 12.7554 20 27 12.8333 24 27 13.8354 25 27 13.8509 26 27 14 26.1703 27 14.8297 27 27 14.8125 28 27 15 28.2519 27 15.7481 29 27 15.7175 30 27 15 30.7175 27 14.7492 31 27 15 31.3693 27 15.6307 32 27 15 32.6307 27 14.6653 33 27 14.6051 34 27 14 34.6051 27 13.6691 35 27 13.6577 36 27 13 36.6577 27 12.712 37 27 12 37.712 27 11.7547 38 27 12 38.304 27 12.696 39 27 12.7536 42 27 13 42.2546 27 15 42.3178 27 15.6822 43 27 16 43.2971 27 17 43.3052 27 18 43.3515 27 19 43.4375 27 20 43.5792 27 20.4208 44 27 21 44.4881 27 22 44.6008 27 23 44.7812 27 23.2188 45 27 24 45.5491 27 25 45.654 27 29 45.8402 27 30 45.8239 27 30.1761 46 27 31 46.5434 27 31.4566 47 27 32 47.4649 27 33 47.5226 27 33.4774 48 27 34 48.3918 27 36 48.4034 27 37 48.3712 27 37.3396 48 27 37.4249 46 27 38 45.4249 27 38.3644 45 27 38.3798 44 27 38.362 43 27 38.3754 42 27 38 41.4736 27 37.5264 41 27 37.5665 39 27 37.5511 38 27 37.5171 37 27 37 36.0391 27 36.9609 36 27 36.8042 34 27 36.7541 33 27 36.7382 32 27 36.6707 31 27 36 30.1271 27 35.8729 30 27 35.6043 29 27 35 28.2386 27 34.7614 28 27 34 27.0898 27 33.9102 27 27 32.3264 25 27 32.0404 24 27 32.3728 22 27 32.6666 21 27 32.7154 20 27 32.5462 18 27 32 17.2628 27 31.7372 17 27 31.5581 16 27 31.4489 15 27 31.3809 14 27 31.3436 13 27 31.3133 11 27 32 10.3133 27 33 10.2513 27 50.8 10.0502 27 50.8 50.8 27 0 50.8 27 
1
171
0 10.0618 27.9 14.9 10.2949 27.9 15 10.3021 27.9 15.6979 11 27.9 15.6917 11.1 27.9 15.6587 12 27.9 15 12.6587 27.9 14.7067 13 27.9 14.703 13.1 27.9 14.5244 13.2636 27.9 14 13.7881 27.9 13.8148 14 27.9 13.7737 14.0621 27.9 13.7418 14.1 27.9 13.7224 15.1 27.9 13.7091 17 27.9 13.7254 19 27.9 13 19.7254 27.9 12.8034 19.9674 27.9 12.7789 20 27.9 12.8457 24 27.9 13.8476 25 27.9 13.861 26 27.9 13.9851 26.1492 27.9 14 26.1663 27.9 14.8337 27 27.9 14.8174 28 27.9 15 28.2416 27.9 15.7584 29 27.9 15.7314 30 27.9 15 30.7314 27.9 14.7613 31 27.9 15 31.3454 27.9 15.6545 32 27.9 15 32.6545 27.9 14.7413 32.9631 27.9 14.7078 33 27.9 14.7018 33.1 27.9 14.5321 33.2532 27.9 14 33.7853 27.9 13.8085 34 27.9 13.7691 34.0605 27.9 13.7361 34.1 27.9 13.7299 35.1 27.9 13.5223 35.2921 27.9 13 35.8145 27.9 12.8361 36 27.9 12.7916 36.0658 27.9 12.7628 36.1 27.9 12.7588 37 27.9 12 37.7588 27.9 11.8109 37.9712 27.9 11.7864 38 27.9 11.9755 38.2161 27.9 12 38.2465 27.9 12.7535 39 27.9 12.7924 42 27.9 13 42.2134 27.9 14.9 42.2503 27.9 15 42.2535 27.9 15.9682 43.2172 27.9 16 43.2469 27.9 16.9 43.2735 27.9 17 43.2743 27.9 18 43.3205 27.9 18.9 43.3821 27.9 19 43.3907 27.9 19.9 43.4861 27.9 20 43.5003 27.9 20.4997 44 27.9 20.9421 44.401 27.9 21 44.4498 27.9 21.9 44.5699 27.9 22 44.5812 27.9 22.9 44.7304 27.9 23 44.7484 27.9 23.2516 45 27.9 24 45.522 27.9 25 45.6161 27.9 26.9 45.6828 27.9 27 45.6873 27.9 27.9 45.6857 27.9 28 45.6908 27.9 28.9 45.6893 27.9 29 45.694 27.9 29.9 45.638 27.9 30 45.6363 27.9 30.3637 46 27.9 30.9176 46.3408 27.9 31 46.3952 27.9 31.6048 47 27.9 31.9457 47.3165 27.9 32 47.363 27.9 32.9 47.3763 27.9 33 47.3821 27.9 33.6179 48 27.9 33.9477 48.2736 27.9 34 48.3128 27.9 36 48.3175 27.9 36.9 48.3064 27.9 37 48.3032 27.9 37.2515 48.0371 27.9 37.2854 48 27.9 37.3012 47.1 27.9 37.3054 47 27.9 37.3174 46.1 27.9 37.3217 46 27.9 38 45.3217 27.9 38.2559 45.0425 27.9 38.2923 45 27.9 38.2988 44 27.9 38.2889 43 27.9 38.3038 42 27.9 38.0375 41.6558 27.9 38 41.6032 27.9 37.3968 41 27.9 37.4198 39 27.9 37.4532 38.1 27.9 37.4516 38 27.9 37.4703 37.1 27.9 37.4669 37 27.9 37 36.1252 27.9 36.8748 36 27.9 36.8978 35.1 27.9 36.8157 34 27.9 36.7767 33 27.9 36.6935 32.1 27.9 36.6919 32 27.9 36.6053 31.1 27.9 36.5985 31 27.9 36 30.2067 27.9 35.7933 30 27.9 35.5917 29.1 27.9 35.5649 29 27.9 35.0604 28.4247 27.9 35 28.3486 27.9 34.6514 28 27.9 34.0761 27.3991 27.9 34 27.3081 27.9 33.692 27 27.9 33.5251 26.1 27.9 33.4474 26 27.9 33.0133 25.4996 27.9 32.9326 25.3996 27.9 32.533 25 27.9 32.4833 24.1 27.9 32.4547 24 27.9 32.5166 23.1 27.9 32.5336 23 27.9 32.6145 22.1 27.9 32.6307 22 27.9 32.7273 21.1 27.9 32.7567 21 27.9 32.6677 20.1 27.9 32.6726 20 27.9 32.5823 19 27.9 32.5124 18 27.9 32 17.2972 27.9 31.7028 17 27.9 31.5337 16 27.9 31.4212 15.1 27.9 31.4103 15 27.9 31.3316 14 27.9 31.2687 11 27.9 32 10.2687 27.9 32.9 10.2279 27.9 33 10.2217 27.9 34 10.1887 27.9 50.8 10.0498 27.9 50.8 50.8 27.9 0 50.8 27.9 
1
148
0 10.061 28.8 15 10.2667 28.8 15.7333 11 28.8 15.726 11.2 28.8 15.298 11.5979 28.8 15 11.8959 28.8 14.9068 12 28.8 14.8146 12.1331 28.8 14.757 12.2 28.8 14.7448 13 28.8 14 13.7448 28.8 13.7746 14 28.8 13.7662 19 28.8 13 19.7662 28.8 12.8471 19.9462 28.8 12.8034 20 28.8 12.8568 24 28.8 13.858 25 28.8 13.8666 26 28.8 14 26.1624 28.8 14.8376 27 28.8 14.8226 28 28.8 15 28.2314 28.8 15.7686 29 28.8 15.7439 30 28.8 15 30.7439 28.8 14.7729 31 28.8 14.7611 31.8 28.8 14.9003 32 28.8 14.8086 32.1314 28.8 14.7511 32.2 28.8 14.7423 33 28.8 14 33.7423 28.8 13.8274 33.9425 28.8 13.7761 34 28.8 13.7753 35 28.8 13 35.7753 28.8 12.798 36 28.8 12.796 37 28.8 12 37.796 28.8 11.856 37.9528 28.8 11.814 38 28.8 11.958 38.157 28.8 12 38.205 28.8 12.795 39 28.8 12.8209 42 28.8 13 42.1833 28.8 15 42.2134 28.8 15.7866 43 28.8 15.9507 43.1694 28.8 16 43.2177 28.8 19.8 43.4188 28.8 20 43.44 28.8 20.56 44 28.8 21 44.4025 28.8 21.8 44.4904 28.8 22 44.5171 28.8 22.8 44.6736 28.8 23 44.7067 28.8 23.2933 45 28.8 24 45.4972 28.8 24.8 45.5526 28.8 25 45.5712 28.8 25.8 45.5796 28.8 26 45.5874 28.8 26.8 45.5865 28.8 27 45.5925 28.8 29 45.5894 28.8 30 45.5161 28.8 30.4839 46 28.8 30.8769 46.2502 28.8 31 46.326 28.8 31.6741 47 28.8 31.9243 47.2182 28.8 32 47.2886 28.8 33 47.2928 28.8 33.7072 48 28.8 33.9267 48.1953 28.8 34 48.2561 28.8 37 48.2479 28.8 37.238 48 28.8 37.2539 46 28.8 38 45.2539 28.8 38.1814 45.062 28.8 38.2383 45 28.8 38.2389 43 28.8 38.253 42 28.8 38.0592 41.7606 28.8 38 41.6841 28.8 37.3159 41 28.8 37.3312 40 28.8 37.3549 39.2 28.8 37.3571 39 28.8 37.3858 38 28.8 37.3995 37 28.8 37.0923 36.4973 28.8 37 36.3242 28.8 36.6758 36 28.8 36.7166 35.2 28.8 36.7218 35 28.8 36.7699 34.2 28.8 36.702 33.2 28.8 36.6945 33 28.8 36.6018 32 28.8 36.5455 31.2 28.8 36.5263 31 28.8 36.1181 30.4301 28.8 36 30.2732 28.8 35.7268 30 28.8 35.5751 29.2 28.8 35.5303 29 28.8 35.1121 28.5628 28.8 35 28.435 28.8 34.565 28 28.8 34 27.4126 28.8 33.5874 27 28.8 33.4656 26.2 28.8 33.4285 26 28.8 33.0965 25.6547 28.8 33 25.5435 28.8 32.4565 25 28.8 32.4503 24.2 28.8 32.4393 24 28.8 32.4793 23.2 28.8 32.5427 22.2 28.8 32.6243 21.2 28.8 32.6457 21 28.8 32.6229 20.2 28.8 32.6032 20 28.8 32.5528 19.2 28.8 32.5347 19 28.8 32.4941 18.2 28.8 32.4804 18 28.8 32.1017 17.5166 28.8 32 17.3768 28.8 31.6232 17 28.8 31.4612 16 28.8 31.3865 15.2 28.8 31.3615 15 28.8 31.3109 14.2 28.8 31.2949 14 28.8 31.263 13 28.8 31.2367 11 28.8 32 10.2367 28.8 33 10.1982 28.8 50.8 10.0491 28.8 50.8 50.8 28.8 0 50.8 28.8 
1
124
0 10.06 29.7 15 10.2375 29.7 15.7625 11 29.7 15 11.7625 29.7 14.7878 12 29.7 14.7784 13 29.7 14 13.7784 29.7 13.8017 14 29.7 13.7977 19 29.7 13 19.7977 29.7 12.8258 20 29.7 12.8667 24 29.7 13.8672 25 29.7 13.8697 26 29.7 14 26.1586 29.7 14.8414 27 29.7 14.8278 28 29.7 15 28.2219 29.7 15.7781 29 29.7 15.7587 30 29.7 15 30.7587 29.7 14.7886 31 29.7 14.7694 33 29.7 14 33.7694 29.7 13.8 34 29.7 13.7989 35 29.7 13 35.7989 29.7 12.8838 35.9354 29.7 12.8254 36 29.7 12.8248 37 29.7 12 37.8248 29.7 11.8369 38 29.7 12 38.1745 29.7 12.8255 39 29.7 12.8428 42 29.7 13 42.16 29.7 15 42.1908 29.7 15.8092 43 29.7 15.9385 43.1376 29.7 16 43.2011 29.7 19.7 43.3678 29.7 20 43.3925 29.7 20.6075 44 29.7 21 44.3624 29.7 21.7 44.4192 29.7 22.7 44.5267 29.7 23 44.5854 29.7 23.4146 45 29.7 23.7908 45.285 29.7 24 45.4325 29.7 24.7 45.453 29.7 25 45.4738 29.7 26.7 45.5075 29.7 28 45.5134 29.7 28.7 45.497 29.7 29 45.4965 29.7 29.7 45.4549 29.7 30 45.432 29.7 30.5679 46 29.7 30.8526 46.1938 29.7 31 46.2877 29.7 31.7124 47 29.7 31.9062 47.1548 29.7 32 47.2366 29.7 33 47.2365 29.7 33.7635 48 29.7 34 48.2136 29.7 37 48.2065 29.7 37.2007 48 29.7 37.2081 46 29.7 38 45.2081 29.7 38.1989 45 29.7 38.2153 42 29.7 38 41.7314 29.7 37.2686 41 29.7 37.337 38 29.7 37.3464 37 29.7 37.1152 36.6546 29.7 37 36.4661 29.7 36.5339 36 29.7 36.5555 35.3 29.7 36.5709 35 29.7 36.5915 34.3 29.7 36.6096 34 29.7 36.6037 33.3 29.7 36.5465 32.3 29.7 36.5187 32 29.7 36.488 31.3 29.7 36.4669 31 29.7 36.1531 30.5449 29.7 36 30.3311 29.7 35.6689 30 29.7 35.4824 29 29.7 35 28.5019 29.7 34.4981 28 29.7 34 27.4846 29.7 33.5154 27 29.7 33.4319 26.3 29.7 33.3863 26 29.7 33.1245 25.7467 29.7 33 25.6172 29.7 32.3828 25 29.7 32.3841 24 29.7 32.4568 22.3 29.7 32.5151 21.3 29.7 32.539 21 29.7 32.5447 20.3 29.7 32.5362 20 29.7 32.4254 18 29.7 32.142 17.6577 29.7 32 17.4764 29.7 31.5236 17 29.7 31.446 16.3 29.7 31.3979 16 29.7 31.3472 15.3 29.7 31.3193 15 29.7 31.2656 14 29.7 31.2307 13 29.7 31.2106 11 29.7 32 10.2106 29.7 33 10.1807 29.7 50.8 10.0485 29.7 50.8 50.8 29.7 0 50.8 29.7 
1
117
0 10.059 30.6 15 10.213 30.6 15.787 11 30.6 15 11.787 30.6 14.8107 12 30.6 14.8063 13 30.6 14 13.8063 30.6 13.8245 14 30.6 13.8225 19 30.6 13 19.8225 30.6 12.8446 20 30.6 12.8755 24 30.6 13.8754 25 30.6 13.8722 26 30.6 14 26.1545 30.6 14.8455 27 30.6 14.8335 28 30.6 14.9318 28.1223 30.6 15 28.2099 30.6 15.7901 29 30.6 15.7777 30 30.6 15 30.7777 30.6 14.8058 31 30.6 14.7912 33 30.6 14 33.7912 30.6 13.8168 34 30.6 13.8138 35 30.6 13 35.8138 30.6 12.8413 36 30.6 12.8426 37 30.6 12 37.8426 30.6 11.918 37.9335 30.6 11.8557 38 30.6 12 38.1541 30.6 12.8459 39 30.6 12.8603 42 30.6 13 42.142 30.6 15 42.1773 30.6 15.8227 43 30.6 16 43.1884 30.6 20 43.3532 30.6 20.6468 44 30.6 21 44.3243 30.6 21.6 44.3546 30.6 22.6 44.4293 30.6 23 44.4719 30.6 23.5281 45 30.6 23.785 45.2035 30.6 24 45.3663 30.6 25 45.3879 30.6 28 45.4348 30.6 29 45.4177 30.6 29.6 45.3913 30.6 30 45.3675 30.6 30.6325 46 30.6 30.8373 46.147 30.6 31 46.2578 30.6 31.7422 47 30.6 32 47.2031 30.6 33 47.1985 30.6 33.8015 48 30.6 34 48.1815 30.6 37 48.1758 30.6 37.1722 48 30.6 37.1758 46 30.6 38 45.1758 30.6 38.1699 45 30.6 38.1889 42 30.6 38 41.76 30.6 37.24 41 30.6 37.2876 39 30.6 37.3061 37 30.6 37.1321 36.7563 30.6 37 36.559 30.6 36.441 36 30.6 36.4659 35 30.6 36.4738 34.4 30.6 36.4856 34 30.6 36.484 33 30.6 36.4691 32.4 30.6 36.4479 32 30.6 36.4111 31 30.6 36.1794 30.6924 30.6 36 30.4324 30.6 35.5676 30 30.6 35.5083 29.4 30.6 35.4343 29 30.6 34.4452 28 30.6 34 27.5411 30.6 33.4589 27 30.6 33.3988 26.4 30.6 33.3511 26 30.6 33 25.6648 30.6 32.3352 25 30.6 32.341 24 30.6 32.3875 22.4 30.6 32.4056 22 30.6 32.4202 21.4 30.6 32.4429 21 30.6 32.4505 20 30.6 32.4321 19.4 30.6 32.4086 19 30.6 32.3877 18.4 30.6 32.3675 18 30.6 32 17.558 30.6 31.442 17 30.6 31.392 16.4 30.6 31.3477 16 30.6 31.3141 15.4 30.6 31.2851 15 30.6 31.2416 14 30.6 31.2096 13 30.6 31.1881 11 30.6 32 10.1881 30.6 50.8 10.0477 30.6 50.8 50.8 30.6 0 50.8 30.6 
1
108
0 10.0578 31.5 15 10.1919 31.5 15.8081 11 31.5 15 11.8081 31.5 14.8298 12 31.5 14.8291 13 31.5 14 13.8291 31.5 13.8429 14 31.5 13.8423 19 31.5 13 19.8423 31.5 12.8601 20 31.5 12.8838 24 31.5 13.882 25 31.5 13.8755 26 31.5 14 26.1488 31.5 14.8511 27 31.5 14.841 28 31.5 14.918 28.093 31.5 15 28.1949 31.5 15.8051 29 31.5 15.7973 30 31.5 15 30.7973 31.5 14.8215 31 31.5 14.8092 33 31.5 14 33.8092 31.5 13.8308 34 31.5 13.8265 35 31.5 13 35.8265 31.5 12.8503 36 31.5 12.8525 37 31.5 12 37.8525 31.5 11.9374 37.9243 31.5 11.8691 38 31.5 11.9317 38.0695 31.5 12 38.1429 31.5 12.8571 39 31.5 12.8725 42 31.5 12.9338 42.0642 31.5 13 42.1316 31.5 15 42.167 31.5 15.8329 43 31.5 16 43.1771 31.5 19.5 43.2878 31.5 20 43.3139 31.5 20.6861 44 31.5 21 44.2878 31.5 22.5 44.3564 31.5 23 44.3917 31.5 23.6084 45 31.5 23.7859 45.1453 31.5 24 45.3148 31.5 29 45.3536 31.5 29.5 45.3397 31.5 30 45.3177 31.5 30.6823 46 31.5 30.8293 46.1099 31.5 31 46.2323 31.5 31.7676 47 31.5 32 47.1833 31.5 33 47.1744 31.5 33.8256 48 31.5 33.908 48.0728 31.5 34 48.1572 31.5 37 48.1526 31.5 37.1502 48 31.5 37.1521 46 31.5 38.1479 45 31.5 38.1726 42 31.5 38 41.7809 31.5 37.2191 41 31.5 37.2744 37 31.5 37.1451 36.8266 31.5 37 36.6236 31.5 36.3764 36 31.5 36.3934 35 31.5 36.4034 32.5 31.5 36.3628 31 31.5 36.1931 30.7918 31.5 36 30.5355 31.5 35.4645 30 31.5 35.4333 29.5 31.5 35.3839 29 31.5 35.2068 28.8095 31.5 34.2118 27.8099 31.5 34 27.5919 31.5 33.4081 27 31.5 33.3667 26.5 31.5 33.3166 26 31.5 33 25.7 31.5 32.3 25 31.5 32.3051 23.5 31.5 32.3574 21 31.5 32.3661 20 31.5 32.334 18.5 31.5 32.3167 18 31.5 32.1712 17.8319 31.5 32 17.6266 31.5 31.3734 17 31.5 31.3476 16.5 31.5 31.306 16 31.5 31.2853 15.5 31.5 31.2573 15 31.5 31.2215 14 31.5 31.1699 11 31.5 32 10.1699 31.5 50.8 10.0471 31.5 50.8 50.8 31.5 0 50.8 31.5 
1
99
0 10.0566 32.4 15 10.1738 32.4 15.8262 11 32.4 15 11.8262 32.4 14.8453 12 32.4 14.847 13 32.4 14 13.847 32.4 13.858 14 32.4 13.8584 19 32.4 13 19.8584 32.4 12.8728 20 32.4 12.8916 24 32.4 12.933 24.0445 32.4 13 24.1136 32.4 13.8864 25 32.4 13.8797 26 32.4 14 26.1417 32.4 14.8583 27 32.4 14.85 28 32.4 15 28.1796 32.4 15.8204 29 32.4 15.8144 30 32.4 15 30.8144 32.4 14.8349 31 32.4 14.8245 33 32.4 14 33.8245 32.4 13.8429 34 32.4 13.8385 35 32.4 13 35.8385 32.4 12.8576 36 32.4 12.8591 37 32.4 12 37.8591 32.4 11.877 38 32.4 12 38.1359 32.4 12.8641 39 32.4 12.8796 42 32.4 13 42.126 32.4 15 42.1579 32.4 15.8421 43 32.4 16 43.1668 32.4 20 43.2757 32.4 20.7243 44 32.4 21 44.2561 32.4 23 44.3342 32.4 23.6658 45 32.4 24 45.2754 32.4 29 45.3022 32.4 30 45.2798 32.4 30.7202 46 32.4 30.8235 46.0796 32.4 31 46.2115 32.4 31.7885 47 32.4 32 47.17 32.4 33 47.1596 32.4 33.8404 48 32.4 33.9011 48.0515 32.4 34 48.1388 32.4 37 48.1346 32.4 37.1329 48 32.4 37.1361 46 32.4 38.1333 45 32.4 38.1615 42 32.4 38 41.7992 32.4 37.2008 41 32.4 37.2483 37 32.4 37.1552 36.8794 32.4 37 36.6713 32.4 36.3287 36 32.4 36.3245 31 32.4 36.2036 30.8598 32.4 36 30.61 32.4 35.39 30 32.4 35.3719 29.6 32.4 35.3345 29 32.4 35.2124 28.8633 32.4 35 28.6347 32.4 34.3653 28 32.4 34.2285 27.8679 32.4 33.3602 27 32.4 33.3347 26.6 32.4 33.285 26 32.4 33 25.7291 32.4 32.2709 25 32.4 32.262 24.6 32.4 32.2573 24 32.4 32.3014 20 32.4 32.2732 18 32.4 32.1745 17.8928 32.4 32 17.6911 32.4 31.3089 17 32.4 31.2971 16.6 32.4 31.2662 16 32.4 31.2559 15.6 32.4 31.2311 15 32.4 31.1557 11 32.4 32 10.1557 32.4 50.8 10.0466 32.4 50.8 50.8 32.4 0 50.8 32.4 
1
91
0 10.0554 33.3 15 10.1581 33.3 15.8419 11 33.3 15 11.8419 33.3 14.8583 12 33.3 14.8607 13 33.3 14 13.8607 33.3 13.871 14 33.3 13.8716 19 33.3 13 19.8716 33.3 12.8836 20 33.3 12.8989 24 33.3 12.9276 24.032 33.3 13 24.1099 33.3 13.89 25 33.3 13.8845 26 33.3 14 26.134 33.3 14.866 27 33.3 14.8592 28 33.3 15 28.1661 33.3 15.8339 29 33.3 15.8289 30 33.3 15 30.8289 33.3 14.8464 31 33.3 14.8374 33 33.3 14 33.8375 33.3 13.8533 34 33.3 13.8494 35 33.3 13 35.8494 33.3 12.8649 36 33.3 12.8654 37 33.3 12 37.8654 33.3 11.8819 38 33.3 12 38.1289 33.3 12.8711 39 33.3 12.8843 42 33.3 13 42.1208 33.3 15 42.1494 33.3 15.8506 43 33.3 16 43.1566 33.3 20 43.2425 33.3 20.7575 44 33.3 21 44.23 33.3 23 44.2903 33.3 23.7097 45 33.3 24 45.2438 33.3 30 45.2495 33.3 30.7505 46 33.3 30.8192 46.0546 33.3 31 46.1939 33.3 31.8061 47 33.3 32 47.1584 33.3 33 47.1485 33.3 33.8515 48 33.3 34 48.1264 33.3 37 48.1203 33.3 37.1191 48 33.3 37.127 46 33.3 38.1253 45 33.3 38.1513 42 33.3 38.1083 41.949 33.3 38 41.8165 33.3 37.1835 41 33.3 37.2247 37 33.3 37.163 36.9235 33.3 37 36.7124 33.3 36.2876 36 33.3 36.2922 31 33.3 36.2117 30.9111 33.3 36 30.6657 33.3 35.3343 30 33.3 35.325 29.7 33.3 35.2934 29 33.3 35.2137 28.9141 33.3 35 28.6748 33.3 34 27.6838 33.3 33.3162 27 33.3 33.302 26.7 33.3 33.2574 26 33.3 33 25.7553 33.3 32.2447 25 33.3 32.2214 24 33.3 32.2366 18 33.3 32.1727 17.9335 33.3 32 17.746 33.3 31.254 17 33.3 31.1441 11 33.3 32 10.144 33.3 50.8 10.0463 33.3 50.8 50.8 33.3 0 50.8 33.3 
1
84
0 10.0541 34.2 15 10.1441 34.2 15.8559 11 34.2 15 11.8559 34.2 14.8695 12 34.2 14.8718 13 34.2 14 13.8718 34.2 13.8823 14 34.2 13.8827 19 34.2 13 19.8827 34.2 12.8928 20 34.2 12.9052 24 34.2 13 24.1058 34.2 13.8942 25 34.2 13.8896 26 34.2 14 26.1267 34.2 14.8733 27 34.2 14.8674 28 34.2 15 28.1544 34.2 15.8456 29 34.2 15.8412 30 34.2 15 30.8412 34.2 14.8564 31 34.2 14.8488 33 34.2 14 33.8489 34.2 13.8626 34 34.2 13.8594 35 34.2 13 35.8594 34.2 12.8721 36 34.2 12.8723 37 34.2 12 37.8723 34.2 11.887 38 34.2 12 38.1224 34.2 12.8776 39 34.2 12.8887 42 34.2 13 42.1158 34.2 15 42.1405 34.2 15.8595 43 34.2 16 43.1456 34.2 20 43.2133 34.2 21 44.2066 34.2 23 44.2528 34.2 23.7472 45 34.2 23.7912 45.0392 34.2 24 45.2176 34.2 30 45.2233 34.2 30.7767 46 34.2 30.8167 46.0333 34.2 31 46.1788 34.2 31.8212 47 34.2 32 47.148 34.2 33 47.1388 34.2 33.8612 48 34.2 34 48.1193 34.2 37 48.1086 34.2 37.1079 48 34.2 37.1209 46 34.2 38.1194 45 34.2 38.1411 42 34.2 38 41.8333 34.2 37.1667 41 34.2 37.2009 37 34.2 37.1647 36.9569 34.2 37 36.7529 34.2 36.2471 36 34.2 36.2605 31 34.2 36 30.7134 34.2 35.2866 30 34.2 35.2577 29 34.2 35 28.7228 34.2 33.2752 27 34.2 33.2688 26.8 34.2 33.231 26 34.2 33 25.7799 34.2 32.2201 25 34.2 32.1942 24 34.2 32.2074 18 34.2 32 17.7849 34.2 31.2151 17 34.2 31.134 11 34.2 32 10.134 34.2 50.8 10.0458 34.2 50.8 50.8 34.2 0 50.8 34.2 
1
82
0 10.0528 35.1 15 10.1312 35.1 15.8688 11 35.1 15 11.8688 35.1 14.8793 12 35.1 14.8814 13 35.1 14 13.8814 35.1 13.8918 14 35.1 13.8923 19 35.1 13 19.8923 35.1 12.9007 20 35.1 12.9096 24 35.1 13 24.1014 35.1 13.8986 25 35.1 13.8946 26 35.1 14 26.1203 35.1 14.8798 27 35.1 14.8747 28 35.1 15 28.1442 35.1 15.8558 29 35.1 15.8522 30 35.1 15 30.8522 35.1 14.8654 31 35.1 14.8597 33 35.1 14 33.8597 35.1 13.8714 34 35.1 13.8692 35 35.1 13 35.8692 35.1 12.8797 36 35.1 12.8799 37 35.1 12 37.8798 35.1 11.8922 38 35.1 12 38.1162 35.1 12.8838 39 35.1 12.8931 42 35.1 13 42.1107 35.1 15 42.131 35.1 16 43.1348 35.1 20 43.1902 35.1 20.8098 44 35.1 21 44.185 35.1 23 44.2168 35.1 23.7832 45 35.1 23.802 45.0174 35.1 24 45.1939 35.1 30 45.1973 35.1 30.8027 46 35.1 30.8201 46.0151 35.1 31 46.1648 35.1 31.8352 47 35.1 32 47.1385 35.1 33 47.1302 35.1 33.8698 48 35.1 34 48.1129 35.1 37 48.0992 35.1 37.0993 48 35.1 37.1144 46 35.1 38.1131 45 35.1 38.1311 42 35.1 38 41.8482 35.1 37.1518 41 35.1 37.1787 37 35.1 37.1627 36.9816 35.1 37 36.7878 35.1 36.2122 36 35.1 36.2255 31 35.1 36 30.7562 35.1 35.2438 30 35.1 35.2232 29 35.1 35 28.763 35.1 33.2393 27 35.1 33.2086 26 35.1 33 25.8001 35.1 32.1999 25 35.1 32.1752 24 35.1 32.1833 18 35.1 31.1864 17 35.1 31.1252 11 35.1 32 10.1252 35.1 50.8 10.0452 35.1 50.8 50.8 35.1 0 50.8 35.1 
1
77
0 10.0515 36 15 10.1197 36 15.8803 11 36 15 11.8803 36 14.8884 12 36 14.89 13 36 14 13.89 36 13.8998 14 36 13.9008 19 36 13 19.9008 36 12.9074 20 36 12.9129 24 36 13 24.097 36 13.903 25 36 13.8991 26 36 14 26.1144 36 14.8856 27 36 14.8814 28 36 15 28.1345 36 15.8655 29 36 15.8631 30 36 15 30.8631 36 14.8742 31 36 14.8705 33 36 14 33.8705 36 13.8802 34 36 13.8787 35 36 13 35.8787 36 12.8874 36 36 12.8875 37 36 12 37.8875 36 11.8977 38 36 12 38.1096 36 12.8904 39 36 12.898 42 36 13 42.1051 36 15 42.122 36 16 43.1253 36 20 43.1714 36 20.8286 44 36 21 44.1666 36 23 44.188 36 23.812 45 36 24 45.1737 36 30 45.1734 36 30.8266 46 36 31 46.1506 36 31.8494 47 36 32 47.1299 36 33 47.1226 36 33.8774 48 36 34 48.1071 36 37 48.0928 36 37.0948 48 36 37.108 46 36 38.1067 45 36 38.1222 42 36 38 41.8615 36 37.1385 41 36 37.1601 37 36 37 36.8158 36 36.1842 36 36 36.1955 31 36 36 30.788 36 35.212 30 36 35.1964 29 36 35 28.7931 36 33.2091 27 36 33.1881 26 36 32.1832 25 36 32.1633 18 36 31.1644 17 36 31.1174 11 36 32 10.1174 36 50.8 10.0447 36 50.8 50.8 36 0 50.8 36 
1
77
0 10.0502 36.9 15 10.1097 36.9 15.8903 11 36.9 15 11.8903 36.9 14.8965 12 36.9 14.8978 13 36.9 14 13.8978 36.9 13.9057 14 36.9 13.9081 19 36.9 13 19.9081 36.9 12.9134 20 36.9 12.9163 24 36.9 13 24.0928 36.9 13.9072 25 36.9 13.9035 26 36.9 14 26.1083 36.9 14.8917 27 36.9 14.8882 28 36.9 15 28.1251 36.9 15.8749 29 36.9 15.8735 30 36.9 15 30.8735 36.9 14.8828 31 36.9 14.8805 33 36.9 14 33.8805 36.9 13.8886 34 36.9 13.8876 35 36.9 13 35.8876 36.9 12.8948 36 36.9 12.8948 37 36.9 12 37.8948 36.9 11.9032 38 36.9 12 38.1032 36.9 12.8969 39 36.9 12.9031 42 36.9 13 42.0994 36.9 15 42.1143 36.9 16 43.1172 36.9 20 43.1545 36.9 20.8455 44 36.9 21 44.1499 36.9 23 44.1662 36.9 23.8338 45 36.9 24 45.1567 36.9 30 45.1545 36.9 30.8455 46 36.9 31 46.1373 36.9 31.8627 47 36.9 32 47.1212 36.9 33 47.1153 36.9 33.8847 48 36.9 34 48.1019 36.9 37 48.0889 36.9 37.0908 48 36.9 37.1024 46 36.9 38.1009 45 36.9 38.1139 42 36.9 38 41.8727 36.9 37.1273 41 36.9 37.1445 37 36.9 37 36.8365 36.9 36.1635 36 36.9 36.1732 31 36.9 36 30.8125 36.9 35.1875 30 36.9 35.1758 29 36.9 35 28.8158 36.9 33.1863 27 36.9 33.1696 26 36.9 32.1684 25 36.9 32.1462 18 36.9 31.1473 17 36.9 31.1099 11 36.9 32 10.1099 36.9 50.8 10.0441 36.9 50.8 50.8 36.9 0 50.8 36.9 
1
76
0 10.049 37.8 15 10.101 37.8 15.899 11 37.8 15 11.899 37.8 14.9039 12 37.8 14.9049 13 37.8 14 13.9049 37.8 13.9114 14 37.8 13.9145 19 37.8 13 19.9145 37.8 12.9188 20 37.8 12.9196 24 37.8 13 24.0887 37.8 13.9113 25 37.8 13.9078 26 37.8 14 26.1022 37.8 14.8978 27 37.8 14.8947 28 37.8 15 28.1169 37.8 15.8831 29 37.8 15.8818 30 37.8 15 30.8818 37.8 14.891 31 37.8 14.8896 33 37.8 14 33.8896 37.8 13.8963 34 37.8 13.8956 35 37.8 13 35.8956 37.8 12.9014 36 37.8 12.9012 37 37.8 12 37.9012 37.8 11.9085 38 37.8 12 38.0971 37.8 12.9029 39 37.8 12.9082 42 37.8 13 42.0942 37.8 15 42.1073 37.8 16 43.1101 37.8 20 43.1396 37.8 21 44.1358 37.8 23 44.1488 37.8 23.8512 45 37.8 24 45.1422 37.8 30 45.1392 37.8 30.8608 46 37.8 31 46.1253 37.8 31.8747 47 37.8 32 47.1128 37.8 33 47.1081 37.8 33.8919 48 37.8 34 48.0969 37.8 37 48.0854 37.8 37.0869 48 37.8 37.0972 46 37.8 38.0958 45 37.8 38.1064 42 37.8 38 41.8823 37.8 37.1177 41 37.8 37.1308 37 37.8 37 36.8531 37.8 36.1469 36 37.8 36.1553 31 37.8 36 30.8326 37.8 35.1674 30 37.8 35.159 29 37.8 35 28.8341 37.8 33.1679 27 37.8 33.1541 26 37.8 32.1541 25 37.8 32.1316 18 37.8 31.1327 17 37.8 31.103 11 37.8 32 10.103 37.8 50.8 10.0434 37.8 50.8 50.8 37.8 0 50.8 37.8 
1
76
0 10.0477 38.7 15 10.0934 38.7 15.9066 11 38.7 15 11.9066 38.7 14.9105 12 38.7 14.9113 13 38.7 14 13.9113 38.7 13.9166 14 38.7 13.9202 19 38.7 13 19.9202 38.7 12.9237 20 38.7 12.9227 24 38.7 13 24.0848 38.7 13.9152 25 38.7 13.9122 26 38.7 14 26.0966 38.7 14.9034 27 38.7 14.9007 28 38.7 15 28.1097 38.7 15.8903 29 38.7 15.889 30 38.7 15 30.889 38.7 14.8978 31 38.7 14.8978 33 38.7 14 33.8978 38.7 13.9033 34 38.7 13.9024 35 38.7 13 35.9024 38.7 12.9072 36 38.7 12.9069 37 38.7 12 37.9069 38.7 11.9133 38 38.7 12 38.0917 38.7 12.9083 39 38.7 12.9131 42 38.7 13 42.0892 38.7 15 42.1008 38.7 16 43.1035 38.7 20 43.1269 38.7 21 44.1239 38.7 23 44.1345 38.7 23.8655 45 38.7 24 45.1299 38.7 30 45.1266 38.7 30.8734 46 38.7 31 46.115 38.7 31.885 47 38.7 32 47.1049 38.7 33 47.1012 38.7 33.8988 48 38.7 34 48.0919 38.7 37 48.082 38.7 37.0834 48 38.7 37.0924 46 38.7 38.0911 45 38.7 38.0996 42 38.7 38 41.8908 38.7 37.1092 41 38.7 37.1195 37 38.7 37 36.8667 38.7 36.1333 36 38.7 36.1406 31 38.7 36 30.8491 38.7 35.1508 30 38.7 35.145 29 38.7 35 28.8491 38.7 33.1527 27 38.7 33.1413 26 38.7 32.1413 25 38.7 32.1192 18 38.7 31.1203 17 38.7 31.0965 11 38.7 32 10.0965 38.7 50.8 10.0427 38.7 50.8 50.8 38.7 0 50.8 38.7 
1
75
0 10.0464 39.6 15 10.0867 39.6 15.9133 11 39.6 15 11.9133 39.6 14.9164 12 39.6 14.9171 13 39.6 14 13.9171 39.6 13.9214 14 39.6 13.9252 19 39.6 13 19.9252 39.6 12.9281 20 39.6 12.9257 24 39.6 13 24.0811 39.6 13.9189 25 39.6 13.9163 26 39.6 14 26.0916 39.6 14.9084 27 39.6 14.906 28 39.6 15 28.1033 39.6 15.8967 29 39.6 15.8954 30 39.6 15 30.8954 39.6 14.9034 31 39.6 14.9049 33 39.6 14 33.9049 39.6 13.9097 34 39.6 13.9082 35 39.6 13 35.9082 39.6 12.9125 36 39.6 12.9121 37 39.6 12 37.9121 39.6 11.9177 38 39.6 12 38.0867 39.6 12.9133 39 39.6 12.9176 42 39.6 13 42.0846 39.6 15 42.0949 39.6 16 43.0973 39.6 20 43.1159 39.6 21 44.1137 39.6 23 44.1223 39.6 24 45.1189 39.6 30 45.1161 39.6 30.8839 46 39.6 31 46.1062 39.6 31.8938 47 39.6 32 47.0977 39.6 33 47.0948 39.6 33.9052 48 39.6 34 48.0871 39.6 37 48.0786 39.6 37.0799 48 39.6 37.0877 46 39.6 38.0866 45 39.6 38.0936 42 39.6 38 41.8986 39.6 37.1014 41 39.6 37.1102 37 39.6 37 36.878 39.6 36.122 36 39.6 36.1285 31 39.6 36 30.863 39.6 35.137 30 39.6 35.1329 29 39.6 35 28.8618 39.6 33.14 27 39.6 33.1304 26 39.6 32.1298 25 39.6 32.1086 18 39.6 31.1099 17 39.6 31.0905 11 39.6 32 10.0905 39.6 50.8 10.042 39.6 50.8 50.8 39.6 0 50.8 39.6 
1
83
0 10.5458 40.5 15 10.5839 40.5 15.4161 11 40.5 14.4559 11.9618 40.5 14.4189 12 40.5 14.4195 13 40.5 13.4586 13.9631 40.5 13.4235 14 40.5 13.4273 19 40.5 12.4624 19.9664 40.5 12.43 20 40.5 12.427 24 40.5 12.9667 24.5432 40.5 13 24.5795 40.5 13.4205 25 40.5 13.4181 26 40.5 13.9631 26.5491 40.5 14 26.5894 40.5 14.4106 27 40.5 14.4083 28 40.5 14.9593 28.5559 40.5 15 28.6006 40.5 15.3994 29 40.5 15.3981 30 40.5 14.4479 30.9544 40.5 14.4056 31 40.5 14.4079 33 40.5 13.452 33.9584 40.5 13.4124 34 40.5 13.4107 35 40.5 12.4534 35.9595 40.5 12.4147 36 40.5 12.4143 37 40.5 11.4563 37.9609 40.5 11.4196 38 40.5 11.9635 38.5462 40.5 12 38.5845 40.5 12.4155 39 40.5 12.4196 42 40.5 13 42.5826 40.5 15 42.5923 40.5 16 43.5946 40.5 20 43.6113 40.5 21 44.6095 40.5 23 44.6172 40.5 24 45.6143 40.5 30 45.6117 40.5 30.9505 46.5572 40.5 31 46.6026 40.5 31.9541 47.5522 40.5 32 47.5946 40.5 33 47.592 40.5 33.9583 48.5464 40.5 34 48.5849 40.5 37 48.5771 40.5 37.5783 48 40.5 37.5856 46 40.5 38.5846 45 40.5 38.591 42 40.5 38.0406 41.4457 40.5 38 41.402 40.5 37.598 41 40.5 37.6064 37 40.5 37.0461 36.4336 40.5 37 36.3827 40.5 36.6173 36 40.5 36.6235 31 40.5 36.0524 30.4244 40.5 36 30.3687 40.5 35.6313 30 40.5 35.6278 29 40.5 35.0541 28.4233 40.5 35 28.367 40.5 33.6347 27 40.5 33.6258 26 40.5 32.6249 25 40.5 32.6042 18 40.5 31.6055 17 40.5 31.5879 11 40.5 32 10.5879 40.5 50.8 10.5417 40.5 50.8 50.8 40.5 0 50.8 40.5 
