10
0
0
0
0
0
0
0
0
1
26
-32.1282 34.484 23.9666 -31.6347 35.3371 23.9666 -31.557 35.9209 23.9666 -31.548 36.2817 23.9666 -31.5181 36.9043 23.9666 -31.8637 37.2262 23.9666 -32.0741 37.4152 23.9666 -32 37.5037 23.9666 -31.9545 37.6284 23.9666 -31.7813 37.987 23.9666 -31.1962 37.3861 23.9666 -31.0303 37.2262 23.9666 -30.8546 36.8846 23.9666 -30.8239 36.2817 23.9666 -30.7457 35.7876 23.9666 -30.3239 35.3371 23.9666 -30.2827 35.3061 23.9666 -30.2517 35.2235 23.9666 -30.0687 34.3926 23.9666 -30.0388 34.1597 23.9666 -30.0288 34.1039 23.9666 -30.0279 34.0992 23.9666 -30.0683 34.1062 23.9666 -31 34.4505 23.9666 -31.0978 34.468 23.9666 -32 34.2386 23.9666 
0
