10
0
1
17
-23.3548 36 17.6666 -23.3476 36.0131 17.6666 -23 36.2529 17.6666 -22.5248 36.3817 17.6666 -22 36.4068 17.6666 -21.3953 36.6047 17.6666 -21 36.5659 17.6666 -20.8876 36.4399 17.6666 -21.0846 36.3795 17.6666 -21.7508 36.2902 17.6666 -21.7649 36.2817 17.6666 -21.775 36.2658 17.6666 -21.7939 36.2386 17.6666 -22.5123 35.3371 17.6666 -22.6644 35.0283 17.6666 -22.9987 35.6524 17.6666 -23 35.6534 17.6666 
2
15
-23.7787 34.7862 18.5666 -24 34.8521 18.5666 -24.2188 35 18.5666 -24.3134 35.4076 18.5666 -24.3179 35.4334 18.5666 -24.2311 36 18.5666 -24.1571 36.5666 18.5666 -24.0455 37 18.5666 -24 37.0522 18.5666 -23.6652 37 18.5666 -23.4149 36.8674 18.5666 -23.6399 36.8647 18.5666 -24.0854 36.2817 18.5666 -24.1613 35.6967 18.5666 -24.1342 35.3371 18.5666 
15
-22.6953 36.8585 18.5666 -22.4098 37.0271 18.5666 -22.0366 37.2201 18.5666 -22.0244 37.2262 18.5666 -21.7508 37.3996 18.5666 -20.9014 38.0992 18.5666 -21 38.0909 18.5666 -21.0836 38 18.5666 -21.1275 37.9813 18.5666 -21.5666 37.5669 18.5666 -22 37.3762 18.5666 -22.441 37.0721 18.5666 -22.6612 37 18.5666 -23 36.9356 18.5666 -23.1013 36.8658 18.5666 
0
1
23
-21.8647 39.1153 20.3666 -21.7735 39.1823 20.3666 -21.7508 39.2009 20.3666 -21.3762 39.3502 20.3666 -20.8062 39.44 20.3666 -20.4316 39.4027 20.3666 -19.8617 39.2671 20.3666 -19.8611 39.2667 20.3666 -19.8353 39.2459 20.3666 -19.6405 39.1153 20.3666 -19.5099 38.7407 20.3666 -19.3931 38.6274 20.3666 -19.3812 39 20.3666 -19.9954 39.4213 20.3666 -20 39.4248 20.3666 -20.3666 39.498 20.3666 -21 39.4884 20.3666 -21.3666 39.4165 20.3666 -22 39.0848 20.3666 -22.0786 39.0049 20.3666 -22.0863 39 20.3666 -22.2594 38.5751 20.3666 -22.0882 38.7407 20.3666 
0
0
0
0
0
