226
-31.7813 37.987 22.9666
-31.5813 37.987 22.9666
-31.5813 37.987 22.9666
-31.6399 38.1284 22.9879
-31.7813 38.187 23.0092
-31.9227 38.1284 23.0305
-31.9813 37.987 23.0517
-31.9227 37.8456 23.073
-31.7813 37.787 23.0943
-31.6399 37.8456 23.1156
-31.5813 37.987 23.1368
-31.6399 38.1284 23.1581
-31.7813 38.187 23.1794
-31.9227 38.1284 23.2007
-31.9813 37.987 23.222
-31.9227 37.8456 23.2432
-31.7813 37.787 23.2645
-31.6399 37.8456 23.2858
-31.5813 37.987 23.3071
-31.6399 38.1284 23.3283
-31.7813 38.187 23.3496
-31.9227 38.1284 23.3709
-31.9813 37.987 23.3922
-31.9227 37.8456 23.4134
-31.7813 37.787 23.4347
-31.6399 37.8456 23.456
-31.5813 37.987 23.4773
-31.6399 38.1284 23.4986
-31.7813 38.187 23.5198
-31.9227 38.1284 23.5411
-31.9813 37.987 23.5624
-31.9227 37.8456 23.5837
-31.7813 37.787 23.6049
-31.6399 37.8456 23.6262
-31.5813 37.987 23.6475
-31.6399 38.1284 23.6688
-31.7813 38.187 23.69
-31.9227 38.1284 23.7113
-31.9813 37.987 23.7326
-31.9227 37.8456 23.7539
-31.7813 37.787 23.7751
-31.6399 37.8456 23.7964
-31.5813 37.987 23.8177
-31.6399 38.1284 23.839
-31.7813 38.187 23.8603
-31.9227 38.1284 23.8815
-31.9813 37.987 23.9028
-31.9227 37.8456 23.9241
-31.7813 37.787 23.9454
-31.6399 37.8456 23.9666
-31.7813 37.987 23.9666
-31.883 37.7527 23.9666
-31.9345 37.5436 23.9666
-31.9055 37.339 23.9666
-31.8057 37.0891 23.9666
-31.6898 36.7491 23.9666
-31.629 36.3153 23.9666
-31.6592 35.807 23.9666
-31.7338 35.286 23.9666
-31.7488 34.8423 23.9666
-31.5884 34.5471 23.9666
-31.2569 34.3932 23.9666
-30.1874 34.1721 23.9666
-30.0838 34.2019 23.9666
-30.0758 34.351 23.9666
-30.13 34.619 23.9666
-30.2123 34.9311 23.9666
-30.3236 35.2403 23.9666
-30.4662 35.545 23.9666
-30.6222 35.8981 23.9666
-30.7745 36.3106 23.9666
-30.9273 36.7439 23.9666
-31.1276 37.1626 23.9666
-31.4171 37.5715 23.9666
-31.7813 37.987 23.9666
-31.7813 37.987 23.9666
-31.5813 37.987 23.9666
-31.5813 37.987 23.9666
-31.6399 38.1284 23.9858
-31.7813 38.187 24.0049
-31.9227 38.1284 24.0241
-31.9813 37.987 24.0432
-31.9227 37.8456 24.0624
-31.7813 37.787 24.0815
-31.6399 37.8456 24.1007
-31.5813 37.987 24.1198
-31.6399 38.1284 24.139
-31.7813 38.187 24.1581
-31.9227 38.1284 24.1773
-31.9813 37.987 24.1964
-31.9227 37.8456 24.2156
-31.7813 37.787 24.2347
-31.6399 37.8456 24.2539
-31.5813 37.987 24.273
-31.6399 38.1284 24.2922
-31.7813 38.187 24.3113
-31.9227 38.1284 24.3305
-31.9813 37.987 24.3496
-31.9227 37.8456 24.3688
-31.7813 37.787 24.3879
-31.6399 37.8456 24.4071
-31.5813 37.987 24.4262
-31.6399 38.1284 24.4454
-31.7813 38.187 24.4645
-31.9227 38.1284 24.4837
-31.9813 37.987 24.5028
-31.9227 37.8456 24.522
-31.7813 37.787 24.5411
-31.6399 37.8456 24.5603
-31.5813 37.987 24.5794
-31.6399 38.1284 24.5985
-31.7813 38.187 24.6177
-31.9227 38.1284 24.6368
-31.9813 37.987 24.656
-31.9227 37.8456 24.6751
-31.7813 37.787 24.6943
-31.6399 37.8456 24.7134
-31.5813 37.987 24.7326
-31.6399 38.1284 24.7517
-31.7813 38.187 24.7709
-31.9227 38.1284 24.79
-31.9813 37.987 24.8092
-31.9227 37.8456 24.8283
-31.7813 37.787 24.8475
-31.6399 37.8456 24.8666
-31.7813 37.987 24.8666
-31.883 37.7527 24.8666
-31.9345 37.5436 24.8666
-31.9055 37.339 24.8666
-31.8057 37.0891 24.8666
-31.6898 36.7491 24.8666
-31.629 36.3153 24.8666
-31.6592 35.807 24.8666
-31.7338 35.286 24.8666
-31.7488 34.8423 24.8666
-31.5884 34.5471 24.8666
-31.2569 34.3932 24.8666
-30.1874 34.1721 24.8666
-30.0838 34.2019 24.8666
-30.0758 34.351 24.8666
-30.13 34.619 24.8666
-30.2123 34.9311 24.8666
-30.3236 35.2403 24.8666
-30.4662 35.545 24.8666
-30.6222 35.8981 24.8666
-30.7745 36.3106 24.8666
-30.9273 36.7439 24.8666
-31.1276 37.1626 24.8666
-31.4171 37.5715 24.8666
-31.7813 37.987 24.8666
-31.7813 37.987 24.8666
-31.5813 37.987 24.8666
-31.5813 37.987 24.8666
-31.6399 38.1284 24.8858
-31.7813 38.187 24.9049
-31.9227 38.1284 24.9241
-31.9813 37.987 24.9432
-31.9227 37.8456 24.9624
-31.7813 37.787 24.9815
-31.6399 37.8456 25.0007
-31.5813 37.987 25.0198
-31.6399 38.1284 25.039
-31.7813 38.187 25.0581
-31.9227 38.1284 25.0773
-31.9813 37.987 25.0964
-31.9227 37.8456 25.1156
-31.7813 37.787 25.1347
-31.6399 37.8456 25.1539
-31.5813 37.987 25.173
-31.6399 38.1284 25.1922
-31.7813 38.187 25.2113
-31.9227 38.1284 25.2305
-31.9813 37.987 25.2496
-31.9227 37.8456 25.2688
-31.7813 37.787 25.2879
-31.6399 37.8456 25.3071
-31.5813 37.987 25.3262
-31.6399 38.1284 25.3454
-31.7813 38.187 25.3645
-31.9227 38.1284 25.3837
-31.9813 37.987 25.4028
-31.9227 37.8456 25.422
-31.7813 37.787 25.4411
-31.6399 37.8456 25.4603
-31.5813 37.987 25.4794
-31.6399 38.1284 25.4985
-31.7813 38.187 25.5177
-31.9227 38.1284 25.5368
-31.9813 37.987 25.556
-31.9227 37.8456 25.5751
-31.7813 37.787 25.5943
-31.6399 37.8456 25.6134
-31.5813 37.987 25.6326
-31.6399 38.1284 25.6517
-31.7813 38.187 25.6709
-31.9227 38.1284 25.69
-31.9813 37.987 25.7092
-31.9227 37.8456 25.7283
-31.7813 37.787 25.7475
-31.6399 37.8456 25.7666
-31.7813 37.987 25.7666
-31.883 37.7527 25.7666
-31.9345 37.5436 25.7666
-31.9055 37.339 25.7666
-31.8057 37.0891 25.7666
-31.6898 36.7491 25.7666
-31.629 36.3153 25.7666
-31.6592 35.807 25.7666
-31.7338 35.286 25.7666
-31.7488 34.8423 25.7666
-31.5884 34.5471 25.7666
-31.2569 34.3932 25.7666
-30.1874 34.1721 25.7666
-30.0838 34.2019 25.7666
-30.0758 34.351 25.7666
-30.13 34.619 25.7666
-30.2123 34.9311 25.7666
-30.3236 35.2403 25.7666
-30.4662 35.545 25.7666
-30.6222 35.8981 25.7666
-30.7745 36.3106 25.7666
-30.9273 36.7439 25.7666
-31.1276 37.1626 25.7666
-31.4171 37.5715 25.7666
-31.7813 37.987 25.7666
-31.7813 37.987 -3.23337
