38
1
6
28 10.142 -50.8 27.142 11 -50.8 27.0326 50.8 -50.8 22.9674 50.8 -50.8 22.8567 11 -50.8 22 10.1433 -50.8 
1
6
22 10.1634 -49.9 22.8367 11 -49.9 22.9667 50.8 -49.9 27.0333 50.8 -49.9 27.1618 11 -49.9 28 10.1618 -49.9 
1
6
22 10.189 -49 28 10.1877 -49 27.1877 11 -49 27.0341 50.8 -49 22.9659 50.8 -49 22.811 11 -49 
1
7
22 10.2242 -48.1 23 10.2395 -48.1 28 10.2251 -48.1 27.2251 11 -48.1 27.0349 50.8 -48.1 22.9651 50.8 -48.1 22.7758 11 -48.1 
1
8
22.7277 11 -47.2 22.9642 50.8 -47.2 27.0357 50.8 -47.2 27.2814 11 -47.2 28 10.2814 -47.2 23 10.3032 -47.2 22.2 10.2756 -47.2 22 10.2723 -47.2 
1
16
22 10.3423 -46.3 22.3 10.3527 -46.3 23 10.4077 -46.3 23.3 10.4109 -46.3 24 10.4407 -46.3 27.3 10.4065 -46.3 28 10.3748 -46.3 27.3747 11 -46.3 27.3223 14.3 -46.3 27.2893 15 -46.3 27.2814 15.3 -46.3 27.2528 16 -46.3 27.0365 50.8 -46.3 22.9634 50.8 -46.3 22.7066 13 -46.3 22.6577 11 -46.3 
1
36
23 10.6235 -45.4 22.4 10.4899 -45.4 22 10.4585 -45.4 22.5415 11 -45.4 22.5822 12.4 -45.4 22.6124 13 -45.4 22.6235 13.4 -45.4 22.6546 14 -45.4 22.6639 14.4 -45.4 22.6892 15 -45.4 22.7001 15.4 -45.4 22.7307 16 -45.4 22.7646 17 -45.4 22.9625 50.8 -45.4 27.0374 50.8 -45.4 27.2385 18 -45.4 27.2712 17 -45.4 27.3013 16.4 -45.4 27.3138 16 -45.4 27.3564 15.4 -45.4 27.3727 15 -45.4 27.4371 14.4 -45.4 27.456 14 -45.4 27.493 13.4 -45.4 27.5002 13 -45.4 27.5272 12.4 -45.4 27.5568 11 -45.4 28 10.5569 -45.4 27.4 10.6497 -45.4 27 10.6678 -45.4 26.4 10.7205 -45.4 25.4 10.7443 -45.4 25 10.7473 -45.4 24.4 10.7644 -45.4 24 10.7675 -45.4 23.4 10.6406 -45.4 
1
56
22.5 10.8123 -44.5 22.8767 10.9856 -44.5 22.9042 11 -44.5 23 11.2308 -44.5 23.3441 11.6559 -44.5 23.6437 12 -44.5 24 12.3757 -44.5 24.3824 12.6176 -44.5 24.592 13 -44.5 25 13.3667 -44.5 25.518 13.482 -44.5 26 13.8721 -44.5 27 13.0117 -44.5 27.0154 13 -44.5 27.5308 12 -44.5 27.6334 11.3665 -44.5 27.7732 11 -44.5 27.869 10.9751 -44.5 28 10.9548 -44.5 27.9548 11 -44.5 27.9306 12 -44.5 27.9222 12.1873 -44.5 27.8667 13 -44.5 27.6322 13.5 -44.5 27.6014 14 -44.5 27.5477 14.5 -44.5 27.5266 15 -44.5 27.4911 15.5 -44.5 27.4146 16 -44.5 27.3895 16.5 -44.5 27.3398 17 -44.5 27.3208 17.5 -44.5 27.2871 18 -44.5 27.2719 18.5 -44.5 27.2483 19 -44.5 27.2183 20 -44.5 27.0383 50.8 -44.5 22.9616 50.8 -44.5 22.7879 19 -44.5 22.7575 18 -44.5 22.7334 17.5 -44.5 22.7174 17 -44.5 22.6828 16.5 -44.5 22.6633 16 -44.5 22.615 15.5 -44.5 22.5896 15 -44.5 22.5354 14.5 -44.5 22.5143 14 -44.5 22.4501 13.5 -44.5 22.4242 13 -44.5 22.5431 12.5 -44.5 22.518 12 -44.5 22.3682 11.5 -44.5 22.352 11 -44.5 22.2404 10.9414 -44.5 22 10.701 -44.5 
1
40
22.0548 13 -43.6 22.1005 12.8078 -43.6 22 12.4316 -43.6 22.229 13 -43.6 22.5479 13.4521 -43.6 23.0839 14 -43.6 24 14.5105 -43.6 25 14.9914 -43.6 25.02 15 -43.6 26 15.4398 -43.6 26.9931 15 -43.6 27.0061 14.9939 -43.6 28 14.4911 -43.6 27.8382 15 -43.6 27.3904 15.4 -43.6 27.2986 16 -43.6 27.239 16.6 -43.6 27.4435 17 -43.6 27.4032 17.6 -43.6 27.3549 18 -43.6 27.3265 18.6 -43.6 27.2959 19 -43.6 27.2746 19.6 -43.6 27.2535 20 -43.6 27.2202 21 -43.6 27.0392 50.8 -43.6 22.9606 50.8 -43.6 22.7838 20 -43.6 22.7521 19 -43.6 22.7308 18.6 -43.6 22.7096 18 -43.6 22.6781 17.6 -43.6 22.649 17 -43.6 22.5977 16.6 -43.6 22.5563 16 -43.6 22.4587 15.6 -43.6 22.3358 14.4 -43.6 22.248 14.1609 -43.6 22.2037 14 -43.6 22.1404 13.5073 -43.6 
1
34
22.1535 15.2393 -42.7 22.0492 15 -42.7 22 14.866 -42.7 22.2453 15 -42.7 23.7808 15.7808 -42.7 26 16.8498 -42.7 27 16.4697 -42.7 27.0106 16.4625 -42.7 27.1939 16.3 -42.7 27.5518 17 -42.7 27.4674 17.7 -42.7 27.4602 18 -42.7 27.4066 18.7 -42.7 27.3645 19 -42.7 27.3277 19.7 -42.7 27.3021 20 -42.7 27.2737 20.7 -42.7 27.2551 21 -42.7 27.2312 21.7 -42.7 27.2167 22 -42.7 27.1879 23 -42.7 27.0403 50.8 -42.7 22.9597 50.8 -42.7 22.7801 21 -42.7 22.7472 20 -42.7 22.7295 19.7 -42.7 22.7026 19 -42.7 22.6758 18.7 -42.7 22.6385 18 -42.7 22.5931 17.7 -42.7 22.538 17 -42.7 22.5243 16.7 -42.7 22.4344 16 -42.7 22.2637 15.3 -42.7 
1
33
22.2969 16.1243 -41.8 22.3685 16.2 -41.8 22.405 17 -41.8 22.5259 17.8 -41.8 22.5373 18 -41.8 22.6088 18.8 -41.8 22.6356 19 -41.8 22.6828 19.8 -41.8 22.6998 20 -41.8 22.7332 20.8 -41.8 22.7449 21 -41.8 22.7786 22 -41.8 22.8072 23 -41.8 22.9587 50.8 -41.8 27.0415 50.8 -41.8 27.1841 24 -41.8 27.2118 23 -41.8 27.2493 22 -41.8 27.2638 21.8 -41.8 27.3026 21 -41.8 27.3238 20.8 -41.8 27.3733 20 -41.8 27.406 19.8 -41.8 27.4743 19 -41.8 27.5334 18.8 -41.8 27.6457 18 -41.8 27.6647 17.2 -41.8 27 17.7264 -41.8 26.4794 17.9498 -41.8 26.3737 18 -41.8 26 18.1387 -41.8 25.8606 18.0928 -41.8 23 16.589 -41.8 
1
34
27.6311 19.1 -40.9 27.4844 20 -40.9 27.389 20.9 -40.9 27.3683 21 -40.9 27.3028 21.9 -40.9 27.2916 22 -40.9 27.2478 22.9 -40.9 27.241 23 -40.9 27.2053 24 -40.9 27.0427 50.8 -40.9 22.9578 50.8 -40.9 22.7881 23 -40.9 22.7491 22 -40.9 22.7041 21 -40.9 22.6965 20.9 -40.9 22.6439 20 -40.9 22.632 19.9 -40.9 22.5557 19 -40.9 22.5551 18.9 -40.9 22.4342 18 -40.9 22.3827 17.1 -40.9 22.3364 17.0378 -40.9 22.3006 17 -40.9 22.8042 17.4935 -40.9 23 17.7193 -40.9 23.7265 18.1015 -40.9 24 18.2678 -40.9 24.3597 18.4492 -40.9 25 18.786 -40.9 25.6515 19 -40.9 26 19.0964 -40.9 26.4348 18.9972 -40.9 27 18.8446 -40.9 28 18.0515 -40.9 
1
17
22.4632 18 -40 22.4688 19 -40 22.5879 20 -40 22.6633 21 -40 22.9568 50.8 -40 27.044 50.8 -40 27.2746 23 -40 27.3425 22 -40 27.4551 21 -40 27.6613 20 -40 28 19.0693 -40 27 19.7375 -40 26 20.0079 -40 25 19.7361 -40 24 19.3998 -40 23.3794 19 -40 23 18.7227 -40 
1
37
22.0814 18.1358 -39.1 22.6415 18.9 -39.1 22.642 19 -39.1 22.654 19.1 -39.1 22.5164 20 -39.1 22.524 20.1 -39.1 22.6173 21 -39.1 22.687 22 -39.1 22.7408 23 -39.1 22.7826 24 -39.1 22.9557 50.8 -39.1 27.0453 50.8 -39.1 27.2178 25 -39.1 27.2585 24 -39.1 27.3134 23.1 -39.1 27.318 23 -39.1 27.4064 22.1 -39.1 27.4132 22 -39.1 27.5665 21.1 -39.1 27.5778 21 -39.1 27.8276 20.1 -39.1 27.8482 20 -39.1 27.8821 19.9069 -39.1 28 19.7864 -39.1 27.9 19.8532 -39.1 27.7821 19.9738 -39.1 27 20.5894 -39.1 26.1796 20.8622 -39.1 26.0465 20.9 -39.1 26.0024 20.915 -39.1 26 20.9157 -39.1 25 20.6477 -39.1 24.1352 20.383 -39.1 24 20.3489 -39.1 23.5829 20 -39.1 23.2123 19.5763 -39.1 23 19.3882 -39.1 
1
33
22.2391 19 -38.2 22.2086 19.2 -38.2 22.7949 20 -38.2 22.8156 20.2 -38.2 22.5567 21 -38.2 22.5709 21.2 -38.2 22.6461 22 -38.2 22.7101 23 -38.2 22.7595 24 -38.2 22.7965 25 -38.2 22.9544 50.8 -38.2 27.0467 50.8 -38.2 27.2074 26 -38.2 27.2441 25 -38.2 27.2966 24 -38.2 27.3655 23.2 -38.2 27.3777 23 -38.2 27.4905 22.2 -38.2 27.5101 22 -38.2 27.5615 21.2 -38.2 27.5956 21 -38.2 27.6511 20.8 -38.2 27.3924 21 -38.2 27 21.2895 -38.2 26.8 21.3554 -38.2 26 21.7825 -38.2 25.2 21.5416 -38.2 25.1875 21.5383 -38.2 25 21.4925 -38.2 24.2681 21.0713 -38.2 24 20.9679 -38.2 23 20.0369 -38.2 22.9721 20 -38.2 
1
29
23 20.6788 -37.3 23.2587 20.9258 -37.3 23.3244 21 -37.3 23.9587 21.5196 -37.3 24 21.5488 -37.3 25 22.1243 -37.3 25.3097 22.2194 -37.3 26 22.5383 -37.3 26.9424 21.9985 -37.3 27 21.9677 -37.3 27.3596 21.7 -37.3 27.3404 22 -37.3 27.2981 22.3 -37.3 27.4562 23 -37.3 27.4304 23.3 -37.3 27.3474 24 -37.3 27.3308 24.3 -37.3 27.2778 25 -37.3 27.2312 26 -37.3 27.048 50.8 -37.3 22.9531 50.8 -37.3 22.7763 25 -37.3 22.732 24 -37.3 22.6742 23 -37.3 22.613 22.3 -37.3 22.5931 22 -37.3 22.5011 21.3 -37.3 22.4001 20.3 -37.3 22.4972 20 -37.3 
1
40
22.0515 20 -36.4 22.1518 20.1357 -36.4 22.4688 20.5776 -36.4 22.7578 21 -36.4 23 21.2996 -36.4 23.6661 21.8544 -36.4 23.8236 22 -36.4 24 22.1293 -36.4 25 22.7048 -36.4 25.4 22.8896 -36.4 25.571 22.984 -36.4 25.601 23 -36.4 26 23.1909 -36.4 26.3894 23 -36.4 26.5447 22.9119 -36.4 27 22.6444 -36.4 27.6 22.1439 -36.4 27.7094 22.0563 -36.4 27.7844 22 -36.4 27.4806 22.6 -36.4 27.5709 23 -36.4 27.5235 23.4 -36.4 27.4124 24 -36.4 27.3821 24.4 -36.4 27.3213 25 -36.4 27.3012 25.4 -36.4 27.261 26 -36.4 27.2195 27 -36.4 27.0495 50.8 -36.4 22.9515 50.8 -36.4 22.7911 26 -36.4 22.752 25 -36.4 22.6992 24 -36.4 22.6539 23.4 -36.4 22.6297 23 -36.4 22.5567 22.4 -36.4 22.5217 22 -36.4 22.5562 21.4 -36.4 22.5037 21 -36.4 22.462 20.6 -36.4 
1
37
22.67 21.5 -35.5 22.3538 21 -35.5 22.3251 21.5 -35.5 22.6413 22 -35.5 22.7022 22.5 -35.5 22.5715 23 -35.5 22.6092 23.5 -35.5 22.6605 24 -35.5 22.7227 25 -35.5 22.7699 26 -35.5 22.8041 27 -35.5 22.9501 50.8 -35.5 27.0509 50.8 -35.5 27.2085 28 -35.5 27.2461 27 -35.5 27.2987 26 -35.5 27.3426 25.5 -35.5 27.3761 25 -35.5 27.4525 24.5 -35.5 27.5032 24 -35.5 27.6231 23.5 -35.5 27.7156 23 -35.5 27.9011 22.5553 -35.5 28 22.4692 -35.5 27.5 22.8864 -35.5 27.4011 22.9724 -35.5 27 23.313 -35.5 26.6365 23.459 -35.5 26.5579 23.5 -35.5 26.3987 23.5608 -35.5 26 23.7562 -35.5 25.5304 23.5304 -35.5 25 23.2885 -35.5 24 22.7097 -35.5 23.2277 22.0882 -35.5 23.1074 22 -35.5 23 21.9007 -35.5 
1
34
23.6126 23 -34.6 23.9701 23.2708 -34.6 24 23.2902 -34.6 25 23.8761 -34.6 25.5014 24.1106 -34.6 26 24.3165 -34.6 26.4 24.2052 -34.6 26.9105 24.006 -34.6 26.9291 24 -34.6 27 23.9716 -34.6 27.6619 23.4 -34.6 27.5181 24 -34.6 27.4264 24.6 -34.6 27.4486 25 -34.6 27.3959 25.6 -34.6 27.3453 26 -34.6 27.3097 26.6 -34.6 27.279 27 -34.6 27.2319 28 -34.6 27.1956 29 -34.6 27.0524 50.8 -34.6 22.9485 50.8 -34.6 22.7856 27 -34.6 22.7442 26 -34.6 22.6878 25 -34.6 22.6529 24.6 -34.6 22.6123 24 -34.6 22.5531 23.6 -34.6 22.4916 23 -34.6 22.4775 22.6 -34.6 22.6343 22 -34.6 22.8776 22.3599 -34.6 23 22.5006 -34.6 23.5701 22.9599 -34.6 
1
32
23 23.0992 -33.7 22.9265 23 -33.7 22.4488 22.3 -33.7 22.3703 22 -33.7 22.3948 22.7 -33.7 22.4734 23 -33.7 22.577 23.7 -33.7 22.5484 24 -33.7 22.6095 24.7 -33.7 22.6461 25 -33.7 22.713 26 -33.7 22.7633 27 -33.7 22.7994 28 -33.7 22.9469 50.8 -33.7 27.0539 50.8 -33.7 27.2262 28.7 -33.7 27.2564 28 -33.7 27.2785 27.7 -33.7 27.3167 27 -33.7 27.3466 26.7 -33.7 27.4003 26 -33.7 27.2989 25.7 -33.7 27.3874 25 -33.7 27.3486 24.3 -33.7 27.2908 24.3558 -33.7 27 24.621 -33.7 26.3558 24.8003 -33.7 26 24.8768 -33.7 25.7 24.7681 -33.7 25 24.4786 -33.7 24.3843 24.0966 -33.7 24 23.8706 -33.7 
1
33
22.6315 23.2 -32.8 23 23.6978 -32.8 23.4163 24.0458 -32.8 23.8 24.3035 -32.8 24 24.4511 -32.8 24.8 24.9536 -32.8 24.8636 24.9955 -32.8 24.8708 25 -32.8 25 25.0851 -32.8 25.0965 25.1248 -32.8 25.8 25.3749 -32.8 26 25.4371 -32.8 26.8 25.2773 -32.8 27 25.2253 -32.8 27.2187 25 -32.8 27.489 25.8 -32.8 27.4643 26 -32.8 27.3847 26.8 -32.8 27.3573 27 -32.8 27.2858 28 -32.8 27.2481 29.8 -32.8 27.2401 30 -32.8 27.0553 50.8 -32.8 22.9453 50.8 -32.8 22.7775 28 -32.8 22.7362 27 -32.8 22.6758 26 -32.8 22.6553 25.8 -32.8 22.594 25 -32.8 22.653 24.8 -32.8 22.5554 24 -32.8 22.468 23.8 -32.8 22.544 23 -32.8 
1
30
22.8473 24.0861 -31.9 23 24.2923 -31.9 23.9486 24.9929 -31.9 23.9548 25 -31.9 24 25.0326 -31.9 25 25.6916 -31.9 25.7273 25.8975 -31.9 26 25.9823 -31.9 27 25.722 -31.9 27.5628 25.1453 -31.9 27.609 25.1 -31.9 27.3745 26.9 -31.9 27.4048 27 -31.9 27.348 27.9 -31.9 27.3331 28.9 -31.9 27.2889 30 -31.9 27.2587 30.9 -31.9 27.2538 31 -31.9 27.2251 32 -31.9 27.0567 50.8 -31.9 22.9437 50.8 -31.9 22.763 30.9 -31.9 22.7409 28 -31.9 22.7389 27.9 -31.9 22.7032 27 -31.9 22.6944 26.9 -31.9 22.6314 26 -31.9 22.5288 25 -31.9 22.5385 24.9 -31.9 22.8041 24 -31.9 
1
17
23 24.861 -31 23.121 25 -31 24 25.6336 -31 25 26.2941 -31 26 26.3725 -31 27 26.1057 -31 27.1634 26 -31 27.4658 27 -31 27.4114 29 -31 27.0581 50.8 -31 22.9422 50.8 -31 22.6909 30 -31 22.6831 28 -31 22.6632 27 -31 22.5755 26 -31 22.4708 25 -31 22.5683 24 -31 
1
53
23.647 26 -30.1 24 26.3415 -30.1 24.3322 26.6249 -30.1 24.7057 27 -30.1 24.717 27.3579 -30.1 24.599 28 -30.1 25 28.7563 -30.1 25.1996 28.8004 -30.1 25.6478 28.6986 -30.1 26 28.6296 -30.1 26.5907 28.3689 -30.1 27 28.2263 -30.1 27.0716 28 -30.1 27 27.842 -30.1 26.1151 27.0706 -30.1 26.0288 27 -30.1 26.2254 26.9373 -30.1 26.9 26.6222 -30.1 27 26.5955 -30.1 27.6585 26.0106 -30.1 27.6749 26 -30.1 27.7051 26.1 -30.1 27.5912 27 -30.1 27.5887 27.1 -30.1 27.2017 28 -30.1 27.1986 28.1 -30.1 27.5417 29 -30.1 27.5363 29.1 -30.1 27.4575 30 -30.1 27.4526 30.1 -30.1 27.3929 31 -30.1 27.3888 31.1 -30.1 27.3349 32 -30.1 27.3316 32.1 -30.1 27.2841 33 -30.1 27.2812 33.1 -30.1 27.2355 34 -30.1 27.1991 35 -30.1 27.0595 50.8 -30.1 22.9406 50.8 -30.1 22.7325 32 -30.1 22.6914 31 -30.1 22.6417 30 -30.1 22.608 27.1 -30.1 22.6061 27 -30.1 22.5282 26 -30.1 22.7719 25.1 -30.1 22.7614 25 -30.1 22.4582 24.1 -30.1 22.468 24 -30.1 22.7712 24.9 -30.1 23 25.3585 -30.1 23.2209 25.5434 -30.1 
1
44
23.2889 26.8 -29.2 23.1286 26 -29.2 23.1094 25.9622 -29.2 23 25.8449 -29.2 22.9587 25.7622 -29.2 22.6541 25 -29.2 22.5999 25.2 -29.2 22.4905 26 -29.2 22.5059 26.2 -29.2 22.5359 27 -29.2 22.5623 29.2 -29.2 22.6585 31 -29.2 22.9391 50.8 -29.2 27.0608 50.8 -29.2 27.2227 35 -29.2 27.2688 34 -29.2 27.3272 33.2 -29.2 27.3374 33 -29.2 27.4224 32.2 -29.2 27.433 32 -29.2 27.5038 31.2 -29.2 27.5158 31 -29.2 27.2995 30.2 -29.2 27.3128 30 -29.2 27.7043 29.2 -29.2 27.7218 29 -29.2 27.8722 28.2 -29.2 27.796 28 -29.2 27.6456 28.8 -29.2 27.6106 28.9106 -29.2 27.5785 29 -29.2 27.2075 29.758 -29.2 27.0311 30 -29.2 27 30.0397 -29.2 26.8865 30.0505 -29.2 26 30.1594 -29.2 25.6421 30.1621 -29.2 25 30.1785 -29.2 24 29.9519 -29.2 23.4561 29 -29.2 23.4275 28.2355 -29.2 23.4402 28 -29.2 23.4202 27.2524 -29.2 23.4567 27 -29.2 
1
47
22.7736 25.7 -28.3 22.5228 25.2003 -28.3 22.5091 25.3 -28.3 22.7326 26 -28.3 22.7438 26.3 -28.3 22.6822 27 -28.3 22.6855 27.3 -28.3 22.7232 28 -28.3 22.7271 28.3 -28.3 22.8291 29 -28.3 22.8429 29.3 -28.3 22.5473 30 -28.3 22.5658 30.3 -28.3 22.6215 31 -28.3 22.6748 32 -28.3 22.9377 50.8 -28.3 27.062 50.8 -28.3 27.2111 36 -28.3 27.2517 35 -28.3 27.297 34.3 -28.3 27.3114 34 -28.3 27.3866 33.3 -28.3 27.4085 33 -28.3 27.537 32.3 -28.3 27.5689 32 -28.3 27.4692 31.3 -28.3 27.4958 31 -28.3 27.4146 30.7 -28.3 27.2129 31 -28.3 27 31.2827 -28.3 26.5518 31.3674 -28.3 26 31.4081 -28.3 25 31.4131 -28.3 24.4991 31.1586 -28.3 24.1703 31 -28.3 24 30.9376 -28.3 23.9852 30.9189 -28.3 23.832 30.7 -28.3 23.4749 30 -28.3 23.3161 29.7 -28.3 23.0866 29.0977 -28.3 23.0523 29 -28.3 23.0455 28.8187 -28.3 22.9341 28 -28.3 22.88 27 -28.3 22.9226 26.5168 -28.3 22.8936 26 -28.3 
1
42
22.9842 29.6741 -27.4 23 29.7195 -27.4 23.1069 30 -27.4 23.9189 31.6 -27.4 23.9409 31.6349 -27.4 24 31.7505 -27.4 24.4222 32 -27.4 24.4586 32.0284 -27.4 25 32.495 -27.4 25.4796 32.4758 -27.4 26 32.3566 -27.4 26.6803 32.2191 -27.4 27 32.1445 -27.4 27.2508 32 -27.4 27.4706 31.8523 -27.4 27.6606 31.6 -27.4 27.7398 31 -27.4 27.7967 31.4 -27.4 27.7176 32 -27.4 27.6442 32.4 -27.4 27.5166 33 -27.4 27.4737 33.4 -27.4 27.37 34 -27.4 27.3441 34.4 -27.4 27.2886 35 -27.4 27.2376 36 -27.4 27.0632 50.8 -27.4 22.9364 50.8 -27.4 22.7903 36 -27.4 22.7529 35 -27.4 22.7182 34.4 -27.4 22.7023 34 -27.4 22.6629 33.4 -27.4 22.648 33 -27.4 22.6087 32.4 -27.4 22.5805 31.4 -27.4 22.5579 31 -27.4 22.8192 30.4 -27.4 22.7874 30 -27.4 22.5824 29.4 -27.4 22.7513 29 -27.4 22.9563 29.6 -27.4 
1
39
22.6349 30 -26.5 22.4172 30.5 -26.5 22.5294 31 -26.5 22.5446 31.5 -26.5 22.7245 32 -26.5 22.7572 32.5 -26.5 22.5697 33 -26.5 22.6026 33.5 -26.5 22.6638 34 -26.5 22.6927 34.5 -26.5 22.7295 35 -26.5 22.7735 36 -26.5 22.9353 50.8 -26.5 27.0642 50.8 -26.5 27.2031 39 -26.5 27.2218 38.5 -26.5 27.2497 37.5 -26.5 27.2834 36 -26.5 27.337 35 -26.5 27.4096 34.5 -26.5 27.4559 34 -26.5 27.4175 33.5 -26.5 27.504 33 -26.5 27.6103 32.5 -26.5 27.2546 32.6754 -26.5 27 32.8221 -26.5 26.6754 32.8978 -26.5 26 33.07 -26.5 25.846 33.0861 -26.5 25 33.2411 -26.5 24.5687 33.0467 -26.5 24.4415 33 -26.5 24 32.6448 -26.5 23.441 32.0231 -26.5 23.4289 32 -26.5 23.2071 31.559 -26.5 23.062 31 -26.5 22.9946 30.8679 -26.5 22.7471 30.5 -26.5 
1
31
22.9366 32.3399 -25.6 23 32.4162 -25.6 23.5188 32.9399 -25.6 24 33.3242 -25.6 24.6 33.5948 -25.6 25 33.7963 -25.6 25.4988 33.779 -25.6 26 33.7268 -25.6 26.2574 33.6729 -25.6 27 33.4832 -25.6 27.3356 33.118 -25.6 27.5973 33 -25.6 27.6433 33.6 -25.6 27.5323 34 -25.6 27.4453 34.6 -25.6 27.3939 35 -25.6 27.3631 35.6 -25.6 27.302 37.6 -25.6 27.2741 38 -25.6 27.2516 38.6 -25.6 27.2273 39 -25.6 27.1905 40 -25.6 27.0654 50.8 -25.6 22.9343 50.8 -25.6 22.7037 35 -25.6 22.6632 34.6 -25.6 22.6191 34 -25.6 22.5474 33.6 -25.6 22.4739 33 -25.6 22.3308 32.6 -25.6 22.5559 32 -25.6 
1
39
22.6629 32.6629 -24.7 22.1657 32.307 -24.7 22.3063 32.7 -24.7 22.5164 33 -24.7 22.6417 33.7 -24.7 22.5762 34 -24.7 22.6472 34.7 -24.7 22.6637 35 -24.7 22.6907 35.7 -24.7 22.7091 36 -24.7 22.7457 37 -24.7 22.7744 38 -24.7 22.9336 50.8 -24.7 27.0669 50.8 -24.7 27.2014 40 -24.7 27.2471 39 -24.7 27.2706 38.7 -24.7 27.313 38 -24.7 27.3475 37.7 -24.7 27.416 36.7 -24.7 27.4437 36 -24.7 27.2991 35.7 -24.7 27.3131 35 -24.7 27.3331 34.7 -24.7 27.4231 34 -24.7 27.6502 33.7 -24.7 27.7811 33.228 -24.7 27.6173 33.3 -24.7 27 33.9792 -24.7 26.9146 34 -24.7 26.7605 34.0434 -24.7 26 34.651 -24.7 25.5737 34.6636 -24.7 25 34.5767 -24.7 24.5031 34.1061 -24.7 24.3317 34 -24.7 24 33.823 -24.7 23.314 33.2035 -24.7 23 32.9528 -24.7 
1
33
22.8193 33.1964 -23.8 23 33.3576 -23.8 23.615 33.9964 -23.8 23.6194 34 -23.8 23.7166 34.2 -23.8 23.869 34.4337 -23.8 24 34.649 -23.8 24.2851 35 -23.8 24.5663 35.2433 -23.8 25 35.6732 -23.8 26 35.9733 -23.8 26.7896 35.9444 -23.8 27 35.8869 -23.8 27.0482 35.2 -23.8 27.0904 35 -23.8 27.4761 35.8 -23.8 27.434 36 -23.8 27.3816 36.8 -23.8 27.4478 37 -23.8 27.3326 38 -23.8 27.2557 39 -23.8 27.0684 50.8 -23.8 22.9329 50.8 -23.8 22.7492 38 -23.8 22.7108 37 -23.8 22.6971 36.8 -23.8 22.6606 36 -23.8 22.6393 35.8 -23.8 22.5902 35 -23.8 22.5854 34.8 -23.8 22.5415 34 -23.8 22.5517 33.8 -23.8 22.7263 33 -23.8 
1
28
23.5031 35.1 -22.9 23.8413 35.6775 -22.9 24 35.886 -22.9 24.097 36 -22.9 25 36.8431 -22.9 25.0658 36.6823 -22.9 25.1 36.6232 -22.9 26 36.5966 -22.9 26.9 36.1449 -22.9 27 36.1551 -22.9 27.0567 36.104 -22.9 27.1541 36 -22.9 27.4519 36.9 -22.9 27.4367 37 -22.9 27.3211 38 -22.9 27.2505 39 -22.9 27.2091 39.9 -22.9 27.0697 50.8 -22.9 22.9315 50.8 -22.9 22.6842 37 -22.9 22.6159 36 -22.9 22.5104 35 -22.9 22.4863 34 -22.9 22.533 33.1016 -22.9 22.9586 34 -22.9 23 34.0641 -22.9 23.0576 34.1 -22.9 23.4948 35 -22.9 
3
10
20 25.8736 -22 20.1967 26 -22 21 26.5525 -22 21.6742 27 -22 22 27.2847 -22 22.1452 27 -22 22.4886 26 -22 22.532 25.457 -22 22 25.5686 -22 21 25.5466 -22 
19
23 34.7655 -22 23.3762 35 -22 23.459 36 -22 24 36.6345 -22 24.3655 37 -22 25 37.499 -22 25.6581 37 -22 26 36.4087 -22 27 36.5101 -22 27.5672 36 -22 27.4149 37 -22 27.3049 38 -22 27.2405 39 -22 27.0711 50.8 -22 22.9304 50.8 -22 22.688 37 -22 22.6245 36 -22 22.5285 35 -22 22.5053 34 -22 
7
28.6493 26 -22 29 26.3507 -22 30 26.0289 -22 31 25.4379 -22 30 25.4548 -22 29 25.5385 -22 28.5392 25.4136 -22 
3
16
20.1 25.3931 -21.1 20 25.4258 -21.1 20.0197 25.4384 -21.1 20.9197 26.1188 -21.1 21 26.174 -21.1 21.9 26.4002 -21.1 21.9674 26.445 -21.1 22 26.4554 -21.1 22.3385 26.117 -21.1 22.3595 26.1 -21.1 22.3938 26 -21.1 22.4865 25.5398 -21.1 22.1 25.5619 -21.1 22 25.5829 -21.1 21.1 25.4706 -21.1 21 25.4684 -21.1 
31
22.9505 34.5945 -21.1 23 34.671 -21.1 23.0376 34.6945 -21.1 23.6056 35 -21.1 23.6139 35.1 -21.1 23.5081 36 -21.1 23.9459 36.4862 -21.1 24 36.5496 -21.1 24.4504 37 -21.1 25 37.4353 -21.1 25.5752 37 -21.1 25.6094 36.9409 -21.1 26 36.5503 -21.1 26.1 36.5604 -21.1 27 36.4708 -21.1 27.5059 36.051 -21.1 27.5626 36 -21.1 27.5474 36.1 -21.1 27.3897 37 -21.1 27.3787 37.1 -21.1 27.3191 38.1 -21.1 27.2822 39.1 -21.1 27.2417 40 -21.1 27.2038 41 -21.1 27.0725 50.8 -21.1 22.929 50.8 -21.1 22.7068 37.1 -21.1 22.6489 36 -21.1 22.5769 35.1 -21.1 22.5673 35 -21.1 22.5492 34 -21.1 
20
28.5914 25.4278 -21.1 29 25.4262 -21.1 30 25.279 -21.1 30.279 25 -21.1 30 24.721 -21.1 29.7078 24.678 -21.1 29.7833 24.6787 -21.1 30 24.665 -21.1 30.8166 24.5733 -21.1 31 24.5452 -21.1 31.6956 25 -21.1 31.7193 25.0438 -21.1 31.9 25.8009 -21.1 31 25.1534 -21.1 30.1 25.708 -21.1 29.6142 26 -21.1 29.6102 26.0029 -21.1 29.1 26.2017 -21.1 29 26.2339 -21.1 28.7661 26 -21.1 
3
15
20.08 24.9643 -20.2 20 24.9917 -20.2 21 25.7641 -20.2 21.2144 26 -20.2 21.7174 26.2604 -20.2 21.8 26.3167 -20.2 22 26.367 -20.2 22.367 26 -20.2 22.4967 25.2 -20.2 22.5369 25 -20.2 22.5566 24.7254 -20.2 22.5186 24.7278 -20.2 22 24.7907 -20.2 21.6298 24.7459 -20.2 21 24.7187 -20.2 
20
28.4827 24.7385 -20.2 28.5263 25 -20.2 28.5873 25.2 -20.2 28.8992 26 -20.2 29 26.1008 -20.2 29.111 26.0442 -20.2 29.2243 26 -20.2 29.311 25.9476 -20.2 30 25.4898 -20.2 31 24.8824 -20.2 31.6642 24.686 -20.2 32 24.7313 -20.2 31.9598 24.6218 -20.2 31.8 24.5173 -20.2 31 24.7538 -20.2 30.4094 24.5877 -20.2 30.0758 24.6332 -20.2 30 24.6892 -20.2 29.3221 24.7471 -20.2 29 24.7845 -20.2 
38
22.9108 34.5511 -20.2 22.5554 34 -20.2 22.5647 35 -20.2 22.5807 35.2 -20.2 22.6062 36 -20.2 22.6167 36.2 -20.2 22.715 39.2 -20.2 22.7515 40 -20.2 22.7569 40.2 -20.2 22.7907 41 -20.2 22.9275 50.8 -20.2 27.0741 50.8 -20.2 27.2194 41 -20.2 27.2641 40.2 -20.2 27.2719 40 -20.2 27.3388 39.2 -20.2 27.3478 39 -20.2 27.4237 38.2 -20.2 27.4312 38 -20.2 27.5008 37.2 -20.2 27.5127 37 -20.2 27.595 36.2 -20.2 27.63 36 -20.2 27.5176 36.0933 -20.2 27 36.6366 -20.2 26.2 36.7796 -20.2 26 36.7995 -20.2 25.7995 37 -20.2 25 37.5904 -20.2 24.892 37.5047 -20.2 24.3277 37 -20.2 24 36.6723 -20.2 23.9027 36.5642 -20.2 23.4399 36 -20.2 23.6604 35.2 -20.2 23.6839 35 -20.2 23.1262 34.7511 -20.2 23 34.6832 -20.2 
3
18
20.0404 24.6768 -19.3 20 24.6458 -19.3 20.3 24.5428 -19.3 21 24.519 -19.3 21.3 24.5319 -19.3 22 24.6136 -19.3 22.3 24.5772 -19.3 22.556 24.5715 -19.3 22.4989 25 -19.3 22.4503 25.3 -19.3 22.4403 26 -19.3 22 26.4403 -19.3 21.7897 26.3314 -19.3 21.0965 26 -19.3 21.0897 25.9775 -19.3 21 25.8788 -19.3 20.7404 25.6775 -19.3 20.4423 25 -19.3 
40
22.912 34.802 -19.3 23 34.9384 -19.3 23.138 35 -19.3 23.2091 35.2551 -19.3 23.2812 35.7 -19.3 23.1985 36 -19.3 23.4786 36.7 -19.3 23.8548 37 -19.3 24 37.1664 -19.3 24.3886 37.3886 -19.3 25 37.9196 -19.3 25.273 37.727 -19.3 26 37.8523 -19.3 26.3712 37.6288 -19.3 26.8057 37.3367 -19.3 27 37.234 -19.3 27.2442 37 -19.3 27.7017 36.7 -19.3 27.6708 37 -19.3 27.6447 37.3 -19.3 27.5947 38 -19.3 27.5662 38.3 -19.3 27.4034 39 -19.3 27.3783 39.3 -19.3 27.2976 40 -19.3 27.2346 41 -19.3 27.1936 42 -19.3 27.0756 50.8 -19.3 22.9261 50.8 -19.3 22.8119 42 -19.3 22.7736 41 -19.3 22.7319 40.3 -19.3 22.7193 40 -19.3 22.6626 39.3 -19.3 22.6489 39 -19.3 22.6067 38.3 -19.3 22.5197 36 -19.3 22.8234 35.3 -19.3 22.8138 35 -19.3 22.8213 34.7098 -19.3 
15
29.3 25.3901 -19.3 30 25.2202 -19.3 30.136 25.1283 -19.3 31 24.61 -19.3 30.7 24.5255 -19.3 30.4634 24.2943 -19.3 30.3 24.4577 -19.3 30 24.4987 -19.3 29.3 24.5737 -19.3 29 24.5993 -19.3 28.5179 24.6154 -19.3 28.6 25 -19.3 28.717 25.3 -19.3 28.9788 25.5618 -19.3 29 25.5761 -19.3 
3
20
20.2296 24.5729 -18.4 20.7853 25 -18.4 20.8296 25.0257 -18.4 21 25.4128 -18.4 21.0039 25.4257 -18.4 21.2823 26 -18.4 21.6039 26.3215 -18.4 22 26.5109 -18.4 22.5109 26 -18.4 22.4811 25.4 -18.4 22.4869 25 -18.4 22.5269 24.603 -18.4 22.4 24.5918 -18.4 22 24.6007 -18.4 21.4 24.5178 -18.4 21 24.4711 -18.4 20.4 24.3124 -18.4 20 24.3261 -18.4 19.4 24.4869 -18.4 20 24.3882 -18.4 
32
22.5502 35 -18.4 22.3767 35.4 -18.4 22.5062 36 -18.4 22.5235 36.4 -18.4 22.6658 37 -18.4 22.6804 37.4 -18.4 22.5256 38 -18.4 22.5496 38.4 -18.4 22.6105 39 -18.4 22.6978 40 -18.4 22.7602 41 -18.4 22.8027 42 -18.4 22.9249 50.8 -18.4 27.0769 50.8 -18.4 27.2048 42 -18.4 27.2507 41 -18.4 27.3216 40 -18.4 27.4414 39 -18.4 27.326 38.4 -18.4 27.419 38 -18.4 27.4476 37.6 -18.4 27.033 38 -18.4 27 38.0202 -18.4 26 38.3492 -18.4 25.4 38.2778 -18.4 25 38.2511 -18.4 24.4 38.1455 -18.4 24 38.0182 -18.4 23.9362 38 -18.4 23.9064 37.974 -18.4 23 37.0286 -18.4 22.9903 37 -18.4 
18
28.5833 24.5974 -18.4 28.6976 25 -18.4 29 25.3024 -18.4 29.4 25.2053 -18.4 29.8091 25.0525 -18.4 29.8867 25 -18.4 30.4 24.6931 -18.4 31 24.3593 -18.4 31.4 24.2119 -18.4 31.5635 24.1733 -18.4 31.4202 24 -18.4 31 23.7951 -18.4 30.8788 23.7116 -18.4 30.8211 23.6815 -18.4 30.6421 23.8258 -18.4 30.4342 24 -18.4 30 24.4342 -18.4 29.4 24.5153 -18.4 
1
31
22.5964 39 -17.5 22.5868 38.9306 -17.5 22.8142 39 -17.5 22.894 39.106 -17.5 23 39.1322 -17.5 23.687 39.313 -17.5 24 39.3411 -17.5 24.5074 39.4926 -17.5 25 39.5437 -17.5 25.366 39.634 -17.5 26 39.6859 -17.5 26.5491 39.4509 -17.5 27 39.3591 -17.5 27.4572 39.0885 -17.5 27.3403 40 -17.5 27.2653 41 -17.5 27.2158 42 -17.5 27.0779 50.8 -17.5 22.924 50.8 -17.5 22.8992 47.5002 -17.5 22.8992 47.5 -17.5 22.8752 45.5005 -17.5 22.8586 44.5006 -17.5 22.8586 44.5 -17.5 22.8374 43.5005 -17.5 22.8374 43.5 -17.5 22.7978 42.1278 -17.5 22.7978 42.1273 -17.5 22.7938 42 -17.5 22.7489 41 -17.5 22.6849 40 -17.5 
