38
0
0
0
0
0
0
0
0
0
0
0
0
0
0
0
0
0
0
0
0
0
0
0
0
0
0
0
0
0
2
8
22.2833 28 -24.7 22.3047 27.9395 -24.7 22.1436 28 -24.7 22 28.1093 -24.7 21.2264 28.935 -24.7 21.8381 28.499 -24.7 22 28.5509 -24.7 22.0352 28.499 -24.7 
11
28.6491 27.8679 -24.7 28.8076 27.9539 -24.7 28.7521 28 -24.7 29 28.1424 -24.7 29.1925 28.0905 -24.7 30 28.0756 -24.7 29.8594 28.329 -24.7 29.7 28.431 -24.7 29 28.6199 -24.7 28.7399 28.102 -24.7 28.6785 28 -24.7 
2
11
22.4218 27.0636 -23.8 22 27.2716 -23.8 21.3373 27.1591 -23.8 21 27.2671 -23.8 20.8 27.6956 -23.8 21 27.6341 -23.8 21.2 27.7617 -23.8 21.5683 27.9282 -23.8 22 28.0651 -23.8 22.0442 28 -23.8 22.161 27.8 -23.8 
8
29.4773 27.8167 -23.8 29.2535 28 -23.8 29 28.1622 -23.8 28.9023 28 -23.8 28.891 27.5327 -23.8 28.8018 27.1333 -23.8 29 27.228 -23.8 30 27.4119 -23.8 
1
11
28.8069 26.2419 -22.9 29 26.3444 -22.9 29.775 26.5225 -22.9 30 26.4704 -22.9 30.6977 26.2741 -22.9 31 26.2484 -22.9 30.9049 26.3535 -22.9 30.9 26.3564 -22.9 30 26.6097 -22.9 29.9 26.6418 -22.9 29 26.435 -22.9 
0
0
0
0
0
2
5
21.3683 24 -17.5 21.8397 24.1603 -17.5 22 24.8643 -17.5 22.0778 24.0942 -17.5 22 24.0873 -17.5 
5
22 25.2762 -17.5 21.9272 25.9272 -17.5 21.9641 26 -17.5 22 26.0359 -17.5 22.0359 26 -17.5 
