42
1
4
0 50.8 0 0 10.0445 0 50.8 10.0356 0 50.8 50.8 0 
1
4
50.8 10.0364 0.9 50.8 50.8 0.9 0 50.8 0.9 0 10.0457 0.9 
1
4
0 10.047 1.8 0 50.8 1.8 50.8 50.8 1.8 50.8 10.0372 1.8 
1
4
50.8 10.0381 2.7 50.8 50.8 2.7 0 50.8 2.7 0 10.0482 2.7 
1
4
50.8 10.039 3.6 50.8 50.8 3.6 0 50.8 3.6 0 10.0495 3.6 
1
4
50.8 10.0398 4.5 50.8 50.8 4.5 0 50.8 4.5 0 10.0507 4.5 
1
4
50.8 10.0407 5.4 50.8 50.8 5.4 0 50.8 5.4 0 10.052 5.4 
1
4
0 10.0532 6.3 0 50.8 6.3 50.8 50.8 6.3 50.8 10.0416 6.3 
1
4
0 10.0545 7.2 50.8 10.0426 7.2 50.8 50.8 7.2 0 50.8 7.2 
1
4
0 10.0557 8.1 50.8 10.0436 8.1 50.8 50.8 8.1 0 50.8 8.1 
1
4
0 10.057 9 50.8 10.0446 9 50.8 50.8 9 0 50.8 9 
1
4
0 10.0582 9.9 50.8 10.0456 9.9 50.8 50.8 9.9 0 50.8 9.9 
1
4
0 10.0592 10.8 50.8 10.0466 10.8 50.8 50.8 10.8 0 50.8 10.8 
1
5
0 10.0603 11.7 25 10.2275 11.7 50.8 10.0476 11.7 50.8 50.8 11.7 0 50.8 11.7 
1
8
0 10.0614 12.6 20 10.3277 12.6 24 10.2902 12.6 25 10.2718 12.6 25.6 10.2479 12.6 50.8 10.0485 12.6 50.8 50.8 12.6 0 50.8 12.6 
2
23
0 10.0625 13.5 15 10.231 13.5 15.5 10.2549 13.5 16 10.2711 13.5 16.5 10.2962 13.5 17 10.311 13.5 17.5 10.3391 13.5 18 10.3533 13.5 18.5 10.3801 13.5 19 10.3931 13.5 19.5 10.423 13.5 20 10.4381 13.5 21 10.4347 13.5 21.5 10.4197 13.5 24 10.3735 13.5 24.5 10.3442 13.5 25 10.3327 13.5 25.5 10.3 13.5 27 10.2447 13.5 29 10.2162 13.5 50.8 10.0494 13.5 50.8 50.8 13.5 0 50.8 13.5 
71
20 13.9091 13.5 20.1036 13.8964 13.5 21 13.7376 13.5 22.0712 14 13.5 23 14.2985 13.5 23.4964 14.4964 13.5 24 14.7064 13.5 24.2071 15 13.5 24.3068 15.3068 13.5 24.3502 16 13.5 24.3287 16.3287 13.5 24.3514 17 13.5 24.0165 17.9835 13.5 24.0102 18 13.5 24.0056 18.0115 13.5 23.5625 19 13.5 23.0608 20 13.5 23.0281 20.0617 13.5 23 20.1212 13.5 22.5752 20.5752 13.5 22.064 21 13.5 22 21.0263 13.5 21.989 21.0316 13.5 21.9479 21.0521 13.5 20.4291 21.4291 13.5 20 21.5451 13.5 19.6368 21.6368 13.5 19 21.7868 13.5 18.83 21.83 13.5 18.0962 22 13.5 18 22.0261 13.5 17.4637 22.4637 13.5 17.337 23 13.5 17.2683 23.2683 13.5 17 24.4277 13.5 16.818 24.818 13.5 16.7431 25 13.5 16.3906 25.3906 13.5 16.08 26 13.5 16 26.0439 13.5 15.9468 26.0359 13.5 15 26.0005 13.5 14.9994 26 13.5 14.9992 25.9996 13.5 14.9988 25.9988 13.5 14.5403 25 13.5 14.3446 24.3446 13.5 14.2511 24 13.5 14.272 23.272 13.5 14.2284 23 13.5 14.2523 22.9256 13.5 14.66 21.34 13.5 14.7647 21 13.5 14.8603 20.7328 13.5 15 20.3825 13.5 15.2175 20.2175 13.5 15.2996 20 13.5 15.7527 19.2473 13.5 15.9353 19 13.5 15.9767 18.9309 13.5 16 18.8846 13.5 16.4583 18.4583 13.5 16.6874 18 13.5 17 17.5977 13.5 17.3139 17.3139 13.5 17.4643 17 13.5 18 16.3105 13.5 18.1716 16.1716 13.5 18.2413 16 13.5 19.4487 14.4487 13.5 19.8651 14 13.5 
3
35
0 10.0635 14.4 13 10.1944 14.4 14 10.2247 14.4 15 10.2643 14.4 15.4 10.2917 14.4 16 10.3204 14.4 16.4 10.3601 14.4 17 10.3903 14.4 17.4 10.4322 14.4 18 10.466 14.4 18.4 10.532 14.4 19 10.5642 14.4 19.4 10.631 14.4 20 10.667 14.4 20.6 10.6646 14.4 21 10.9111 14.4 21.3211 10.7067 14.4 21.4 10.6278 14.4 22 10.6097 14.4 22.4 10.5809 14.4 23 10.5648 14.4 23.4 10.5407 14.4 24 10.5263 14.4 24.4 10.457 14.4 25 10.422 14.4 25.4 10.3797 14.4 26 10.3405 14.4 27 10.3053 14.4 28 10.2906 14.4 28.4 10.2719 14.4 29 10.2596 14.4 29.4 10.2399 14.4 50.8 10.0503 14.4 50.8 50.8 14.4 0 50.8 14.4 
81
13.2294 23 14.4 13.1385 23.7848 14.4 13.1278 24 14.4 13.2396 24.5966 14.4 13.3263 25 14.4 13.4034 25.2086 14.4 13.6 25.5792 14.4 13.7216 25.9088 14.4 13.7717 26 14.4 14 26.3393 14.4 14.7404 27 14.4 15 27.2178 14.4 15.2908 27.2908 14.4 16 27.4169 14.4 16.4581 27.4581 14.4 17 27.4909 14.4 17.3659 27.3659 14.4 17.4372 26.5628 14.4 17.4971 26.3267 14.4 17.5945 26 14.4 18 25.0103 14.4 18.0012 25.007 14.4 18.0029 25 14.4 18.164 24.4247 14.4 18.1738 24.4 14.4 18.2467 24 14.4 18.7582 23.4 14.4 18.8449 23.3803 14.4 19 23.2522 14.4 19.8834 23 14.4 19.8917 22.9946 14.4 20 22.947 14.4 20.4406 22.7265 14.4 21 22.5792 14.4 22 22.1988 14.4 22.4946 22 14.4 22.6201 21.9368 14.4 23 21.7587 14.4 23.2666 21.619 14.4 23.5398 21.4 14.4 23.6732 21.3186 14.4 24 21.0132 14.4 24.0136 21 14.4 24.0632 20.9368 14.4 24.7236 20 14.4 25 19.4457 14.4 25.2116 19 14.4 25.9761 17 14.4 26 16.7973 14.4 26.0568 16.0819 14.4 26.0549 16 14.4 26 15.8992 14.4 25.43 15 14.4 24.5361 13.7729 14.4 24.4 13.6004 14.4 24.2745 13.4274 14.4 24 13.0796 14.4 23.7624 13 14.4 23 12.7318 14.4 21 12.2422 14.4 20.7262 12.2738 14.4 20 12.3151 14.4 18.7591 13 14.4 18 13.6058 14.4 17.7477 14 14.4 17 14.953 14.4 16.9949 14.9631 14.4 16.9723 15 14.4 16.9186 15.0814 14.4 16.402 16 14.4 16 16.5542 14.4 15.9037 16.7419 14.4 15.3368 17.6632 14.4 14.5414 19 14.4 14.0611 19.9389 14.4 14.0548 19.9504 14.4 14.0262 20 14.4 14 20.0785 14.4 13.8481 20.6878 14.4 13.648 21.352 14.4 13.3033 22.6434 14.4 
38
24.3736 32.3736 14.4 24.6328 32 14.4 25 31.73 14.4 25.5675 31.4325 14.4 26 31.1843 14.4 26.0394 31.1963 14.4 26.254 31.254 14.4 27 31.2722 14.4 28 31.666 14.4 28.7278 32 14.4 29 32.2909 14.4 29.7194 33 14.4 29.8289 33.8289 14.4 29.9011 34 14.4 30 35.1239 14.4 30.0554 36 14.4 30 36.1258 14.4 29.6677 36.6677 14.4 29.5141 37 14.4 29.2173 37.2173 14.4 29 37.4784 14.4 28.7139 37.7139 14.4 28.5275 38 14.4 28.2397 38.2397 14.4 27.479 39 14.4 27 39.3579 14.4 26 39.3602 14.4 25.1472 39 14.4 24.1027 38 14.4 23.1003 37 14.4 23 36.8964 14.4 22.6339 36 14.4 22.6009 35.6009 14.4 22.6062 35 14.4 22.7094 34.7094 14.4 23 34.2998 14.4 23.1694 34.1694 14.4 23.2128 34 14.4 
2
129
0 10.0645 15.3 13 10.2138 15.3 14 10.2534 15.3 14.3 10.2745 15.3 15 10.3075 15.3 15.3 10.3404 15.3 16 10.3884 15.3 16.3 10.4475 15.3 17 10.517 15.3 17.3 10.603 15.3 18 10.6764 15.3 18.7 10.7919 15.3 19 10.8846 15.3 19.531 11 15.3 19.4239 11.1069 15.3 19 11.3398 15.3 18.0844 12 15.3 18 12.053 15.3 17.9441 12.1166 15.3 17.2232 13 15.3 17 13.3339 15.3 15 16.5781 15.3 14.4521 17.5479 15.3 14.1852 18 15.3 14 18.2946 15.3 13.924 18.4644 15.3 13.8064 18.7 15.3 13.6935 19 15.3 13.4704 19.7 15.3 13.3658 20 15.3 13.1575 20.7 15.3 13.0595 21 15.3 13 21.1952 15.3 12.8698 21.7 15.3 12.7864 22 15.3 12.6142 22.7 15.3 12.5612 23 15.3 12.4532 23.7 15.3 12.4706 24 15.3 12.617 24.7 15.3 12.6911 25 15.3 12.8078 25.3 15.3 13 25.7824 15.3 13.1196 26 15.3 13.126 26.0088 15.3 13.2966 26.3 15.3 13.7787 27 15.3 14 27.3439 15.3 14.6558 27.9023 15.3 14.721 28 15.3 14.9558 28.2815 15.3 15 28.3157 15.3 15.7 28.5088 15.3 16 28.7786 15.3 16.8188 28.8776 15.3 17 28.8963 15.3 18 28.5561 15.3 18.3402 28.0579 15.3 18.3849 28 15.3 18.3475 27.8381 15.3 18.3228 27.7 15.3 18.3667 27 15.3 18.2688 26.7 15.3 18.3005 26 15.3 18.2658 25.7 15.3 18.4299 25 15.3 18.5574 24.3 15.3 18.7566 24 15.3 19 23.7989 15.3 19.3002 23.7642 15.3 20 23.6154 15.3 20.3 23.5748 15.3 21 23.313 15.3 21.3 23.2109 15.3 22 22.9446 15.3 23 22.5411 15.3 24 22.1012 15.3 24.1723 22 15.3 25 21.2221 15.3 25.0217 21.1935 15.3 25.1773 21 15.3 25.2747 20.8667 15.3 25.853 20.3 15.3 25.8783 20.2702 15.3 26 20.1671 15.3 26.1164 20 15.3 26.1882 19.7308 15.3 26.3348 19.3 15.3 26.4466 19.0075 15.3 26.4503 19 15.3 26.6131 18.4894 15.3 26.7407 18 15.3 26.9057 17.1781 15.3 26.9456 17 15.3 26.8807 16.3904 15.3 26.8712 16 15.3 26.7749 15.6822 15.3 26.4211 15 15.3 26.406 14.9627 15.3 26.3 14.8194 15.3 26.1999 14.5567 15.3 26 14.2703 15.3 25.3 13.3162 15.3 25 12.933 15.3 24.3247 12 15.3 24 11.5823 15.3 23.2744 11.3211 15.3 23 11.2359 15.3 22.4201 11 15.3 22.6789 10.9367 15.3 23 10.9136 15.3 23.4467 10.8511 15.3 24 10.8176 15.3 24.1315 10.7693 15.3 24.3 10.6986 15.3 25 10.5775 15.3 25.3 10.53 15.3 26 10.456 15.3 26.3 10.4411 15.3 27 10.4201 15.3 27.3 10.4002 15.3 28 10.3854 15.3 28.3 10.3491 15.3 29 10.3165 15.3 29.3 10.2934 15.3 30.3 10.2435 15.3 50.8 10.0511 15.3 50.8 50.8 15.3 0 50.8 15.3 
54
22.0602 31.9952 15.3 23 31.1943 15.3 23.2111 31.0279 15.3 23.2535 31 15.3 24 30.5923 15.3 25 30.0635 15.3 25.1116 30.0266 15.3 26 29.7839 15.3 26.7592 29.7592 15.3 27 29.7446 15.3 28 29.7507 15.3 28.877 29.877 15.3 29 29.8779 15.3 29.2164 30 15.3 30 30.4789 15.3 30.3875 31 15.3 31.1808 32 15.3 31.6111 33 15.3 31.6713 33.4762 15.3 31.8602 34 15.3 31.9569 35 15.3 31.9604 35.0726 15.3 31.9252 36 15.3 31.8909 36.1374 15.3 31.6899 37 15.3 31.6093 37.1233 15.3 31.1771 37.8229 15.3 31.1072 38 15.3 31 38.1042 15.3 30.0031 39 15.3 28 40.6642 15.3 27.128 41 15.3 27.0309 41.0309 15.3 27 41.0371 15.3 26.1519 41.1519 15.3 26 41.1845 15.3 25.4688 41 15.3 24.7215 40.7215 15.3 23.0589 40.0589 15.3 23 40.0317 15.3 22.9574 40 15.3 22 39.1186 15.3 21.9171 39 15.3 21.8438 38.8438 15.3 21.5448 38 15.3 21.3124 37.3124 15.3 20.8973 36 15.3 20.8788 35.8788 15.3 20.7746 35 15.3 21.0185 34 15.3 21.0383 33.9617 15.3 21.3741 33 15.3 21.6169 32.6169 15.3 22.055 32 15.3 
2
127
0 10.0653 16.2 12 10.2019 16.2 13 10.237 16.2 13.2 10.2493 16.2 14 10.2867 16.2 14.2 10.3066 16.2 15 10.3629 16.2 15.2 10.4007 16.2 16 10.4885 16.2 16.8 10.6462 16.2 17 10.7337 16.2 17.8268 11 16.2 17.0014 11.9986 16.2 17.001 11.9991 16.2 17.0002 12 16.2 17 12.0003 16.2 16 13.6397 16.2 15.9488 13.7316 16.2 15.9077 13.8 16.2 15.7952 14 16.2 15 15.3167 16.2 14.728 15.8 16.2 14.6311 16 16.2 14.181 16.8 16.2 14.094 17 16.2 14 17.1906 16.2 13.7466 17.8 16.2 13.2947 19 16.2 12.999 19.845 16.2 12.9406 20 16.2 12.7183 20.8 16.2 12.6573 21 16.2 12.4351 21.8 16.2 12.4059 22 16.2 12.2645 22.8 16.2 12.2535 23 16.2 12.2998 23.8 16.2 12.3208 24 16.2 12.5182 24.8 16.2 12.5378 25 16.2 12.8492 25.8 16.2 12.9528 26 16.2 13.455 26.8592 16.2 13.5061 27 16.2 13.6522 27.2 16.2 14 27.7439 16.2 14.1708 28 16.2 14.7861 28.7375 16.2 14.8 28.7554 16.2 14.9075 28.9098 16.2 14.9645 29 16.2 15 29.0405 16.2 15.8 29.6286 16.2 16 29.7885 16.2 16.6622 30 16.2 17 30.7303 16.2 17.4334 30.4334 16.2 17.8867 30 16.2 17.8905 29.9988 16.2 18.452 29.8078 16.2 19 29.5113 16.2 19.034 29.452 16.2 19.2497 29.1763 16.2 19.1899 29 16.2 19.1549 28.8 16.2 19.1808 28 16.2 19.0036 27 16.2 18.9342 26.8669 16.2 18.9078 26.8 16.2 18.6469 26 16.2 18.6179 25.8 16.2 18.5255 25 16.2 19 24.2476 16.2 19.2 24.2245 16.2 20 24.0909 16.2 20.7861 24 16.2 21 23.971 16.2 21.3145 23.9074 16.2 22 23.6741 16.2 22.136 23.6197 16.2 22.2 23.5956 16.2 23 23.2714 16.2 23.2 23.1512 16.2 23.3941 23.0723 16.2 24 22.8058 16.2 24.0921 22.7436 16.2 24.2 22.6749 16.2 25 22.2255 16.2 25.1444 22.0942 16.2 25.2341 22 16.2 25.9787 21.0765 16.2 26 21.0493 16.2 26.0976 20.9205 16.2 26.5994 20.2 16.2 26.7018 20.0274 16.2 26.7168 20 16.2 27 19.259 16.2 27.0855 19 16.2 27.1571 18.8 16.2 27.3964 18 16.2 27.5414 17.2 16.2 27.594 17 16.2 27.591 16.9832 16.2 27.5629 16.8 16.2 27.4183 16 16.2 27 14.4489 16.2 26.8289 14 16.2 26.4528 13.4528 16.2 26.1951 13 16.2 26 12.6701 16.2 25.9776 12.6388 16.2 25 11.3728 16.2 24.7216 11 16.2 25 10.8833 16.2 26 10.7238 16.2 26.2432 10.702 16.2 27 10.6644 16.2 27.0681 10.6452 16.2 27.2 10.5952 16.2 28 10.5422 16.2 28.2 10.4903 16.2 29.2 10.3678 16.2 30.2 10.2926 16.2 31 10.2518 16.2 50.8 10.0518 16.2 50.8 50.8 16.2 0 50.8 16.2 
62
25 28.6949 16.2 26 28.4217 16.2 26.5821 28.3821 16.2 27 28.3455 16.2 27.5264 28.3487 16.2 28.566 28.4059 16.2 29 28.4777 16.2 30 28.8364 16.2 30.2003 29 16.2 31 30.0846 16.2 31.7721 31 16.2 32 31.29 16.2 32.4768 32 16.2 32.9999 33.3029 16.2 33 33.3031 16.2 33.2376 34 16.2 33.2663 34.2663 16.2 33.3974 35 16.2 33.2047 36 16.2 33 36.9118 16.2 32.9572 37.0826 16.2 32.7132 38 16.2 32.4465 38.5023 16.2 32.3943 38.6057 16.2 32.228 39 16.2 32 39.2796 16.2 29.6321 41.3679 16.2 29 41.8977 16.2 28.8344 42 16.2 28.81 42.0098 16.2 28 42.2707 16.2 27.2312 42.3985 16.2 27 42.4318 16.2 26.2738 42.5472 16.2 26 42.5858 16.2 25 42.344 16.2 24.8 42.2843 16.2 24 42.02 16.2 23.9769 42.0138 16.2 23.9294 42 16.2 23 41.5736 16.2 22.8218 41.4455 16.2 22 40.815 16.2 21.1485 40 16.2 21 39.7705 16.2 20.5844 39 16.2 20.0794 38 16.2 20 37.8246 16.2 19.6062 37 16.2 19.3927 36.3402 16.2 19.2232 36 16.2 19.1573 35.625 16.2 19.0323 35 16.2 19.6842 32.3158 16.2 19.6392 32 16.2 19.7147 31.7147 16.2 20 31.5101 16.2 20.4086 31 16.2 20.8011 30.8011 16.2 21 30.6772 16.2 24 29.0409 16.2 24.1052 29 16.2 
1
200
0 10.066 17.1 11 10.1884 17.1 12 10.2218 17.1 12.1 10.2278 17.1 13 10.2656 17.1 13.1 10.2741 17.1 14 10.3297 17.1 14.1 10.3449 17.1 15 10.4347 17.1 15.1 10.4698 17.1 16 10.6397 17.1 16.8045 10.989 17.1 16.8155 11 17.1 16.2963 11.9 17.1 16.2447 12 17.1 16 12.4206 17.1 15 14.1978 17.1 14.9534 14.2899 17.1 14.6101 14.9 17.1 14.569 15 17.1 14.1329 15.9 17.1 14 16.2269 17.1 13 18.8826 17.1 12.9995 18.884 17.1 12.9935 18.9 17.1 12.9594 19 17.1 12.6205 19.9 17.1 12.5878 20 17.1 12.3134 20.9 17.1 12.3097 21 17.1 12.1781 21.9 17.1 12.1156 23 17.1 12.21 23.9 17.1 12.2163 24 17.1 12.3045 24.9 17.1 12.3109 25 17.1 12.7771 25.9 17.1 12.8163 26 17.1 13 26.3224 17.1 13.2297 26.9562 17.1 13.2472 27 17.1 13.9047 27.9 17.1 13.9703 28 17.1 14 28.0507 17.1 14.5547 28.9291 17.1 14.5957 29 17.1 14.6547 29.0958 17.1 15 29.4897 17.1 15.6431 29.9958 17.1 15.6469 30 17.1 15.8361 30.9 17.1 15.838 31 17.1 15.5155 31.9 17.1 15.4725 32 17.1 15.4691 32.1719 17.1 15.52 33 17.1 15.8281 33.6696 17.1 15.9 33.7917 17.1 15.9788 33.9924 17.1 15.9831 34 17.1 16 34.0394 17.1 16.7663 34.722 17.1 17.095 35 17.1 17.2248 35.342 17.1 17.5394 36 17.1 17.8942 36.4131 17.1 18 36.547 17.1 18.2288 37 17.1 18.3137 37.1954 17.1 18.72 38 17.1 18.9338 38.3704 17.1 19.7567 40 17.1 19.9 40.1955 17.1 20 40.3112 17.1 20.6217 41 17.1 20.7911 41.1515 17.1 20.9 41.2237 17.1 21 41.2938 17.1 21.7523 42 17.1 22 42.1562 17.1 22.9 42.6151 17.1 23 42.6684 17.1 24.9 43.1746 17.1 25 43.2022 17.1 25.9 43.3916 17.1 26 43.4174 17.1 29 43.091 17.1 29.1 43.0614 17.1 29.1889 43.0062 17.1 29.2015 43 17.1 30 42.4815 17.1 30.0836 42.4247 17.1 30.5421 42.1 17.1 30.5585 42.0893 17.1 30.69 42 17.1 32 40.8386 17.1 32.5382 40.3073 17.1 32.8599 40 17.1 33 39.8046 17.1 33.3992 39 17.1 33.4728 38.7386 17.1 33.6978 38 17.1 34.1551 36.1 17.1 34.3185 35 17.1 34.2366 34 17.1 34.0664 33 17.1 34 32.7355 17.1 33.9794 32.6706 17.1 33.6661 31.8281 17.1 33.2268 31 17.1 32 29.6114 17.1 31.5031 29 17.1 31.2687 28.758 17.1 31 28.4659 17.1 30.3744 28 17.1 30.2571 27.9364 17.1 30.1 27.8445 17.1 30.0328 27.808 17.1 30 27.7888 17.1 29 27.4185 17.1 28.7088 27.3732 17.1 27 27.0785 17.1 26 27.1144 17.1 25.8473 27.1791 17.1 25 27.4645 17.1 24.9231 27.4934 17.1 24.9 27.5 17.1 24 27.7383 17.1 23.5105 27.9045 17.1 23.2456 28 17.1 23 28.1238 17.1 22.8637 28.2095 17.1 21.4588 29 17.1 21 29.2825 17.1 20.8512 29.3407 17.1 20 29.7505 17.1 19.7457 29 17.1 19.7311 28.9226 17.1 19.5698 28 17.1 19.532 27.9 17.1 19.3679 27 17.1 19 26.2921 17.1 18.8848 26 17.1 18.8819 25.895 17.1 18.7521 25 17.1 19 24.614 17.1 19.1 24.598 17.1 20 24.494 17.1 20.1 24.4771 17.1 21 24.3731 17.1 21.1 24.3518 17.1 22 24.2467 17.1 22.7578 24 17.1 23 23.9088 17.1 23.0324 23.8915 17.1 23.1 23.8566 17.1 24.5219 23 17.1 25 22.6959 17.1 25.0072 22.691 17.1 25.6569 22.1 17.1 25.7497 22.0258 17.1 25.7739 22 17.1 26 21.7104 17.1 26.0249 21.6795 17.1 26.464 21.1 17.1 26.5391 21.0067 17.1 26.5442 21 17.1 27 20.2319 17.1 27.0047 20.2233 17.1 27.0642 20.1 17.1 27.1059 20 17.1 27.4323 19 17.1 27.7901 18 17.1 28 17.1964 17.1 28.0226 17.1 17.1 28.0301 16.9 17.1 28 16.681 17.1 27.8954 16 17.1 27.8749 15.8894 17.1 27.3691 14 17.1 27.3739 13.9 17.1 27.1422 13 17.1 27.3486 12.1 17.1 27.397 12 17.1 27.4324 11.8061 17.1 27.4682 11 17.1 28 10.7983 17.1 28.0444 10.7748 17.1 28.1 10.7467 17.1 29.1 10.4885 17.1 30 10.3726 17.1 31.1 10.3001 17.1 32 10.2733 17.1 32.1 10.2687 17.1 33 10.2462 17.1 33.1 10.2412 17.1 34 10.2174 17.1 50.8 10.0525 17.1 50.8 50.8 17.1 0 50.8 17.1 
1
107
0 10.0668 18 0 50.8 18 50.8 50.8 18 50.8 10.053 18 31 10.402 18 30 10.4705 18 29 10.7184 18 28.4441 11 18 28.2838 12 18 27.823 13 18 27.7754 14 18 28.0431 15 18 28.1969 16 18 28.1213 18 18 28 18.3798 18 27.7796 19 18 27.4628 20 18 27.0466 21 18 27 21.0674 18 26.2491 22 18 26 22.2584 18 25.0716 23 18 25 23.0463 18 24 23.6516 18 23.3235 24 18 23 24.1457 18 22 24.4805 18 21 24.6931 18 19.1291 25 18 19.0492 26 18 19.5859 27 18 19.9636 28 18 20 28.2256 18 21 28.302 18 21.5175 28 18 22 27.7779 18 23 27.4098 18 24 27.0659 18 26 26.5063 18 27 26.4094 18 29 26.5752 18 30 26.8551 18 30.3282 27 18 31 27.3644 18 32 27.9608 18 32.0484 28 18 34 30.2247 18 34.4671 31 18 34.7124 32 18 35.0528 34 18 35.1384 35 18 34.8591 37 18 34.6607 38 18 34.3991 39 18 34 39.838 18 33.9196 40 18 33.387 41 18 33 41.4818 18 32.3708 42 18 30 43.5451 18 29 43.8415 18 26 44.1605 18 25 43.9043 18 24 43.6284 18 23 43.3008 18 22.4092 43 18 22 42.7741 18 19.1787 41 18 19 40.7914 18 18 40.1912 18 17.7566 40 18 17 39.3105 18 16.5867 39 18 16 38.4752 18 15.7229 38 18 15.5118 37 18 15.4038 36 18 15.5519 35 18 15.2017 34 18 15 33.6399 18 14.6574 33 18 14.6929 32 18 15 31.1365 18 15.0567 31 18 15.0377 30 18 15 29.9583 18 14.41 29 18 13.8316 28 18 13.1756 27 18 13 26.5621 18 12.6808 26 18 12.2887 25 18 12.1612 23 18 12.2896 21 18 12.3272 20 18 12.995 18 18 13 17.986 18 14.123 15 18 14.5335 14 18 15 13.079 18 16 11.3018 18 16.1102 11 18 16 10.8898 18 15 10.5395 18 14 10.3871 18 13 10.3015 18 12 10.2415 18 
1
212
0 10.0676 18.9 11 10.2083 18.9 12 10.2568 18.9 12.9 10.3281 18.9 13 10.3341 18.9 13.9 10.4613 18.9 14 10.4698 18.9 14.9 10.7088 18.9 15 10.724 18.9 15.1 10.759 18.9 15.1321 10.7782 18.9 15.5403 11 18.9 15 11.9602 18.9 14.9272 12.1075 18.9 14.554 13 18.9 14.5503 13.0079 18.9 14.5036 13.1 18.9 14.1795 14 18.9 14.1385 14.1 18.9 13.8278 15 18.9 13.8161 15.0327 18.9 13.7908 15.1 18.9 13.4844 16 18.9 13.4467 16.1 18.9 13.1403 17 18.9 13.1033 17.0986 18.9 12.7969 17.9986 18.9 12.7964 18 18.9 12.4293 19.1 18.9 12.258 20 18.9 12.2542 20.1 18.9 12.365 21 18.9 12.3581 21.1 18.9 12.3862 22 18.9 12.3803 22.1 18.9 12.3594 23 18.9 12.3657 23.1 18.9 12.3971 24 18.9 12.4035 24.1 18.9 12.4315 25 18.9 12.4707 25.1 18.9 12.525 26 18.9 12.9681 26.6173 18.9 13 26.6735 18.9 13.0176 26.7173 18.9 13.3003 27 18.9 13.3659 27.1 18.9 13.5064 28 18.9 13.9832 28.5963 18.9 14.041 28.6963 18.9 14.3446 29 18.9 14.4793 29.9 18.9 14.5394 30 18.9 14.5454 30.1138 18.9 14.7217 31 18.9 14.7174 31.0137 18.9 14.6867 31.1 18.9 14.4302 32 18.9 14.4266 32.1 18.9 14.4544 33 18.9 14.9074 33.9 18.9 14.9609 34 18.9 14.9745 34.6064 18.9 14.9571 35 18.9 14.908 35.1558 18.9 14.5827 36 18.9 14.5782 36.1468 18.9 14.2879 37 18.9 14.2977 37.1586 18.9 14.2498 38 18.9 14.2975 38.2121 18.9 14.4546 39 18.9 15 39.9933 18.9 15.0068 40 18.9 16 40.9277 18.9 16.2605 41.1335 18.9 17.1522 41.487 18.9 18 41.5767 18.9 18.1154 41.6018 18.9 19 41.6234 18.9 19.1 41.6857 18.9 19.6866 42 18.9 20 42.176 18.9 20.1 42.2402 18.9 21 42.7618 18.9 22 43.3921 18.9 22.0409 43.4147 18.9 22.1 43.4448 18.9 23 43.9256 18.9 24 44.2536 18.9 24.1143 44.2861 18.9 25 44.5766 18.9 25.1 44.602 18.9 26 44.8658 18.9 26.9 44.8095 18.9 29 44.5921 18.9 29.1647 44.5643 18.9 30 44.4709 18.9 30.9015 44 18.9 32 43.2841 18.9 32.8878 43 18.9 33 42.947 18.9 33.5132 43 18.9 34 43.0712 18.9 34.076 43 18.9 34.2419 42.7233 18.9 34.5554 42 18.9 34.6197 41.807 18.9 34.722 41 18.9 34.881 40.119 18.9 35 39.862 18.9 35.0524 39.7793 18.9 35.3666 39 18.9 35.4004 38.8513 18.9 35.5627 37.8824 18.9 35.9518 35 18.9 35.816 34.1 18.9 35.8074 34 18.9 35.5994 33.1 18.9 35.5836 33 18.9 35.5543 32.8397 18.9 35.1234 31 18.9 35 30.7739 18.9 34.9467 30.691 18.9 34.9 30.6135 18.9 34.5324 30.0225 18.9 34.5193 30 18.9 34 29.2861 18.9 33.9801 29.2681 18.9 33.9 29.1776 18.9 33.768 29.0095 18.9 33.762 29 18.9 33 28.015 18.9 32.9988 28.0139 18.9 32.9868 28 18.9 32.9 27.93 18.9 32 27.2327 18.9 31.9 27.1731 18.9 31.7983 27.1212 18.9 30 26.3272 18.9 29.9 26.2992 18.9 29 25.991 18.9 28 25.908 18.9 27.683 25.8928 18.9 27 25.8758 18.9 26 25.9843 18.9 25.1 26.1818 18.9 24 26.4943 18.9 21.1 27.5443 18.9 21 27.5904 18.9 20.8446 27.5932 18.9 20 27.883 18.9 19.9964 27.8754 18.9 19.7286 27.1 18.9 19.6908 27 18.9 19.5548 26.1 18.9 19.5012 26 18.9 19.5092 25.9 18.9 19.6441 25.7934 18.9 20 25.1028 18.9 20.9 24.9323 18.9 21 24.9154 18.9 21.9 24.6232 18.9 22 24.6019 18.9 23 24.2763 18.9 23.7031 24.0146 18.9 23.7354 24 18.9 23.8031 23.9652 18.9 24 23.8893 18.9 24.9 23.4425 18.9 25.6186 23.0046 18.9 25.6257 23 18.9 25.7186 22.9258 18.9 26 22.7139 18.9 26.6996 22 18.9 26.7747 21.9067 18.9 27 21.6603 18.9 27.472 21.0067 18.9 27.4767 21 18.9 27.7781 20.1 18.9 27.8197 20 18.9 28 19.4258 18.9 28.1777 19 18.9 28.2069 18.938 18.9 28.219 18.9 18.9 28.3015 18 18.9 28.3116 17.1 18.9 28.3154 17 18.9 28.3259 16.1 18.9 28.3637 15.1 18.9 28.2148 14.1 18.9 28.1873 14 18.9 28.2035 13.8698 18.9 28.51 13 18.9 28.9794 12 18.9 29 11.8459 18.9 29.052 11.5935 18.9 29.2017 11 18.9 29.3058 10.9718 18.9 29.9 10.7927 18.9 30 10.768 18.9 30.9 10.6146 18.9 31 10.6077 18.9 31.9 10.492 18.9 32 10.4866 18.9 32.9 10.382 18.9 33 10.3774 18.9 33.9 10.2973 18.9 34.9 10.2422 18.9 50.8 10.0534 18.9 50.8 50.8 18.9 0 50.8 18.9 
1
202
0 10.0684 19.8 11 10.2163 19.8 12 10.2687 19.8 13 10.3535 19.8 13.8 10.4835 19.8 14 10.5117 19.8 14.8 10.8288 19.8 15 10.8819 19.8 15.0941 10.933 19.8 15.1611 11 19.8 15.067 11.1672 19.8 15 11.3269 19.8 14.6608 12 19.8 14.5772 12.2 19.8 14.3049 13 19.8 14.2328 13.2 19.8 12.5337 18.2 19.8 12.3114 19 19.8 12.2733 19.2 19.8 12.3136 20 19.8 12.3382 20.2 19.8 12.4184 21 19.8 12.4246 21.2 19.8 12.4839 22 19.8 12.4792 22.2 19.8 12.4843 23 19.8 12.5159 24.2 19.8 12.5664 25.2 19.8 12.6033 26 19.8 12.9015 26.3706 19.8 13 26.5077 19.8 13.4923 27 19.8 13.5235 27.2 19.8 13.5381 28 19.8 14 28.5723 19.8 14.4277 29 19.8 14.4576 29.2 19.8 14.5154 30 19.8 14.7235 31 19.8 14.6665 31.2 19.8 14.2553 32 19.8 14.2615 32.2 19.8 14.3348 33 19.8 14.4355 33.2 19.8 14.6729 34 19.8 14.664 34.2 19.8 13.974 36 19.8 13.5986 37 19.8 13.5802 37.2175 19.8 13.2931 38 19.8 13.327 38.2549 19.8 13.2844 39 19.8 13.5249 40 19.8 13.7769 40.6906 19.8 13.8686 41 19.8 14 41.1539 19.8 14.8898 41.8898 19.8 15 41.9783 19.8 15.0304 42 19.8 15.3611 42.1355 19.8 16 42.2807 19.8 16.33 42.2944 19.8 17 42.3319 19.8 17.3216 42.336 19.8 19 42.3729 19.8 19.2 42.4812 19.8 20 42.894 19.8 21 43.4584 19.8 21.2 43.5853 19.8 22.2015 44.1402 19.8 23 44.5474 19.8 23.2 44.613 19.8 24 44.8569 19.8 24.2 44.9225 19.8 24.4562 45 19.8 26 45.3918 19.8 26.2359 45.3829 19.8 27 45.4048 19.8 27.2737 45.3847 19.8 28 45.3502 19.8 28.3274 45.3243 19.8 29 45.2823 19.8 30 45.2048 19.8 30.9389 45 19.8 30.9772 44.99 19.8 31.0446 44.9554 19.8 32 44.9374 19.8 32.8489 45.0551 19.8 33.6714 45.1679 19.8 34 45.2187 19.8 34.6046 45.2631 19.8 35 45.3231 19.8 35.3109 45 19.8 36 43.5463 19.8 36.0832 43.353 19.8 36.2432 43 19.8 36.3481 42.5052 19.8 36.3422 42 19.8 36.3848 41.5681 19.8 36.3425 41 19.8 36.3346 40.5551 19.8 36.1861 39.3873 19.8 36.0916 39 19.8 36.1339 38.5658 19.8 36.1474 38 19.8 36.387 35.8 19.8 36.4142 35 19.8 36.4071 34.2 19.8 36.3807 34 19.8 36.2873 33.5744 19.8 36.1731 33 19.8 35.6976 31 19.8 35.1134 30 19.8 34.9183 29.7168 19.8 34.8 29.5542 19.8 34.4443 29.0374 19.8 34.4172 29 19.8 34 28.4047 19.8 33.845 28.2 19.8 33.6879 28 19.8 33.0136 27.3737 19.8 33 27.359 19.8 32.8 27.204 19.8 32.7252 27.1574 19.8 32.4882 27 19.8 32 26.6978 19.8 31.8 26.6083 19.8 31 26.2378 19.8 30 25.8056 19.8 29.8 25.738 19.8 29 25.4226 19.8 28.8 25.406 19.8 28 25.3238 19.8 27.8 25.3188 19.8 27 25.3698 19.8 26 25.48 19.8 25.2 25.5942 19.8 25 25.6377 19.8 24 25.9228 19.8 22 26.651 19.8 21.2 27.065 19.8 21 27.1384 19.8 20.8 27.207 19.8 20 27.4468 19.8 19.9405 27.2745 19.8 19.666 27 19.8 19.614 26.2 19.8 19.5838 26 19.8 19.6735 25.8259 19.8 20 25.2599 19.8 20.8 25.0871 19.8 21 25.049 19.8 23.8 24.1313 19.8 24 24.0517 19.8 24.1046 24 19.8 24.8 23.7325 19.8 25.8 23.2334 19.8 26 23.1114 19.8 26.1404 23 19.8 26.1885 22.9529 19.8 26.3384 22.8 19.8 26.9499 22.2008 19.8 27 22.1497 19.8 27.3683 22 19.8 27.4938 21.9452 19.8 27.5987 21.8 19.8 27.9049 21.5674 19.8 28 21.338 19.8 28.205 21 19.8 28.7006 20 19.8 28.7437 19.9102 19.8 28.7897 19.8 19.8 28.846 19.6832 19.8 29.1331 19 19.8 29 17.3496 19.8 28.9794 17.0304 19.8 28.9797 17 19.8 28.9339 16.099 19.8 28.9351 16 19.8 28.8989 15.1542 19.8 28.9047 15 19.8 28.9796 14.033 19.8 28.9747 14 19.8 29 13.9362 19.8 29.7075 13 19.8 30 12.6409 19.8 30.7486 12 19.8 30.8349 11.8349 19.8 31 11.5662 19.8 31.0826 11.3932 19.8 31.2242 11 19.8 31.4562 10.9261 19.8 31.8 10.7834 19.8 32 10.7577 19.8 32.8 10.5014 19.8 33 10.4781 19.8 33.8 10.3656 19.8 34.8 10.2846 19.8 35.8 10.2305 19.8 50.8 10.0537 19.8 50.8 50.8 19.8 0 50.8 19.8 
1
215
0 10.0692 20.7 11 10.2201 20.7 12 10.273 20.7 13 10.3591 20.7 14 10.5207 20.7 14.3 10.6396 20.7 14.3274 10.6779 20.7 14.6495 11 20.7 14.6352 11.0599 20.7 14.5141 11.3 20.7 14.3997 12 20.7 14.2976 12.3 20.7 14.0986 13 20.7 14.0218 13.2256 20.7 14 13.2982 20.7 13.0087 16.2067 20.7 13 16.2354 20.7 12.3969 18 20.7 12.3135 18.3 20.7 12.2799 19 20.7 12.295 19.3 20.7 12.4042 20.3 20.7 12.5286 22 20.7 12.5305 22.3 20.7 12.5677 23 20.7 12.5746 23.3 20.7 12.6578 25.3 20.7 12.6782 26 20.7 12.8882 26.24 20.7 13 26.379 20.7 13.621 27 20.7 13.6265 27.3 20.7 13.6249 28 20.7 14 28.4719 20.7 14.5281 29 20.7 14.5497 29.3 20.7 14.553 30 20.7 14.6161 30.3 20.7 14.5787 31 20.7 14.4245 31.3 20.7 14.3723 32 20.7 14.3998 32.3 20.7 14.5331 33 20.7 14.6221 33.3 20.7 14.1908 34 20.7 14.0777 34.3 20.7 14.0066 34.4603 20.7 14 34.4761 20.7 13.7677 35 20.7 12.9928 37 20.7 12.6252 38 20.7 12.6059 38.3166 20.7 12.629 39 20.7 12.696 39.44 20.7 12.7454 40 20.7 12.8789 40.7337 20.7 12.9218 41 20.7 13 41.1861 20.7 13.3 41.6383 20.7 13.4841 41.8446 20.7 13.5858 42 20.7 14 42.3384 20.7 14.3 42.5228 20.7 15 42.8135 20.7 15.8652 42.8938 20.7 16 42.9244 20.7 16.9981 42.999 20.7 18 43.0628 20.7 19 43.1046 20.7 19.27 43.2162 20.7 19.3 43.2327 20.7 20 43.4999 20.7 20.3 43.6684 20.7 20.9665 43.9896 20.7 21.2049 44.0965 20.7 21.3 44.1492 20.7 22 44.4585 20.7 22.3 44.6115 20.7 23 44.9122 20.7 23.288 45 20.7 25 45.4488 20.7 25.7 45.5931 20.7 26 45.6687 20.7 26.7 45.7205 20.7 27 45.7291 20.7 27.7 45.7141 20.7 28.7 45.6666 20.7 29 45.6479 20.7 29.7 45.6147 20.7 30 45.593 20.7 30.7 45.7754 20.7 31 45.7356 20.7 31.3 45.7806 20.7 31.4912 45.979 20.7 32 46.2911 20.7 32.5484 46.5484 20.7 33 46.6426 20.7 33.9425 46.9425 20.7 34 46.9506 20.7 34.9959 46.9959 20.7 35 46.9965 20.7 35.0087 46.9913 20.7 36 46.3451 20.7 36.4061 46 20.7 36.9547 45 20.7 37 44.9141 20.7 37.1725 44.5019 20.7 37.3069 44 20.7 37.3894 43.6369 20.7 37.4808 43 20.7 37.4513 42.5979 20.7 37.4186 42 20.7 37.2794 41 20.7 37.1376 40.2453 20.7 37.0815 40 20.7 36.8787 39.2335 20.7 36.8218 39 20.7 36.771 38.8044 20.7 36.6544 38.3 20.7 36.6616 38 20.7 36.7183 37.3 20.7 36.7505 37 20.7 36.7797 36.3 20.7 36.8118 36 20.7 36.8152 35.3 20.7 36.8254 35 20.7 36.8261 34 20.7 36.8097 33.3 20.7 36.7501 33 20.7 36.2739 31 20.7 35.9476 30.4155 20.7 35.8743 30.3 20.7 35.6998 30 20.7 35.0112 29 20.7 34.8666 28.8093 20.7 34.7 28.5716 20.7 34.3317 28.0623 20.7 34.2901 28 20.7 34 27.6543 20.7 33.9529 27.6049 20.7 33.7 27.37 20.7 33.3392 27.0651 20.7 33.2521 27 20.7 33 26.8231 20.7 32 26.2008 20.7 31.7 26.0618 20.7 31.6229 26.0229 20.7 31.5794 26 20.7 31 25.7085 20.7 30 25.2899 20.7 29 24.8956 20.7 28.5642 24.8441 20.7 28 24.7448 20.7 27 24.8468 20.7 26.1266 24.9564 20.7 26 24.9684 20.7 25.78 25 20.7 25.1805 25.0664 20.7 25 25.0922 20.7 24.3 25.2698 20.7 24 25.3553 20.7 23 25.715 20.7 22.3 26.1037 20.7 22 26.2138 20.7 21.3 26.6324 20.7 21 26.7878 20.7 20.5433 26.8251 20.7 20 26.6955 20.7 19.8971 26.6077 20.7 19.5894 26.3 20.7 19.5699 26 20.7 19.6924 25.7878 20.7 20 25.4801 20.7 20.7 25.1244 20.7 21 25.0596 20.7 21.1317 25.0229 20.7 21.4317 24.9251 20.7 22 24.845 20.7 23 24.5202 20.7 23.7 24.5526 20.7 24 24.4523 20.7 24.4103 24.0274 20.7 24.4658 24 20.7 25.7 23.5256 20.7 26 23.3757 20.7 26.7 23.197 20.7 26.8784 23.0227 20.7 26.9071 23 20.7 27 22.9089 20.7 27.1478 22.8522 20.7 28 22.8798 20.7 28.6941 22 20.7 29.31 21 20.7 29.6716 20.3284 20.7 29.8424 20 20.7 30.0698 19.2991 20.7 30.1432 19 20.7 29.8304 15 20.7 30 14.6437 20.7 30.6527 14 20.7 31 13.7155 20.7 31.681 13 20.7 32 12.5783 20.7 32.1997 12 20.7 32.2393 11.5284 20.7 32.2576 11 20.7 32.3413 10.9465 20.7 32.7 10.747 20.7 33 10.6509 20.7 33.7 10.4691 20.7 34.7 10.3329 20.7 35.7 10.2564 20.7 50.8 10.054 20.7 50.8 50.8 20.7 0 50.8 20.7 
1
197
0 10.0698 21.6 11 10.2215 21.6 12 10.2746 21.6 13 10.3612 21.6 14 10.5179 21.6 14.4821 11 21.6 14.3104 12 21.6 14.1966 12.4 21.6 14 13.0376 21.6 13.8766 13.4 21.6 13.459 14 21.6 13.3228 14.4 21.6 13.2067 15 21.6 13.07 15.4 21.6 13.0621 15.427 21.6 13 15.6521 21.6 12.7463 16.4 21.6 12.4927 17 21.6 12.354 17.4 21.6 12.3043 18.4 21.6 12.3234 19 21.6 12.3686 19.4 21.6 12.6129 23 21.6 12.6301 23.4 21.6 12.6738 24 21.6 12.7295 26 21.6 12.88 26.1662 21.6 13 26.3034 21.6 13.6966 27 21.6 13.6976 28 21.6 13.8619 28.1996 21.6 14 28.3751 21.6 14.6249 29 21.6 14.6268 29.4 21.6 14.6147 30 21.6 14.5619 31 21.6 14.5321 31.4 21.6 14.4608 32 21.6 14.537 32.4 21.6 14.4064 33 21.6 14.16 33.4 21.6 14.1496 33.421 21.6 14 33.7943 21.6 13.8694 34 21.6 13.8646 34.0117 21.6 13.6924 34.4 21.6 13.3804 35 21.6 13.2248 35.4 21.6 13.0895 35.6483 21.6 12.9066 36 21.6 12.8407 36.1854 21.6 12.7572 36.4 21.6 12.4452 37 21.6 12.298 37.4 21.6 12.048 38 21.6 12.1133 38.7323 21.6 12.1224 39 21.6 12.2583 40.6 21.6 12.4234 41.6 21.6 12.6056 42 21.6 13 42.433 21.6 13.4 42.7665 21.6 13.5927 42.9349 21.6 13.6613 43 21.6 14 43.2562 21.6 14.3285 43.3773 21.6 14.4 43.4004 21.6 15 43.4578 21.6 15.6 43.4539 21.6 16 43.4838 21.6 16.6 43.4667 21.6 17 43.4966 21.6 17.6 43.4692 21.6 18 43.4958 21.6 18.6 43.4267 21.6 19 43.4409 21.6 20 43.8309 21.6 23 45.1367 21.6 23.6 45.3403 21.6 25 45.7054 21.6 25.6 45.7928 21.6 26 45.8753 21.6 27 45.9493 21.6 27.9027 45.9819 21.6 28 45.9799 21.6 30 45.8848 21.6 30.4345 46.0054 21.6 31 46.2707 21.6 31.4 46.516 21.6 32 46.9274 21.6 32.4 47.1161 21.6 33 47.4662 21.6 33.4 47.6046 21.6 34 47.9205 21.6 34.5784 48 21.6 35 48.0464 21.6 35.1213 48 21.6 35.5185 47.7671 21.6 35.7725 47.6 21.6 35.854 47.5566 21.6 36.7619 47 21.6 37 46.8075 21.6 37.6321 46 21.6 37.8298 45.1702 21.6 37.8448 45.126 21.6 37.8981 45 21.6 38 44.4245 21.6 38.2037 43 21.6 38.2071 42.4122 21.6 38.2568 42 21.6 38.1274 41.2045 21.6 38.0866 41 21.6 37.8908 40.2488 21.6 37.8339 40 21.6 37.6557 39.4 21.6 37.5518 39 21.6 37.357 38.4 21.6 37.2649 38 21.6 37.2796 37.5115 21.6 37.1758 37 21.6 37.1896 36.5517 21.6 37.1662 33 21.6 37 32.1267 21.6 36.9702 32 21.6 36.8821 31.7148 21.6 36.7962 31.4 21.6 36.7004 31 21.6 36.3977 30.4 21.6 36.1735 30 21.6 36 29.7554 21.6 35.9581 29.7019 21.6 35.7329 29.4 21.6 35.4555 29 21.6 34.7895 28.0975 21.6 34.7168 28 21.6 34.1895 27.4399 21.6 34 27.2141 21.6 33.7938 27.0399 21.6 33.7487 27 21.6 33.1938 26.5372 21.6 33 26.4012 21.6 32.6 26.1519 21.6 32 25.7106 21.6 31.972 25.6959 21.6 31.6 25.5087 21.6 31.0639 25.2128 21.6 31 25.1791 21.6 30.5641 25 21.6 30.4963 24.9667 21.6 29.8803 24.6321 21.6 29.6 24.5216 21.6 29.2398 24.2895 21.6 29 24.1748 21.6 28.1574 24 21.6 29 23.4485 21.6 29.1118 23.2798 21.6 29.2413 23 21.6 29.5174 22.6432 21.6 29.5442 22.6 21.6 29.6268 22.4425 21.6 29.8124 22 21.6 30 21.697 21.6 30.1802 21.4648 21.6 30.6506 20.6 21.6 31.0158 20 21.6 31.1349 19.2511 21.6 31.1481 19 21.6 31.0757 18.1284 21.6 31.0524 18 21.6 31 17.7336 21.6 30.8712 17.2128 21.6 30.8533 17 21.6 30.7242 16.6129 21.6 30.6693 16.4 21.6 30.6323 16 21.6 30.5232 15.4 21.6 30.5051 15 21.6 30.836 14.6757 21.6 31 14.4742 21.6 31.7776 13.6536 21.6 32 13.3678 21.6 32.1934 13.0536 21.6 32.2354 13 21.6 32.49 12.4 21.6 32.6291 12 21.6 32.7516 11.4 21.6 32.7655 11 21.6 32.9705 10.886 21.6 33 10.8604 21.6 33.6 10.5831 21.6 34 10.4792 21.6 34.6 10.3825 21.6 35 10.3288 21.6 36 10.2494 21.6 50.8 10.0542 21.6 50.8 50.8 21.6 0 50.8 21.6 
1
183
0 10.0701 22.5 11 10.2222 22.5 12 10.2758 22.5 13 10.3616 22.5 14 10.5133 22.5 14.4867 11 22.5 14.3027 12 22.5 14 12.9756 22.5 13.9876 13 22.5 13.2959 14 22.5 13.1992 14.5 22.5 13.0379 15 22.5 13 15.1376 22.5 12.8762 15.5 22.5 12.7741 16 22.5 12.5628 16.5 22.5 12.3878 17 22.5 12.3624 17.5 22.5 12.3558 18 22.5 12.3878 19 22.5 12.4341 19.5 22.5 12.7114 24 22.5 12.7262 24.5 22.5 12.7482 25 22.5 12.7668 26 22.5 13 26.2554 22.5 13.7446 27 22.5 13.7487 28 22.5 14 28.3086 22.5 14.6915 29 22.5 14.6813 29.5 22.5 14.625 30.5 22.5 14.5802 31 22.5 14.5209 31.5 22.5 14.4511 32 22.5 14.3423 32.5 22.5 14.2065 33 22.5 14.0773 33.3223 22.5 14 33.4857 22.5 13.774 33.8223 22.5 13.6612 34 22.5 13.0071 35.2447 22.5 13 35.2609 22.5 12.3558 36.5 22.5 12.1383 37 22.5 12.031 37.2683 22.5 12 37.3928 22.5 11.8964 37.7683 22.5 11.8106 38 22.5 11.849 38.5 22.5 11.7926 39 22.5 11.871 40 22.5 12.0071 41.8943 22.5 12.0248 42 22.5 12.5 42.5293 22.5 12.8599 43 22.5 13 43.1468 22.5 13.0843 43.2146 22.5 13.5 43.5291 22.5 14 43.8004 22.5 15 43.8918 22.5 15.5348 43.8719 22.5 16 43.8688 22.5 16.5 43.8403 22.5 17 43.826 22.5 17.5 43.78 22.5 18 43.7572 22.5 18.5 43.6887 22.5 19 43.6311 22.5 19.5 43.8288 22.5 19.91 44 22.5 23 45.3295 22.5 23.5 45.5336 22.5 24 45.7033 22.5 25 45.9619 22.5 25.5916 46.0416 22.5 28 46.2206 22.5 28.5 46.2355 22.5 29 46.2123 22.5 29.5 46.2132 22.5 30 46.1895 22.5 30.5 46.5041 22.5 31 46.7387 22.5 32 47.4253 22.5 32.5 47.717 22.5 33 48.0596 22.5 33.5 48.2956 22.5 34 48.5724 22.5 34.5 48.5462 22.5 35 48.6018 22.5 35.5 48.535 22.5 36 48.343 22.5 36.7445 48 22.5 37 47.8408 22.5 37.212 47.6522 22.5 37.4207 47.5 22.5 37.7088 47.1754 22.5 37.8987 47 22.5 38 46.8554 22.5 38.1161 46.5843 22.5 38.1495 46.5 22.5 38.4237 46 22.5 38.709 44 22.5 38.6897 43.4828 22.5 38.7598 43 22.5 38.7405 42.5 22.5 38.8007 42 22.5 38.5946 41 22.5 38.4374 40.5 22.5 38.3 40 22.5 38.1362 39.5 22.5 38.0074 39 22.5 38 38.9773 22.5 37.9356 38.8111 22.5 37.6714 38 22.5 37.5399 37.5 22.5 37.4384 37 22.5 37.4131 34 22.5 37.3834 33.5 22.5 37.377 33 22.5 37.3062 32.5 22.5 37.2154 32 22.5 36.938 31 22.5 36.7052 30.5 22.5 36.4529 30 22.5 36.1896 29.5 22.5 36 29.2317 22.5 35.0814 28 22.5 34.9394 27.8433 22.5 34.5 27.3766 22.5 34.1393 27.0333 22.5 34 26.9056 22.5 33.9623 26.8723 22.5 33.5 26.4866 22.5 33.0765 26.1143 22.5 33 26.0509 22.5 32.5 25.6831 22.5 32 25.2942 22.5 31.5532 25.0476 22.5 31.492 25 22.5 31.2271 24.5 22.5 31.0299 24.281 22.5 31 24.2621 22.5 30.5503 24 22.5 31 22.9694 22.5 31.1614 22.2689 22.5 31.2386 22 22.5 31.3938 21.6062 22.5 31.6138 21 22.5 32 20.2016 22.5 32.0205 20.1251 22.5 32.0504 20 22.5 32 19.6322 22.5 31.9087 19.1973 22.5 31.9191 19 22.5 31.795 18.5935 22.5 31.7726 18.5 22.5 31.6818 18 22.5 31.4331 17 22.5 31.1752 16 22.5 30.9872 15.1396 22.5 30.9618 15 22.5 31 14.9531 22.5 31.1045 14.8321 22.5 31.4191 14.5 22.5 31.9868 13.7619 22.5 32 13.7486 22.5 32.3501 13.2619 22.5 32.5112 13 22.5 32.6567 12.5 22.5 32.8688 12 22.5 32.9709 11.5 22.5 32.986 11 22.5 33 10.9879 22.5 33.0099 10.9787 22.5 33.5 10.7343 22.5 34 10.5031 22.5 35 10.3375 22.5 36 10.254 22.5 37 10.2035 22.5 50.8 10.0544 22.5 50.8 50.8 22.5 0 50.8 22.5 
1
194
0 10.0702 23.4 11 10.2231 23.4 12 10.2769 23.4 13 10.3601 23.4 14 10.5087 23.4 14.4913 11 23.4 14.2987 12 23.4 14 12.9413 23.4 13.9829 12.9735 23.4 13.9694 13 23.4 13.5569 13.6 23.4 13.3031 14 23.4 13.129 14.5509 23.4 13 14.6799 23.4 12.807 14.9509 23.4 12.7821 15 23.4 12.6596 15.6 23.4 12.6485 16 23.4 12.4385 16.6 23.4 12.4267 17.6 23.4 12.4291 18 23.4 12.4582 19 23.4 12.4959 19.6 23.4 12.5049 20 23.4 12.5409 20.6 23.4 12.6047 22 23.4 12.6442 22.6 23.4 12.2595 23 23.4 12.3957 23.1024 23.4 12.6933 23.4 23.4 12.7316 24 23.4 12.7733 25 23.4 12.7948 26 23.4 12.8706 26.0792 23.4 13 26.2194 23.4 13.7806 27 23.4 13.7818 28 23.4 13.8628 28.1124 23.4 14 28.2831 23.4 14.7169 29 23.4 14.6563 30 23.4 14.5651 31 23.4 14.4814 31.6 23.4 14.4154 32 23.4 14.2524 32.6 23.4 14.1158 32.7097 23.4 14 32.8256 23.4 13.8392 33 23.4 13.7784 33.1961 23.4 13.5072 33.6 23.4 13.41 34 23.4 13.0898 34.6 23.4 13.0719 34.6461 23.4 13 34.8499 23.4 12.9184 35.0196 23.4 12.413 36 23.4 12.152 36.6 23.4 12.064 37 23.4 12.0268 37.1494 23.4 12 37.1762 23.4 11.7802 37.5494 23.4 11.6559 38 23.4 11.5882 38.6 23.4 11.5656 39 23.4 11.6126 39.6 23.4 11.6812 40 23.4 11.7185 40.6 23.4 11.7517 41 23.4 11.7888 41.6 23.4 11.8562 42 23.4 11.9293 42.1279 23.4 12 42.2589 23.4 12.3541 42.7279 23.4 12.5437 43 23.4 12.7541 43.1943 23.4 13 43.4519 23.4 13.4 43.6247 23.4 14 43.9502 23.4 14.2085 43.9672 23.4 14.3242 44 23.4 14.6085 44.0946 23.4 15 44.1261 23.4 15.4 44.141 23.4 16 44.1211 23.4 16.4 44.0751 23.4 17 44.0391 23.4 18.4 43.903 23.4 19 43.8208 23.4 19.3899 43.9807 23.4 19.4435 44 23.4 23 45.5222 23.4 23.6 45.7672 23.4 24 45.9373 23.4 24.3567 46.031 23.4 25 46.1973 23.4 28.4 46.4573 23.4 29 46.4753 23.4 29.4 46.5549 23.4 30 46.5559 23.4 30.6 46.9334 23.4 32.1555 48 23.4 32.275 48.074 23.4 32.6 48.2971 23.4 33 48.5444 23.4 33.6 48.8766 23.4 33.709 48.9427 23.4 33.8098 49 23.4 34 49.095 23.4 34.8081 49.0626 23.4 35 49.0638 23.4 36.5049 48.871 23.4 37 48.6916 23.4 37.0692 48.6263 23.4 37.3236 48.4 23.4 37.6544 48.042 23.4 37.6956 48 23.4 38 47.6569 23.4 38.0278 47.6105 23.4 38.1671 47.4 23.4 38.4215 47 23.4 38.7505 46.4 23.4 38.9429 46 23.4 39 45.5553 23.4 39.0347 45.2265 23.4 39.0456 45 23.4 39.11 44.4 23.4 39.0263 42 23.4 38.9871 41.7676 23.4 38.9614 41.6 23.4 38.8338 41 23.4 38.7606 40.6 23.4 38.5719 40 23.4 38.413 39.6 23.4 37.8777 37.9642 23.4 37.7668 37.6 23.4 37.609 37 23.4 37.591 35 23.4 37.5673 34.6 23.4 37.5587 34 23.4 37.4994 33 23.4 37.4588 32.6 23.4 37.3738 32 23.4 37.2422 31.6 23.4 37.0716 31 23.4 37.0115 30.871 23.4 37 30.8454 23.4 36.4193 29.6 23.4 36.1033 29 23.4 36.0161 28.819 23.4 36 28.7951 23.4 35.5703 28.219 23.4 35.4369 28 23.4 35.1703 27.7357 23.4 35 27.5477 23.4 34.5672 27.1357 23.4 34 26.6158 23.4 33.4917 26.1691 23.4 33.3072 26 23.4 33.0917 25.8105 23.4 33 25.7343 23.4 32.0603 25 23.4 31.9265 24.652 23.4 31.9126 24.6 23.4 31.5946 24 23.4 31.853 23 23.4 32 22.5001 23.4 32.384 21 23.4 32.4362 20.6 23.4 32.5794 20 23.4 31.8909 17 23.4 31.7961 16.6 23.4 31.6414 16 23.4 31.4072 15 23.4 31.866 14.4 23.4 32.0087 14 23.4 32.0278 13.9842 23.4 32.4479 13.4 23.4 32.7068 13 23.4 32.8814 12.4 23.4 32.8883 12.3946 23.4 33 12.2829 23.4 33.2043 12 23.4 33.2072 11.8079 23.4 33.219 11.4 23.4 33.2064 11 23.4 33.7945 10.7067 23.4 34 10.5012 23.4 34.4 10.4413 23.4 35 10.3393 23.4 36 10.2555 23.4 37 10.2047 23.4 50.8 10.0545 23.4 50.8 50.8 23.4 0 50.8 23.4 
1
210
0 10.07 24.3 11 10.2232 24.3 12 10.2764 24.3 13 10.3559 24.3 13.3 10.3945 24.3 14 10.4974 24.3 14.5026 11 24.3 14.366 11.7 24.3 14.317 12 24.3 14.1076 12.6437 24.3 14 12.7513 24.3 13.854 12.9437 24.3 13.8241 13 24.3 13.3798 13.7 24.3 13.3553 14 24.3 13 14.3553 24.3 12.8727 14.5258 24.3 12.5348 15 24.3 12.5065 16 24.3 12.5505 20 24.3 12.5795 20.7 24.3 12.5842 21 24.3 12.6301 22 24.3 12 22.6301 24.3 11.751 23 24.3 12.7492 24 24.3 12.8133 26 24.3 12.8672 26.0537 24.3 13 26.1922 24.3 13.8078 27 24.3 13.8046 27.7 24.3 13.7978 28 24.3 14 28.2805 24.3 14.7195 29 24.3 14.6592 30 24.3 14.5658 31 24.3 14.4021 32 24.3 14 32.4021 24.3 13.451 33 24.3 13.2809 33.7 24.3 13.2227 34 24.3 13.0806 34.4031 24.3 13 34.6867 24.3 12.8494 35 24.3 12.493 35.7 24.3 12.2899 36 24.3 12.0691 37 24.3 12 37.0691 24.3 11.4566 38 24.3 11.4171 38.7 24.3 11.4093 39 24.3 11.5293 39.7 24.3 11.5291 40 24.3 11.5872 40.7 24.3 11.5998 41 24.3 11.7179 41.7 24.3 11.7321 42 24.3 11.8721 42.1625 24.3 12 42.3863 24.3 12.3317 42.8625 24.3 12.6317 43.1652 24.3 13 43.5052 24.3 13.3 43.5447 24.3 14 43.8472 24.3 14.2025 43.9047 24.3 14.2978 44 24.3 14.5025 44.1476 24.3 15 44.3133 24.3 15.3 44.3113 24.3 16 44.3374 24.3 16.3 44.3314 24.3 17 44.2509 24.3 17.3 44.2453 24.3 18 44.165 24.3 18.2634 44.0309 24.3 18.9634 43.9663 24.3 19 43.9296 24.3 19.0937 43.9634 24.3 19.1304 44 24.3 19.3937 44.1962 24.3 20 44.4554 24.3 20.3 44.5244 24.3 21.3328 44.9652 24.3 21.4317 45 24.3 21.6328 45.0892 24.3 22 45.246 24.3 22.3 45.4003 24.3 23.5729 45.9435 24.3 23.7478 46 24.3 24 46.1091 24.3 24.3 46.2477 24.3 25 46.4319 24.3 25.3 46.4401 24.3 26 46.4919 24.3 26.3 46.5009 24.3 27 46.5527 24.3 27.3 46.5625 24.3 28 46.6143 24.3 28.3 46.6252 24.3 29 46.677 24.3 29.3 46.7128 24.3 30 46.8522 24.3 30.1714 46.9672 24.3 30.2333 47 24.3 30.4714 47.186 24.3 31.6613 48 24.3 32 48.2088 24.3 32.3 48.4009 24.3 33 48.8337 24.3 33.2425 48.9715 24.3 33.3526 49 24.3 33.5425 49.0579 24.3 34 49.2863 24.3 34.3 49.3675 24.3 35 49.372 24.3 35.3 49.3789 24.3 36 49.2999 24.3 36.3 49.1612 24.3 37 49.0822 24.3 37.0097 49.0748 24.3 37.1307 49 24.3 37.7097 48.3734 24.3 38 48.2565 24.3 38.1713 48.0734 24.3 38.2199 48 24.3 38.3038 47.7 24.3 38.749 47 24.3 38.9551 46.5677 24.3 39 46.3064 24.3 39.0081 46.2677 24.3 39.1154 46 24.3 39.1539 45.7 24.3 39.1876 45 24.3 39.3074 44.7 24.3 39.2844 44 24.3 39.1793 43.7 24.3 39.1546 43 24.3 39.1585 42.7 24.3 39.1338 42 24.3 39.0941 41.7 24.3 39 41.1483 24.3 38.9772 41 24.3 38.955 40.9084 24.3 38.9092 40.7 24.3 38.7812 40 24.3 38.7354 39.7 24.3 38.4573 39 24.3 38.3243 38.7 24.3 38 37.6984 24.3 37.8059 37.0611 24.3 37.7889 37 24.3 37.7744 36.7 24.3 37.7693 36 24.3 37.7516 35.7 24.3 37.7404 35 24.3 37.6219 33 24.3 37.632 32.7 24.3 37.5609 32 24.3 37.4199 31.7 24.3 37.1895 31 24.3 36.7233 30 24.3 36.6678 29.7 24.3 36.3414 29 24.3 36.1525 28.7427 24.3 36 28.4259 24.3 35.7665 28.0427 24.3 35.7239 28 24.3 35.4665 27.7279 24.3 35 27.2654 24.3 34.7409 27.0279 24.3 34.713 27 24.3 34.4409 26.7199 24.3 33.6771 26.0199 24.3 33.6572 26 24.3 33.3771 25.7344 24.3 33 25.4028 24.3 32.5341 25.0344 24.3 32.4681 25 24.3 32.3964 24.7 24.3 32.1379 24 24.3 32.3761 23 24.3 32.5541 22.3 24.3 32.8787 21 24.3 32.9531 20.1639 24.3 32.9745 20 24.3 32.3038 17 24.3 32.2067 16.7 24.3 32.0442 16 24.3 31.9583 15.8505 24.3 31.8986 15.7 24.3 31.7336 15 24.3 31.9404 14.4324 24.3 32 14.3727 24.3 32.1442 14.1324 24.3 32.1929 14 24.3 32.2267 13.7 24.3 32.6798 13 24.3 33 12.6798 24.3 33.4879 12 24.3 33.4864 11.7 24.3 33.4642 11 24.3 34 10.4642 24.3 34.3 10.4306 24.3 35 10.3258 24.3 35.3 10.3066 24.3 36 10.2494 24.3 37 10.2017 24.3 50.8 10.0545 24.3 50.8 50.8 24.3 0 50.8 24.3 
1
205
0 10.0694 25.2 13 10.3429 25.2 13.2 10.3632 25.2 14 10.4661 25.2 14.5339 11 25.2 14.4033 11.8 25.2 14.3874 12 25.2 14 12.3874 25.2 13.9174 12.4869 25.2 13.5281 13 25.2 13.448 14 25.2 13 14.448 25.2 12.9242 14.5454 25.2 12.5846 15 25.2 12.555 16 25.2 12.5496 17 25.2 12.6148 20.8 25.2 12.4074 21 25.2 12.451 22 25.2 12 22.451 25.2 11.9504 22.5208 25.2 11.7595 22.8 25.2 11.7646 23 25.2 12.7649 24 25.2 12.8222 26 25.2 12.8562 26.0356 25.2 13.8213 27 25.2 13.799 28 25.2 14 28.2779 25.2 14.7221 29 25.2 14.6644 30 25.2 14.5908 30.8 25.2 14.5778 31 25.2 14.4494 31.8 25.2 14.4306 32 25.2 14 32.4306 25.2 13.4827 33 25.2 13.3275 33.8 25.2 13.3064 34 25.2 13.0915 34.7565 25.2 13 34.848 25.2 12.9096 34.9565 25.2 12.8886 35 25.2 12.3471 35.8 25.2 12.3309 36 25.2 12.1529 36.8 25.2 12.1498 37 25.2 12 37.1498 25.2 11.9181 37.2595 25.2 11.4948 38 25.2 11.4738 38.8 25.2 11.4751 40 25.2 11.5089 40.8 25.2 11.5102 41 25.2 11.5479 41.8 25.2 11.5533 42 25.2 12 42.5168 25.2 12.5666 43.082 25.2 13 43.5225 25.2 13.2 43.5438 25.2 14 43.649 25.2 14.351 44 25.2 14.4542 44.0776 25.2 15 44.4713 25.2 17 44.447 25.2 17.2 44.4486 25.2 18 44.4337 25.2 18.1568 44.3575 25.2 18.8591 44 25.2 19 43.8591 25.2 19.1409 44 25.2 19.2977 44.1307 25.2 20 44.6539 25.2 21 44.8838 25.2 21.2637 44.9766 25.2 21.2871 45 25.2 21.4637 45.1226 25.2 22 45.3606 25.2 22.2 45.4001 25.2 23 45.8116 25.2 23.4666 45.9621 25.2 23.5044 46 25.2 23.6666 46.1082 25.2 24 46.2546 25.2 24.2 46.2712 25.2 25 46.6406 25.2 28 46.7299 25.2 28.2 46.7299 25.2 29 46.7588 25.2 29.2 46.7572 25.2 30 46.8528 25.2 30.1652 46.9401 25.2 30.2251 47 25.2 30.3652 47.1288 25.2 31 47.6249 25.2 31.453 47.9288 25.2 31.5242 48 25.2 31.653 48.1193 25.2 32 48.3309 25.2 32.2 48.3668 25.2 33 48.8792 25.2 33.2935 48.9552 25.2 33.3383 49 25.2 33.4935 49.1034 25.2 34 49.2578 25.2 34.2 49.2681 25.2 35 49.4848 25.2 36 49.5083 25.2 36.2 49.4908 25.2 37 49.1211 25.2 37.1112 49.0198 25.2 37.137 49 25.2 37.9112 48.6882 25.2 38 48.5993 25.2 38.0981 48.4882 25.2 38.5549 48 25.2 38.5844 47.8 25.2 38.808 47 25.2 38.9276 46.303 25.2 39 46.2306 25.2 39.0909 46.103 25.2 39.1125 46 25.2 39.1223 45.8 25.2 39.225 45 25.2 39.2268 44.8 25.2 39.5462 44 25.2 39.5453 43.8 25.2 39.2651 43 25.2 39.2642 42.8 25.2 39.2746 42 25.2 39.2738 41.8 25.2 39.1678 41 25.2 39.0679 40.8413 25.2 39 40.5969 25.2 38.8778 40.0413 25.2 38.8365 40 25.2 38.8122 39.8 25.2 38.6901 39 25.2 38.6723 38.8 25.2 38.3177 38 25.2 38.304 37.8 25.2 38.0782 37 25.2 38 36.8543 25.2 37.9465 36.8 25.2 37.9078 36 25.2 37.9019 35.8 25.2 37.8545 35 25.2 37.849 34.8 25.2 37.8016 34 25.2 37.796 33.8 25.2 37.7486 33 25.2 37.7404 32.8 25.2 37.7674 32 25.2 37.7309 31.8 25.2 37.3549 31 25.2 37.2247 30.8205 25.2 36.8517 30.0205 25.2 36.8311 30 25.2 36.7796 29.8 25.2 36.6318 29 25.2 36 28.1411 25.2 35.8589 28 25.2 35 27.0951 25.2 34.9049 27 25.2 34 26.0666 25.2 33.747 25.8091 25.2 33 25.1008 25.2 32.8239 25.0091 25.2 32.8148 25 25.2 32.7989 24.8 25.2 32.6076 24 25.2 33 22.3606 25.2 33.0213 22.2582 25.2 33.1267 21.8 25.2 33.3236 21 25.2 33.3217 20.8 25.2 33.3339 20 25.2 33.3149 19.8 25.2 33.1448 19 25.2 33.1095 18.8 25.2 32.9333 18 25.2 32.8757 17.8678 25.2 32.8527 17.8 25.2 32.6686 17 25.2 32.544 16.8 25.2 32.285 16 25.2 32 15.5118 25.2 31.798 15 25.2 32 14.798 25.2 32.0843 14.641 25.2 32.4689 14 25.2 32.4787 13.8 25.2 32.5686 13 25.2 33 12.5686 25.2 33.0699 12.4745 25.2 33.4043 12 25.2 33.4019 11 25.2 34 10.4019 25.2 34.2 10.3845 25.2 35 10.295 25.2 36 10.2331 25.2 37 10.1926 25.2 50.8 10.0543 25.2 50.8 50.8 25.2 0 50.8 25.2 
1
177
0 10.0686 26.1 13 10.3123 26.1 13.1 10.3204 26.1 14 10.412 26.1 14.588 11 26.1 14.5163 11.9 26.1 14.5119 12 26.1 14 12.5119 26.1 13.9653 12.5523 26.1 13.5937 13 26.1 13.5268 13.9 26.1 13.5216 14 26.1 13 14.5216 26.1 12.9659 14.5615 26.1 12.625 15 26.1 12.5949 16 26.1 12.6281 18.9 26.1 12.5243 19 26.1 12.5442 20 26.1 12 20.5442 26.1 11.9759 20.5798 26.1 11.7402 20.9 26.1 11.7796 23 26.1 12.7802 24 26.1 12.831 26 26.1 12.8471 26.0174 26.1 13 26.1776 26.1 13.8224 27 26.1 13.8015 28 26.1 13.8206 28.0254 26.1 14 28.2714 26.1 14.7286 29 26.1 14.6832 29.9 26.1 14.6801 30 26.1 14.6216 30.9 26.1 14.6168 31 26.1 14.5318 31.9 26.1 14.5252 32 26.1 14 32.5252 26.1 13.5705 33 26.1 13.4756 33.9 26.1 13.4688 34 26.1 13 34.4688 26.1 12.5564 35 26.1 12.4832 35.9 26.1 12.4684 36.9 26.1 12.4685 37 26.1 12 37.4685 26.1 11.9684 37.5064 26.1 11.5999 38 26.1 11.615 41 26.1 11.6396 41.9 26.1 11.6404 42 26.1 11.6705 42.0332 26.1 12 42.4082 26.1 13 43.4015 26.1 13.1 43.4059 26.1 14 43.5015 26.1 14.4985 44 26.1 14.5355 44.0317 26.1 15 44.3808 26.1 17 44.367 26.1 17.1 44.3721 26.1 18 44.3789 26.1 18.0709 44.3427 26.1 18.7765 44 26.1 19 43.7765 26.1 19.2235 44 26.1 20 44.6483 26.1 20.1 44.6761 26.1 21 44.8827 26.1 21.1173 45 26.1 22 45.6129 26.1 22.1 45.6273 26.1 23 45.8053 26.1 23.1947 46 26.1 24 46.5379 26.1 25 46.6216 26.1 27 46.6754 26.1 27.1 46.6757 26.1 28 46.7033 26.1 30 46.695 26.1 30.305 47 26.1 30.3695 47.0538 26.1 31 47.6336 26.1 31.3663 48 26.1 31.4201 48.0468 26.1 32 48.5837 26.1 32.1 48.5922 26.1 33 48.7539 26.1 33.2461 49 26.1 33.3014 49.0408 26.1 34 49.506 26.1 34.1 49.5075 26.1 35 49.5542 26.1 35.1 49.5543 26.1 36 49.5771 26.1 36.1 49.577 26.1 37 49.4981 26.1 37.5461 49 26.1 38 48.5461 26.1 38.4824 48 26.1 38.4898 47.9 26.1 38.6225 47 26.1 39 46.6225 26.1 39.0377 46.5744 26.1 39.447 46 26.1 39.4478 45.9 26.1 39.4919 45 26.1 39.4895 41 26.1 39.4496 40.9404 26.1 39 40.2262 26.1 38.7738 40 26.1 38.7721 39.9 26.1 38.6628 39 26.1 38.656 38.9 26.1 38.5758 38 26.1 38.5714 37.9 26.1 38.5098 37 26.1 38 36.0524 26.1 37.9476 36 26.1 37.9462 35.9 26.1 37.8639 32.9 26.1 37.8268 32 26.1 37.8126 31.9 26.1 37.6483 31 26.1 37.5858 30.9083 26.1 37 30.1007 26.1 36.8993 30 26.1 36.6405 29 26.1 36 28.1376 26.1 35.8624 28 26.1 35 27.1049 26.1 34.8066 26.9109 26.1 34 26.0723 26.1 33.9277 26 26.1 33.8385 25.914 26.1 32.9452 25 26.1 32.9484 24.9 26.1 32.8766 24 26.1 32.9893 23.5135 26.1 33 23.4592 26.1 33.3365 22 26.1 33.3735 21.9 26.1 33.5772 21 26.1 33.5738 20.9 26.1 33.5654 20 26.1 33.5616 19.9 26.1 33.4762 19 26.1 33.4365 18.9 26.1 33.2777 18 26.1 33.2551 17.9566 26.1 33 17.3619 26.1 32.8966 17.0566 26.1 32.8757 17 26.1 32.8544 16.9 26.1 32.2935 16 26.1 32.2356 15.9261 26.1 32 15.5232 26.1 31.8069 15.026 26.1 31.7808 15 26.1 32 14.7808 26.1 32.0376 14.7069 26.1 32.4171 14 26.1 32.4181 13.9 26.1 32.4621 13 26.1 33 12.4621 26.1 33.03 12.4235 26.1 33.3443 12 26.1 33.3527 11 26.1 34 10.3527 26.1 34.1 10.3468 26.1 35 10.2684 26.1 36 10.2163 26.1 50.8 10.0541 26.1 50.8 50.8 26.1 0 50.8 26.1 
1
110
0 10.0676 27 12 10.228 27 13 10.2792 27 14 10.3601 27 14.6399 11 27 14.5954 12 27 14 12.5954 27 13.6527 13 27 13.6009 14 27 13 14.6009 27 12.6589 15 27 12.6284 16 27 12.6619 18 27 12 18.6619 27 11.7473 19 27 11.7997 23 27 12.796 24 27 12.8392 26 27 13 26.1742 27 13.8258 27 27 13.8085 28 27 14 28.2539 27 14.7461 29 27 14.7148 30 27 14.6672 31 27 14.6003 32 27 14 32.6003 27 13.6365 33 27 13.5691 34 27 13 34.5691 27 12.6321 35 27 12.6211 37 27 12 37.6211 27 11.6845 38 27 11.6988 42 27 12 42.3323 27 13 43.3256 27 14 43.3701 27 14.6299 44 27 15 44.317 27 17 44.3109 27 18 44.362 27 18.7085 44 27 19 43.7085 27 19.2915 44 27 20 44.6036 27 21 44.8815 27 21.1185 45 27 22 45.6124 27 23 45.7563 27 23.2437 46 27 24 46.5108 27 25 46.6004 27 27 46.6547 27 30 46.6451 27 30.3549 47 27 31 47.5382 27 31.4618 48 27 32 48.4683 27 33 48.5533 27 33.4467 49 27 34 49.4083 27 37 49.4229 27 37.4585 49 27 38 48.4585 27 38.4079 48 27 38.4816 47 27 39 46.4816 27 39.3774 46 27 39.3983 41 27 39 40.404 27 38.596 40 27 38.5795 39 27 38.512 38 27 38.4676 37 27 38 36.1556 27 37.8444 36 27 37.7672 32 27 37.6254 31 27 37 30.0831 27 36.9169 30 27 36.6494 29 27 36 28.1465 27 35.8535 28 27 35 27.1144 27 33.8914 26 27 33 25.1396 27 32.8604 25 27 32.8928 24 27 33 23.4573 27 33.3241 22 27 33.6943 21 27 33.6233 19 27 33.226 18 27 33 17.5663 27 32.7915 17 27 32.5785 16 27 32 15.2605 27 31.7395 15 27 32 14.7395 27 32.3761 14 27 32.3853 13 27 33 12.3853 27 33.2998 12 27 33.3032 11 27 34 10.3032 27 35 10.2439 27 50.8 10.0536 27 50.8 50.8 27 0 50.8 27 
1
170
0 10.0665 27.9 13.9 10.304 27.9 14 10.312 27.9 14.688 11 27.9 14.6524 12 27.9 14 12.6524 27.9 13.6956 13 27.9 13.6904 13.1 27.9 13.5249 13.2506 27.9 13 13.7755 27.9 12.7999 14 27.9 12.7597 14.0601 27.9 12.7256 14.1 27.9 12.6802 16 27.9 12.712 18 27.9 12 18.712 27.9 11.8006 18.9662 27.9 11.7753 19 27.9 11.8181 23 27.9 12.8139 24 27.9 12.8469 26 27.9 12.9839 26.1527 27.9 13 26.1702 27.9 13.8299 27 27.9 13.8143 28 27.9 14 28.2435 27.9 14.7564 29 27.9 14.73 30 27.9 14.7253 30.1 27.9 14.6962 31 27.9 14.6895 31.1 27.9 14.6528 32 27.9 14 32.6528 27.9 13.6851 33 27.9 13.6784 33.1 27.9 13.5303 33.2321 27.9 13 33.7623 27.9 12.7876 34 27.9 12.7511 34.0569 27.9 12.7143 34.1 27.9 12.7012 35.1 27.9 12.5232 35.2634 27.9 12 35.7865 27.9 11.8156 36 27.9 11.8159 37 27.9 11.7749 37.0621 27.9 11.7434 37.1 27.9 11.7434 42 27.9 11.9699 42.2419 27.9 12 42.2752 27.9 12.7248 43 27.9 13 43.2675 27.9 13.9 43.2828 27.9 14 43.2873 27.9 14.7127 44 27.9 14.963 44.2326 27.9 15 44.2643 27.9 16 44.268 27.9 16.9 44.2832 27.9 17 44.2828 27.9 18 44.3362 27.9 18.5324 44.0362 27.9 18.6032 44 27.9 19 43.6032 27.9 19.3968 44 27.9 19.9291 44.4867 27.9 20 44.5471 27.9 20.9 44.7669 27.9 21 44.7947 27.9 21.2053 45 27.9 21.9118 45.5218 27.9 22 45.5831 27.9 22.9 45.6902 27.9 23 45.7046 27.9 23.2955 46 27.9 24 46.4867 27.9 25 46.5678 27.9 25.9 46.6078 27.9 26 46.6106 27.9 26.9 46.6159 27.9 27 46.6185 27.9 30 46.5926 27.9 30.4074 47 27.9 30.9355 47.3814 27.9 31 47.4352 27.9 31.5648 48 27.9 32 48.384 27.9 32.9 48.431 27.9 33 48.4394 27.9 33.5606 49 27.9 33.9447 49.2958 27.9 34 49.3367 27.9 34.9 49.3372 27.9 35 49.3387 27.9 37 49.3354 27.9 37.3061 49.0423 27.9 37.3519 49 27.9 38 48.3519 27.9 38.2855 48.0458 27.9 38.3263 48 27.9 38.3514 47.1 27.9 38.3587 47 27.9 39 46.3587 27.9 39.2706 46.0482 27.9 39.3084 46 27.9 39.338 41 27.9 39.0398 40.5889 27.9 39 40.5293 27.9 38.4707 40 27.9 38.47 39.1 27.9 38.4642 38.1 27.9 38.4575 38 27.9 38.4445 37.1 27.9 38.4401 37 27.9 38.0468 36.3255 27.9 38 36.241 27.9 37.759 36 27.9 37.6983 32 27.9 37.5839 31.1 27.9 37.5697 31 27.9 37 30.1551 27.9 36.8449 30 27.9 36.6824 29.1 27.9 36.6556 29 27.9 36 28.1552 27.9 35.0854 27.2476 27.9 35 27.159 27.9 34.841 27 27.9 34.0886 26.2722 27.9 33.817 26 27.9 33 25.2092 27.9 32.7908 25 27.9 32.8848 24.1 27.9 32.888 24 27.9 32.8988 23.9457 27.9 33 23.8445 27.9 33.4793 23.0457 27.9 33.4899 23 27.9 33.5493 22.1 27.9 33.5712 22 27.9 33.6475 21.1 27.9 33.6845 21 27.9 33.643 20 27.9 33.5531 18.1 27.9 33.5134 18 27.9 33.0226 17.382 27.9 33 17.3386 27.9 32.9791 17.282 27.9 32.6972 17 27.9 32.5476 16.1 27.9 32.5263 16 27.9 32.0578 15.432 27.9 32 15.3581 27.9 31.6419 15 27.9 32 14.6419 27.9 32.3131 14.0739 27.9 32.3507 14 27.9 32.3199 13.1 27.9 32.3208 13 27.9 33 12.3208 27.9 33.2288 12.0385 27.9 33.2588 12 27.9 33.2549 11 27.9 34 10.2549 27.9 34.9 10.2226 27.9 35 10.2166 27.9 36 10.1851 27.9 50.8 10.0531 27.9 50.8 50.8 27.9 0 50.8 27.9 
1
150
0 10.0653 28.8 14 10.275 28.8 14.725 11 28.8 14.7181 11.2 28.8 14.3034 11.586 28.8 14 11.8894 28.8 13.9007 12 28.8 13.8082 12.1317 28.8 13.7482 12.2 28.8 13.7304 13 28.8 13 13.7304 28.8 12.7588 14 28.8 12.7532 14.2 28.8 12.7331 16 28.8 12.739 17 28.8 12.7499 18 28.8 12 18.7499 28.8 11.8431 18.9435 28.8 11.7988 19 28.8 11.8335 23 28.8 12.8297 24 28.8 12.8556 26 28.8 12.9696 26.1323 28.8 13 26.1663 28.8 13.8337 27 28.8 13.8199 28 28.8 14 28.2339 28.8 14.7661 29 28.8 14.7059 31.2 28.8 14.2973 31.5858 28.8 14 31.8831 28.8 13.8999 32 28.8 13.8066 32.1317 28.8 13.7447 32.2 28.8 13.7298 33 28.8 13 33.7298 28.8 12.7592 34 28.8 12.7544 35 28.8 12 35.7544 28.8 11.7836 36 28.8 11.7814 42 28.8 12 42.2292 28.8 13 43.2228 28.8 14 43.2336 28.8 14.7664 44 28.8 14.9444 44.1707 28.8 15 44.2224 28.8 16 44.2321 28.8 16.8 44.2589 28.8 17 44.2623 28.8 18 44.3089 28.8 18.4014 44.0667 28.8 18.5197 44 28.8 19 43.5197 28.8 19.4803 44 28.8 20 44.4801 28.8 20.8 44.6016 28.8 21 44.6505 28.8 21.3495 45 28.8 21.843 45.3961 28.8 22 45.512 28.8 22.8 45.5882 28.8 23 45.612 28.8 23.388 46 28.8 23.8602 46.36 28.8 24 46.4568 28.8 25 46.5342 28.8 26 46.5783 28.8 26.8 46.5669 28.8 27 46.5681 28.8 29 46.5446 28.8 29.8 46.5113 28.8 30 46.5082 28.8 30.4918 47 28.8 30.8826 47.2631 28.8 31 47.3479 28.8 31.6521 48 28.8 31.9152 48.2413 28.8 32 48.3162 28.8 32.8 48.3322 28.8 33 48.3426 28.8 33.6574 49 28.8 33.9146 49.2147 28.8 34 49.2805 28.8 37 49.2716 28.8 37.2818 49 28.8 38 48.2818 28.8 38.2657 48 28.8 38.2829 47 28.8 39 46.2829 28.8 39.1974 46.069 28.8 39.2576 46 28.8 39.2916 41 28.8 39.0663 40.6993 28.8 39 40.6079 28.8 38.3921 40 28.8 38.395 38 28.8 38.4049 37.2 28.8 38.402 37 28.8 38.0874 36.4912 28.8 38 36.3413 28.8 37.6587 36 28.8 37.6718 35.2 28.8 37.6702 35 28.8 37.6771 34.2 28.8 37.6662 33 28.8 37.631 32 28.8 37.5483 31.2 28.8 37.5229 31 28.8 37.1127 30.4163 28.8 37 30.2489 28.8 36.7511 30 28.8 36.6338 29.2 28.8 36.5977 29 28.8 36 28.2452 28.8 35.7548 28 28.8 34 26.2846 28.8 33 25.3045 28.8 32.6955 25 28.8 32.7587 24.2 28.8 32.7796 24 28.8 33 23.7796 28.8 33.4054 23.1775 28.8 33.512 23 28.8 33.6511 21 28.8 33.6346 20.2 28.8 33.6261 20 28.8 33.5689 19 28.8 33.5134 18.2 28.8 33.5041 18 28.8 33.1091 17.521 28.8 33 17.3836 28.8 32.6164 17 28.8 32.506 16.2 28.8 32.4727 16 28.8 32.1041 15.5754 28.8 32 15.4491 28.8 31.5509 15 28.8 32 14.5509 28.8 32.2522 14.1262 28.8 32.3218 14 28.8 32.2763 13 28.8 33 12.2763 28.8 33.2228 12 28.8 33.2186 11 28.8 34 10.2186 28.8 35 10.1913 28.8 50.8 10.0525 28.8 50.8 50.8 28.8 0 50.8 28.8 
1
140
0 10.0643 29.7 14 10.2456 29.7 14.7544 11 29.7 14 11.7544 29.7 13.7786 12 29.7 13.7639 13 29.7 13 13.7639 29.7 12.7873 14 29.7 12.7819 18 29.7 12 18.7819 29.7 11.8769 18.9274 29.7 11.8181 19 29.7 11.8466 23 29.7 12.8431 24 29.7 12.8644 26 29.7 12.9572 26.1128 29.7 13 26.1624 29.7 13.8376 27 29.7 13.8252 28 29.7 14 28.2249 29.7 14.7751 29 29.7 14.7372 31 29.7 14 31.7372 29.7 13.7737 32 29.7 13.7617 33 29.7 13 33.7617 29.7 12.8623 33.9219 29.7 12.7928 34 29.7 12.7919 35 29.7 12 35.7919 29.7 11.8132 36 29.7 11.8122 42 29.7 12 42.1941 29.7 13 43.1892 29.7 14 43.1965 29.7 14.9333 44.1282 29.7 15 44.1923 29.7 15.7 44.2107 29.7 16 44.214 29.7 18 44.2851 29.7 18.3051 44.0908 29.7 18.4556 44 29.7 19 43.4556 29.7 19.5444 44 29.7 20 44.4217 29.7 20.7 44.4853 29.7 21 44.5308 29.7 21.4692 45 29.7 21.815 45.2948 29.7 22 45.4434 29.7 22.7 45.4903 29.7 23 45.5189 29.7 23.4811 46 29.7 23.8229 46.2717 29.7 24 46.4067 29.7 24.7 46.4449 29.7 25 46.4679 29.7 25.7 46.4816 29.7 26 46.4948 29.7 26.7 46.5069 29.7 27 46.5026 29.7 27.7 46.5054 29.7 28 46.5014 29.7 28.7 46.4773 29.7 29 46.4735 29.7 30 46.4296 29.7 30.5704 47 29.7 31 47.2949 29.7 31.7051 48 29.7 31.9013 48.1693 29.7 32 48.2598 29.7 33 48.2715 29.7 33.7285 49 29.7 33.9035 49.1554 29.7 34 49.2359 29.7 37 49.2267 29.7 37.2339 49 29.7 38 48.2339 29.7 38.2226 48 29.7 38.233 47 29.7 39 46.233 29.7 39.2181 46 29.7 39.2516 41 29.7 39.0845 40.7852 29.7 39 40.6724 29.7 38.3276 40 29.7 38.3389 39.3 29.7 38.3622 37 29.7 38.118 36.6273 29.7 38 36.4365 29.7 37.5635 36 29.7 37.5962 33.3 29.7 37.5941 33 29.7 37.564 32 29.7 37.5038 31.3 29.7 37.4728 31 29.7 37.1538 30.5839 29.7 37 30.365 29.7 36.635 30 29.7 36.5636 29.3 29.7 36.5196 29 29.7 36.1749 28.5965 29.7 36 28.3767 29.7 35.2197 27.5944 29.7 35 27.3808 29.7 33.6042 26 29.7 32.5839 25 29.7 32.5976 24.3 29.7 32.6213 24 29.7 33 23.6213 29.7 33.2901 23.2258 29.7 33.4422 23 29.7 33.4696 22.3 29.7 33.4877 22 29.7 33.5186 21.3 29.7 33.5414 21 29.7 33.5449 20.3 29.7 33.5387 20 29.7 33.542 19.3 29.7 33.4585 18 29.7 33.1481 17.644 29.7 33 17.4643 29.7 32.5357 17 29.7 32.4635 16.3 29.7 32.4221 16 29.7 32.1382 15.6907 29.7 32 15.5315 29.7 31.4685 15 29.7 32 14.4685 29.7 32.198 14.1592 29.7 32.2925 14 29.7 32.2496 13 29.7 33 12.2496 29.7 33.13 12.0801 29.7 33.1945 12 29.7 33.1911 11 29.7 34 10.1911 29.7 50.8 10.0517 29.7 50.8 50.8 29.7 0 50.8 29.7 
1
130
0 10.0633 30.6 14 10.2212 30.6 14.7788 11 30.6 14 11.7788 30.6 13.8021 12 30.6 13.7945 13 30.6 13 13.7945 30.6 12.813 14 30.6 12.8085 18 30.6 12 18.8085 30.6 11.905 18.9169 30.6 11.8347 19 30.6 11.8579 23 30.6 12.8546 24 30.6 12.869 26 30.6 13 26.1584 30.6 13.8416 27 30.6 13.8306 28 30.6 13.9308 28.1246 30.6 14 28.2134 30.6 14.7866 29 30.6 14.7601 31 30.6 14 31.7601 30.6 13.7913 32 30.6 13.7827 33 30.6 13 33.7827 30.6 12.8146 34 30.6 12.8138 35 30.6 12 35.8138 30.6 11.9069 35.9213 30.6 11.8359 36 30.6 11.8367 42 30.6 12 42.1673 30.6 13 43.164 30.6 14 43.1719 30.6 14.8281 44 30.6 14.9258 44.1033 30.6 15 44.1766 30.6 18 44.2646 30.6 18.2311 44.111 30.6 18.4054 44 30.6 19 43.4054 30.6 19.5946 44 30.6 20 44.3694 30.6 20.6 44.4085 30.6 21 44.4448 30.6 21.5552 45 30.6 21.8024 45.2189 30.6 22 45.3874 30.6 22.6 45.4183 30.6 23 45.4451 30.6 23.5549 46 30.6 23.8047 46.2048 30.6 24 46.36 30.6 24.6 46.3759 30.6 25 46.3978 30.6 28 46.4309 30.6 28.6 46.4197 30.6 30 46.3688 30.6 30.6312 47 30.6 30.8382 47.1503 30.6 31 47.2624 30.6 31.7376 48 30.6 31.8879 48.1198 30.6 32 48.2166 30.6 33 48.2224 30.6 33.7776 49 30.6 33.9 49.1125 30.6 34 49.2013 30.6 37 49.1941 30.6 37.1994 49 30.6 38 48.1994 30.6 38.1908 48 30.6 38.1978 47 30.6 39 46.1978 30.6 39.1876 46 30.6 39.2188 41 30.6 39 40.722 30.6 38.278 40 30.6 38.3261 37 30.6 38.1396 36.727 30.6 38 36.514 30.6 37.486 36 30.6 37.5074 34 30.6 37.5004 33.4 30.6 37.5054 33 30.6 37.4863 32 30.6 37.4557 31.4 30.6 37.4213 31 30.6 37.1823 30.6996 30.6 37 30.4619 30.6 36.5381 30 30.6 36.4917 29.4 30.6 36.4509 29 30.6 36.197 28.7195 30.6 36 28.4889 30.6 35.5111 28 30.6 35.2306 27.7067 30.6 33.5142 26 30.6 33 25.5091 30.6 32.4909 25 30.6 32.4816 24.4 30.6 32.4894 24 30.6 33 23.4894 30.6 33.2102 23.226 30.6 33.376 23 30.6 33.4236 21.4 30.6 33.4413 21 30.6 33.4432 19 30.6 33.4261 18.4 30.6 33.4004 18 30.6 33.1774 17.7348 30.6 33 17.5314 30.6 32.4686 17 30.6 32.4206 16.4 30.6 32.3794 16 30.6 32.1622 15.7733 30.6 32 15.5966 30.6 31.4034 15 30.6 32 14.4034 30.6 32.1531 14.1767 30.6 32.2662 14 30.6 32.2299 13 30.6 33 12.2299 30.6 33.178 12 30.6 33.1696 11 30.6 34 10.1696 30.6 50.8 10.0509 30.6 50.8 50.8 30.6 0 50.8 30.6 
1
112
0 10.0622 31.5 14 10.2006 31.5 14.7994 11 31.5 14 11.7994 31.5 13.8229 12 31.5 13.82 13 31.5 13 13.82 31.5 12.8344 14 31.5 12.8299 18 31.5 12 18.8298 31.5 11.8496 19 31.5 11.8677 23 31.5 12.8646 24 31.5 12.8722 26 31.5 13 26.153 31.5 13.847 27 31.5 13.8376 28 31.5 13.9165 28.0954 31.5 14 28.1992 31.5 14.8008 29 31.5 14.7799 31 31.5 14 31.7799 31.5 13.8063 32 31.5 13.7987 33 31.5 13 33.7987 31.5 12.828 34 31.5 12.8268 35 31.5 12 35.8268 31.5 11.8493 36 31.5 11.856 42 31.5 13 43.1455 31.5 14 43.1584 31.5 14.8417 44 31.5 15 44.1674 31.5 18 44.2467 31.5 18.1681 44.128 31.5 18.3606 44 31.5 19 43.3606 31.5 19.6394 44 31.5 20 44.3256 31.5 20.5 44.3501 31.5 21 44.3826 31.5 21.6173 45 31.5 22 45.3415 31.5 23 45.3895 31.5 23.6105 46 31.5 24 46.322 31.5 24.5 46.327 31.5 25 46.3403 31.5 28.5 46.3592 31.5 30 46.323 31.5 30.677 47 31.5 30.8274 47.1132 31.5 31 47.2384 31.5 31.7616 48 31.5 32 48.1898 31.5 33 48.188 31.5 33.812 49 31.5 34 49.1742 31.5 37 49.1693 31.5 38 48.1729 31.5 38.1665 48 31.5 38.1713 47 31.5 39 46.1713 31.5 39.164 46 31.5 39.1944 41 31.5 39 40.7576 31.5 38.2424 40 31.5 38.2929 37 31.5 38.1554 36.808 31.5 38 36.5806 31.5 37.4194 36 31.5 37.4365 35 31.5 37.4314 34.5 31.5 37.4357 34 31.5 37.4017 31.5 31.5 37.3762 31 31.5 37 30.5336 31.5 36.4664 30 31.5 36.3927 29 31.5 36 28.5697 31.5 35.4304 28 31.5 35 27.5443 31.5 33.4475 26 31.5 33 25.5779 31.5 32.4221 25 31.5 32.4053 24.5 31.5 32.3975 24 31.5 33 23.3975 31.5 33.1517 23.2195 31.5 33.327 23 31.5 33.3714 21 31.5 33.3733 20 31.5 33.3394 18 31.5 33 17.5936 31.5 32.4064 17 31.5 32.3809 16.5 31.5 32.3409 16 31.5 32.181 15.841 31.5 32 15.6521 31.5 31.3479 15 31.5 32 14.3479 31.5 32.116 14.1889 31.5 32.2435 14 31.5 32.2128 13 31.5 33 12.2128 31.5 33.1675 12 31.5 33.1547 11 31.5 34 10.1546 31.5 50.8 10.0502 31.5 50.8 50.8 31.5 0 50.8 31.5 
1
104
0 10.0609 32.4 14 10.1831 32.4 14.8169 11 32.4 14 11.8169 32.4 13.8391 12 32.4 13.8397 13 32.4 13 13.8397 32.4 12.8518 14 32.4 12.8469 18 32.4 12 18.8469 32.4 11.8629 19 32.4 11.8763 23 32.4 12.8738 24 32.4 12.8765 26 32.4 13 26.1458 32.4 13.8542 27 32.4 13.8463 28 32.4 14 28.1844 32.4 14.8156 29 32.4 14.7972 31 32.4 14 31.7972 32.4 13.8194 32 32.4 13.8125 33 32.4 13 33.8125 32.4 12.838 34 32.4 12.837 35 32.4 12 35.837 32.4 11.8569 36 32.4 11.8715 42 32.4 12.8683 43 32.4 12.9181 43.0522 32.4 13 43.1343 32.4 14 43.1507 32.4 14.8494 44 32.4 15 44.159 32.4 18 44.2292 32.4 18.1157 44.1424 32.4 18.3174 44 32.4 19 43.3174 32.4 19.6826 44 32.4 19.7983 44.1083 32.4 20 44.2909 32.4 21 44.3355 32.4 21.6645 45 32.4 22 45.3038 32.4 23 45.3463 32.4 23.6537 46 32.4 24 46.2882 32.4 30 46.2872 32.4 30.7128 47 32.4 31 47.2184 32.4 31.7816 48 32.4 32 48.1749 32.4 33 48.1662 32.4 33.8338 49 32.4 33.8968 49.0562 32.4 34 49.1527 32.4 37 49.1495 32.4 38.1473 48 32.4 38.1504 47 32.4 39 46.1504 32.4 39.1452 46 32.4 39.1768 41 32.4 39 40.7844 32.4 38.2156 40 32.4 38.2603 37 32.4 38.1649 36.8737 32.4 38 36.6433 32.4 37.3567 36 32.4 37.3765 35 32.4 37.3384 31 32.4 37 30.59 32.4 36.41 30 32.4 36.3435 29 32.4 36 28.6284 32.4 35.3716 28 32.4 35 27.5998 32.4 33.396 26 32.4 33 25.6299 32.4 32.3701 25 32.4 32.3334 24 32.4 33 23.3334 32.4 33.1058 23.2136 32.4 33.2879 23 32.4 33.3206 21 32.4 33.2888 18 32.4 33.1842 17.8801 32.4 33 17.6576 32.4 32.3424 17 32.4 32.3301 16.6 32.4 32.2995 16 32.4 31.2958 15 32.4 32 14.2958 32.4 32.0827 14.1908 32.4 32.2219 14 32.4 32.1963 13 32.4 33 12.1963 32.4 33.0608 12.1224 32.4 33.158 12 32.4 33.1448 11 32.4 34 10.1448 32.4 50.8 10.0497 32.4 50.8 50.8 32.4 0 50.8 32.4 
1
104
0 10.0597 33.3 14 10.1677 33.3 14.8323 11 33.3 14 11.8323 33.3 13.8513 12 33.3 13.8541 13 33.3 13 13.8541 33.3 12.8658 14 33.3 12.8609 18 33.3 12 18.8609 33.3 11.8742 19 33.3 11.8844 23 33.3 12.8824 24 33.3 12.8816 26 33.3 13 26.1379 33.3 13.8621 27 33.3 13.8555 28 33.3 14 28.171 33.3 14.829 29 33.3 14.8129 31 33.3 14 31.8129 33.3 13.8313 32 33.3 13.8253 33 33.3 13 33.8253 33.3 12.8471 34 33.3 12.8463 35 33.3 12 35.8463 33.3 11.864 36 33.3 11.8822 42 33.3 12 42.1228 33.3 12.8772 43 33.3 13 43.1287 33.3 14 43.1435 33.3 14.8565 44 33.3 15 44.1511 33.3 18 44.2104 33.3 18.0728 44.152 33.3 18.2753 44 33.3 19 43.2753 33.3 19.7247 44 33.3 19.7975 44.0704 33.3 20 44.2599 33.3 21 44.2944 33.3 21.7055 45 33.3 21.7839 45.0749 33.3 22 45.2724 33.3 23 45.3088 33.3 23.6912 46 33.3 24 46.2573 33.3 30 46.2579 33.3 30.7421 47 33.3 30.8133 47.0569 33.3 31 47.2015 33.3 31.7985 48 33.3 32 48.1639 33.3 33 48.1545 33.3 33.8455 49 33.3 33.8897 49.0377 33.3 34 49.1359 33.3 37 49.1333 33.3 38.1317 48 33.3 38.1337 47 33.3 39.1298 46 33.3 39.1628 41 33.3 39 40.8059 33.3 38.1941 40 33.3 38.2302 37 33.3 38.167 36.9213 33.3 38 36.7002 33.3 37.2998 36 33.3 37.304 31 33.3 37 30.6389 33.3 36.3611 30 33.3 36.3476 29.7 33.3 36.3051 29 33.3 36 28.673 33.3 35.327 28 33.3 35 27.6477 33.3 33.3548 26 33.3 33 25.6706 33.3 32.3294 25 33.3 32.2866 24 33.3 33 23.2866 33.3 33.2548 23 33.3 33.2733 22 33.3 33.2811 21 33.3 33.2514 18 33.3 33.183 17.9261 33.3 33 17.7163 33.3 32.2837 17 33.3 32.256 16 33.3 31.2507 15 33.3 32 14.2507 33.3 32.0547 14.1837 33.3 32.1993 14 33.3 32.1789 13 33.3 33 12.1789 33.3 33.0422 12.1293 33.3 33.1485 12 33.3 33.1371 11 33.3 34 10.1371 33.3 50.8 10.0492 33.3 50.8 50.8 33.3 0 50.8 33.3 
1
100
0 10.0583 34.2 14 10.1534 34.2 14.8466 11 34.2 14 11.8466 34.2 13.862 12 34.2 13.8645 13 34.2 13 13.8645 34.2 12.8774 14 34.2 12.8727 18 34.2 12 18.8727 34.2 11.8838 19 34.2 11.8921 23 34.2 12.8905 24 34.2 12.8868 26 34.2 13 26.1307 34.2 13.8693 27 34.2 13.8639 28 34.2 14 28.1594 34.2 14.8406 29 34.2 14.8274 31 34.2 14 31.8274 34.2 13.843 32 34.2 13.8383 33 34.2 13 33.8383 34.2 12.8562 34 34.2 12.8557 35 34.2 12 35.8557 34.2 11.8709 36 34.2 11.8871 42 34.2 12 42.1178 34.2 12.8822 43 34.2 13 43.1232 34.2 14 43.1363 34.2 14.8637 44 34.2 15 44.1432 34.2 18 44.1903 34.2 18.0417 44.1558 34.2 18.2359 44 34.2 19 43.2359 34.2 20 44.2284 34.2 21 44.2534 34.2 21.7466 45 34.2 22 45.2429 34.2 23 45.27 34.2 23.73 46 34.2 23.7768 46.0414 34.2 24 46.23 34.2 30 46.2318 34.2 30.7682 47 34.2 30.8102 47.035 34.2 31 47.1869 34.2 31.8131 48 34.2 32 48.1541 34.2 33 48.1456 34.2 33.8544 49 34.2 34 49.1241 34.2 37 49.12 34.2 38.1188 48 34.2 38.1204 47 34.2 39.118 46 34.2 39.1502 41 34.2 39 40.8235 34.2 38.1765 40 34.2 38.2057 37 34.2 38.1684 36.9552 34.2 38 36.7453 34.2 37.2547 36 34.2 37.2713 31 34.2 37.223 30.9454 34.2 37 30.6853 34.2 36.3147 30 34.2 36.3092 29.8 34.2 36.2732 29 34.2 36 28.709 34.2 35.291 28 34.2 35 27.6888 34.2 34.3112 27 34.2 33.3193 26 34.2 33 25.7052 34.2 32.2948 25 34.2 32.2495 24 34.2 33 23.2495 34.2 33.2262 23 34.2 33.2426 22 34.2 33.222 18 34.2 33.1822 17.9583 34.2 33 17.7614 34.2 32.2386 17 34.2 32.2191 16 34.2 31.2175 15 34.2 32 14.2175 34.2 32.1782 14 34.2 32.1621 13 34.2 33 12.1621 34.2 33.1384 12 34.2 33.1299 11 34.2 34 10.1299 34.2 50.8 10.0488 34.2 50.8 50.8 34.2 0 50.8 34.2 
1
95
0 10.0569 35.1 14 10.1398 35.1 14.8602 11 35.1 14 11.8602 35.1 13.8721 12 35.1 13.874 13 35.1 13 13.874 35.1 12.8871 14 35.1 12.8828 18 35.1 12 18.8828 35.1 11.892 19 35.1 11.8994 23 35.1 12.8981 24 35.1 12.8916 26 35.1 13 26.1241 35.1 13.8759 27 35.1 13.8714 28 35.1 14 28.1491 35.1 14.8509 29 35.1 14.8416 31 35.1 14 31.8416 35.1 13.8549 32 35.1 13.8518 33 35.1 13 33.8518 35.1 12.8659 34 35.1 12.8658 35 35.1 12 35.8658 35.1 11.8784 36 35.1 11.8921 42 35.1 12 42.1124 35.1 12.8876 43 35.1 13 43.1173 35.1 14 43.1284 35.1 14.8716 44 35.1 15 44.1343 35.1 18 44.1708 35.1 18.2059 44 35.1 19 43.2059 35.1 20 44.2003 35.1 21 44.2192 35.1 21.7808 45 35.1 22 45.2127 35.1 23 45.2307 35.1 23.7693 46 35.1 24 46.2044 35.1 30 46.2074 35.1 30.7926 47 35.1 30.811 47.0159 35.1 31 47.1735 35.1 31.8265 48 35.1 32 48.1454 35.1 33 48.1374 35.1 33.8626 49 35.1 34 49.1181 35.1 37 49.109 35.1 38.108 48 35.1 38.1113 47 35.1 39.1115 46 35.1 39.1395 41 35.1 39 40.838 35.1 38.162 40 35.1 38.1847 37 35.1 38 36.7788 35.1 37.2212 36 35.1 37.2381 31 35.1 37 30.7311 35.1 36.269 30 35.1 36.2424 29 35.1 36 28.742 35.1 35.258 28 35.1 35 27.7246 35.1 34 26.7163 35.1 33.2837 26 35.1 33.2594 25.9767 35.1 33 25.7393 35.1 32.2607 25 35.1 32.2186 24 35.1 33 23.2186 35.1 33.0177 23.1987 35.1 33.2004 23 35.1 33.1969 18 35.1 33 17.7945 35.1 32.2055 17 35.1 32.1909 16 35.1 31.1921 15 35.1 32 14.192 35.1 32.1608 14 35.1 32.1476 13 35.1 33 12.1476 35.1 33.1284 12 35.1 33.1228 11 35.1 34 10.1228 35.1 50.8 10.0482 35.1 50.8 50.8 35.1 0 50.8 35.1 
1
91
0 10.0554 36 14 10.1274 36 14.8726 11 36 14 11.8726 36 13.8816 12 36 13.8832 13 36 13 13.8832 36 12.8942 14 36 12.8918 18 36 12 18.8918 36 11.8992 19 36 11.906 23 36 12.905 24 36 12.8961 26 36 13 26.118 36 13.882 27 36 13.8781 28 36 14 28.1388 36 14.8612 29 36 14.8554 31 36 14 31.8554 36 13.8664 32 36 13.8647 33 36 13 33.8647 36 12.8755 34 36 12.8754 35 36 12 35.8754 36 11.886 36 36 11.8975 42 36 12 42.1066 36 12.8934 43 36 13 43.1109 36 14 43.1203 36 14.8797 44 36 15 44.1251 36 18 44.1546 36 18.1828 44 36 19 43.1828 36 20 44.1783 36 21 44.1931 36 21.8069 45 36 22 45.1874 36 23 45.2005 36 23.7995 46 36 24 46.1813 36 30 46.1836 36 30.8164 47 36 31 47.1594 36 31.8406 48 36 32 48.137 36 33 48.1299 36 33.8701 49 36 34 49.1125 36 37 49.0997 36 38.0994 48 36 38.1065 47 36 39.1067 46 36 39.1301 41 36 39 40.8503 36 38.1497 40 36 38.1665 37 36 38 36.8045 36 37.1955 36 36 37.2071 31 36 37 30.7673 36 36.2327 30 36 36.2142 29 36 36 28.7738 36 35.2262 28 36 35 27.7603 36 33.2433 26 36 33 25.7672 36 32.2328 25 36 32.1988 24 36 33 23.1988 36 33.1765 23 36 33.1753 18 36 33 17.8195 36 32.1805 17 36 32.1692 16 36 31.1718 15 36 32 14.1718 36 32.1465 14 36 32.1355 13 36 33 12.1355 36 33.1192 12 36 33.1159 11 36 34 10.1159 36 50.8 10.0477 36 50.8 50.8 36 0 50.8 36 
2
66
0 10.9554 36.9 10.8514 11 36.9 10.8378 12 36.9 10.9589 13 36.9 11.2162 14 36.9 11.2286 14.2286 36.9 11.1 15 36.9 11.0833 15.0833 36.9 11 15.6 36.9 10.9375 15.9375 36.9 10.9273 16 36.9 10.7846 16.7846 36.9 10.7627 17 36.9 10.7377 17.7377 36.9 10.7377 18 36.9 10.871 19 36.9 11 19.5714 36.9 11.0061 23 36.9 12.005 24 36.9 12 25.1333 36.9 11.6579 25.6579 36.9 11.5 26 36.9 11.3333 26.3333 36.9 11.1136 27 36.9 11.084 27.084 36.9 11 27.3846 36.9 10.84 27.84 36.9 10.7975 28 36.9 10.6 28.6 36.9 10.4878 29 36.9 10.367 29.367 36.9 10.1882 30 36.9 10.1441 30.1441 36.9 10 30.6957 36.9 9.92784 30.9278 36.9 9.70408 31.7041 36.9 9.63291 32 36.9 9.53763 32.5376 36.9 9.48193 33 36.9 9.38272 37 36.9 9.38272 38 36.9 9.43662 38.4366 36.9 9.49367 39 36.9 9.67241 39.6724 36.9 9.74324 40 36.9 10.16 41 36.9 10.3158 41.3158 36.9 10.6389 42 36.9 11 42.7027 36.9 11.1429 43 36.9 11.2895 43.2895 36.9 11.6301 44 36.9 12 44.7105 36.9 12.141 45 36.9 12.3056 45.3056 36.9 12.6528 46 36.9 13 46.5319 36.9 13.3333 47 36.9 14 47.7333 36.9 14.2857 48 36.9 15 48.5714 36.9 16 49.2143 36.9 16.5556 49.5556 36.9 17 49.8421 36.9 18.5778 50.8 36.9 0 50.8 36.9 
86
35.7065 50.7065 36.9 35.35 50.8 36.9 50.8 50.8 36.9 50.8 10.9477 36.9 36.1296 11 36.9 37 11.8246 36.9 37.1695 12 36.9 37.9091 12.9091 36.9 37.9855 13 36.9 38 13.0227 36.9 38.5733 14 36.9 38.9348 14.9348 36.9 38.9634 15 36.9 39 15.1304 36.9 39.2703 16 36.9 39.3636 16.3636 36.9 39.5455 17 36.9 39.6885 17.6885 36.9 39.7711 18 36.9 39.9014 18.9014 36.9 39.9176 19 36.9 40 20 36.9 40.0127 21 36.9 39.9681 22 36.9 40 22.0769 36.9 40.4931 23 36.9 41 23.74 36.9 41.1857 24 36.9 41.5909 24.5909 36.9 41.8846 25 36.9 42 25.1667 36.9 42.6 26 36.9 43 26.6522 36.9 43.2051 27 36.9 43.3556 27.3556 36.9 43.6705 28 36.9 43.9833 28.9833 36.9 43.9895 29 36.9 44 29.0526 36.9 44.2169 30 36.9 44.2432 30.2432 36.9 44.3412 31 36.9 44.5632 34 36.9 44.6047 35 36.9 44.5529 36 36.9 44.4796 36.4796 36.9 44.303 37.303 36.9 44.08 38 36.9 44.0632 38.0632 36.9 44 38.2308 36.9 43.8182 38.8182 36.9 43.7468 39 36.9 43.5673 39.5673 36.9 43.4 40 36.9 43.303 40.303 36.9 43.0282 41 36.9 43.022 41.022 36.9 43 41.087 36.9 42.8 41.8 36.9 42.7375 42 36.9 42.5784 42.5784 36.9 42.4416 43 36.9 42.3269 43.3269 36.9 42.0288 44.0288 36.9 42 44.0833 36.9 41.7273 44.7273 36.9 41.5769 45 36.9 41.3846 45.3846 36.9 41 45.9 36.9 40.9627 45.9627 36.9 40.9306 46 36.9 40.5447 46.5447 36.9 40.0667 47 36.9 40.0519 47.0519 36.9 40 47.0909 36.9 39.619 47.619 36.9 39 47.9155 36.9 38.9994 48 36.9 38.3333 48.6667 36.9 38.1304 49 36.9 38 49.1579 36.9 37.5 49.5 36.9 37 49.9997 36.9 36.8421 50 36.9 36.3282 50.3282 36.9 36 50.3657 36.9 
