35
0
0
0
0
0
0
0
0
0
0
0
0
0
0
0
0
0
0
0
0
0
0
0
0
0
0
0
0
0
0
0
0
0
0
10
13
16.3181 19.2038 -20.2 16.4288 19.2869 -20.2 17.3631 20.0585 -20.2 17.5866 20.2487 -20.2 17.3631 20.355 -20.2 16.4798 20.3273 -20.2 16.4012 20.3233 -20.2 15.4394 20.2495 -20.2 15.4352 20.2487 -20.2 15.4307 20.24 -20.2 15.4394 20.2197 -20.2 15.6927 19.5402 -20.2 16.0943 19.2869 -20.2 
20
14.3826 24.9632 -20.2 14.4775 25.0483 -20.2 15.3989 25.0176 -20.2 15.4348 25.0384 -20.2 15.4394 25.0404 -20.2 17.3631 25.0248 -20.2 17.39 25.0356 -20.2 17.4229 25.0497 -20.2 17.4445 25.0581 -20.2 17.3631 25.1416 -20.2 16.6731 25.7548 -20.2 16.4012 25.7836 -20.2 16.0636 25.6823 -20.2 15.4394 25.5247 -20.2 14.6517 25.2323 -20.2 14.5 26.0199 -20.2 14.4775 26.0208 -20.2 14.4461 26.0199 -20.2 14.4371 25.9795 -20.2 14.201 25.0581 -20.2 
10
19.2868 34.6693 -20.2 19.2836 34.6767 -20.2 19.2868 34.6908 -20.2 19.2944 34.6843 -20.2 20.2487 34.9886 -20.2 20.2989 34.6767 -20.2 20.3471 33.7149 -20.2 20.2487 32.9507 -20.2 19.7924 33.7149 -20.2 19.9425 34.3706 -20.2 
14
19.2071 16.3216 -20.2 19.2868 16.1046 -20.2 19.542 15.6946 -20.2 20.1801 15.4394 -20.2 20.2271 15.4178 -20.2 20.2487 15.429 -20.2 20.2508 15.4394 -20.2 20.3237 16.4013 -20.2 20.3277 16.4803 -20.2 20.3551 17.3631 -20.2 20.2487 17.587 -20.2 20.0568 17.3631 -20.2 19.2868 16.4283 -20.2 19.2661 16.4013 -20.2 
12
24.9614 14.3809 -20.2 25.058 14.1932 -20.2 25.5293 15.4394 -20.2 25.0986 15.48 -20.2 25.1262 16.4013 -20.2 25.1128 16.4657 -20.2 25.058 16.8002 -20.2 25.0282 16.4282 -20.2 25.0281 16.4013 -20.2 25.0403 15.4394 -20.2 25.0173 15.3987 -20.2 25.0479 14.4775 -20.2 
16
25.0332 33.688 -20.2 25.0498 33.6389 -20.2 25.058 33.6123 -20.2 25.1618 33.7149 -20.2 25.7208 34.3682 -20.2 25.7311 34.6767 -20.2 25.4519 35.6386 -20.2 25.869 36.4496 -20.2 25.3785 36.6005 -20.2 25.1273 36.6698 -20.2 25.058 36.6823 -20.2 24.9878 36.6005 -20.2 25.0529 36.5954 -20.2 24.9783 34.9051 -20.2 25.0337 34.8343 -20.2 25.0248 33.7149 -20.2 
19
33.6879 25.0321 -20.2 33.5977 25.0581 -20.2 33.6256 25.2325 -20.2 33.7148 25.8486 -20.2 33.9289 25.8203 -20.2 34.6767 25.7338 -20.2 34.7323 25.7131 -20.2 35.6386 25.4579 -20.2 36.4439 25.8634 -20.2 36.6004 25.4142 -20.2 36.6851 25.1428 -20.2 36.7043 25.0581 -20.2 36.6004 24.9699 -20.2 36.5939 25.0516 -20.2 35.6386 25.0043 -20.2 35.6239 25.0404 -20.2 34.6813 25.0283 -20.2 34.6767 25.0309 -20.2 33.7148 25.0249 -20.2 
18
30.8292 33.5294 -20.2 30.1598 32.753 -20.2 29.8674 32.4459 -20.2 29.8147 32.5107 -20.2 29.5771 32.753 -20.2 29.6291 33.4777 -20.2 29.8389 33.7149 -20.2 29.848 33.7418 -20.2 29.8661 33.8701 -20.2 29.8674 33.8753 -20.2 29.9542 33.8701 -20.2 30.7062 33.8379 -20.2 30.7503 34.6767 -20.2 30.8292 35.341 -20.2 31.2664 35.1139 -20.2 31.5123 34.6767 -20.2 31.5994 34.4851 -20.2 30.9835 33.7149 -20.2 
19
32.4459 29.8674 -20.2 32.6878 29.6302 -20.2 32.753 29.5771 -20.2 32.7801 29.7718 -20.2 33.7148 29.8386 -20.2 33.7221 29.8403 -20.2 33.8766 29.8674 -20.2 33.837 30.7071 -20.2 34.6767 30.7496 -20.2 35.3576 30.8293 -20.2 35.1142 31.2668 -20.2 34.6767 31.5101 -20.2 34.4805 31.5949 -20.2 33.7148 30.9809 -20.2 33.5317 30.8293 -20.2 33.4863 30.1857 -20.2 32.753 30.1587 -20.2 32.687 30.096 -20.2 32.6485 29.8943 -20.2 
10
34.357 19.929 -20.2 34.6576 19.2869 -20.2 34.6767 19.2787 -20.2 34.712 19.2869 -20.2 34.7517 19.3619 -20.2 35.3267 20.2487 -20.2 34.6767 20.3002 -20.2 33.7148 20.3487 -20.2 32.9375 20.2487 -20.2 33.7148 19.7788 -20.2 
