38
0
1
4
12.7 35.621 -35.621 12.7 36.221 -35.621 0 36.221 -35.621 0 35.621 -35.621 
1
4
12.7 35.321 -35.321 12.7 36.521 -35.321 0 36.521 -35.321 0 35.321 -35.321 
1
4
12.7 35.021 -35.021 12.7 36.821 -35.021 0 36.821 -35.021 0 35.021 -35.021 
1
4
12.7 34.721 -34.721 12.7 37.121 -34.721 0 37.121 -34.721 0 34.721 -34.721 
1
4
12.7 34.421 -34.421 12.7 37.421 -34.421 0 37.421 -34.421 0 34.421 -34.421 
1
4
12.7 34.121 -34.121 12.7 37.721 -34.121 0 37.721 -34.121 0 34.121 -34.121 
1
4
12.7 33.821 -33.821 12.7 38.021 -33.821 0 38.021 -33.821 0 33.821 -33.821 
1
4
12.7 33.521 -33.521 12.7 38.321 -33.521 0 38.321 -33.521 0 33.521 -33.521 
1
4
12.7 33.221 -33.221 12.7 38.621 -33.221 0 38.621 -33.221 0 33.221 -33.221 
1
4
12.7 32.921 -32.921 12.7 38.921 -32.921 0 38.921 -32.921 0 32.921 -32.921 
1
4
12.7 32.621 -32.621 12.7 39.221 -32.621 0 39.221 -32.621 0 32.621 -32.621 
1
4
12.7 32.321 -32.321 12.7 39.521 -32.321 0 39.521 -32.321 0 32.321 -32.321 
1
4
12.7 32.021 -32.021 12.7 39.821 -32.021 0 39.821 -32.021 0 32.021 -32.021 
1
4
12.7 31.721 -31.721 12.7 40.121 -31.721 0 40.121 -31.721 0 31.721 -31.721 
1
4
12.7 31.421 -31.421 12.7 40.421 -31.421 0 40.421 -31.421 0 31.421 -31.421 
1
4
12.7 31.121 -31.121 12.7 40.721 -31.121 0 40.721 -31.121 0 31.121 -31.121 
1
4
12.7 30.821 -30.821 12.7 41.021 -30.821 0 41.021 -30.821 0 30.821 -30.821 
1
4
12.7 30.521 -30.521 12.7 41.321 -30.521 0 41.321 -30.521 0 30.521 -30.521 
1
4
12.7 30.221 -30.221 12.7 41.621 -30.221 0 41.621 -30.221 0 30.221 -30.221 
1
4
12.7 29.921 -29.921 12.7 41.921 -29.921 0 41.921 -29.921 0 29.921 -29.921 
1
4
12.7 29.621 -29.621 12.7 42.221 -29.621 0 42.221 -29.621 0 29.621 -29.621 
1
4
12.7 29.321 -29.321 12.7 42.521 -29.321 0 42.521 -29.321 0 29.321 -29.321 
1
4
12.7 29.021 -29.021 12.7 42.8211 -29.021 0 42.8211 -29.021 0 29.021 -29.021 
1
4
12.7 28.721 -28.721 12.7 43.1211 -28.721 0 43.1211 -28.721 0 28.721 -28.721 
1
4
12.7 28.421 -28.421 12.7 43.4211 -28.421 0 43.4211 -28.421 0 28.421 -28.421 
1
4
12.7 28.121 -28.121 12.7 43.7211 -28.121 0 43.7211 -28.121 0 28.121 -28.121 
1
4
12.7 27.821 -27.821 12.7 44.0211 -27.821 0 44.0211 -27.821 0 27.821 -27.821 
1
4
12.7 27.521 -27.521 12.7 44.3211 -27.521 0 44.3211 -27.521 0 27.521 -27.521 
1
4
12.7 27.221 -27.221 12.7 44.6211 -27.221 0 44.6211 -27.221 0 27.221 -27.221 
4
4
0 26.9606 -26.921 0 31.4111 -26.921 12.7 31.4111 -26.921 12.7 26.9606 -26.921 
4
0 31.4507 -26.921 0 35.9012 -26.921 12.7 35.9012 -26.921 12.7 31.4507 -26.921 
4
0 35.9408 -26.921 12.7 35.9408 -26.921 12.7 40.3914 -26.921 0 40.3914 -26.921 
4
0 40.431 -26.921 12.7 40.431 -26.921 12.7 44.8815 -26.921 0 44.8815 -26.921 
4
4
0 27.2606 -26.621 0 31.1111 -26.621 12.7 31.1111 -26.621 12.7 27.2606 -26.621 
4
0 31.7507 -26.621 0 35.6012 -26.621 12.7 35.6012 -26.621 12.7 31.7507 -26.621 
4
0 36.2408 -26.621 12.7 36.2408 -26.621 12.7 40.0914 -26.621 0 40.0914 -26.621 
4
0 40.731 -26.621 12.7 40.731 -26.621 12.7 44.5815 -26.621 0 44.5815 -26.621 
4
4
0 27.5605 -26.321 0 30.8111 -26.321 12.7 30.8111 -26.321 12.7 27.5605 -26.321 
4
0 32.0507 -26.321 0 35.3013 -26.321 12.7 35.3013 -26.321 12.7 32.0507 -26.321 
4
0 36.5408 -26.321 12.7 36.5408 -26.321 12.7 39.7914 -26.321 0 39.7914 -26.321 
4
0 41.0309 -26.321 12.7 41.0309 -26.321 12.7 44.2815 -26.321 0 44.2815 -26.321 
4
4
0 27.8605 -26.021 0 30.5111 -26.021 12.7 30.5111 -26.021 12.7 27.8605 -26.021 
4
0 32.3507 -26.021 0 35.0013 -26.021 12.7 35.0013 -26.021 12.7 32.3507 -26.021 
4
0 36.8408 -26.021 12.7 36.8408 -26.021 12.7 39.4914 -26.021 0 39.4914 -26.021 
4
0 41.3309 -26.021 12.7 41.3309 -26.021 12.7 43.9815 -26.021 0 43.9815 -26.021 
4
4
0 28.1605 -25.721 0 30.2111 -25.721 12.7 30.2111 -25.721 12.7 28.1605 -25.721 
4
0 32.6507 -25.721 0 34.7013 -25.721 12.7 34.7013 -25.721 12.7 32.6507 -25.721 
4
0 37.1408 -25.721 12.7 37.1408 -25.721 12.7 39.1914 -25.721 0 39.1914 -25.721 
4
0 41.6309 -25.721 12.7 41.6309 -25.721 12.7 43.6815 -25.721 0 43.6815 -25.721 
4
4
0 28.4605 -25.421 0 29.9111 -25.421 12.7 29.9111 -25.421 12.7 28.4605 -25.421 
4
0 32.9507 -25.421 0 34.4013 -25.421 12.7 34.4013 -25.421 12.7 32.9507 -25.421 
4
0 37.4408 -25.421 12.7 37.4408 -25.421 12.7 38.8914 -25.421 0 38.8914 -25.421 
4
0 41.9309 -25.421 12.7 41.9309 -25.421 12.7 43.3815 -25.421 0 43.3815 -25.421 
4
4
0 28.7605 -25.121 0 29.6111 -25.121 12.7 29.6111 -25.121 12.7 28.7605 -25.121 
4
0 33.2507 -25.121 0 34.1013 -25.121 12.7 34.1013 -25.121 12.7 33.2507 -25.121 
4
0 37.7408 -25.121 12.7 37.7408 -25.121 12.7 38.5914 -25.121 0 38.5914 -25.121 
4
0 42.2309 -25.121 12.7 42.2309 -25.121 12.7 43.0815 -25.121 0 43.0815 -25.121 
4
4
0 29.0605 -24.821 0 29.3111 -24.821 12.7 29.3111 -24.821 12.7 29.0605 -24.821 
4
0 33.5507 -24.821 0 33.8013 -24.821 12.7 33.8013 -24.821 12.7 33.5507 -24.821 
4
0 38.0408 -24.821 12.7 38.0408 -24.821 12.7 38.2914 -24.821 0 38.2914 -24.821 
4
0 42.5309 -24.821 12.7 42.5309 -24.821 12.7 42.7815 -24.821 0 42.7815 -24.821 
