180
0 1 1 2 2 3 3 4 4 5 5 6 6 7 7 8 8 9 9 10 10 11 11 12 12 13 13 14 14 15 15 16 16 17 17 18 18 19 19 20 20 21 21 22 22 23 23 24 24 25 25 26 26 27 27 28 28 29 28 29 28 30 28 31 28 32 28 32 29 33 29 33 30 34 30 34 31 35 31 35 32 36 32 36 33 37 33 37 34 38 34 38 35 39 35 39 36 40 36 40 37 41 37 41 38 42 38 42 39 43 39 43 40 44 40 44 41 45 41 45 42 46 42 46 43 47 43 47 44 48 44 48 45 49 45 49 46 50 46 50 47 51 47 51 48 52 48 52 49 53 49 53 50 54 50 54 51 55 51 55 52 56 52 56 53 57 53 57 54 58 54 58 55 59 55 59 56 60 56 60 
38
0 
1 0 
1 1 
1 2 
1 3 
1 4 
1 5 
1 6 
1 7 
1 8 
1 9 
1 10 
1 11 
1 12 
1 13 
1 14 
1 15 
1 16 
1 17 
1 18 
1 19 
1 20 
1 21 
1 22 
1 23 
1 24 
1 25 
1 26 
1 27 
1 28 
4 29 30 31 32 
4 33 34 35 36 
4 37 38 39 40 
4 41 42 43 44 
4 45 46 47 48 
4 49 50 51 52 
4 53 54 55 56 
4 57 58 59 60 
61
1 0 0 -35.621
1 1 
1
4
12.7 35.621 -35.621 12.7 36.221 -35.621 0 36.221 -35.621 0 35.621 -35.621 
2 1 0 -35.321
2 0 2 
1
4
12.7 35.321 -35.321 12.7 36.521 -35.321 0 36.521 -35.321 0 35.321 -35.321 
3 2 0 -35.021
2 1 3 
1
4
12.7 35.021 -35.021 12.7 36.821 -35.021 0 36.821 -35.021 0 35.021 -35.021 
4 3 0 -34.721
2 2 4 
1
4
12.7 34.721 -34.721 12.7 37.121 -34.721 0 37.121 -34.721 0 34.721 -34.721 
5 4 0 -34.421
2 3 5 
1
4
12.7 34.421 -34.421 12.7 37.421 -34.421 0 37.421 -34.421 0 34.421 -34.421 
6 5 0 -34.121
2 4 6 
1
4
12.7 34.121 -34.121 12.7 37.721 -34.121 0 37.721 -34.121 0 34.121 -34.121 
7 6 0 -33.821
2 5 7 
1
4
12.7 33.821 -33.821 12.7 38.021 -33.821 0 38.021 -33.821 0 33.821 -33.821 
8 7 0 -33.521
2 6 8 
1
4
12.7 33.521 -33.521 12.7 38.321 -33.521 0 38.321 -33.521 0 33.521 -33.521 
9 8 0 -33.221
2 7 9 
1
4
12.7 33.221 -33.221 12.7 38.621 -33.221 0 38.621 -33.221 0 33.221 -33.221 
10 9 0 -32.921
2 8 10 
1
4
12.7 32.921 -32.921 12.7 38.921 -32.921 0 38.921 -32.921 0 32.921 -32.921 
11 10 0 -32.621
2 9 11 
1
4
12.7 32.621 -32.621 12.7 39.221 -32.621 0 39.221 -32.621 0 32.621 -32.621 
12 11 0 -32.321
2 10 12 
1
4
12.7 32.321 -32.321 12.7 39.521 -32.321 0 39.521 -32.321 0 32.321 -32.321 
13 12 0 -32.021
2 11 13 
1
4
12.7 32.021 -32.021 12.7 39.821 -32.021 0 39.821 -32.021 0 32.021 -32.021 
14 13 0 -31.721
2 12 14 
1
4
12.7 31.721 -31.721 12.7 40.121 -31.721 0 40.121 -31.721 0 31.721 -31.721 
15 14 0 -31.421
2 13 15 
1
4
12.7 31.421 -31.421 12.7 40.421 -31.421 0 40.421 -31.421 0 31.421 -31.421 
16 15 0 -31.121
2 14 16 
1
4
12.7 31.121 -31.121 12.7 40.721 -31.121 0 40.721 -31.121 0 31.121 -31.121 
17 16 0 -30.821
2 15 17 
1
4
12.7 30.821 -30.821 12.7 41.021 -30.821 0 41.021 -30.821 0 30.821 -30.821 
18 17 0 -30.521
2 16 18 
1
4
12.7 30.521 -30.521 12.7 41.321 -30.521 0 41.321 -30.521 0 30.521 -30.521 
19 18 0 -30.221
2 17 19 
1
4
12.7 30.221 -30.221 12.7 41.621 -30.221 0 41.621 -30.221 0 30.221 -30.221 
20 19 0 -29.921
2 18 20 
1
4
12.7 29.921 -29.921 12.7 41.921 -29.921 0 41.921 -29.921 0 29.921 -29.921 
21 20 0 -29.621
2 19 21 
1
4
12.7 29.621 -29.621 12.7 42.221 -29.621 0 42.221 -29.621 0 29.621 -29.621 
22 21 0 -29.321
2 20 22 
1
4
12.7 29.321 -29.321 12.7 42.521 -29.321 0 42.521 -29.321 0 29.321 -29.321 
23 22 0 -29.021
2 21 23 
1
4
12.7 29.021 -29.021 12.7 42.8211 -29.021 0 42.8211 -29.021 0 29.021 -29.021 
24 23 0 -28.721
2 22 24 
1
4
12.7 28.721 -28.721 12.7 43.1211 -28.721 0 43.1211 -28.721 0 28.721 -28.721 
25 24 0 -28.421
2 23 25 
1
4
12.7 28.421 -28.421 12.7 43.4211 -28.421 0 43.4211 -28.421 0 28.421 -28.421 
26 25 0 -28.121
2 24 26 
1
4
12.7 28.121 -28.121 12.7 43.7211 -28.121 0 43.7211 -28.121 0 28.121 -28.121 
27 26 0 -27.821
2 25 27 
1
4
12.7 27.821 -27.821 12.7 44.0211 -27.821 0 44.0211 -27.821 0 27.821 -27.821 
28 27 0 -27.521
2 26 28 
1
4
12.7 27.521 -27.521 12.7 44.3211 -27.521 0 44.3211 -27.521 0 27.521 -27.521 
29 28 0 -27.221
5 27 29 30 31 32 
1
4
12.7 27.221 -27.221 12.7 44.6211 -27.221 0 44.6211 -27.221 0 27.221 -27.221 
30 29 0 -26.921
2 28 33 
1
4
12.7 26.9606 -26.921 12.7 31.4111 -26.921 0 31.4111 -26.921 0 26.9606 -26.921 
30 30 0 -26.921
2 28 34 
1
4
12.7 31.4507 -26.921 12.7 35.9012 -26.921 0 35.9012 -26.921 0 31.4507 -26.921 
30 31 0 -26.921
2 28 35 
1
4
0 35.9408 -26.921 12.7 35.9408 -26.921 12.7 40.3914 -26.921 0 40.3914 -26.921 
30 32 0 -26.921
2 28 36 
1
4
0 40.431 -26.921 12.7 40.431 -26.921 12.7 44.8815 -26.921 0 44.8815 -26.921 
31 33 0 -26.621
2 29 37 
1
4
12.7 27.2606 -26.621 12.7 31.1111 -26.621 0 31.1111 -26.621 0 27.2606 -26.621 
31 34 0 -26.621
2 30 38 
1
4
12.7 31.7507 -26.621 12.7 35.6012 -26.621 0 35.6012 -26.621 0 31.7507 -26.621 
31 35 0 -26.621
2 31 39 
1
4
0 36.2408 -26.621 12.7 36.2408 -26.621 12.7 40.0914 -26.621 0 40.0914 -26.621 
31 36 0 -26.621
2 32 40 
1
4
0 40.731 -26.621 12.7 40.731 -26.621 12.7 44.5815 -26.621 0 44.5815 -26.621 
32 37 0 -26.321
2 33 41 
1
4
12.7 27.5605 -26.321 12.7 30.8111 -26.321 0 30.8111 -26.321 0 27.5605 -26.321 
32 38 0 -26.321
2 34 42 
1
4
12.7 32.0507 -26.321 12.7 35.3013 -26.321 0 35.3013 -26.321 0 32.0507 -26.321 
32 39 0 -26.321
2 35 43 
1
4
0 36.5408 -26.321 12.7 36.5408 -26.321 12.7 39.7914 -26.321 0 39.7914 -26.321 
32 40 0 -26.321
2 36 44 
1
4
0 41.0309 -26.321 12.7 41.0309 -26.321 12.7 44.2815 -26.321 0 44.2815 -26.321 
33 41 0 -26.021
2 37 45 
1
4
12.7 27.8605 -26.021 12.7 30.5111 -26.021 0 30.5111 -26.021 0 27.8605 -26.021 
33 42 0 -26.021
2 38 46 
1
4
12.7 32.3507 -26.021 12.7 35.0013 -26.021 0 35.0013 -26.021 0 32.3507 -26.021 
33 43 0 -26.021
2 39 47 
1
4
0 36.8408 -26.021 12.7 36.8408 -26.021 12.7 39.4914 -26.021 0 39.4914 -26.021 
33 44 0 -26.021
2 40 48 
1
4
0 41.3309 -26.021 12.7 41.3309 -26.021 12.7 43.9815 -26.021 0 43.9815 -26.021 
34 45 0 -25.721
2 41 49 
1
4
12.7 28.1605 -25.721 12.7 30.2111 -25.721 0 30.2111 -25.721 0 28.1605 -25.721 
34 46 0 -25.721
2 42 50 
1
4
12.7 32.6507 -25.721 12.7 34.7013 -25.721 0 34.7013 -25.721 0 32.6507 -25.721 
34 47 0 -25.721
2 43 51 
1
4
0 37.1408 -25.721 12.7 37.1408 -25.721 12.7 39.1914 -25.721 0 39.1914 -25.721 
34 48 0 -25.721
2 44 52 
1
4
0 41.6309 -25.721 12.7 41.6309 -25.721 12.7 43.6815 -25.721 0 43.6815 -25.721 
35 49 0 -25.421
2 45 53 
1
4
12.7 28.4605 -25.421 12.7 29.9111 -25.421 0 29.9111 -25.421 0 28.4605 -25.421 
35 50 0 -25.421
2 46 54 
1
4
12.7 32.9507 -25.421 12.7 34.4013 -25.421 0 34.4013 -25.421 0 32.9507 -25.421 
35 51 0 -25.421
2 47 55 
1
4
0 37.4408 -25.421 12.7 37.4408 -25.421 12.7 38.8914 -25.421 0 38.8914 -25.421 
35 52 0 -25.421
2 48 56 
1
4
0 41.9309 -25.421 12.7 41.9309 -25.421 12.7 43.3815 -25.421 0 43.3815 -25.421 
36 53 0 -25.121
2 49 57 
1
4
12.7 28.7605 -25.121 12.7 29.6111 -25.121 0 29.6111 -25.121 0 28.7605 -25.121 
36 54 0 -25.121
2 50 58 
1
4
12.7 33.2507 -25.121 12.7 34.1013 -25.121 0 34.1013 -25.121 0 33.2507 -25.121 
36 55 0 -25.121
2 51 59 
1
4
0 37.7408 -25.121 12.7 37.7408 -25.121 12.7 38.5914 -25.121 0 38.5914 -25.121 
36 56 0 -25.121
2 52 60 
1
4
0 42.2309 -25.121 12.7 42.2309 -25.121 12.7 43.0815 -25.121 0 43.0815 -25.121 
37 57 0 -24.821
1 53 
1
4
12.7 29.0605 -24.821 12.7 29.3111 -24.821 0 29.3111 -24.821 0 29.0605 -24.821 
37 58 0 -24.821
1 54 
1
4
12.7 33.5507 -24.821 12.7 33.8013 -24.821 0 33.8013 -24.821 0 33.5507 -24.821 
37 59 0 -24.821
1 55 
1
4
0 38.0408 -24.821 12.7 38.0408 -24.821 12.7 38.2914 -24.821 0 38.2914 -24.821 
37 60 0 -24.821
1 56 
1
4
0 42.5309 -24.821 12.7 42.5309 -24.821 12.7 42.7815 -24.821 0 42.7815 -24.821 
