6
0
1
12
22.984 28.9624 -29.1 23 28.9902 -29.1 23.0098 29 -29.1 23 29.031 -29.1 22.9293 29.0823 -29.1 22.9201 29.1 -29.1 22.4731 30 -29.1 22.2899 29.1 -29.1 22.299 29.0823 -29.1 22.3262 29 -29.1 22.7345 28.5684 -29.1 22.8867 28.9 -29.1 
1
5
22.3623 28.2568 -28.2 22.5743 28.2 -28.2 22.5232 28.0887 -28.2 22.2429 28.3691 -28.2 22 28.6191 -28.2 
0
1
11
20.6248 21.6306 -26.4 21 21.7498 -26.4 21.1184 21.8681 -26.4 21.0985 21.9015 -26.4 21.0271 21.9912 -26.4 21.0231 22 -26.4 21.0424 22.0139 -26.4 21.0271 22.0158 -26.4 21 22.0143 -26.4 20.984 22 -26.4 20.7643 21.77 -26.4 
1
11
17 20.982 -25.5 16.9617 21 -25.5 17 21.0128 -25.5 17.0309 21.0666 -25.5 17.5582 21.5857 -25.5 17.9374 21.2733 -25.5 17.9786 21.2321 -25.5 18 21.2217 -25.5 18.0401 21.2035 -25.5 18 21.1987 -25.5 17.1017 21 -25.5 
