6
0
0
1
17
19.2831 20.3192 -28.2 19.5603 21 -28.2 20 21.365 -28.2 20.3519 21.7169 -28.2 20.6468 22 -28.2 20.9602 22.3141 -28.2 21 22.2312 -28.2 21.2312 22 -28.2 21.0694 21.6906 -28.2 21 21.5409 -28.2 20.94 21.4906 -28.2 20.3976 21 -28.2 20.4217 20.8 -28.2 20.1641 20.5365 -28.2 20 20.3943 -28.2 19.3646 20 -28.2 19.2444 20.2444 -28.2 
1
25
17 20.0738 -27.3 17.5171 20.7013 -27.3 17.6918 21 -27.3 18 21.198 -27.3 18.4892 21.2094 -27.3 19 21.2289 -27.3 19.2819 21.5108 -27.3 19.6395 21.8384 -27.3 20 21.8893 -27.3 20.1107 22 -27.3 20.4725 22.3 -27.3 20.7729 22.6219 -27.3 21 22.096 -27.3 21.096 22 -27.3 21.0607 21.9646 -27.3 21 21.8486 -27.3 20.0966 21.0317 -27.3 20.0576 21 -27.3 20 20.9411 -27.3 19.3 20.6518 -27.3 19 20.4658 -27.3 18.3 20.3705 -27.3 18.2678 20.3554 -27.3 18 20.2687 -27.3 17.4707 20.2019 -27.3 
1
21
16.2552 20.7764 -26.4 16.6 20.6147 -26.4 17 20.5909 -26.4 17.4 20.6414 -26.4 18 20.6621 -26.4 18.4 20.7166 -26.4 19 20.8633 -26.4 19.363 21.0058 -26.4 19.4 21.0239 -26.4 20 21.1975 -26.4 20.3711 21.533 -26.4 20 21.4151 -26.4 19.4 21.2415 -26.4 19 21.1851 -26.4 18.4 21.4577 -26.4 17.9186 21.9455 -26.4 17.1895 21.3731 -26.4 17 21.1836 -26.4 16.6269 21.0829 -26.4 16.0514 21 -26.4 16 20.9882 -26.4 
0
