17
0
1
63
23.0159 15.6494 -29.1 22.4922 16.3148 -29.1 22.2332 16.6115 -29.1 22.1695 16.6949 -29.1 21.7596 17.2769 -29.1 21.5695 17.5736 -29.1 21.4821 18.1934 -29.1 21.4051 18.5358 -29.1 21.5024 18.7176 -29.1 21.8728 19.2842 -29.1 21.9536 19.3991 -29.1 22.0387 19.4979 -29.1 22.1695 19.6281 -29.1 22.252 19.7128 -29.1 22.835 20.2622 -29.1 22.9173 20.3441 -29.1 23.0443 20.4601 -29.1 23.1317 20.5483 -29.1 23.2637 20.6764 -29.1 23.7971 21.1471 -29.1 23.8761 21.2275 -29.1 24.0863 21.4222 -29.1 24.0938 21.4307 -29.1 24.0975 21.4324 -29.1 24.1069 21.4353 -29.1 25.056 21.6086 -29.1 25.8261 21.6142 -29.1 26.0181 21.5971 -29.1 26.8491 21.5534 -29.1 26.9803 21.5354 -29.1 27.0965 21.5316 -29.1 27.9424 21.4686 -29.1 27.9916 21.4631 -29.1 28.9045 21.2363 -29.1 29.1876 21.148 -29.1 29.8667 20.9239 -29.1 30.1634 20.7216 -29.1 30.6341 20.4601 -29.1 30.7963 20.2535 -29.1 30.8288 20.1249 -29.1 31.008 19.6771 -29.1 31.0035 19.4979 -29.1 30.8355 19.3193 -29.1 30.8354 19.3192 -29.1 30.8288 19.3066 -29.1 30.4459 18.5358 -29.1 30.3061 18.3516 -29.1 29.8667 17.7321 -29.1 29.7837 17.5736 -29.1 29.7224 17.23 -29.1 29.5928 16.6115 -29.1 29.46 16.3148 -29.1 29.2946 15.6494 -29.1 29.074 15.4423 -29.1 28.9045 15.3177 -29.1 28.2391 15.2007 -29.1 27.9424 15.1772 -29.1 25.056 15.1538 -29.1 24.3905 15.1909 -29.1 24.0938 15.1918 -29.1 23.7971 15.2306 -29.1 23.2076 15.5343 -29.1 23.1317 15.5764 -29.1 
1
50
23.0125 16.6115 -28.2 22.4927 17.2147 -28.2 22.2133 17.5736 -28.2 22.19 17.699 -28.2 22.0785 18.5358 -28.2 22.1695 18.675 -28.2 22.1898 18.6993 -28.2 22.3125 18.8947 -28.2 22.7271 19.4979 -28.2 22.8173 19.5798 -28.2 23.1317 19.8762 -28.2 23.7349 20.2883 -28.2 23.8061 20.3509 -28.2 23.9708 20.4601 -28.2 24.0938 20.5687 -28.2 24.2473 20.5828 -28.2 25.056 20.5133 -28.2 25.1225 20.5123 -28.2 26.0181 20.4425 -28.2 26.0579 20.4383 -28.2 26.9803 20.3713 -28.2 27.9424 20.2542 -28.2 28.2539 20.1867 -28.2 28.9045 20.0251 -28.2 29.1299 19.9646 -28.2 29.5344 19.8302 -28.2 29.8667 19.7448 -28.2 30.0693 19.4979 -28.2 30.2898 18.8947 -28.2 30.1341 18.5358 -28.2 30.0134 18.2711 -28.2 29.8667 18.0778 -28.2 29.7801 17.9122 -28.2 29.6386 17.5736 -28.2 29.4535 16.9704 -28.2 29.3894 16.6115 -28.2 29.2075 16.0083 -28.2 29.1184 15.6494 -28.2 29.0235 15.549 -28.2 28.9045 15.4373 -28.2 28.3013 15.2648 -28.2 27.9424 15.2016 -28.2 27.3392 15.1813 -28.2 25.056 15.1649 -28.2 24.6971 15.185 -28.2 24.1061 15.4856 -28.2 23.7885 15.6494 -28.2 23.3133 16.2526 -28.2 23.1515 16.4379 -28.2 23.1317 16.4569 -28.2 
1
48
22.7918 17.5736 -27.3 23.0657 17.2581 -27.3 23.6248 16.717 -27.3 23.723 16.6115 -27.3 24.0458 16.1997 -27.3 24.0938 16.1514 -27.3 24.4917 15.6586 -27.3 24.5002 15.6494 -27.3 24.9127 15.4396 -27.3 25.056 15.2791 -27.3 25.477 15.2793 -27.3 26.0181 15.1787 -27.3 26.4391 15.1836 -27.3 27.4013 15.218 -27.3 27.9424 15.2446 -27.3 28.3634 15.3651 -27.3 28.9045 15.5953 -27.3 28.9557 15.6494 -27.3 28.9707 15.6763 -27.3 29.2323 16.1905 -27.3 29.4884 17.0325 -27.3 29.5466 17.5736 -27.3 29.7218 18.1148 -27.3 29.8108 18.2975 -27.3 29.8667 18.4313 -27.3 29.9144 18.5358 -27.3 29.8667 18.6828 -27.3 29.3255 19.1423 -27.3 28.9045 19.342 -27.3 28.2474 19.3883 -27.3 27.9424 19.3653 -27.3 27.232 19.3884 -27.3 26.9803 19.3834 -27.3 26.5343 19.4979 -27.3 26.2509 19.6034 -27.3 26.0181 19.6278 -27.3 25.7997 19.7328 -27.3 25.477 19.8498 -27.3 25.056 19.9053 -27.3 24.5148 20.0554 -27.3 24.0938 20.1098 -27.3 23.6728 19.8222 -27.3 23.2638 19.4979 -27.3 23.1317 19.39 -27.3 23.0688 19.3325 -27.3 22.7917 18.9568 -27.3 22.5023 18.5358 -27.3 22.7135 17.9946 -27.3 
1
40
26.0181 19.3134 -26.4 26.5013 19.1629 -26.4 26.9803 19.0027 -26.4 27.4634 19.0123 -26.4 27.9424 18.9771 -26.4 28.4256 19.0136 -26.4 28.9045 18.9743 -26.4 29.0381 18.8453 -26.4 29.4801 18.5358 -26.4 29.6354 18.0568 -26.4 29.4789 17.5736 -26.4 29.4738 17.0947 -26.4 29.4219 16.6115 -26.4 29.2612 16.1325 -26.4 29.0137 15.6494 -26.4 28.9045 15.5441 -26.4 28.8753 15.5306 -26.4 28.4214 15.3392 -26.4 27.9424 15.2841 -26.4 26.0181 15.2064 -26.4 25.5392 15.2613 -26.4 25.056 15.3512 -26.4 24.7916 15.6494 -26.4 24.4364 16.0894 -26.4 24.0938 16.4834 -26.4 24.0018 16.5684 -26.4 23.9589 16.6115 -26.4 23.5187 17.0366 -26.4 23.0573 17.5156 -26.4 22.9984 17.5736 -26.4 22.8099 18.0568 -26.4 22.5937 18.5358 -26.4 22.8843 18.9752 -26.4 23.1317 19.3107 -26.4 23.6107 19.3444 -26.4 23.7915 19.4921 -26.4 23.801 19.4979 -26.4 24.0938 19.7289 -26.4 24.5728 19.798 -26.4 25.056 19.6639 -26.4 
1
38
22.934 17.5736 -25.5 22.5016 18.5358 -25.5 22.7771 18.9526 -25.5 22.9688 19.2293 -25.5 23.1317 19.4757 -25.5 23.3146 19.4529 -25.5 23.5485 19.4336 -25.5 24.0938 19.472 -25.5 24.5106 19.4216 -25.5 25.056 19.4948 -25.5 25.6013 19.2971 -25.5 26.0181 19.1816 -25.5 26.5635 18.9991 -25.5 26.9803 18.8921 -25.5 27.5256 18.852 -25.5 27.9424 18.7999 -25.5 28.4877 18.7551 -25.5 28.9045 18.7555 -25.5 28.9833 18.6827 -25.5 29.1354 18.5358 -25.5 29.3008 18.119 -25.5 29.4776 17.5736 -25.5 29.4854 17.1568 -25.5 29.4796 16.6115 -25.5 29.3228 16.1947 -25.5 29.1399 15.6494 -25.5 29.0447 15.5606 -25.5 28.9045 15.4253 -25.5 28.4877 15.3899 -25.5 27.9424 15.3271 -25.5 26.0181 15.2569 -25.5 25.6013 15.2894 -25.5 25.056 15.3519 -25.5 24.9417 15.473 -25.5 24.3964 16.098 -25.5 24.0938 16.4117 -25.5 23.9744 16.5148 -25.5 23.8697 16.6115 -25.5 
1
36
22.8537 17.5736 -24.6 23.0183 17.4065 -24.6 23.3837 17.0518 -24.6 23.8171 16.6115 -24.6 24.0938 16.3733 -24.6 24.429 16.1066 -24.6 25.0365 15.4729 -24.6 25.056 15.4593 -24.6 25.6634 15.412 -24.6 26.0181 15.4166 -24.6 26.6256 15.4378 -24.6 26.9803 15.4426 -24.6 27.5877 15.4641 -24.6 28.3154 15.4738 -24.6 28.9045 15.5239 -24.6 29.039 15.6494 -24.6 29.0431 15.6554 -24.6 29.2553 16.0041 -24.6 29.484 16.6115 -24.6 29.4636 17.5736 -24.6 29.2227 18.1811 -24.6 28.9509 18.5358 -24.6 28.9045 18.5787 -24.6 27.9424 18.5673 -24.6 27.3941 18.6078 -24.6 26.5852 18.7054 -24.6 26.0181 18.851 -24.6 25.9885 18.8734 -24.6 25.6634 19.1443 -24.6 25.056 19.3125 -24.6 24.7013 19.3802 -24.6 24.0938 19.4537 -24.6 23.1317 19.5332 -24.6 23.0757 19.4979 -24.6 22.4327 18.5358 -24.6 22.5821 18.1811 -24.6 
1
23
24.0938 19.4583 -23.7 25.056 19.2767 -23.7 25.9495 18.5358 -23.7 26.0181 18.4947 -23.7 26.6877 18.4291 -23.7 28.9045 18.3358 -23.7 29.0832 18.0886 -23.7 29.467 17.5736 -23.7 29.4674 17.281 -23.7 29.4842 16.6115 -23.7 28.9045 15.6553 -23.7 27.2729 15.6385 -23.7 25.056 15.6174 -23.7 25.0463 15.6237 -23.7 25.0095 15.6494 -23.7 24.0938 16.3746 -23.7 23.8169 16.6115 -23.7 23.3412 17.0734 -23.7 23.0275 17.3659 -23.7 22.8135 17.5736 -23.7 22.4124 18.5358 -23.7 23.0697 19.4979 -23.7 23.1317 19.5372 -23.7 
1
23
22.7894 17.5736 -22.8 22.3984 18.5358 -22.8 23.0599 19.4979 -22.8 23.1317 19.5435 -22.8 23.3621 19.536 -22.8 24.1325 19.4749 -22.8 24.3242 19.4518 -22.8 25.056 19.3174 -22.8 26.0065 18.5358 -22.8 26.0181 18.529 -22.8 26.3303 18.519 -22.8 26.9803 18.4888 -22.8 28.9045 18.4133 -22.8 29.0565 18.1918 -22.8 29.5034 17.5736 -22.8 29.4955 17.3432 -22.8 29.4966 16.6115 -22.8 28.9275 15.6494 -22.8 28.9045 15.6341 -22.8 25.056 15.6273 -22.8 25.0221 15.6494 -22.8 24.0938 16.3788 -22.8 23.8214 16.6115 -22.8 
1
24
24.0938 16.3787 -21.9 23.8224 16.6115 -21.9 22.7872 17.5736 -21.9 22.3956 18.5358 -21.9 22.9402 19.3296 -21.9 23.0486 19.4979 -21.9 23.1317 19.5512 -21.9 23.9255 19.5256 -21.9 24.0938 19.5253 -21.9 24.3887 19.4979 -21.9 25.0491 19.4186 -21.9 25.056 19.4176 -21.9 26.0181 18.6088 -21.9 26.9803 18.5719 -21.9 28.9045 18.5183 -21.9 28.9181 18.5049 -21.9 29.4418 17.7419 -21.9 29.5475 17.5736 -21.9 29.5355 17.4053 -21.9 29.5084 16.6115 -21.9 28.9546 15.6494 -21.9 28.9045 15.616 -21.9 25.056 15.6201 -21.9 25.0113 15.6494 -21.9 
1
24
24.0938 19.5936 -21 23.1317 19.5966 -21 22.9813 19.4979 -21 22.9174 19.3918 -21 22.3662 18.5358 -21 22.4123 18.4297 -21 22.7695 17.5736 -21 23.8159 16.6115 -21 24.0938 16.3721 -21 24.9861 15.6494 -21 25.056 15.6029 -21 28.9045 15.599 -21 28.9798 15.6494 -21 29.5195 16.6115 -21 29.5802 17.4675 -21 29.5905 17.5736 -21 29.0531 18.4297 -21 28.9913 18.5358 -21 28.9045 18.5942 -21 26.9803 18.6307 -21 26.0181 18.6719 -21 25.0606 19.493 -21 25.056 19.4976 -21 25.054 19.4979 -21 
1
24
22.3586 18.4918 -20.1 22.7577 17.5736 -20.1 23.809 16.6115 -20.1 24.0938 16.365 -20.1 24.9623 15.6494 -20.1 25.056 15.5862 -20.1 28.9045 15.5823 -20.1 29.004 15.6494 -20.1 29.5074 16.5675 -20.1 29.5305 16.6115 -20.1 29.6237 17.5736 -20.1 29.0895 18.4918 -20.1 29.0651 18.5358 -20.1 28.9045 18.6461 -20.1 26.9803 18.6731 -20.1 26.0181 18.7161 -20.1 25.0991 19.4979 -20.1 25.056 19.5315 -20.1 25.012 19.5365 -20.1 24.0938 19.6274 -20.1 23.1317 19.6417 -20.1 22.9169 19.4979 -20.1 22.8917 19.4539 -20.1 22.3387 18.5358 -20.1 
1
24
22.7446 17.5917 -19.2 22.7525 17.5736 -19.2 23.8002 16.6115 -19.2 24.0938 16.3553 -19.2 24.9286 15.6494 -19.2 25.056 15.5619 -19.2 28.9045 15.5549 -19.2 29.0433 15.6494 -19.2 29.0532 15.6675 -19.2 29.5484 16.6115 -19.2 29.6505 17.5736 -19.2 29.6399 17.5917 -19.2 29.1159 18.5358 -19.2 28.9045 18.6833 -19.2 26.9803 18.6932 -19.2 26.0181 18.7296 -19.2 25.1245 19.4979 -19.2 25.056 19.5517 -19.2 24.1119 19.66 -19.2 24.0938 19.6618 -19.2 23.1317 19.675 -19.2 22.8706 19.4979 -19.2 22.3286 18.5539 -19.2 22.3177 18.5358 -19.2 
1
20
25.056 19.58 -18.3 24.0938 19.6936 -18.3 23.1317 19.7049 -18.3 22.8305 19.4979 -18.3 22.3424 18.6161 -18.3 22.2963 18.5358 -18.3 22.7427 17.5736 -18.3 23.7819 16.6115 -18.3 24.8885 15.6494 -18.3 25.056 15.5315 -18.3 28.9045 15.5146 -18.3 29.0988 15.6494 -18.3 29.1409 15.7297 -18.3 29.5759 16.6115 -18.3 29.6727 17.5736 -18.3 29.1439 18.5358 -18.3 28.9045 18.7043 -18.3 26.9803 18.7058 -18.3 26.0181 18.746 -18.3 25.1592 19.4979 -18.3 
1
20
23.7634 16.6115 -17.4 24.8515 15.6494 -17.4 25.056 15.5023 -17.4 26.0181 15.4807 -17.4 28.9045 15.4766 -17.4 29.1496 15.6494 -17.4 29.2198 15.7918 -17.4 29.602 16.6115 -17.4 29.6888 17.5736 -17.4 29.1602 18.5358 -17.4 28.9045 18.7166 -17.4 26.9803 18.7167 -17.4 26.0181 18.7639 -17.4 25.196 19.4979 -17.4 25.056 19.6105 -17.4 24.0938 19.7258 -17.4 23.1317 19.7309 -17.4 22.7968 19.4979 -17.4 22.2774 18.5358 -17.4 22.7319 17.5736 -17.4 
1
22
23.7467 16.6115 -16.5 24.82 15.6494 -16.5 25.056 15.4766 -16.5 26.0181 15.4461 -16.5 28.9045 15.4419 -16.5 29.1947 15.6494 -16.5 29.2901 15.854 -16.5 29.6289 16.6115 -16.5 29.647 16.8161 -16.5 29.6991 17.5736 -16.5 29.1721 18.5358 -16.5 28.9045 18.7257 -16.5 26.9803 18.7267 -16.5 26.0181 18.7806 -16.5 25.2282 19.4979 -16.5 25.056 19.6379 -16.5 24.0938 19.754 -16.5 23.1317 19.7551 -16.5 22.7663 19.4979 -16.5 22.3747 18.7404 -16.5 22.2647 18.5358 -16.5 22.7218 17.5736 -16.5 
1
30
24.0938 16.9153 -15.6 24.492 16.6115 -15.6 25.056 16.2422 -15.6 25.4574 16.2101 -15.6 28.9045 16.1923 -15.6 29.0912 16.6115 -15.6 29.107 16.838 -15.6 29.1555 17.3069 -15.6 29.1738 17.5736 -15.6 29.0278 17.8403 -15.6 28.9427 17.9878 -15.6 28.9045 18.0505 -15.6 26.9803 18.0462 -15.6 26.5428 18.0662 -15.6 26.0181 18.0721 -15.6 25.6056 18.5358 -15.6 25.4934 18.647 -15.6 25.3227 18.7521 -15.6 25.056 19.0374 -15.6 24.5516 19.1371 -15.6 23.1317 19.1413 -15.6 23.0285 18.9566 -15.6 22.9353 18.8025 -15.6 22.7974 18.5358 -15.6 22.9242 18.2691 -15.6 23.1032 17.7861 -15.6 23.1317 17.7133 -15.6 23.3029 17.5736 -15.6 23.8615 17.3069 -15.6 24.0233 16.9745 -15.6 
